offset,esil,refptr,fcn_addr,fcn_last,size,opcode,disasm,bytes,family,type,reloc,type_num,type2_num,flags,xrefs_to,val,ptr,jump,fail,xrefs_from
16782960,"rbp,8,rsp,-,=[8],8,rsp,-=",False,16782960,16783218,1,push rbp,push rbp,55,cpu,rpush,False,268435468,0,"['sym.automorphic', 'dbg.automorphic']","[{'addr': 16783277, 'type': 'CALL'}]",,,,,
16782961,"rsp,rbp,=",False,16782960,16783216,3,"mov rbp, rsp","mov rbp, rsp",4889e5,cpu,mov,False,9,0,,,,,,,
16782964,"48,rsp,-=,48,0x8000000000000000,-,!,63,$o,^,of,:=,63,$s,sf,:=,$z,zf,:=,$p,pf,:=,64,$b,cf,:=,3,$b,af,:=",False,16782960,16783215,4,"sub rsp, 0x30","sub rsp, 0x30",4883ec30,cpu,sub,False,18,0,,,48.0,,,,
16782968,"edi,0x14,rbp,-,=[4]",True,16782960,16783216,3,"mov dword [rbp - 0x14], edi","mov dword [var_1ch], edi",897dec,cpu,mov,False,268435465,0,,,,,,,
16782971,"edi,rax,=",False,16782960,16783217,2,"mov eax, edi","mov eax, edi",89f8,cpu,mov,False,9,0,,,,,,,
16782973,"0,cf,:=,1,16,-,1,<<,eax,&,?{,1,cf,:=,},16,eax,>>,eax,=,$z,zf,:=,$p,pf,:=,31,$s,sf,:=",False,16782960,16783216,3,"shr eax, 0x10","shr eax, 0x10",c1e810,cpu,shr,False,22,0,,,16.0,,,,
16782976,"3486519210,rax,^,0xffffffff,&,rax,=,$z,zf,:=,$p,pf,:=,31,$s,sf,:=,0,cf,:=,0,of,:=",False,16782960,16783214,5,"xor eax, 0xcfd00faa","xor eax, 0xcfd00faa",35aa0fd0cf,cpu,xor,False,28,0,,,3486519210.0,3486519210.0,,,
16782981,"0,cf,:=,1,14,-,1,<<,eax,&,?{,1,cf,:=,},14,eax,>>,eax,=,$z,zf,:=,$p,pf,:=,31,$s,sf,:=",False,16782960,16783216,3,"shr eax, 0xe","shr eax, 0xe",c1e80e,cpu,shr,False,22,0,,,14.0,,,,
16782984,"2,rax,&,0xffffffff,&,rax,=,$z,zf,:=,$p,pf,:=,31,$s,sf,:=,0,cf,:=,0,of,:=",False,16782960,16783216,3,"and eax, 2","and eax, 2",83e002,cpu,and,False,27,0,,,2.0,,,,
16782987,"0,eax,==,$z,zf,:=,32,$b,cf,:=,$p,pf,:=,31,$s,sf,:=,0,0x80000000,-,!,31,$o,^,of,:=,3,$b,af,:=",False,16782960,16783216,3,"cmp eax, 0","cmp eax, 0",83f800,cpu,cmp,False,15,0,,,0.0,0.0,,,
16782990,"zf,cl,=",False,16782960,16783216,3,sete cl,sete cl,0f94c1,cpu,cmov,False,2147483657,0,,,,,,,
16782993,"0,edi,==,$z,zf,:=,32,$b,cf,:=,$p,pf,:=,31,$s,sf,:=,0,0x80000000,-,!,31,$o,^,of,:=,3,$b,af,:=",False,16782960,16783216,3,"cmp edi, 0","cmp edi, 0",83ff00,cpu,cmp,False,15,0,,,0.0,0.0,,,
16782996,"zf,!,al,=",False,16782960,16783216,3,setne al,setne al,0f95c0,cpu,cmov,False,2147483657,0,,,,,,,
16782999,"al,cl,&=,$z,zf,:=,$p,pf,:=,7,$s,sf,:=,0,cf,:=,0,of,:=",False,16782960,16783217,2,"and cl, al","and cl, al",20c1,cpu,and,False,27,0,,,,,,,
16783001,"eax,rax,^,0xffffffff,&,rax,=,$z,zf,:=,$p,pf,:=,31,$s,sf,:=,0,cf,:=,0,of,:=",False,16782960,16783217,2,"xor eax, eax","xor eax, eax",31c0,cpu,xor,False,28,0,,,,,,,
16783003,"xmm0,xmm0,^=,$z,zf,:=,$p,pf,:=,127,$s,sf,:=,0,cf,:=,0,of,:=",False,16782960,16783216,3,"xorps xmm0, xmm0","xorps xmm0, xmm0",0f57c0,sse,xor,False,28,0,,,,,,,
16783006,"0,1,cl,&,==,$z,zf,:=,$p,pf,:=,7,$s,sf,:=,0,cf,:=,0,of,:=",False,16782960,16783216,3,"test cl, 1","test cl, 1",f6c101,cpu,acmp,False,16,0,,,1.0,1.0,,,
16783009,"edi,0x10,rbp,-,=[4]",True,16782960,16783216,3,"mov dword [rbp - 0x10], edi","mov dword [var_18h], edi",897df0,cpu,mov,False,268435465,0,,,,,,,
16783012,"eax,0xc,rbp,-,=[4]",True,16782960,16783216,3,"mov dword [rbp - 0xc], eax","mov dword [var_14h], eax",8945f4,cpu,mov,False,268435465,0,,,,,,,
16783015,"xmm0,0x8,rbp,-,=[8]",True,16782960,16783214,5,"movsd qword [rbp - 8], xmm0","movsd qword [var_10h], xmm0",f20f1145f8,sse,mov,False,268435465,0,,,,,,,
16783020,"zf,!,?{,16783024,rip,=,}",False,16782960,16783217,2,jne 0x10016b0,jne 0x10016b0,7502,cpu,cjmp,False,2147483649,0,,,,,16783024.0,16783022.0,
16783022,"0x1001721,rip,=",False,16782960,16783217,2,jmp 0x1001721,jmp 0x1001721,eb71,cpu,jmp,False,1,0,,,,,16783137.0,,"[{'addr': 16783137, 'type': 'CODE'}]"
16783024,"0xc,rbp,-,[4],rsi,=",True,16782960,16783216,3,"mov esi, dword [rbp - 0xc]","mov esi, dword [var_14h]",8b75f4,cpu,mov,False,9,0,,,,,,,
16783027,"0x10,rbp,-,[4],rax,=",True,16782960,16783216,3,"mov eax, dword [rbp - 0x10]","mov eax, dword [var_18h]",8b45f0,cpu,mov,False,9,0,,,,,,,
16783030,"esi,0x20,rbp,-,=[4]",True,16782960,16783216,3,"mov dword [rbp - 0x20], esi","mov dword [var_28h], esi",8975e0,cpu,mov,False,268435465,0,,,,,,,
16783033,"eax,0x1c,rbp,-,=[4]",True,16782960,16783216,3,"mov dword [rbp - 0x1c], eax","mov dword [var_24h], eax",8945e4,cpu,mov,False,268435465,0,,,,,,,
16783036,"esi,rdx,=",False,16782960,16783217,2,"mov edx, esi","mov edx, esi",89f2,cpu,mov,False,9,0,,,,,,,
16783038,"4294967295,rdx,^,0xffffffff,&,rdx,=,$z,zf,:=,$p,pf,:=,31,$s,sf,:=,0,cf,:=,0,of,:=",False,16782960,16783216,3,"xor edx, 0xffffffff","xor edx, 0xffffffff",83f2ff,cpu,xor,False,28,0,,,4294967295.0,4294967295.0,,,
16783041,"esi,rcx,=",False,16782960,16783217,2,"mov ecx, esi","mov ecx, esi",89f1,cpu,mov,False,9,0,,,,,,,
16783043,"4294967294,rcx,^,0xffffffff,&,rcx,=,$z,zf,:=,$p,pf,:=,31,$s,sf,:=,0,cf,:=,0,of,:=",False,16782960,16783213,6,"xor ecx, 0xfffffffe","xor ecx, 0xfffffffe",81f1feffffff,cpu,xor,False,28,0,,,4294967294.0,4294967294.0,,,
16783049,"1,rcx,^,0xffffffff,&,rcx,=,$z,zf,:=,$p,pf,:=,31,$s,sf,:=,0,cf,:=,0,of,:=",False,16782960,16783216,3,"xor ecx, 1","xor ecx, 1",83f101,cpu,xor,False,28,0,,,1.0,,,,
16783052,"esi,rdi,=",False,16782960,16783217,2,"mov edi, esi","mov edi, esi",89f7,cpu,mov,False,9,0,,,,,,,
16783054,"edi,edi,|=,31,$s,sf,:=,$z,zf,:=,$p,pf,:=,0,of,:=,0,cf,:=",False,16782960,16783217,2,"or edi, edi","or edi, edi",09ff,cpu,or,False,26,0,,,,,,,
16783056,"esi,r8,=",False,16782960,16783216,3,"mov r8d, esi","mov r8d, esi",4189f0,cpu,mov,False,9,0,,,,,,,
16783059,"1,r8,&,0xffffffff,&,r8,=,$z,zf,:=,$p,pf,:=,31,$s,sf,:=,0,cf,:=,0,of,:=",False,16782960,16783215,4,"and r8d, 1","and r8d, 1",4183e001,cpu,and,False,27,0,,,1.0,,,,
16783063,"esi,r9,=",False,16782960,16783216,3,"mov r9d, esi","mov r9d, esi",4189f1,cpu,mov,False,9,0,,,,,,,
16783066,"r9d,r9,^,0xffffffff,&,r9,=,$z,zf,:=,$p,pf,:=,31,$s,sf,:=,0,cf,:=,0,of,:=",False,16782960,16783216,3,"xor r9d, r9d","xor r9d, r9d",4531c9,cpu,xor,False,28,0,,,,,,,
16783069,"r9d,r8d,|=,31,$s,sf,:=,$z,zf,:=,$p,pf,:=,0,of,:=,0,cf,:=",False,16782960,16783216,3,"or r8d, r9d","or r8d, r9d",4509c8,cpu,or,False,26,0,,,,,,,
16783072,"4294967295,r8,^,0xffffffff,&,r8,=,$z,zf,:=,$p,pf,:=,31,$s,sf,:=,0,cf,:=,0,of,:=",False,16782960,16783215,4,"xor r8d, 0xffffffff","xor r8d, 0xffffffff",4183f0ff,cpu,xor,False,28,0,,,4294967295.0,4294967295.0,,,
16783076,"r8d,rdi,^,0xffffffff,&,rdi,=,$z,zf,:=,$p,pf,:=,31,$s,sf,:=,0,cf,:=,0,of,:=",False,16782960,16783216,3,"xor edi, r8d","xor edi, r8d",4431c7,cpu,xor,False,28,0,,,,,,,
16783079,"edi,rcx,^,0xffffffff,&,rcx,=,$z,zf,:=,$p,pf,:=,31,$s,sf,:=,0,cf,:=,0,of,:=",False,16782960,16783217,2,"xor ecx, edi","xor ecx, edi",31f9,cpu,xor,False,28,0,,,,,,,
16783081,"edx,rdx,^,0xffffffff,&,rdx,=,$z,zf,:=,$p,pf,:=,31,$s,sf,:=,0,cf,:=,0,of,:=",False,16782960,16783217,2,"xor edx, edx","xor edx, edx",31d2,cpu,xor,False,28,0,,,,,,,
16783083,"1,edx,|=,31,$s,sf,:=,$z,zf,:=,$p,pf,:=,0,of,:=,0,cf,:=",False,16782960,16783216,3,"or edx, 1","or edx, 1",83ca01,cpu,or,False,26,0,,,1.0,,,,
16783086,"esi,edx,|=,31,$s,sf,:=,$z,zf,:=,$p,pf,:=,0,of,:=,0,cf,:=",False,16782960,16783217,2,"or edx, esi","or edx, esi",09f2,cpu,or,False,26,0,,,,,,,
16783088,"esi,edx,|=,31,$s,sf,:=,$z,zf,:=,$p,pf,:=,0,of,:=,0,cf,:=",False,16782960,16783217,2,"or edx, esi","or edx, esi",09f2,cpu,or,False,26,0,,,,,,,
16783090,"esi,edx,|=,31,$s,sf,:=,$z,zf,:=,$p,pf,:=,0,of,:=,0,cf,:=",False,16782960,16783217,2,"or edx, esi","or edx, esi",09f2,cpu,or,False,26,0,,,,,,,
16783092,"edx,ecx,+=,31,$o,of,:=,31,$s,sf,:=,$z,zf,:=,31,$c,cf,:=,$p,pf,:=,3,$c,af,:=",False,16782960,16783217,2,"add ecx, edx","add ecx, edx",01d1,cpu,add,False,17,0,,,,,,,
16783094,"ecx,0x18,rbp,-,=[4]",True,16782960,16783216,3,"mov dword [rbp - 0x18], ecx","mov dword [var_20h], ecx",894de8,cpu,mov,False,268435465,0,,,,,,,
16783097,"10,rcx,=",False,16782960,16783214,5,"mov ecx, 0xa","mov ecx, 0xa",b90a000000,cpu,mov,False,9,0,,,10.0,,,,
16783102,"edx,rdx,^,0xffffffff,&,rdx,=,$z,zf,:=,$p,pf,:=,31,$s,sf,:=,0,cf,:=,0,of,:=",False,16782960,16783217,2,"xor edx, edx","xor edx, edx",31d2,cpu,xor,False,28,0,,,,,,,
16783104,"ecx,32,edx,<<,eax,+,%,ecx,32,edx,<<,eax,+,/,eax,=,edx,=",False,16782960,16783217,2,div ecx,div ecx,f7f1,cpu,div,False,21,0,,,,,,,
16783106,"0x1c,rbp,-,[4],rdx,=",True,16782960,16783216,3,"mov edx, dword [rbp - 0x1c]","mov edx, dword [var_24h]",8b55e4,cpu,mov,False,9,0,,,,,,,
16783109,"eax,rcx,=",False,16782960,16783217,2,"mov ecx, eax","mov ecx, eax",89c1,cpu,mov,False,9,0,,,,,,,
16783111,"0x18,rbp,-,[4],rax,=",True,16782960,16783216,3,"mov eax, dword [rbp - 0x18]","mov eax, dword [var_20h]",8b45e8,cpu,mov,False,9,0,,,,,,,
16783114,"10,edx,==,$z,zf,:=,32,$b,cf,:=,$p,pf,:=,31,$s,sf,:=,10,0x80000000,-,!,31,$o,^,of,:=,3,$b,af,:=",False,16782960,16783216,3,"cmp edx, 0xa","cmp edx, 0xa",83fa0a,cpu,cmp,False,15,0,,,10.0,10.0,,,
16783117,"ecx,0x10,rbp,-,=[4]",True,16782960,16783216,3,"mov dword [rbp - 0x10], ecx","mov dword [var_18h], ecx",894df0,cpu,mov,False,268435465,0,,,,,,,
16783120,"eax,0xc,rbp,-,=[4]",True,16782960,16783216,3,"mov dword [rbp - 0xc], eax","mov dword [var_14h], eax",8945f4,cpu,mov,False,268435465,0,,,,,,,
16783123,"cf,!,?{,16783024,rip,=,}",False,16782960,16783217,2,jae 0x10016b0,jae 0x10016b0,739b,cpu,cjmp,False,2147483649,0,,,,,16783024.0,16783125.0,
16783125,"0x18,rbp,-,[4],rax,=",True,16782960,16783216,3,"mov eax, dword [rbp - 0x18]","mov eax, dword [var_20h]",8b45e8,cpu,mov,False,9,0,,,,,,,
16783128,,False,16782960,16783215,4,"cvtsi2sd xmm0, eax","cvtsi2sd xmm0, eax",f20f2ac0,sse,null,False,0,0,,,,,,,
16783132,"xmm0,0x8,rbp,-,=[8]",True,16782960,16783214,5,"movsd qword [rbp - 8], xmm0","movsd qword [var_10h], xmm0",f20f1145f8,sse,mov,False,268435465,0,,,,,,,
16783137,"0x14,rbp,-,[4],rax,=",True,16782960,16783216,3,"mov eax, dword [rbp - 0x14]","mov eax, dword [var_1ch]",8b45ec,cpu,mov,False,9,0,,"[{'addr': 16783022, 'type': 'CODE'}]",,,,,
16783140,"0x8,rbp,-,[8],xmm1,=",True,16782960,16783214,5,"movsd xmm1, qword [rbp - 8]","movsd xmm1, qword [var_10h]",f20f104df8,sse,mov,False,9,0,,,,,,,
16783145,"32,eax,~,32,eax,~,*,DUP,eax,=,eax,-,?{,1,1,}{,0,0,},cf,:=,of,:=",False,16782960,16783216,3,"imul eax, eax","imul eax, eax",0fafc0,cpu,mul,False,20,0,,,,,,,
16783148,"eax,0x28,rbp,-,=[4]",True,16782960,16783216,3,"mov dword [rbp - 0x28], eax","mov dword [sqr], eax",8945d8,cpu,mov,False,268435465,0,,,,,,,
16783151,"0x120f,rip,-,[8],xmm0,=",True,16782960,16783211,8,"movsd xmm0, qword [rip - 0x120f]","movsd xmm0, qword [data.01000528]",f20f1005f1edffff,sse,mov,False,9,0,,,,16778536.0,,,"[{'addr': 16778536, 'type': 'DATA'}]"
16783159,"16783488,rip,8,rsp,-=,rsp,=[],rip,=",False,16782960,16783214,5,call 0x1001880,call sym.imp.pow,e844010000,cpu,call,False,3,0,,,,,16783488.0,16783164.0,"[{'addr': 16783488, 'type': 'CALL'}]"
16783164,"16783504,rip,8,rsp,-=,rsp,=[],rip,=",False,16782960,16783214,5,call 0x1001890,call sym.imp.floor,e84f010000,cpu,call,False,3,0,,,,,16783504.0,16783169.0,"[{'addr': 16783504, 'type': 'CALL'}]"
16783169,"0x28,rbp,-,[4],rax,=",True,16782960,16783216,3,"mov eax, dword [rbp - 0x28]","mov eax, dword [sqr]",8b45d8,cpu,mov,False,9,0,,,,,,,
16783172,"0x14,rbp,-,[4],rcx,=",True,16782960,16783216,3,"mov ecx, dword [rbp - 0x14]","mov ecx, dword [var_1ch]",8b4dec,cpu,mov,False,9,0,,,,,,,
16783175,,False,16782960,16783215,4,"cvttsd2si esi, xmm0","cvttsd2si esi, xmm0",f20f2cf0,sse,null,False,0,0,,,,,,,
16783179,"0,edx,=,31,eax,>>,?{,0xffffffff,edx,=,}",False,16782960,16783218,1,cdq,cdq,99,cpu,null,False,0,0,,,,,,,
16783180,"32,esi,~,32,edx,<<,eax,+,~%,32,esi,~,32,edx,<<,eax,+,~/,eax,=,edx,=",False,16782960,16783217,2,idiv esi,idiv esi,f7fe,cpu,div,False,21,0,,,,,,,
16783182,"edx,0x24,rbp,-,=[4]",True,16782960,16783216,3,"mov dword [rbp - 0x24], edx","mov dword [last], edx",8955dc,cpu,mov,False,268435465,0,,,,,,,
16783185,"0x1208,rip,-,rdi,=",True,16782960,16783212,7,"lea rdi, [rip - 0x1208]","lea rdi, str.Not_Automorphic",488d3df8edffff,cpu,lea,False,33,0,,,,16778576.0,,,"[{'addr': 16778576, 'type': 'DATA'}]"
16783192,"0x122f,rip,-,rax,=",True,16782960,16783212,7,"lea rax, [rip - 0x122f]","lea rax, data.01000530",488d05d1edffff,cpu,lea,False,33,0,,,,16778544.0,,,"[{'addr': 16778544, 'type': 'DATA'}]"
16783199,"ecx,edx,==,$z,zf,:=,32,$b,cf,:=,$p,pf,:=,31,$s,sf,:=,ecx,0x80000000,-,!,31,$o,^,of,:=,3,$b,af,:=",False,16782960,16783217,2,"cmp edx, ecx","cmp edx, ecx",39ca,cpu,cmp,False,15,0,,,,,,,
16783201,"zf,?{,rax,rdi,=,}",False,16782960,16783215,4,"cmove rdi, rax","cmove rdi, rax",480f44f8,cpu,cmov,False,2147483657,0,,,,,,,
16783205,"16783520,rip,8,rsp,-=,rsp,=[],rip,=",False,16782960,16783214,5,call 0x10018a0,call sym.imp.puts,e836010000,cpu,call,False,3,0,,,,,16783520.0,16783210.0,"[{'addr': 16783520, 'type': 'CALL'}]"
16783210,"0x24,rbp,-,[4],rax,=",True,16782960,16783216,3,"mov eax, dword [rbp - 0x24]","mov eax, dword [last]",8b45dc,cpu,mov,False,9,0,,,,,,,
16783213,"48,rsp,+=,63,$o,of,:=,63,$s,sf,:=,$z,zf,:=,63,$c,cf,:=,$p,pf,:=,3,$c,af,:=",False,16782960,16783215,4,"add rsp, 0x30","add rsp, 0x30",4883c430,cpu,add,False,17,0,,,48.0,,,,
16783217,"rsp,[8],8,rsp,+=,rbp,=",False,16782960,16783218,1,pop rbp,pop rbp,5d,cpu,pop,False,14,0,,,,,,,
16783218,"rsp,[8],rip,=,8,rsp,+=",False,16782960,16783218,1,ret,ret,c3,cpu,ret,False,5,0,,,,,,,
