offset,esil,refptr,fcn_addr,fcn_last,size,opcode,disasm,bytes,family,type,reloc,type_num,type2_num,flags,comment,val,ptr,xrefs_from
16782912,"ebp,rbp,^,0xffffffff,&,rbp,=,$z,zf,:=,$p,pf,:=,31,$s,sf,:=,0,cf,:=,0,of,:=",False,16782912,16782952,2,"xor ebp, ebp","xor ebp, ebp",31ed,cpu,xor,False,28,0,"['entry0', 'section..text', 'segment.LOAD1', 'sym._start']",WzEzXSAtci14IHNlY3Rpb24gc2l6ZSA1NTAgbmFtZWQgLnRleHQ=,,,
16782914,"rdx,r9,=",False,16782912,16782951,3,"mov r9, rdx","mov r9, rdx",4989d1,cpu,mov,False,9,0,,,,,
16782917,"rsp,[8],8,rsp,+=,rsi,=",False,16782912,16782953,1,pop rsi,pop rsi,5e,cpu,pop,False,14,0,,,,,
16782918,"rsp,rdx,=",False,16782912,16782951,3,"mov rdx, rsp","mov rdx, rsp",4889e2,cpu,mov,False,9,0,,,,,
16782921,"18446744073709551600,rsp,&=,$z,zf,:=,$p,pf,:=,63,$s,sf,:=,0,cf,:=,0,of,:=",False,16782912,16782950,4,"and rsp, 0xfffffffffffffff0","and rsp, 0xfffffffffffffff0",4883e4f0,cpu,and,False,27,0,,,1.8446744073709552e+19,,
16782925,"rax,8,rsp,-,=[8],8,rsp,-=",False,16782912,16782953,1,push rax,push rax,50,cpu,rpush,False,268435468,0,,,,,
16782926,"rsp,8,rsp,-,=[8],8,rsp,-=",False,16782912,16782953,1,push rsp,push rsp,54,cpu,rpush,False,268435468,0,,,,,
16782927,"0x20a,rip,+,r8,=",True,16782912,16782947,7,"lea r8, [rip + 0x20a]","lea r8, [dbg.__libc_csu_fini]",4c8d050a020000,cpu,lea,False,33,0,,,,16783456.0,"[{'addr': 16783456, 'type': 'DATA'}]"
16782934,"0x193,rip,+,rcx,=",True,16782912,16782947,7,"lea rcx, [rip + 0x193]","lea rcx, [dbg.__libc_csu_init]",488d0d93010000,cpu,lea,False,33,0,,,,16783344.0,"[{'addr': 16783344, 'type': 'DATA'}]"
16782941,"0x12c,rip,+,rdi,=",True,16782912,16782947,7,"lea rdi, [rip + 0x12c]","lea rdi, [dbg.main]",488d3d2c010000,cpu,lea,False,33,0,,,,16783248.0,"[{'addr': 16783248, 'type': 'DATA'}]"
16782948,"0x13c6,rip,+,[8],rip,8,rsp,-=,rsp,=[],rip,=",True,16782912,16782948,6,call qword [rip + 0x13c6],call qword [reloc.__libc_start_main],ff15c6130000,cpu,ircall,False,402653188,0,,,,16788016.0,"[{'addr': 16788016, 'type': 'CALL'}]"
