offset,esil,refptr,fcn_addr,fcn_last,size,opcode,disasm,bytes,family,type,reloc,type_num,type2_num,flags,xrefs_to,val,ptr,jump,fail,xrefs_from
16782784,"rbp,8,rsp,-,=[8],8,rsp,-=",False,16782784,16782906,1,push rbp,push rbp,55,cpu,rpush,False,268435468,0,"['main', 'sym.main']","[{'addr': 16782765, 'type': 'DATA'}]",,,,,
16782785,"rsp,rbp,=",False,16782784,16782904,3,"mov rbp, rsp","mov rbp, rsp",4889e5,cpu,mov,False,9,0,,,,,,,
16782788,"32,rsp,-=,32,0x8000000000000000,-,!,63,$o,^,of,:=,63,$s,sf,:=,$z,zf,:=,$p,pf,:=,64,$b,cf,:=,3,$b,af,:=",False,16782784,16782903,4,"sub rsp, 0x20","sub rsp, 0x20",4883ec20,cpu,sub,False,18,0,,,32.0,,,,
16782792,"rsi,0x8,rbp,-,=[8]",True,16782784,16782903,4,"mov qword [rbp - 8], rsi","mov qword [endptr], rsi",488975f8,cpu,mov,False,268435465,0,,,,,,,
16782796,"2,edi,==,$z,zf,:=,32,$b,cf,:=,$p,pf,:=,31,$s,sf,:=,2,0x80000000,-,!,31,$o,^,of,:=,3,$b,af,:=",False,16782784,16782904,3,"cmp edi, 2","cmp edi, 2",83ff02,cpu,cmp,False,15,0,,,2.0,2.0,,,
16782799,"zf,?{,16782832,rip,=,}",False,16782784,16782905,2,je 0x10015f0,je 0x10015f0,741f,cpu,cjmp,False,2147483649,0,,,,,16782832.0,16782801.0,
16782801,"0x8,rbp,-,[8],rax,=",True,16782784,16782903,4,"mov rax, qword [rbp - 8]","mov rax, qword [endptr]",488b45f8,cpu,mov,False,9,0,,,,,,,
16782805,"rax,[8],rsi,=",True,16782784,16782904,3,"mov rsi, qword [rax]","mov rsi, qword [rax]",488b30,cpu,mov,False,9,0,,,,,,,
16782808,"0x11a3,rip,-,rdi,=",True,16782784,16782900,7,"lea rdi, [rip - 0x11a3]","lea rdi, str.Usage:__s__integer",488d3d5deeffff,cpu,lea,False,33,0,,,,16778300.0,,,"[{'addr': 16778300, 'type': 'DATA'}]"
16782815,"0,al,=",False,16782784,16782905,2,"mov al, 0","mov al, 0",b000,cpu,mov,False,9,0,,,0.0,,,,
16782817,"16784592,rip,8,rsp,-=,rsp,=[],rip,=",False,16782784,16782902,5,call 0x1001cd0,call sym.imp.printf,e8ea060000,cpu,call,False,3,0,,,,,16784592.0,16782822.0,"[{'addr': 16784592, 'type': 'CALL'}]"
16782822,"1,rax,=",False,16782784,16782902,5,"mov eax, 1","mov eax, 1",b801000000,cpu,mov,False,9,0,,,1.0,,,,
16782827,"eax,0xc,rbp,-,=[4]",True,16782784,16782904,3,"mov dword [rbp - 0xc], eax","mov dword [var_14h], eax",8945f4,cpu,mov,False,268435465,0,,,,,,,
16782830,"0x1001632,rip,=",False,16782784,16782905,2,jmp 0x1001632,jmp 0x1001632,eb42,cpu,jmp,False,1,0,,,,,16782898.0,,"[{'addr': 16782898, 'type': 'CODE'}]"
16782832,"0x8,rbp,-,[8],rax,=",True,16782784,16782903,4,"mov rax, qword [rbp - 8]","mov rax, qword [endptr]",488b45f8,cpu,mov,False,9,0,,,,,,,
16782836,"0x8,rax,+,[8],rdi,=",True,16782784,16782903,4,"mov rdi, qword [rax + 8]","mov rdi, qword [rax + 8]",488b7808,cpu,mov,False,9,0,,,,,,,
16782840,"eax,rax,^,0xffffffff,&,rax,=,$z,zf,:=,$p,pf,:=,31,$s,sf,:=,0,cf,:=,0,of,:=",False,16782784,16782905,2,"xor eax, eax","xor eax, eax",31c0,cpu,xor,False,28,0,,,,,,,
16782842,"eax,rsi,=",False,16782784,16782905,2,"mov esi, eax","mov esi, eax",89c6,cpu,mov,False,9,0,,,,,,,
16782844,"10,rdx,=",False,16782784,16782902,5,"mov edx, 0xa","mov edx, 0xa",ba0a000000,cpu,mov,False,9,0,,,10.0,,,,
16782849,"16784608,rip,8,rsp,-=,rsp,=[],rip,=",False,16782784,16782902,5,call 0x1001ce0,call sym.imp.strtol,e8da060000,cpu,call,False,3,0,,,,,16784608.0,16782854.0,"[{'addr': 16784608, 'type': 'CALL'}]"
16782854,"eax,rdx,=",False,16782784,16782905,2,"mov edx, eax","mov edx, eax",89c2,cpu,mov,False,9,0,,,,,,,
16782856,"r9d,r9,^,0xffffffff,&,r9,=,$z,zf,:=,$p,pf,:=,31,$s,sf,:=,0,cf,:=,0,of,:=",False,16782784,16782904,3,"xor r9d, r9d","xor r9d, r9d",4531c9,cpu,xor,False,28,0,,,,,,,
16782859,"eax,rax,^,0xffffffff,&,rax,=,$z,zf,:=,$p,pf,:=,31,$s,sf,:=,0,cf,:=,0,of,:=",False,16782784,16782905,2,"xor eax, eax","xor eax, eax",31c0,cpu,xor,False,28,0,,,,,,,
16782861,"eax,rcx,=",False,16782784,16782905,2,"mov ecx, eax","mov ecx, eax",89c1,cpu,mov,False,9,0,,,,,,,
16782863,"r9d,rdi,=",False,16782784,16782904,3,"mov edi, r9d","mov edi, r9d",4489cf,cpu,mov,False,9,0,,,,,,,
16782866,"rcx,rsi,=",False,16782784,16782904,3,"mov rsi, rcx","mov rsi, rcx",4889ce,cpu,mov,False,9,0,,,,,,,
16782869,"r9d,r8,=",False,16782784,16782904,3,"mov r8d, r9d","mov r8d, r9d",4589c8,cpu,mov,False,9,0,,,,,,,
16782872,"0,rsp,=[8]",True,16782784,16782899,8,"mov qword [rsp], 0","mov qword [rsp], 0",48c7042400000000,cpu,mov,False,9,0,,,0.0,,,,
16782880,"0,0x8,rsp,+,=[4]",True,16782784,16782899,8,"mov dword [rsp + 8], 0","mov dword [var_20h], 0",c744240800000000,cpu,mov,False,9,0,,,0.0,,,,
16782888,"16782912,rip,8,rsp,-=,rsp,=[],rip,=",False,16782784,16782902,5,call 0x1001640,call sym.merged,e813000000,cpu,call,False,3,0,,,,,16782912.0,16782893.0,"[{'addr': 16782912, 'type': 'CALL'}]"
16782893,"eax,rax,^,0xffffffff,&,rax,=,$z,zf,:=,$p,pf,:=,31,$s,sf,:=,0,cf,:=,0,of,:=",False,16782784,16782905,2,"xor eax, eax","xor eax, eax",31c0,cpu,xor,False,28,0,,,,,,,
16782895,"eax,0xc,rbp,-,=[4]",True,16782784,16782904,3,"mov dword [rbp - 0xc], eax","mov dword [var_14h], eax",8945f4,cpu,mov,False,268435465,0,,,,,,,
16782898,"0xc,rbp,-,[4],rax,=",True,16782784,16782904,3,"mov eax, dword [rbp - 0xc]","mov eax, dword [var_14h]",8b45f4,cpu,mov,False,9,0,,"[{'addr': 16782830, 'type': 'CODE'}]",,,,,
16782901,"32,rsp,+=,63,$o,of,:=,63,$s,sf,:=,$z,zf,:=,63,$c,cf,:=,$p,pf,:=,3,$c,af,:=",False,16782784,16782903,4,"add rsp, 0x20","add rsp, 0x20",4883c420,cpu,add,False,17,0,,,32.0,,,,
16782905,"rsp,[8],8,rsp,+=,rbp,=",False,16782784,16782906,1,pop rbp,pop rbp,5d,cpu,pop,False,14,0,,,,,,,
16782906,"rsp,[8],rip,=,8,rsp,+=",False,16782784,16782906,1,ret,ret,c3,cpu,ret,False,5,0,,,,,,,
