offset,esil,refptr,fcn_addr,fcn_last,size,opcode,disasm,bytes,family,type,reloc,type_num,type2_num,flags,xrefs_to,val,jump,fail,xrefs_from
16782784,"rbp,8,rsp,-,=[8],8,rsp,-=",False,16782784,16782856,1,push rbp,push rbp,55,cpu,rpush,False,268435468,0,"['main', 'sym.main']","[{'addr': 16782765, 'type': 'DATA'}]",,,,
16782785,"rsp,rbp,=",False,16782784,16782854,3,"mov rbp, rsp","mov rbp, rsp",4889e5,cpu,mov,False,9,0,,,,,,
16782788,"48,rsp,-=,48,0x8000000000000000,-,!,63,$o,^,of,:=,63,$s,sf,:=,$z,zf,:=,$p,pf,:=,64,$b,cf,:=,3,$b,af,:=",False,16782784,16782853,4,"sub rsp, 0x30","sub rsp, 0x30",4883ec30,cpu,sub,False,18,0,,,48.0,,,
16782792,"rsi,rcx,=",False,16782784,16782854,3,"mov rcx, rsi","mov rcx, rsi",4889f1,cpu,mov,False,9,0,,,,,,
16782795,"edi,rdx,=",False,16782784,16782855,2,"mov edx, edi","mov edx, edi",89fa,cpu,mov,False,9,0,,,,,,
16782797,"r9d,r9,^,0xffffffff,&,r9,=,$z,zf,:=,$p,pf,:=,31,$s,sf,:=,0,cf,:=,0,of,:=",False,16782784,16782854,3,"xor r9d, r9d","xor r9d, r9d",4531c9,cpu,xor,False,28,0,,,,,,
16782800,"0x4,rbp,-,rsi,=",True,16782784,16782853,4,"lea rsi, [rbp - 4]","lea rsi, [var_ch]",488d75fc,cpu,lea,False,33,0,,,,,,
16782804,"eax,rax,^,0xffffffff,&,rax,=,$z,zf,:=,$p,pf,:=,31,$s,sf,:=,0,cf,:=,0,of,:=",False,16782784,16782855,2,"xor eax, eax","xor eax, eax",31c0,cpu,xor,False,28,0,,,,,,
16782806,"eax,r8,=",False,16782784,16782854,3,"mov r8d, eax","mov r8d, eax",4189c0,cpu,mov,False,9,0,,,,,,
16782809,"r9d,rdi,=",False,16782784,16782854,3,"mov edi, r9d","mov edi, r9d",4489cf,cpu,mov,False,9,0,,,,,,
16782812,"0,rsp,=[4]",True,16782784,16782850,7,"mov dword [rsp], 0","mov dword [rsp], 0",c7042400000000,cpu,mov,False,9,0,,,0.0,,,
16782819,"0,0x8,rsp,+,=[8]",True,16782784,16782848,9,"mov qword [rsp + 8], 0","mov qword [var_30h], 0",48c744240800000000,cpu,mov,False,9,0,,,0.0,,,
16782828,"0,0x10,rsp,+,=[4]",True,16782784,16782849,8,"mov dword [rsp + 0x10], 0","mov dword [var_28h], 0",c744241000000000,cpu,mov,False,9,0,,,0.0,,,
16782836,"0,0x18,rsp,+,=[4]",True,16782784,16782849,8,"mov dword [rsp + 0x18], 0","mov dword [var_20h], 0",c744241800000000,cpu,mov,False,9,0,,,0.0,,,
16782844,"16782864,rip,8,rsp,-=,rsp,=[],rip,=",False,16782784,16782852,5,call 0x1001610,call sym.merged,e80f000000,cpu,call,False,3,0,,,,16782864.0,16782849.0,"[{'addr': 16782864, 'type': 'CALL'}]"
16782849,"eax,rax,^,0xffffffff,&,rax,=,$z,zf,:=,$p,pf,:=,31,$s,sf,:=,0,cf,:=,0,of,:=",False,16782784,16782855,2,"xor eax, eax","xor eax, eax",31c0,cpu,xor,False,28,0,,,,,,
16782851,"48,rsp,+=,63,$o,of,:=,63,$s,sf,:=,$z,zf,:=,63,$c,cf,:=,$p,pf,:=,3,$c,af,:=",False,16782784,16782853,4,"add rsp, 0x30","add rsp, 0x30",4883c430,cpu,add,False,17,0,,,48.0,,,
16782855,"rsp,[8],8,rsp,+=,rbp,=",False,16782784,16782856,1,pop rbp,pop rbp,5d,cpu,pop,False,14,0,,,,,,
16782856,"rsp,[8],rip,=,8,rsp,+=",False,16782784,16782856,1,ret,ret,c3,cpu,ret,False,5,0,,,,,,
