offset,esil,refptr,fcn_addr,fcn_last,size,opcode,disasm,bytes,family,type,reloc,type_num,type2_num,flags,xrefs_to,val,ptr,jump,fail,xrefs_from
16785808,"rbp,8,rsp,-,=[8],8,rsp,-=",False,16785808,16785987,1,push rbp,push rbp,55,cpu,rpush,False,268435468,0,['sym.recursive_logic'],"[{'addr': 16783405, 'type': 'CALL'}, {'addr': 16783696, 'type': 'CALL'}, {'addr': 16785865, 'type': 'CALL'}]",,,,,
16785809,"rsp,rbp,=",False,16785808,16785985,3,"mov rbp, rsp","mov rbp, rsp",4889e5,cpu,mov,False,9,0,,,,,,,
16785812,"32,rsp,-=,32,0x8000000000000000,-,!,63,$o,^,of,:=,63,$s,sf,:=,$z,zf,:=,$p,pf,:=,64,$b,cf,:=,3,$b,af,:=",False,16785808,16785984,4,"sub rsp, 0x20","sub rsp, 0x20",4883ec20,cpu,sub,False,18,0,,,32.0,,,,
16785816,"1,rax,=",False,16785808,16785983,5,"mov eax, 1","mov eax, 1",b801000000,cpu,mov,False,9,0,,,1.0,,,,
16785821,"ecx,rcx,^,0xffffffff,&,rcx,=,$z,zf,:=,$p,pf,:=,31,$s,sf,:=,0,cf,:=,0,of,:=",False,16785808,16785986,2,"xor ecx, ecx","xor ecx, ecx",31c9,cpu,xor,False,28,0,,,,,,,
16785823,"2,edi,==,$z,zf,:=,32,$b,cf,:=,$p,pf,:=,31,$s,sf,:=,2,0x80000000,-,!,31,$o,^,of,:=,3,$b,af,:=",False,16785808,16785985,3,"cmp edi, 2","cmp edi, 2",83ff02,cpu,cmp,False,15,0,,,2.0,2.0,,,
16785826,"edi,0xc,rbp,-,=[4]",True,16785808,16785985,3,"mov dword [rbp - 0xc], edi","mov dword [var_14h], edi",897df4,cpu,mov,False,268435465,0,,,,,,,
16785829,"ecx,0x8,rbp,-,=[4]",True,16785808,16785985,3,"mov dword [rbp - 8], ecx","mov dword [var_10h], ecx",894df8,cpu,mov,False,268435465,0,,,,,,,
16785832,"eax,0x4,rbp,-,=[4]",True,16785808,16785985,3,"mov dword [rbp - 4], eax","mov dword [var_ch], eax",8945fc,cpu,mov,False,268435465,0,,,,,,,
16785835,"of,sf,^,?{,16785979,rip,=,}",False,16785808,16785982,6,jl 0x100223b,jl 0x100223b,0f8c8a000000,cpu,cjmp,False,2147483649,0,,,,,16785979.0,16785841.0,
16785841,"0x8,rbp,-,[4],rax,=",True,16785808,16785985,3,"mov eax, dword [rbp - 8]","mov eax, dword [var_10h]",8b45f8,cpu,mov,False,9,0,,,,,,,
16785844,"0xc,rbp,-,[4],rdi,=",True,16785808,16785985,3,"mov edi, dword [rbp - 0xc]","mov edi, dword [var_14h]",8b7df4,cpu,mov,False,9,0,,,,,,,
16785847,"eax,0x18,rbp,-,=[4]",True,16785808,16785985,3,"mov dword [rbp - 0x18], eax","mov dword [var_20h], eax",8945e8,cpu,mov,False,268435465,0,,,,,,,
16785850,"edi,0x14,rbp,-,=[4]",True,16785808,16785985,3,"mov dword [rbp - 0x14], edi","mov dword [var_1ch], edi",897dec,cpu,mov,False,268435465,0,,,,,,,
16785853,"4294967295,rdi,^,0xffffffff,&,rdi,=,$z,zf,:=,$p,pf,:=,31,$s,sf,:=,0,cf,:=,0,of,:=",False,16785808,16785985,3,"xor edi, 0xffffffff","xor edi, 0xffffffff",83f7ff,cpu,xor,False,28,0,,,4294967295.0,4294967295.0,,,
16785856,"4294967295,rdi,^,0xffffffff,&,rdi,=,$z,zf,:=,$p,pf,:=,31,$s,sf,:=,0,cf,:=,0,of,:=",False,16785808,16785982,6,"xor edi, 0xffffffff","xor edi, 0xffffffff",81f7ffffffff,cpu,xor,False,28,0,,,4294967295.0,4294967295.0,,,
16785862,"18446744073709551615,edi,+=,31,$o,of,:=,31,$s,sf,:=,$z,zf,:=,31,$c,cf,:=,$p,pf,:=,3,$c,af,:=",False,16785808,16785985,3,"add edi, 0xffffffff","add edi, 0xffffffff",83c7ff,cpu,add,False,17,0,,,,,,,
16785865,"16785808,rip,8,rsp,-=,rsp,=[],rip,=",False,16785808,16785983,5,call 0x1002190,call sym.recursive_logic,e8c2ffffff,cpu,call,False,3,0,,,,,16785808.0,16785870.0,"[{'addr': 16785808, 'type': 'CALL'}]"
16785870,"0x18,rbp,-,[4],rsi,=",True,16785808,16785985,3,"mov esi, dword [rbp - 0x18]","mov esi, dword [var_20h]",8b75e8,cpu,mov,False,9,0,,,,,,,
16785873,"0x14,rbp,-,[4],rdx,=",True,16785808,16785985,3,"mov edx, dword [rbp - 0x14]","mov edx, dword [var_1ch]",8b55ec,cpu,mov,False,9,0,,,,,,,
16785876,"eax,rdi,=",False,16785808,16785986,2,"mov edi, eax","mov edi, eax",89c7,cpu,mov,False,9,0,,,,,,,
16785878,"edx,rcx,=",False,16785808,16785986,2,"mov ecx, edx","mov ecx, edx",89d1,cpu,mov,False,9,0,,,,,,,
16785880,"4294967295,rcx,^,0xffffffff,&,rcx,=,$z,zf,:=,$p,pf,:=,31,$s,sf,:=,0,cf,:=,0,of,:=",False,16785808,16785985,3,"xor ecx, 0xffffffff","xor ecx, 0xffffffff",83f1ff,cpu,xor,False,28,0,,,4294967295.0,4294967295.0,,,
16785883,"ecx,r8,=",False,16785808,16785985,3,"mov r8d, ecx","mov r8d, ecx",4189c8,cpu,mov,False,9,0,,,,,,,
16785886,"r8d,r8d,|=,31,$s,sf,:=,$z,zf,:=,$p,pf,:=,0,of,:=,0,cf,:=",False,16785808,16785985,3,"or r8d, r8d","or r8d, r8d",4509c0,cpu,or,False,26,0,,,,,,,
16785889,"0,r8,&,0xffffffff,&,r8,=,$z,zf,:=,$p,pf,:=,31,$s,sf,:=,0,cf,:=,0,of,:=",False,16785808,16785984,4,"and r8d, 0","and r8d, 0",4183e000,cpu,and,False,27,0,,,0.0,,,,
16785893,"edx,r8,^,0xffffffff,&,r8,=,$z,zf,:=,$p,pf,:=,31,$s,sf,:=,0,cf,:=,0,of,:=",False,16785808,16785985,3,"xor r8d, edx","xor r8d, edx",4131d0,cpu,xor,False,28,0,,,,,,,
16785896,"edx,rax,=",False,16785808,16785986,2,"mov eax, edx","mov eax, edx",89d0,cpu,mov,False,9,0,,,,,,,
16785898,"4294967294,eax,|=,31,$s,sf,:=,$z,zf,:=,$p,pf,:=,0,of,:=,0,cf,:=",False,16785808,16785983,5,"or eax, 0xfffffffe","or eax, 0xfffffffe",0dfeffffff,cpu,or,False,26,0,,,4294967294.0,4294967294.0,,,
16785903,"eax,rcx,^,0xffffffff,&,rcx,=,$z,zf,:=,$p,pf,:=,31,$s,sf,:=,0,cf,:=,0,of,:=",False,16785808,16785986,2,"xor ecx, eax","xor ecx, eax",31c1,cpu,xor,False,28,0,,,,,,,
16785905,"edx,rax,=",False,16785808,16785986,2,"mov eax, edx","mov eax, edx",89d0,cpu,mov,False,9,0,,,,,,,
16785907,"ecx,rax,&,0xffffffff,&,rax,=,$z,zf,:=,$p,pf,:=,31,$s,sf,:=,0,cf,:=,0,of,:=",False,16785808,16785986,2,"and eax, ecx","and eax, ecx",21c8,cpu,and,False,27,0,,,,,,,
16785909,"edx,rcx,=",False,16785808,16785986,2,"mov ecx, edx","mov ecx, edx",89d1,cpu,mov,False,9,0,,,,,,,
16785911,"r8d,ecx,|=,31,$s,sf,:=,$z,zf,:=,$p,pf,:=,0,of,:=,0,cf,:=",False,16785808,16785985,3,"or ecx, r8d","or ecx, r8d",4409c1,cpu,or,False,26,0,,,,,,,
16785914,"eax,ecx,|=,31,$s,sf,:=,$z,zf,:=,$p,pf,:=,0,of,:=,0,cf,:=",False,16785808,16785986,2,"or ecx, eax","or ecx, eax",09c1,cpu,or,False,26,0,,,,,,,
16785916,"18446744073709551614,ecx,+=,31,$o,of,:=,31,$s,sf,:=,$z,zf,:=,31,$c,cf,:=,$p,pf,:=,3,$c,af,:=",False,16785808,16785985,3,"add ecx, 0xfffffffe","add ecx, 0xfffffffe",83c1fe,cpu,add,False,17,0,,,1.8446744073709552e+19,,,,
16785919,"edi,rax,=",False,16785808,16785986,2,"mov eax, edi","mov eax, edi",89f8,cpu,mov,False,9,0,,,,,,,
16785921,"esi,rax,&,0xffffffff,&,rax,=,$z,zf,:=,$p,pf,:=,31,$s,sf,:=,0,cf,:=,0,of,:=",False,16785808,16785986,2,"and eax, esi","and eax, esi",21f0,cpu,and,False,27,0,,,,,,,
16785923,"edi,esi,|=,31,$s,sf,:=,$z,zf,:=,$p,pf,:=,0,of,:=,0,cf,:=",False,16785808,16785986,2,"or esi, edi","or esi, edi",09fe,cpu,or,False,26,0,,,,,,,
16785925,"esi,eax,+=,31,$o,of,:=,31,$s,sf,:=,$z,zf,:=,31,$c,cf,:=,$p,pf,:=,3,$c,af,:=",False,16785808,16785986,2,"add eax, esi","add eax, esi",01f0,cpu,add,False,17,0,,,,,,,
16785927,"eax,0x10,rbp,-,=[4]",True,16785808,16785985,3,"mov dword [rbp - 0x10], eax","mov dword [var_18h], eax",8945f0,cpu,mov,False,268435465,0,,,,,,,
16785930,"4,edx,==,$z,zf,:=,32,$b,cf,:=,$p,pf,:=,31,$s,sf,:=,4,0x80000000,-,!,31,$o,^,of,:=,3,$b,af,:=",False,16785808,16785985,3,"cmp edx, 4","cmp edx, 4",83fa04,cpu,cmp,False,15,0,,,4.0,4.0,,,
16785933,"ecx,0xc,rbp,-,=[4]",True,16785808,16785985,3,"mov dword [rbp - 0xc], ecx","mov dword [var_14h], ecx",894df4,cpu,mov,False,268435465,0,,,,,,,
16785936,"eax,0x8,rbp,-,=[4]",True,16785808,16785985,3,"mov dword [rbp - 8], eax","mov dword [var_10h], eax",8945f8,cpu,mov,False,268435465,0,,,,,,,
16785939,"cf,!,?{,16785841,rip,=,}",False,16785808,16785986,2,jae 0x10021b1,jae 0x10021b1,739c,cpu,cjmp,False,2147483649,0,,,,,16785841.0,16785941.0,
16785941,"0x10,rbp,-,[4],rax,=",True,16785808,16785985,3,"mov eax, dword [rbp - 0x10]","mov eax, dword [var_18h]",8b45f0,cpu,mov,False,9,0,,,,,,,
16785944,"eax,rsi,=",False,16785808,16785986,2,"mov esi, eax","mov esi, eax",89c6,cpu,mov,False,9,0,,,,,,,
16785946,"4294967295,rsi,^,0xffffffff,&,rsi,=,$z,zf,:=,$p,pf,:=,31,$s,sf,:=,0,cf,:=,0,of,:=",False,16785808,16785985,3,"xor esi, 0xffffffff","xor esi, 0xffffffff",83f6ff,cpu,xor,False,28,0,,,4294967295.0,4294967295.0,,,
16785949,"esi,rdx,=",False,16785808,16785986,2,"mov edx, esi","mov edx, esi",89f2,cpu,mov,False,9,0,,,,,,,
16785951,"edx,edx,|=,31,$s,sf,:=,$z,zf,:=,$p,pf,:=,0,of,:=,0,cf,:=",False,16785808,16785986,2,"or edx, edx","or edx, edx",09d2,cpu,or,False,26,0,,,,,,,
16785953,"0,rdx,&,0xffffffff,&,rdx,=,$z,zf,:=,$p,pf,:=,31,$s,sf,:=,0,cf,:=,0,of,:=",False,16785808,16785985,3,"and edx, 0","and edx, 0",83e200,cpu,and,False,27,0,,,0.0,,,,
16785956,"eax,rdx,^,0xffffffff,&,rdx,=,$z,zf,:=,$p,pf,:=,31,$s,sf,:=,0,cf,:=,0,of,:=",False,16785808,16785986,2,"xor edx, eax","xor edx, eax",31c2,cpu,xor,False,28,0,,,,,,,
16785958,"eax,rcx,=",False,16785808,16785986,2,"mov ecx, eax","mov ecx, eax",89c1,cpu,mov,False,9,0,,,,,,,
16785960,"1,ecx,|=,31,$s,sf,:=,$z,zf,:=,$p,pf,:=,0,of,:=,0,cf,:=",False,16785808,16785985,3,"or ecx, 1","or ecx, 1",83c901,cpu,or,False,26,0,,,1.0,,,,
16785963,"ecx,rsi,^,0xffffffff,&,rsi,=,$z,zf,:=,$p,pf,:=,31,$s,sf,:=,0,cf,:=,0,of,:=",False,16785808,16785986,2,"xor esi, ecx","xor esi, ecx",31ce,cpu,xor,False,28,0,,,,,,,
16785965,"eax,rcx,=",False,16785808,16785986,2,"mov ecx, eax","mov ecx, eax",89c1,cpu,mov,False,9,0,,,,,,,
16785967,"esi,rcx,&,0xffffffff,&,rcx,=,$z,zf,:=,$p,pf,:=,31,$s,sf,:=,0,cf,:=,0,of,:=",False,16785808,16785986,2,"and ecx, esi","and ecx, esi",21f1,cpu,and,False,27,0,,,,,,,
16785969,"edx,eax,|=,31,$s,sf,:=,$z,zf,:=,$p,pf,:=,0,of,:=,0,cf,:=",False,16785808,16785986,2,"or eax, edx","or eax, edx",09d0,cpu,or,False,26,0,,,,,,,
16785971,"ecx,eax,|=,31,$s,sf,:=,$z,zf,:=,$p,pf,:=,0,of,:=,0,cf,:=",False,16785808,16785986,2,"or eax, ecx","or eax, ecx",09c8,cpu,or,False,26,0,,,,,,,
16785973,"1,eax,+=,31,$o,of,:=,31,$s,sf,:=,$z,zf,:=,31,$c,cf,:=,$p,pf,:=,3,$c,af,:=",False,16785808,16785985,3,"add eax, 1","add eax, 1",83c001,cpu,add,False,17,0,,,1.0,,,,
16785976,"eax,0x4,rbp,-,=[4]",True,16785808,16785985,3,"mov dword [rbp - 4], eax","mov dword [var_ch], eax",8945fc,cpu,mov,False,268435465,0,,,,,,,
16785979,"0x4,rbp,-,[4],rax,=",True,16785808,16785985,3,"mov eax, dword [rbp - 4]","mov eax, dword [var_ch]",8b45fc,cpu,mov,False,9,0,,,,,,,
16785982,"32,rsp,+=,63,$o,of,:=,63,$s,sf,:=,$z,zf,:=,63,$c,cf,:=,$p,pf,:=,3,$c,af,:=",False,16785808,16785984,4,"add rsp, 0x20","add rsp, 0x20",4883c420,cpu,add,False,17,0,,,32.0,,,,
16785986,"rsp,[8],8,rsp,+=,rbp,=",False,16785808,16785987,1,pop rbp,pop rbp,5d,cpu,pop,False,14,0,,,,,,,
16785987,"rsp,[8],rip,=,8,rsp,+=",False,16785808,16785987,1,ret,ret,c3,cpu,ret,False,5,0,,,,,,,
