offset,esil,refptr,fcn_addr,fcn_last,size,opcode,disasm,bytes,family,type,reloc,type_num,type2_num,flags,xrefs_to,val,ptr,jump,fail,xrefs_from
16784048,"rbp,8,rsp,-,=[8],8,rsp,-=",False,16784048,16784384,1,push rbp,push rbp,55,cpu,rpush,False,268435468,0,['sym.function_b'],"[{'addr': 16783364, 'type': 'CALL'}]",,,,,
16784049,"rsp,rbp,=",False,16784048,16784382,3,"mov rbp, rsp","mov rbp, rsp",4889e5,cpu,mov,False,9,0,,,,,,,
16784052,"edi,rax,=",False,16784048,16784383,2,"mov eax, edi","mov eax, edi",89f8,cpu,mov,False,9,0,,,,,,,
16784054,"rsi,0x10,rbp,-,=[8]",True,16784048,16784381,4,"mov qword [rbp - 0x10], rsi","mov qword [var_18h], rsi",488975f0,cpu,mov,False,268435465,0,,,,,,,
16784058,"7,rcx,=",False,16784048,16784380,5,"mov ecx, 7","mov ecx, 7",b907000000,cpu,mov,False,9,0,,,7.0,,,,
16784063,"0,edx,=,31,eax,>>,?{,0xffffffff,edx,=,}",False,16784048,16784384,1,cdq,cdq,99,cpu,null,False,0,0,,,,,,,
16784064,"32,ecx,~,32,edx,<<,eax,+,~%,32,ecx,~,32,edx,<<,eax,+,~/,eax,=,edx,=",False,16784048,16784383,2,idiv ecx,idiv ecx,f7f9,cpu,div,False,21,0,,,,,,,
16784066,"edx,0x4,rbp,-,=[4]",True,16784048,16784382,3,"mov dword [rbp - 4], edx","mov dword [var_ch], edx",8955fc,cpu,mov,False,268435465,0,,,,,,,
16784069,"1,edx,==,$z,zf,:=,32,$b,cf,:=,$p,pf,:=,31,$s,sf,:=,1,0x80000000,-,!,31,$o,^,of,:=,3,$b,af,:=",False,16784048,16784382,3,"cmp edx, 1","cmp edx, 1",83fa01,cpu,cmp,False,15,0,,,1.0,1.0,,,
16784072,"of,sf,^,?{,16784383,rip,=,}",False,16784048,16784379,6,jl 0x1001bff,jl 0x1001bff,0f8c31010000,cpu,cjmp,False,2147483649,0,,,,,16784383.0,16784078.0,
16784078,"0x4,rbp,-,[4],rdx,=",True,16784048,16784382,3,"mov edx, dword [rbp - 4]","mov edx, dword [var_ch]",8b55fc,cpu,mov,False,9,0,,,,,,,
16784081,"0x10,rbp,-,[8],rax,=",True,16784048,16784381,4,"mov rax, qword [rbp - 0x10]","mov rax, qword [var_18h]",488b45f0,cpu,mov,False,9,0,,,,,,,
16784085,"edx,rcx,=",False,16784048,16784383,2,"mov ecx, edx","mov ecx, edx",89d1,cpu,mov,False,9,0,,,,,,,
16784087,"18446744073709551615,ecx,+=,31,$o,of,:=,31,$s,sf,:=,$z,zf,:=,31,$c,cf,:=,$p,pf,:=,3,$c,af,:=",False,16784048,16784382,3,"add ecx, 0xffffffff","add ecx, 0xffffffff",83c1ff,cpu,add,False,17,0,,,,,,,
16784090,"ecx,xmm0l,=",False,16784048,16784381,4,"movd xmm0, ecx","movd xmm0, ecx",660f6ec1,sse,mov,False,9,0,,,,,,,
16784094,,False,16784048,16784380,5,"pshufd xmm0, xmm0, 0","pshufd xmm0, xmm0, 0",660f70c000,sse,null,False,0,0,,,,,,,
16784099,"xmm0,0x70,rbp,-,=[16]",True,16784048,16784381,4,"movaps xmmword [rbp - 0x70], xmm0","movaps xmmword [var_78h], xmm0",0f294590,sse,mov,False,268435465,0,,,,,,,
16784103,"rax,[4],xmm0,=",True,16784048,16784381,4,"movss xmm0, dword [rax]","movss xmm0, dword [rax]",f30f1000,sse,mov,False,9,0,,,,,,,
16784107,"0x15c2,rip,-,[16],xmm1,=",True,16784048,16784378,7,"movaps xmm1, xmmword [rip - 0x15c2]","movaps xmm1, xmmword [data.01000530]",0f280d3eeaffff,sse,mov,False,9,0,,,,16778544.0,,,"[{'addr': 16778544, 'type': 'DATA'}]"
16784114,"xmm0,xmm1,=",False,16784048,16784381,4,"movss xmm1, xmm0","movss xmm1, xmm0",f30f10c8,sse,mov,False,9,0,,,,,,,
16784118,"edx,rax,=",False,16784048,16784383,2,"mov eax, edx","mov eax, edx",89d0,cpu,mov,False,9,0,,,,,,,
16784120,"3,rax,&,0xffffffff,&,rax,=,$z,zf,:=,$p,pf,:=,31,$s,sf,:=,0,cf,:=,0,of,:=",False,16784048,16784382,3,"and eax, 3","and eax, 3",83e003,cpu,and,False,27,0,,,3.0,,,,
16784123,"3,edx,|=,31,$s,sf,:=,$z,zf,:=,$p,pf,:=,0,of,:=,0,cf,:=",False,16784048,16784382,3,"or edx, 3","or edx, 3",83ca03,cpu,or,False,26,0,,,3.0,,,,
16784126,"eax,rcx,=",False,16784048,16784383,2,"mov ecx, eax","mov ecx, eax",89c1,cpu,mov,False,9,0,,,,,,,
16784128,"edx,rax,=",False,16784048,16784383,2,"mov eax, edx","mov eax, edx",89d0,cpu,mov,False,9,0,,,,,,,
16784130,"0x80000000,rcx,rax,+,-,eax,=",True,16784048,16784378,7,"lea eax, [rax + rcx - 0x80000000]","lea eax, [rax + rcx - 0x80000000]",8d840800000080,cpu,lea,False,33,0,,,,,,,
16784137,"2147483644,rax,&,0xffffffff,&,rax,=,$z,zf,:=,$p,pf,:=,31,$s,sf,:=,0,cf,:=,0,of,:=",False,16784048,16784380,5,"and eax, 0x7ffffffc","and eax, 0x7ffffffc",25fcffff7f,cpu,and,False,27,0,,,2147483644.0,2147483644.0,,,
16784142,"4,eax,-=,4,0x80000000,-,!,31,$o,^,of,:=,31,$s,sf,:=,$z,zf,:=,$p,pf,:=,32,$b,cf,:=,3,$b,af,:=",False,16784048,16784382,3,"sub eax, 4","sub eax, 4",83e804,cpu,sub,False,18,0,,,4.0,,,,
16784145,"zf,!,al,=",False,16784048,16784382,3,setne al,setne al,0f95c0,cpu,cmov,False,2147483657,0,,,,,,,
16784148,"al,0x51,rbp,-,=[1]",True,16784048,16784382,3,"mov byte [rbp - 0x51], al","mov byte [var_59h], al",8845af,cpu,mov,False,268435465,0,,,,,,,
16784151,"0x15ce,rip,-,[16],xmm3,=",True,16784048,16784378,7,"movaps xmm3, xmmword [rip - 0x15ce]","movaps xmm3, xmmword [data.01000550]",0f281d32eaffff,sse,mov,False,9,0,,,,16778576.0,,,"[{'addr': 16778576, 'type': 'DATA'}]"
16784158,"0x1615,rip,-,[16],xmm2,=",True,16784048,16784378,7,"movaps xmm2, xmmword [rip - 0x1615]","movaps xmm2, xmmword [data.01000510]",0f2815ebe9ffff,sse,mov,False,9,0,,,,16778512.0,,,"[{'addr': 16778512, 'type': 'DATA'}]"
16784165,"xmm2,xmm0,=",False,16784048,16784382,3,"movaps xmm0, xmm2","movaps xmm0, xmm2",0f28c2,sse,mov,False,9,0,,,,,,,
16784168,,False,16784048,16784381,4,"pmuludq xmm0, xmm3","pmuludq xmm0, xmm3",660ff4c3,sse,null,False,0,0,,,,,,,
16784172,,False,16784048,16784380,5,"pshufd xmm3, xmm0, 0xe8","pshufd xmm3, xmm0, 0xe8",660f70d8e8,sse,null,False,0,0,,,,,,,
16784177,"0x1598,rip,-,[16],xmm4,=",True,16784048,16784378,7,"movaps xmm4, xmmword [rip - 0x1598]","movaps xmm4, xmmword [data.010005a0]",0f282568eaffff,sse,mov,False,9,0,,,,16778656.0,,,"[{'addr': 16778656, 'type': 'DATA'}]"
16784184,"xmm1,xmm0,=",False,16784048,16784382,3,"movaps xmm0, xmm1","movaps xmm0, xmm1",0f28c1,sse,mov,False,9,0,,,,,,,
16784187,,False,16784048,16784381,4,"pmuludq xmm0, xmm4","pmuludq xmm0, xmm4",660ff4c4,sse,null,False,0,0,,,,,,,
16784191,,False,16784048,16784380,5,"pshufd xmm0, xmm0, 0xe8","pshufd xmm0, xmm0, 0xe8",660f70c0e8,sse,null,False,0,0,,,,,,,
16784196,,False,16784048,16784381,4,"punpckldq xmm0, xmm3","punpckldq xmm0, xmm3",660f62c3,sse,null,False,0,0,,,,,,,
16784200,"xmm0,0x50,rbp,-,=[16]",True,16784048,16784381,4,"movaps xmmword [rbp - 0x50], xmm0","movaps xmmword [var_58h], xmm0",0f2945b0,sse,mov,False,268435465,0,,,,,,,
16784204,"0x1673,rip,-,[16],xmm3,=",True,16784048,16784378,7,"movaps xmm3, xmmword [rip - 0x1673]","movaps xmm3, xmmword [data.010004e0]",0f281d8de9ffff,sse,mov,False,9,0,,,,16778464.0,,,"[{'addr': 16778464, 'type': 'DATA'}]"
16784211,,False,16784048,16784381,4,"pmuludq xmm2, xmm3","pmuludq xmm2, xmm3",660ff4d3,sse,null,False,0,0,,,,,,,
16784215,,False,16784048,16784380,5,"pshufd xmm3, xmm2, 0xe8","pshufd xmm3, xmm2, 0xe8",660f70dae8,sse,null,False,0,0,,,,,,,
16784220,"0x1643,rip,-,[16],xmm4,=",True,16784048,16784378,7,"movaps xmm4, xmmword [rip - 0x1643]","movaps xmm4, xmmword [data.01000520]",0f2825bde9ffff,sse,mov,False,9,0,,,,16778528.0,,,"[{'addr': 16778528, 'type': 'DATA'}]"
16784227,"xmm1,xmm2,=",False,16784048,16784382,3,"movaps xmm2, xmm1","movaps xmm2, xmm1",0f28d1,sse,mov,False,9,0,,,,,,,
16784230,,False,16784048,16784381,4,"pmuludq xmm2, xmm4","pmuludq xmm2, xmm4",660ff4d4,sse,null,False,0,0,,,,,,,
16784234,,False,16784048,16784380,5,"pshufd xmm2, xmm2, 0xe8","pshufd xmm2, xmm2, 0xe8",660f70d2e8,sse,null,False,0,0,,,,,,,
16784239,,False,16784048,16784381,4,"punpckldq xmm2, xmm3","punpckldq xmm2, xmm3",660f62d3,sse,null,False,0,0,,,,,,,
16784243,"xmm2,0x40,rbp,-,=[16]",True,16784048,16784381,4,"movaps xmmword [rbp - 0x40], xmm2","movaps xmmword [var_48h], xmm2",0f2955c0,sse,mov,False,268435465,0,,,,,,,
16784247,"xmm1,0x30,rbp,-,=[16]",True,16784048,16784381,4,"movaps xmmword [rbp - 0x30], xmm1","movaps xmmword [var_38h], xmm1",0f294dd0,sse,mov,False,268435465,0,,,,,,,
16784251,"xmm0,0x20,rbp,-,=[16]",True,16784048,16784381,4,"movaps xmmword [rbp - 0x20], xmm0","movaps xmmword [var_28h], xmm0",0f2945e0,sse,mov,False,268435465,0,,,,,,,
16784255,"zf,?{,16784273,rip,=,}",False,16784048,16784383,2,je 0x1001b91,je 0x1001b91,7410,cpu,cjmp,False,2147483649,0,,,,,16784273.0,16784257.0,
16784257,"0x40,rbp,-,[16],xmm0,=",True,16784048,16784381,4,"movaps xmm0, xmmword [rbp - 0x40]","movaps xmm0, xmmword [var_48h]",0f2845c0,sse,mov,False,9,0,,,,,,,
16784261,"0x50,rbp,-,[16],xmm1,=",True,16784048,16784381,4,"movaps xmm1, xmmword [rbp - 0x50]","movaps xmm1, xmmword [var_58h]",0f284db0,sse,mov,False,9,0,,,,,,,
16784265,"xmm1,0x30,rbp,-,=[16]",True,16784048,16784381,4,"movaps xmmword [rbp - 0x30], xmm1","movaps xmmword [var_38h], xmm1",0f294dd0,sse,mov,False,268435465,0,,,,,,,
16784269,"xmm0,0x20,rbp,-,=[16]",True,16784048,16784381,4,"movaps xmmword [rbp - 0x20], xmm0","movaps xmmword [var_28h], xmm0",0f2945e0,sse,mov,False,268435465,0,,,,,,,
16784273,"0x10,rbp,-,[8],rax,=",True,16784048,16784381,4,"mov rax, qword [rbp - 0x10]","mov rax, qword [var_18h]",488b45f0,cpu,mov,False,9,0,,,,,,,
16784277,"0x70,rbp,-,[16],xmm1,=",True,16784048,16784381,4,"movaps xmm1, xmmword [rbp - 0x70]","movaps xmm1, xmmword [var_78h]",0f284d90,sse,mov,False,9,0,,,,,,,
16784281,"0x51,rbp,-,[1],cl,=",True,16784048,16784382,3,"mov cl, byte [rbp - 0x51]","mov cl, byte [var_59h]",8a4daf,cpu,mov,False,9,0,,,,,,,
16784284,"0x30,rbp,-,[16],xmm0,=",True,16784048,16784381,4,"movaps xmm0, xmmword [rbp - 0x30]","movaps xmm0, xmmword [var_38h]",0f2845d0,sse,mov,False,9,0,,,,,,,
16784288,"0x20,rbp,-,[16],xmm3,=",True,16784048,16784381,4,"movaps xmm3, xmmword [rbp - 0x20]","movaps xmm3, xmmword [var_28h]",0f285de0,sse,mov,False,9,0,,,,,,,
16784292,"cl,rcx,=",False,16784048,16784382,3,"movzx ecx, cl","movzx ecx, cl",0fb6c9,cpu,mov,False,9,0,,,,,,,
16784295,"ecx,xmm2l,=",False,16784048,16784381,4,"movd xmm2, ecx","movd xmm2, ecx",660f6ed1,sse,mov,False,9,0,,,,,,,
16784299,,False,16784048,16784380,5,"pshufd xmm2, xmm2, 0","pshufd xmm2, xmm2, 0",660f70d200,sse,null,False,0,0,,,,,,,
16784304,,False,16784048,16784380,5,"pslld xmm2, 2","pslld xmm2, 2",660f72f202,sse,null,False,0,0,,,,,,,
16784309,"0x162c,rip,-,[16],xmm4,=",True,16784048,16784378,7,"movaps xmm4, xmmword [rip - 0x162c]","movaps xmm4, xmmword [data.01000590]",0f2825d4e9ffff,sse,mov,False,9,0,,,,16778640.0,,,"[{'addr': 16778640, 'type': 'DATA'}]"
16784316,,False,16784048,16784381,4,"por xmm2, xmm4","por xmm2, xmm4",660febd4,sse,null,False,0,0,,,,,,,
16784320,"0x1647,rip,-,[16],xmm4,=",True,16784048,16784378,7,"movaps xmm4, xmmword [rip - 0x1647]","movaps xmm4, xmmword [data.01000580]",0f2825b9e9ffff,sse,mov,False,9,0,,,,16778624.0,,,"[{'addr': 16778624, 'type': 'DATA'}]"
16784327,"xmm4,xmm1,^=,$z,zf,:=,$p,pf,:=,127,$s,sf,:=,0,cf,:=,0,of,:=",False,16784048,16784381,4,"pxor xmm1, xmm4","pxor xmm1, xmm4",660fefcc,sse,xor,False,28,0,,,,,,,
16784331,,False,16784048,16784381,4,"pcmpgtd xmm2, xmm1","pcmpgtd xmm2, xmm1",660f66d1,sse,cmp,False,15,0,,,,,,,
16784335,"xmm2,xmm1,=",False,16784048,16784382,3,"movaps xmm1, xmm2","movaps xmm1, xmm2",0f28ca,sse,mov,False,9,0,,,,,,,
16784338,,False,16784048,16784381,4,"pandn xmm1, xmm3","pandn xmm1, xmm3",660fdfcb,sse,null,False,0,0,,,,,,,
16784342,,False,16784048,16784381,4,"pand xmm0, xmm2","pand xmm0, xmm2",660fdbc2,sse,null,False,0,0,,,,,,,
16784346,,False,16784048,16784381,4,"por xmm0, xmm1","por xmm0, xmm1",660febc1,sse,null,False,0,0,,,,,,,
16784350,,False,16784048,16784380,5,"pshufd xmm2, xmm0, 0xee","pshufd xmm2, xmm0, 0xee",660f70d0ee,sse,null,False,0,0,,,,,,,
16784355,,False,16784048,16784380,5,"pshufd xmm3, xmm0, 0xff","pshufd xmm3, xmm0, 0xff",660f70d8ff,sse,null,False,0,0,,,,,,,
16784360,,False,16784048,16784380,5,"pshufd xmm1, xmm0, 0xf5","pshufd xmm1, xmm0, 0xf5",660f70c8f5,sse,null,False,0,0,,,,,,,
16784365,,False,16784048,16784381,4,"pmuludq xmm1, xmm3","pmuludq xmm1, xmm3",660ff4cb,sse,null,False,0,0,,,,,,,
16784369,,False,16784048,16784381,4,"pmuludq xmm0, xmm2","pmuludq xmm0, xmm2",660ff4c2,sse,null,False,0,0,,,,,,,
16784373,,False,16784048,16784381,4,"pmuludq xmm0, xmm1","pmuludq xmm0, xmm1",660ff4c1,sse,null,False,0,0,,,,,,,
16784377,"xmm0l,ecx,=",False,16784048,16784381,4,"movd ecx, xmm0","movd ecx, xmm0",660f7ec1,sse,mov,False,9,0,,,,,,,
16784381,"ecx,rax,=[4]",True,16784048,16784383,2,"mov dword [rax], ecx","mov dword [rax], ecx",8908,cpu,mov,False,9,0,,,,,,,
16784383,"rsp,[8],8,rsp,+=,rbp,=",False,16784048,16784384,1,pop rbp,pop rbp,5d,cpu,pop,False,14,0,,,,,,,
16784384,"rsp,[8],rip,=,8,rsp,+=",False,16784048,16784384,1,ret,ret,c3,cpu,ret,False,5,0,,,,,,,
