offset,esil,refptr,fcn_addr,fcn_last,size,opcode,disasm,bytes,family,type,reloc,type_num,type2_num,flags,xrefs_to,val,ptr,jump,fail,xrefs_from
16783840,"rbp,8,rsp,-,=[8],8,rsp,-=",False,16783840,16784032,1,push rbp,push rbp,55,cpu,rpush,False,268435468,0,['sym.function_a'],"[{'addr': 16783342, 'type': 'CALL'}]",,,,,
16783841,"rsp,rbp,=",False,16783840,16784030,3,"mov rbp, rsp","mov rbp, rsp",4889e5,cpu,mov,False,9,0,,,,,,,
16783844,"edi,rax,=",False,16783840,16784031,2,"mov eax, edi","mov eax, edi",89f8,cpu,mov,False,9,0,,,,,,,
16783846,"rsi,0x10,rbp,-,=[8]",True,16783840,16784029,4,"mov qword [rbp - 0x10], rsi","mov qword [var_18h], rsi",488975f0,cpu,mov,False,268435465,0,,,,,,,
16783850,"10,rcx,=",False,16783840,16784028,5,"mov ecx, 0xa","mov ecx, 0xa",b90a000000,cpu,mov,False,9,0,,,10.0,,,,
16783855,"0,edx,=,31,eax,>>,?{,0xffffffff,edx,=,}",False,16783840,16784032,1,cdq,cdq,99,cpu,null,False,0,0,,,,,,,
16783856,"32,ecx,~,32,edx,<<,eax,+,~%,32,ecx,~,32,edx,<<,eax,+,~/,eax,=,edx,=",False,16783840,16784031,2,idiv ecx,idiv ecx,f7f9,cpu,div,False,21,0,,,,,,,
16783858,"edx,0x4,rbp,-,=[4]",True,16783840,16784030,3,"mov dword [rbp - 4], edx","mov dword [var_ch], edx",8955fc,cpu,mov,False,268435465,0,,,,,,,
16783861,"edx,rax,=",False,16783840,16784031,2,"mov eax, edx","mov eax, edx",89d0,cpu,mov,False,9,0,,,,,,,
16783863,"0,cf,:=,1,16,-,1,<<,eax,&,?{,1,cf,:=,},16,eax,>>,eax,=,$z,zf,:=,$p,pf,:=,31,$s,sf,:=",False,16783840,16784030,3,"shr eax, 0x10","shr eax, 0x10",c1e810,cpu,shr,False,22,0,,,16.0,,,,
16783866,"3486519210,rax,^,0xffffffff,&,rax,=,$z,zf,:=,$p,pf,:=,31,$s,sf,:=,0,cf,:=,0,of,:=",False,16783840,16784028,5,"xor eax, 0xcfd00faa","xor eax, 0xcfd00faa",35aa0fd0cf,cpu,xor,False,28,0,,,3486519210.0,3486519210.0,,,
16783871,"0,cf,:=,1,14,-,1,<<,eax,&,?{,1,cf,:=,},14,eax,>>,eax,=,$z,zf,:=,$p,pf,:=,31,$s,sf,:=",False,16783840,16784030,3,"shr eax, 0xe","shr eax, 0xe",c1e80e,cpu,shr,False,22,0,,,14.0,,,,
16783874,"2,rax,&,0xffffffff,&,rax,=,$z,zf,:=,$p,pf,:=,31,$s,sf,:=,0,cf,:=,0,of,:=",False,16783840,16784030,3,"and eax, 2","and eax, 2",83e002,cpu,and,False,27,0,,,2.0,,,,
16783877,"0,eax,==,$z,zf,:=,32,$b,cf,:=,$p,pf,:=,31,$s,sf,:=,0,0x80000000,-,!,31,$o,^,of,:=,3,$b,af,:=",False,16783840,16784030,3,"cmp eax, 0","cmp eax, 0",83f800,cpu,cmp,False,15,0,,,0.0,0.0,,,
16783880,"zf,al,=",False,16783840,16784030,3,sete al,sete al,0f94c0,cpu,cmov,False,2147483657,0,,,,,,,
16783883,"0,edx,==,$z,zf,:=,32,$b,cf,:=,$p,pf,:=,31,$s,sf,:=,0,0x80000000,-,!,31,$o,^,of,:=,3,$b,af,:=",False,16783840,16784030,3,"cmp edx, 0","cmp edx, 0",83fa00,cpu,cmp,False,15,0,,,0.0,0.0,,,
16783886,"zf,!,cl,=",False,16783840,16784030,3,setne cl,setne cl,0f95c1,cpu,cmov,False,2147483657,0,,,,,,,
16783889,"cl,al,&=,$z,zf,:=,$p,pf,:=,7,$s,sf,:=,0,cf,:=,0,of,:=",False,16783840,16784031,2,"and al, cl","and al, cl",20c8,cpu,and,False,27,0,,,,,,,
16783891,"0,1,al,&,==,$z,zf,:=,$p,pf,:=,7,$s,sf,:=,0,cf,:=,0,of,:=",False,16783840,16784031,2,"test al, 1","test al, 1",a801,cpu,acmp,False,16,0,,,1.0,1.0,,,
16783893,"zf,!,?{,16783900,rip,=,}",False,16783840,16784031,2,jne 0x1001a1c,jne 0x1001a1c,7505,cpu,cjmp,False,2147483649,0,,,,,16783900.0,16783895.0,
16783895,"0x1001a9f,rip,=",False,16783840,16784028,5,jmp 0x1001a9f,jmp 0x1001a9f,e983000000,cpu,jmp,False,1,0,,,,,16784031.0,,"[{'addr': 16784031, 'type': 'CODE'}]"
16783900,"0x10,rbp,-,[8],rax,=",True,16783840,16784029,4,"mov rax, qword [rbp - 0x10]","mov rax, qword [var_18h]",488b45f0,cpu,mov,False,9,0,,,,,,,
16783904,"0x4,rbp,-,[4],rdi,=",True,16783840,16784030,3,"mov edi, dword [rbp - 4]","mov edi, dword [var_ch]",8b7dfc,cpu,mov,False,9,0,,,,,,,
16783907,"rax,[4],rsi,=",True,16783840,16784031,2,"mov esi, dword [rax]","mov esi, dword [rax]",8b30,cpu,mov,False,9,0,,,,,,,
16783909,"edi,esi,+=,31,$o,of,:=,31,$s,sf,:=,$z,zf,:=,31,$c,cf,:=,$p,pf,:=,3,$c,af,:=",False,16783840,16784031,2,"add esi, edi","add esi, edi",01fe,cpu,add,False,17,0,,,,,,,
16783911,"edi,rcx,=",False,16783840,16784031,2,"mov ecx, edi","mov ecx, edi",89f9,cpu,mov,False,9,0,,,,,,,
16783913,"18446744073709551615,ecx,+=,31,$o,of,:=,31,$s,sf,:=,$z,zf,:=,31,$c,cf,:=,$p,pf,:=,3,$c,af,:=",False,16783840,16784030,3,"add ecx, 0xffffffff","add ecx, 0xffffffff",83c1ff,cpu,add,False,17,0,,,,,,,
16783916,"edi,rdx,=",False,16783840,16784031,2,"mov edx, edi","mov edx, edi",89fa,cpu,mov,False,9,0,,,,,,,
16783918,"18446744073709551614,edx,+=,31,$o,of,:=,31,$s,sf,:=,$z,zf,:=,31,$c,cf,:=,$p,pf,:=,3,$c,af,:=",False,16783840,16784030,3,"add edx, 0xfffffffe","add edx, 0xfffffffe",83c2fe,cpu,add,False,17,0,,,1.8446744073709552e+19,,,,
16783921,"64,rcx,~,64,rdx,~,*,DUP,rcx,=,rcx,-,?{,1,1,}{,0,0,},cf,:=,of,:=",False,16783840,16784029,4,"imul rcx, rdx","imul rcx, rdx",480fafca,cpu,mul,False,20,0,,,,,,,
16783925,"18446744073709551613,edi,+=,31,$o,of,:=,31,$s,sf,:=,$z,zf,:=,31,$c,cf,:=,$p,pf,:=,3,$c,af,:=",False,16783840,16784030,3,"add edi, 0xfffffffd","add edi, 0xfffffffd",83c7fd,cpu,add,False,17,0,,,1.8446744073709552e+19,,,,
16783928,"ecx,rdx,=",False,16783840,16784031,2,"mov edx, ecx","mov edx, ecx",89ca,cpu,mov,False,9,0,,,,,,,
16783930,"32,edx,~,32,edi,~,*,DUP,edx,=,edx,-,?{,1,1,}{,0,0,},cf,:=,of,:=",False,16783840,16784030,3,"imul edx, edi","imul edx, edi",0fafd7,cpu,mul,False,20,0,,,,,,,
16783933,"0,cf,:=,1,1,-,1,<<,edx,&,?{,1,cf,:=,},1,edx,>>,edx,=,$z,zf,:=,$p,pf,:=,31,$s,sf,:=",False,16783840,16784031,2,"shr edx, 1","shr edx, 1",d1ea,cpu,shr,False,22,0,,,1.0,,,,
16783935,"32,1431655766,~,32,edx,~,*,DUP,edx,=,edx,-,?{,1,1,}{,0,0,},cf,:=,of,:=",False,16783840,16784027,6,"imul edx, edx, 0x55555556","imul edx, edx, 0x55555556",69d256555555,cpu,mul,False,20,0,,,,,,,
16783941,"edx,esi,+=,31,$o,of,:=,31,$s,sf,:=,$z,zf,:=,31,$c,cf,:=,$p,pf,:=,3,$c,af,:=",False,16783840,16784031,2,"add esi, edx","add esi, edx",01d6,cpu,add,False,17,0,,,,,,,
16783943,"esi,0x14,rbp,-,=[4]",True,16783840,16784030,3,"mov dword [rbp - 0x14], esi","mov dword [var_1ch], esi",8975ec,cpu,mov,False,268435465,0,,,,,,,
16783946,"0,cf,:=,1,1,-,1,<<,rcx,&,?{,1,cf,:=,},1,rcx,>>,rcx,=,$z,zf,:=,$p,pf,:=,63,$s,sf,:=",False,16783840,16784030,3,"shr rcx, 1","shr rcx, 1",48d1e9,cpu,shr,False,22,0,,,1.0,,,,
16783949,"32,3,~,32,ecx,~,*,DUP,edi,=,edi,-,?{,1,1,}{,0,0,},cf,:=,of,:=",False,16783840,16784030,3,"imul edi, ecx, 3","imul edi, ecx, 3",6bf903,cpu,mul,False,20,0,,,,,,,
16783952,"edi,rdx,=",False,16783840,16784031,2,"mov edx, edi","mov edx, edi",89fa,cpu,mov,False,9,0,,,,,,,
16783954,"4294967295,rdx,^,0xffffffff,&,rdx,=,$z,zf,:=,$p,pf,:=,31,$s,sf,:=,0,cf,:=,0,of,:=",False,16783840,16784030,3,"xor edx, 0xffffffff","xor edx, 0xffffffff",83f2ff,cpu,xor,False,28,0,,,4294967295.0,4294967295.0,,,
16783957,"esi,rcx,=",False,16783840,16784031,2,"mov ecx, esi","mov ecx, esi",89f1,cpu,mov,False,9,0,,,,,,,
16783959,"4294967295,rcx,^,0xffffffff,&,rcx,=,$z,zf,:=,$p,pf,:=,31,$s,sf,:=,0,cf,:=,0,of,:=",False,16783840,16784030,3,"xor ecx, 0xffffffff","xor ecx, 0xffffffff",83f1ff,cpu,xor,False,28,0,,,4294967295.0,4294967295.0,,,
16783962,"edi,r8,=",False,16783840,16784030,3,"mov r8d, edi","mov r8d, edi",4189f8,cpu,mov,False,9,0,,,,,,,
16783965,"r8d,r8,&,0xffffffff,&,r8,=,$z,zf,:=,$p,pf,:=,31,$s,sf,:=,0,cf,:=,0,of,:=",False,16783840,16784030,3,"and r8d, r8d","and r8d, r8d",4521c0,cpu,and,False,27,0,,,,,,,
16783968,"esi,rdx,^,0xffffffff,&,rdx,=,$z,zf,:=,$p,pf,:=,31,$s,sf,:=,0,cf,:=,0,of,:=",False,16783840,16784031,2,"xor edx, esi","xor edx, esi",31f2,cpu,xor,False,28,0,,,,,,,
16783970,"r8d,rdx,^,0xffffffff,&,rdx,=,$z,zf,:=,$p,pf,:=,31,$s,sf,:=,0,cf,:=,0,of,:=",False,16783840,16784030,3,"xor edx, r8d","xor edx, r8d",4431c2,cpu,xor,False,28,0,,,,,,,
16783973,"esi,r8,=",False,16783840,16784030,3,"mov r8d, esi","mov r8d, esi",4189f0,cpu,mov,False,9,0,,,,,,,
16783976,"r8d,r8d,|=,31,$s,sf,:=,$z,zf,:=,$p,pf,:=,0,of,:=,0,cf,:=",False,16783840,16784030,3,"or r8d, r8d","or r8d, r8d",4509c0,cpu,or,False,26,0,,,,,,,
16783979,"edi,r9,=",False,16783840,16784030,3,"mov r9d, edi","mov r9d, edi",4189f9,cpu,mov,False,9,0,,,,,,,
16783982,"esi,r9,&,0xffffffff,&,r9,=,$z,zf,:=,$p,pf,:=,31,$s,sf,:=,0,cf,:=,0,of,:=",False,16783840,16784030,3,"and r9d, esi","and r9d, esi",4121f1,cpu,and,False,27,0,,,,,,,
16783985,"esi,r10,=",False,16783840,16784030,3,"mov r10d, esi","mov r10d, esi",4189f2,cpu,mov,False,9,0,,,,,,,
16783988,"r10d,r10,^,0xffffffff,&,r10,=,$z,zf,:=,$p,pf,:=,31,$s,sf,:=,0,cf,:=,0,of,:=",False,16783840,16784030,3,"xor r10d, r10d","xor r10d, r10d",4531d2,cpu,xor,False,28,0,,,,,,,
16783991,"r10d,r9d,|=,31,$s,sf,:=,$z,zf,:=,$p,pf,:=,0,of,:=,0,cf,:=",False,16783840,16784030,3,"or r9d, r10d","or r9d, r10d",4509d1,cpu,or,False,26,0,,,,,,,
16783994,"4294967295,r9,^,0xffffffff,&,r9,=,$z,zf,:=,$p,pf,:=,31,$s,sf,:=,0,cf,:=,0,of,:=",False,16783840,16784029,4,"xor r9d, 0xffffffff","xor r9d, 0xffffffff",4183f1ff,cpu,xor,False,28,0,,,4294967295.0,4294967295.0,,,
16783998,"r9d,r8,^,0xffffffff,&,r8,=,$z,zf,:=,$p,pf,:=,31,$s,sf,:=,0,cf,:=,0,of,:=",False,16783840,16784030,3,"xor r8d, r9d","xor r8d, r9d",4531c8,cpu,xor,False,28,0,,,,,,,
16784001,"r8d,rdx,^,0xffffffff,&,rdx,=,$z,zf,:=,$p,pf,:=,31,$s,sf,:=,0,cf,:=,0,of,:=",False,16783840,16784030,3,"xor edx, r8d","xor edx, r8d",4431c2,cpu,xor,False,28,0,,,,,,,
16784004,"ecx,rcx,^,0xffffffff,&,rcx,=,$z,zf,:=,$p,pf,:=,31,$s,sf,:=,0,cf,:=,0,of,:=",False,16783840,16784031,2,"xor ecx, ecx","xor ecx, ecx",31c9,cpu,xor,False,28,0,,,,,,,
16784006,"edi,ecx,|=,31,$s,sf,:=,$z,zf,:=,$p,pf,:=,0,of,:=,0,cf,:=",False,16783840,16784031,2,"or ecx, edi","or ecx, edi",09f9,cpu,or,False,26,0,,,,,,,
16784008,"esi,ecx,|=,31,$s,sf,:=,$z,zf,:=,$p,pf,:=,0,of,:=,0,cf,:=",False,16783840,16784031,2,"or ecx, esi","or ecx, esi",09f1,cpu,or,False,26,0,,,,,,,
16784010,"esi,ecx,|=,31,$s,sf,:=,$z,zf,:=,$p,pf,:=,0,of,:=,0,cf,:=",False,16783840,16784031,2,"or ecx, esi","or ecx, esi",09f1,cpu,or,False,26,0,,,,,,,
16784012,"esi,ecx,|=,31,$s,sf,:=,$z,zf,:=,$p,pf,:=,0,of,:=,0,cf,:=",False,16783840,16784031,2,"or ecx, esi","or ecx, esi",09f1,cpu,or,False,26,0,,,,,,,
16784014,"ecx,edx,+=,31,$o,of,:=,31,$s,sf,:=,$z,zf,:=,31,$c,cf,:=,$p,pf,:=,3,$c,af,:=",False,16783840,16784031,2,"add edx, ecx","add edx, ecx",01ca,cpu,add,False,17,0,,,,,,,
16784016,"edx,rcx,=",False,16783840,16784031,2,"mov ecx, edx","mov ecx, edx",89d1,cpu,mov,False,9,0,,,,,,,
16784018,"4294967295,rcx,&,0xffffffff,&,rcx,=,$z,zf,:=,$p,pf,:=,31,$s,sf,:=,0,cf,:=,0,of,:=",False,16783840,16784030,3,"and ecx, 0xffffffff","and ecx, 0xffffffff",83e1ff,cpu,and,False,27,0,,,4294967295.0,4294967295.0,,,
16784021,"4294967295,edx,|=,31,$s,sf,:=,$z,zf,:=,$p,pf,:=,0,of,:=,0,cf,:=",False,16783840,16784027,6,"or edx, 0xffffffff","or edx, 0xffffffff",81caffffffff,cpu,or,False,26,0,,,4294967295.0,4294967295.0,,,
16784027,"edx,ecx,+=,31,$o,of,:=,31,$s,sf,:=,$z,zf,:=,31,$c,cf,:=,$p,pf,:=,3,$c,af,:=",False,16783840,16784031,2,"add ecx, edx","add ecx, edx",01d1,cpu,add,False,17,0,,,,,,,
16784029,"ecx,rax,=[4]",True,16783840,16784031,2,"mov dword [rax], ecx","mov dword [rax], ecx",8908,cpu,mov,False,9,0,,,,,,,
16784031,"rsp,[8],8,rsp,+=,rbp,=",False,16783840,16784032,1,pop rbp,pop rbp,5d,cpu,pop,False,14,0,,"[{'addr': 16783895, 'type': 'CODE'}]",,,,,
16784032,"rsp,[8],rip,=,8,rsp,+=",False,16783840,16784032,1,ret,ret,c3,cpu,ret,False,5,0,,,,,,,
