offset,esil,refptr,fcn_addr,fcn_last,size,opcode,disasm,bytes,family,type,reloc,type_num,type2_num,flags,xrefs_to,val,jump,fail,xrefs_from,ptr
16783872,"rbp,8,rsp,-,=[8],8,rsp,-=",False,16783872,16784138,1,push rbp,push rbp,55,cpu,rpush,False,268435468,0,"['main', 'sym.main']","[{'addr': 16782925, 'type': 'DATA'}]",,,,,
16783873,"rsp,rbp,=",False,16783872,16784136,3,"mov rbp, rsp","mov rbp, rsp",4889e5,cpu,mov,False,9,0,,,,,,,
16783876,"64,rsp,-=,64,0x8000000000000000,-,!,63,$o,^,of,:=,63,$s,sf,:=,$z,zf,:=,$p,pf,:=,64,$b,cf,:=,3,$b,af,:=",False,16783872,16784135,4,"sub rsp, 0x40","sub rsp, 0x40",4883ec40,cpu,sub,False,18,0,,,64.0,,,,
16783880,"edi,0x14,rbp,-,=[4]",True,16783872,16784136,3,"mov dword [rbp - 0x14], edi","mov dword [var_1ch], edi",897dec,cpu,mov,False,268435465,0,,,,,,,
16783883,"rsi,0x10,rbp,-,=[8]",True,16783872,16784135,4,"mov qword [rbp - 0x10], rsi","mov qword [var_18h], rsi",488975f0,cpu,mov,False,268435465,0,,,,,,,
16783887,"32,edi,~,rax,=",False,16783872,16784136,3,"movsxd rax, edi","movsxd rax, edi",4863c7,cpu,mov,False,9,0,,,,,,,
16783890,"0,2,!,!,?{,1,2,-,rax,<<,0x8000000000000000,&,!,!,^,},2,rax,<<=,$z,zf,:=,$p,pf,:=,63,$s,sf,:=,cf,=",False,16783872,16784135,4,"shl rax, 2","shl rax, 2",48c1e002,cpu,shl,False,23,0,,,,,,,
16783894,"rax,rdi,=",False,16783872,16784136,3,"mov rdi, rax","mov rdi, rax",4889c7,cpu,mov,False,9,0,,,,,,,
16783897,"18446744073709551615,rdi,|=,63,$s,sf,:=,$z,zf,:=,$p,pf,:=,0,of,:=,0,cf,:=",False,16783872,16784135,4,"or rdi, 0xffffffffffffffff","or rdi, 0xffffffffffffffff",4883cfff,cpu,or,False,26,0,,,,,,,
16783901,"18446744073709551615,rdi,&=,$z,zf,:=,$p,pf,:=,63,$s,sf,:=,0,cf,:=,0,of,:=",False,16783872,16784135,4,"and rdi, 0xffffffffffffffff","and rdi, 0xffffffffffffffff",4883e7ff,cpu,and,False,27,0,,,,,,,
16783905,"rax,rdi,+=,63,$o,of,:=,63,$s,sf,:=,$z,zf,:=,63,$c,cf,:=,$p,pf,:=,3,$c,af,:=",False,16783872,16784136,3,"add rdi, rax","add rdi, rax",4801c7,cpu,add,False,17,0,,,,,,,
16783908,"16784288,rip,8,rsp,-=,rsp,=[],rip,=",False,16783872,16784134,5,call 0x1001ba0,call sym.imp.malloc,e877010000,cpu,call,False,3,0,,,,16784288.0,16783913.0,"[{'addr': 16784288, 'type': 'CALL'}]",
16783913,"rax,0x8,rbp,-,=[8]",True,16783872,16784135,4,"mov qword [rbp - 8], rax","mov qword [var_10h], rax",488945f8,cpu,mov,False,268435465,0,,,,,,,
16783917,"0,rax,==,$z,zf,:=,64,$b,cf,:=,$p,pf,:=,63,$s,sf,:=,0,0x8000000000000000,-,!,63,$o,^,of,:=,3,$b,af,:=",False,16783872,16784135,4,"cmp rax, 0","cmp rax, 0",4883f800,cpu,cmp,False,15,0,,,0.0,,,,0.0
16783921,"zf,?{,16783963,rip,=,}",False,16783872,16784137,2,je 0x1001a5b,je 0x1001a5b,7428,cpu,cjmp,False,2147483649,0,,,,16783963.0,16783923.0,,
16783923,"0x14,rbp,-,[4],rax,=",True,16783872,16784136,3,"mov eax, dword [rbp - 0x14]","mov eax, dword [var_1ch]",8b45ec,cpu,mov,False,9,0,,,,,,,
16783926,"0x8,rbp,-,[8],rcx,=",True,16783872,16784135,4,"mov rcx, qword [rbp - 8]","mov rcx, qword [var_10h]",488b4df8,cpu,mov,False,9,0,,,,,,,
16783930,"18446744073709551612,rcx,+=,63,$o,of,:=,63,$s,sf,:=,$z,zf,:=,63,$c,cf,:=,$p,pf,:=,3,$c,af,:=",False,16783872,16784135,4,"add rcx, 0xfffffffffffffffc","add rcx, 0xfffffffffffffffc",4883c1fc,cpu,add,False,17,0,,,1.8446744073709552e+19,,,,
16783934,"rcx,0x20,rbp,-,=[8]",True,16783872,16784135,4,"mov qword [rbp - 0x20], rcx","mov qword [args], rcx",48894de0,cpu,mov,False,268435465,0,,,,,,,
16783938,"1,eax,==,$z,zf,:=,32,$b,cf,:=,$p,pf,:=,31,$s,sf,:=,1,0x80000000,-,!,31,$o,^,of,:=,3,$b,af,:=",False,16783872,16784136,3,"cmp eax, 1","cmp eax, 1",83f801,cpu,cmp,False,15,0,,,1.0,,,,1.0
16783941,"of,sf,^,zf,|,?{,16784055,rip,=,}",False,16783872,16784137,2,jle 0x1001ab7,jle 0x1001ab7,7e70,cpu,cjmp,False,2147483649,0,,,,16784055.0,16783943.0,,
16783943,"0x14,rbp,-,[4],rax,=",True,16783872,16784136,3,"mov eax, dword [rbp - 0x14]","mov eax, dword [var_1ch]",8b45ec,cpu,mov,False,9,0,,,,,,,
16783946,"eax,rax,=",False,16783872,16784137,2,"mov eax, eax","mov eax, eax",89c0,cpu,mov,False,9,0,,,,,,,
16783948,"rax,0x30,rbp,-,=[8]",True,16783872,16784135,4,"mov qword [rbp - 0x30], rax","mov qword [var_38h], rax",488945d0,cpu,mov,False,268435465,0,,,,,,,
16783952,"1,rax,=",False,16783872,16784134,5,"mov eax, 1","mov eax, 1",b801000000,cpu,mov,False,9,0,,,1.0,,,,
16783957,"rax,0x28,rbp,-,=[8]",True,16783872,16784135,4,"mov qword [rbp - 0x28], rax","mov qword [s], rax",488945d8,cpu,mov,False,268435465,0,,,,,,,
16783961,"0x1001a71,rip,=",False,16783872,16784137,2,jmp 0x1001a71,jmp 0x1001a71,eb16,cpu,jmp,False,1,0,,,,16783985.0,,"[{'addr': 16783985, 'type': 'CODE'}]",
16783963,"0x1538,rip,-,rdi,=",True,16783872,16784132,7,"lea rdi, [rip - 0x1538]","lea rdi, str.Error_allocating_the_array.",488d3dc8eaffff,cpu,lea,False,33,0,,,,,,"[{'addr': 16778538, 'type': 'DATA'}]",16778538.0
16783970,"16784304,rip,8,rsp,-=,rsp,=[],rip,=",False,16783872,16784134,5,call 0x1001bb0,call sym.imp.puts,e849010000,cpu,call,False,3,0,,,,16784304.0,16783975.0,"[{'addr': 16784304, 'type': 'CALL'}]",
16783975,"1,rdi,=",False,16783872,16784134,5,"mov edi, 1","mov edi, 1",bf01000000,cpu,mov,False,9,0,,,1.0,,,,
16783980,"16784320,rip,8,rsp,-=,rsp,=[],rip,=",False,16783872,16784134,5,call 0x1001bc0,call sym.imp.exit,e84f010000,cpu,call,False,3,0,,,,16784320.0,16783985.0,"[{'addr': 16784320, 'type': 'CALL'}]",
16783985,"0x28,rbp,-,[8],rax,=",True,16783872,16784135,4,"mov rax, qword [rbp - 0x28]","mov rax, qword [s]",488b45d8,cpu,mov,False,9,0,,"[{'addr': 16783961, 'type': 'CODE'}]",,,,,
16783989,"0x20,rbp,-,[8],rdx,=",True,16783872,16784135,4,"mov rdx, qword [rbp - 0x20]","mov rdx, qword [args]",488b55e0,cpu,mov,False,9,0,,,,,,,
16783993,"0x10,rbp,-,[8],rcx,=",True,16783872,16784135,4,"mov rcx, qword [rbp - 0x10]","mov rcx, qword [var_18h]",488b4df0,cpu,mov,False,9,0,,,,,,,
16783997,"rax,0x38,rbp,-,=[8]",True,16783872,16784135,4,"mov qword [rbp - 0x38], rax","mov qword [var_40h], rax",488945c8,cpu,mov,False,268435465,0,,,,,,,
16784001,"rax,8,*,rcx,+,[8],rdi,=",True,16783872,16784135,4,"mov rdi, qword [rcx + rax*8]","mov rdi, qword [rcx + rax*8]",488b3cc1,cpu,mov,False,9,0,,,,,,,
16784005,"0,2,!,!,?{,1,2,-,rax,<<,0x8000000000000000,&,!,!,^,},2,rax,<<=,$z,zf,:=,$p,pf,:=,63,$s,sf,:=,cf,=",False,16783872,16784135,4,"shl rax, 2","shl rax, 2",48c1e002,cpu,shl,False,23,0,,,,,,,
16784009,"rax,rdx,+=,63,$o,of,:=,63,$s,sf,:=,$z,zf,:=,63,$c,cf,:=,$p,pf,:=,3,$c,af,:=",False,16783872,16784136,3,"add rdx, rax","add rdx, rax",4801c2,cpu,add,False,17,0,,,,,,,
16784012,"0x154d,rip,-,rsi,=",True,16783872,16784132,7,"lea rsi, [rip - 0x154d]","lea rsi, data.01000546",488d35b3eaffff,cpu,lea,False,33,0,,,,,,"[{'addr': 16778566, 'type': 'DATA'}]",16778566.0
16784019,"0,al,=",False,16783872,16784137,2,"mov al, 0","mov al, 0",b000,cpu,mov,False,9,0,,,0.0,,,,
16784021,"16784336,rip,8,rsp,-=,rsp,=[],rip,=",False,16783872,16784134,5,call 0x1001bd0,call sym.imp.__isoc99_sscanf,e836010000,cpu,call,False,3,0,,,,16784336.0,16784026.0,"[{'addr': 16784336, 'type': 'CALL'}]",
16784026,"0x30,rbp,-,[8],rcx,=",True,16783872,16784135,4,"mov rcx, qword [rbp - 0x30]","mov rcx, qword [var_38h]",488b4dd0,cpu,mov,False,9,0,,,,,,,
16784030,"0x38,rbp,-,[8],rax,=",True,16783872,16784135,4,"mov rax, qword [rbp - 0x38]","mov rax, qword [var_40h]",488b45c8,cpu,mov,False,9,0,,,,,,,
16784034,"18446744073709551615,rax,^=,$z,zf,:=,$p,pf,:=,63,$s,sf,:=,0,cf,:=,0,of,:=",False,16783872,16784135,4,"xor rax, 0xffffffffffffffff","xor rax, 0xffffffffffffffff",4883f0ff,cpu,xor,False,28,0,,,,,,,
16784038,"18446744073709551615,rax,^=,$z,zf,:=,$p,pf,:=,63,$s,sf,:=,0,cf,:=,0,of,:=",False,16783872,16784135,4,"xor rax, 0xffffffffffffffff","xor rax, 0xffffffffffffffff",4883f0ff,cpu,xor,False,28,0,,,,,,,
16784042,"1,rax,+=,63,$o,of,:=,63,$s,sf,:=,$z,zf,:=,63,$c,cf,:=,$p,pf,:=,3,$c,af,:=",False,16783872,16784135,4,"add rax, 1","add rax, 1",4883c001,cpu,add,False,17,0,,,1.0,,,,
16784046,"rcx,rax,==,$z,zf,:=,64,$b,cf,:=,$p,pf,:=,63,$s,sf,:=,rcx,0x8000000000000000,-,!,63,$o,^,of,:=,3,$b,af,:=",False,16783872,16784136,3,"cmp rax, rcx","cmp rax, rcx",4839c8,cpu,cmp,False,15,0,,,,,,,
16784049,"rax,0x28,rbp,-,=[8]",True,16783872,16784135,4,"mov qword [rbp - 0x28], rax","mov qword [s], rax",488945d8,cpu,mov,False,268435465,0,,,,,,,
16784053,"zf,!,?{,16783985,rip,=,}",False,16783872,16784137,2,jne 0x1001a71,jne 0x1001a71,75ba,cpu,cjmp,False,2147483649,0,,,,16783985.0,16784055.0,,
16784055,"0x8,rbp,-,[8],rdi,=",True,16783872,16784135,4,"mov rdi, qword [rbp - 8]","mov rdi, qword [var_10h]",488b7df8,cpu,mov,False,9,0,,,,,,,
16784059,"0x14,rbp,-,[4],rax,=",True,16783872,16784136,3,"mov eax, dword [rbp - 0x14]","mov eax, dword [var_1ch]",8b45ec,cpu,mov,False,9,0,,,,,,,
16784062,"eax,rsi,=",False,16783872,16784137,2,"mov esi, eax","mov esi, eax",89c6,cpu,mov,False,9,0,,,,,,,
16784064,"4294967295,esi,|=,31,$s,sf,:=,$z,zf,:=,$p,pf,:=,0,of,:=,0,cf,:=",False,16783872,16784133,6,"or esi, 0xffffffff","or esi, 0xffffffff",81ceffffffff,cpu,or,False,26,0,,,4294967295.0,,,,4294967295.0
16784070,"4294967295,rsi,&,0xffffffff,&,rsi,=,$z,zf,:=,$p,pf,:=,31,$s,sf,:=,0,cf,:=,0,of,:=",False,16783872,16784136,3,"and esi, 0xffffffff","and esi, 0xffffffff",83e6ff,cpu,and,False,27,0,,,4294967295.0,,,,4294967295.0
16784073,"eax,esi,+=,31,$o,of,:=,31,$s,sf,:=,$z,zf,:=,31,$c,cf,:=,$p,pf,:=,3,$c,af,:=",False,16783872,16784137,2,"add esi, eax","add esi, eax",01c6,cpu,add,False,17,0,,,,,,,
16784075,"16782944,rip,8,rsp,-=,rsp,=[],rip,=",False,16783872,16784134,5,call 0x1001660,call sym.square_array,e890fbffff,cpu,call,False,3,0,,,,16782944.0,16784080.0,"[{'addr': 16782944, 'type': 'CALL'}]",
16784080,"eax,rcx,=",False,16783872,16784137,2,"mov ecx, eax","mov ecx, eax",89c1,cpu,mov,False,9,0,,,,,,,
16784082,"ecx,0x3c,rbp,-,=[4]",True,16783872,16784136,3,"mov dword [rbp - 0x3c], ecx","mov dword [var_44h], ecx",894dc4,cpu,mov,False,268435465,0,,,,,,,
16784085,"0x158a,rip,-,rdi,=",True,16783872,16784132,7,"lea rdi, [rip - 0x158a]","lea rdi, str.You_loose",488d3d76eaffff,cpu,lea,False,33,0,,,,,,"[{'addr': 16778578, 'type': 'DATA'}]",16778578.0
16784092,"0x159a,rip,-,rax,=",True,16783872,16784132,7,"lea rax, [rip - 0x159a]","lea rax, str.You_win",488d0566eaffff,cpu,lea,False,33,0,,,,,,"[{'addr': 16778569, 'type': 'DATA'}]",16778569.0
16784099,"4010073836,ecx,==,$z,zf,:=,32,$b,cf,:=,$p,pf,:=,31,$s,sf,:=,4010073836,0x80000000,-,!,31,$o,^,of,:=,3,$b,af,:=",False,16783872,16784133,6,"cmp ecx, 0xef04deec","cmp ecx, 0xef04deec",81f9ecde04ef,cpu,cmp,False,15,0,,,4010073836.0,,,,4010073836.0
16784105,"zf,?{,rax,rdi,=,}",False,16783872,16784135,4,"cmove rdi, rax","cmove rdi, rax",480f44f8,cpu,cmov,False,2147483657,0,,,,,,,
16784109,"16784304,rip,8,rsp,-=,rsp,=[],rip,=",False,16783872,16784134,5,call 0x1001bb0,call sym.imp.puts,e8be000000,cpu,call,False,3,0,,,,16784304.0,16784114.0,"[{'addr': 16784304, 'type': 'CALL'}]",
16784114,"0x3c,rbp,-,[4],rsi,=",True,16783872,16784136,3,"mov esi, dword [rbp - 0x3c]","mov esi, dword [var_44h]",8b75c4,cpu,mov,False,9,0,,,,,,,
16784117,"0x15e0,rip,-,rdi,=",True,16783872,16784132,7,"lea rdi, [rip - 0x15e0]","lea rdi, str.Result:_0x_x",488d3d20eaffff,cpu,lea,False,33,0,,,,,,"[{'addr': 16778524, 'type': 'DATA'}]",16778524.0
16784124,"0,al,=",False,16783872,16784137,2,"mov al, 0","mov al, 0",b000,cpu,mov,False,9,0,,,0.0,,,,
16784126,"16784352,rip,8,rsp,-=,rsp,=[],rip,=",False,16783872,16784134,5,call 0x1001be0,call sym.imp.printf,e8dd000000,cpu,call,False,3,0,,,,16784352.0,16784131.0,"[{'addr': 16784352, 'type': 'CALL'}]",
16784131,"eax,rax,^,0xffffffff,&,rax,=,$z,zf,:=,$p,pf,:=,31,$s,sf,:=,0,cf,:=,0,of,:=",False,16783872,16784137,2,"xor eax, eax","xor eax, eax",31c0,cpu,xor,False,28,0,,,,,,,
16784133,"64,rsp,+=,63,$o,of,:=,63,$s,sf,:=,$z,zf,:=,63,$c,cf,:=,$p,pf,:=,3,$c,af,:=",False,16783872,16784135,4,"add rsp, 0x40","add rsp, 0x40",4883c440,cpu,add,False,17,0,,,64.0,,,,
16784137,"rsp,[8],8,rsp,+=,rbp,=",False,16783872,16784138,1,pop rbp,pop rbp,5d,cpu,pop,False,14,0,,,,,,,
16784138,"rsp,[8],rip,=,8,rsp,+=",False,16783872,16784138,1,ret,ret,c3,cpu,ret,False,5,0,,,,,,,
