offset,esil,refptr,fcn_addr,fcn_last,size,opcode,disasm,bytes,family,type,reloc,type_num,type2_num,flags,xrefs_to,val
16784064,"rbp,8,rsp,-,=[8],8,rsp,-=",False,16784064,16784099,1,push rbp,push rbp,55,cpu,rpush,False,268435468,0,['sym.apply_gate'],"[{'addr': 16783470, 'type': 'CALL'}, {'addr': 16783527, 'type': 'CALL'}, {'addr': 16783584, 'type': 'CALL'}, {'addr': 16783641, 'type': 'CALL'}]",
16784065,"rsp,rbp,=",False,16784064,16784097,3,"mov rbp, rsp","mov rbp, rsp",4889e5,cpu,mov,False,9,0,,,
16784068,"32,esi,~,32,0x4,rdi,+,[4],~,*,DUP,esi,=,esi,-,?{,1,1,}{,0,0,},cf,:=,of,:=",False,16784064,16784096,4,"imul esi, dword [rdi + 4]","imul esi, dword [rdi + 4]",0faf7704,cpu,mul,False,20,0,,,
16784072,"32,3,~,32,0x8,rdi,+,[4],~,*,DUP,eax,=,eax,-,?{,1,1,}{,0,0,},cf,:=,of,:=",False,16784064,16784096,4,"imul eax, dword [rdi + 8], 3","imul eax, dword [rdi + 8], 3",6b470803,cpu,mul,False,20,0,,,
16784076,"esi,eax,+=,31,$o,of,:=,31,$s,sf,:=,$z,zf,:=,31,$c,cf,:=,$p,pf,:=,3,$c,af,:=",False,16784064,16784098,2,"add eax, esi","add eax, esi",01f0,cpu,add,False,17,0,,,
16784078,"0xc,rdi,+,[4],eax,+=,31,$o,of,:=,31,$s,sf,:=,$z,zf,:=,31,$c,cf,:=,$p,pf,:=,3,$c,af,:=",True,16784064,16784097,3,"add eax, dword [rdi + 0xc]","add eax, dword [rdi + 0xc]",03470c,cpu,add,False,17,0,,,
16784081,"9,rcx,=",False,16784064,16784095,5,"mov ecx, 9","mov ecx, 9",b909000000,cpu,mov,False,9,0,,,9.0
16784086,"0,edx,=,31,eax,>>,?{,0xffffffff,edx,=,}",False,16784064,16784099,1,cdq,cdq,99,cpu,null,False,0,0,,,
16784087,"32,ecx,~,32,edx,<<,eax,+,~%,32,ecx,~,32,edx,<<,eax,+,~/,eax,=,edx,=",False,16784064,16784098,2,idiv ecx,idiv ecx,f7f9,cpu,div,False,21,0,,,
16784089,"edx,rax,=",False,16784064,16784098,2,"mov eax, edx","mov eax, edx",89d0,cpu,mov,False,9,0,,,
16784091,"eax,rdx,=",False,16784064,16784098,2,"mov edx, eax","mov edx, eax",89c2,cpu,mov,False,9,0,,,
16784093,"edx,!,!,cf,:=,edx,0xffffffff,^,1,+,edx,=,$z,zf,:=,0,of,:=,31,$s,sf,:=,31,$o,pf,:=",False,16784064,16784098,2,neg edx,neg edx,f7da,cpu,sub,False,18,0,,,
16784095,"sf,!,?{,edx,eax,=,}",False,16784064,16784097,3,"cmovns eax, edx","cmovns eax, edx",0f49c2,cpu,cmov,False,2147483657,0,,,
16784098,"rsp,[8],8,rsp,+=,rbp,=",False,16784064,16784099,1,pop rbp,pop rbp,5d,cpu,pop,False,14,0,,,
16784099,"rsp,[8],rip,=,8,rsp,+=",False,16784064,16784099,1,ret,ret,c3,cpu,ret,False,5,0,,,
