offset,esil,refptr,fcn_addr,fcn_last,size,opcode,disasm,bytes,family,type,reloc,type_num,type2_num,flags,xrefs_to,val,ptr,jump,fail,xrefs_from
16783728,"rbp,8,rsp,-,=[8],8,rsp,-=",False,16783728,16783873,1,push rbp,push rbp,55,cpu,rpush,False,268435468,0,['sym.transform_state'],"[{'addr': 16783326, 'type': 'CALL'}]",,,,,
16783729,"rsp,rbp,=",False,16783728,16783871,3,"mov rbp, rsp","mov rbp, rsp",4889e5,cpu,mov,False,9,0,,,,,,,
16783732,"rdi,0x10,rbp,-,=[8]",True,16783728,16783870,4,"mov qword [rbp - 0x10], rdi","mov qword [var_18h], rdi",48897df0,cpu,mov,False,268435465,0,,,,,,,
16783736,"esi,0x4,rbp,-,=[4]",True,16783728,16783871,3,"mov dword [rbp - 4], esi","mov dword [var_ch], esi",8975fc,cpu,mov,False,268435465,0,,,,,,,
16783739,"1,rsi,&,0xffffffff,&,rsi,=,$z,zf,:=,$p,pf,:=,31,$s,sf,:=,0,cf,:=,0,of,:=",False,16783728,16783871,3,"and esi, 1","and esi, 1",83e601,cpu,and,False,27,0,,,1.0,,,,
16783742,"0,esi,==,$z,zf,:=,32,$b,cf,:=,$p,pf,:=,31,$s,sf,:=,0,0x80000000,-,!,31,$o,^,of,:=,3,$b,af,:=",False,16783728,16783871,3,"cmp esi, 0","cmp esi, 0",83fe00,cpu,cmp,False,15,0,,,0.0,0.0,,,
16783745,"zf,!,?{,16783769,rip,=,}",False,16783728,16783872,2,jne 0x1001999,jne 0x1001999,7516,cpu,cjmp,False,2147483649,0,,,,,16783769.0,16783747.0,
16783747,"0x10,rbp,-,[8],rcx,=",True,16783728,16783870,4,"mov rcx, qword [rbp - 0x10]","mov rcx, qword [var_18h]",488b4df0,cpu,mov,False,9,0,,,,,,,
16783751,"0x4,rbp,-,[4],rax,=",True,16783728,16783871,3,"mov eax, dword [rbp - 4]","mov eax, dword [var_ch]",8b45fc,cpu,mov,False,9,0,,,,,,,
16783754,"32,eax,~,32,0x8,rcx,+,[4],~,*,DUP,eax,=,eax,-,?{,1,1,}{,0,0,},cf,:=,of,:=",False,16783728,16783870,4,"imul eax, dword [rcx + 8]","imul eax, dword [rcx + 8]",0faf4108,cpu,mul,False,20,0,,,,,,,
16783758,"0x4,rcx,+,[4],eax,+=,31,$o,of,:=,31,$s,sf,:=,$z,zf,:=,31,$c,cf,:=,$p,pf,:=,3,$c,af,:=",True,16783728,16783871,3,"add eax, dword [rcx + 4]","add eax, dword [rcx + 4]",034104,cpu,add,False,17,0,,,,,,,
16783761,"eax,0x4,rcx,+,=[4]",True,16783728,16783871,3,"mov dword [rcx + 4], eax","mov dword [rcx + 4], eax",894104,cpu,mov,False,9,0,,,,,,,
16783764,"eax,0x14,rbp,-,=[4]",True,16783728,16783871,3,"mov dword [rbp - 0x14], eax","mov dword [var_1ch], eax",8945ec,cpu,mov,False,268435465,0,,,,,,,
16783767,"0x10019af,rip,=",False,16783728,16783872,2,jmp 0x10019af,jmp 0x10019af,eb16,cpu,jmp,False,1,0,,,,,16783791.0,,"[{'addr': 16783791, 'type': 'CODE'}]"
16783769,"0x10,rbp,-,[8],rcx,=",True,16783728,16783870,4,"mov rcx, qword [rbp - 0x10]","mov rcx, qword [var_18h]",488b4df0,cpu,mov,False,9,0,,,,,,,
16783773,"0x4,rbp,-,[4],rsi,=",True,16783728,16783871,3,"mov esi, dword [rbp - 4]","mov esi, dword [var_ch]",8b75fc,cpu,mov,False,9,0,,,,,,,
16783776,"rcx,[4],rdx,=",True,16783728,16783872,2,"mov edx, dword [rcx]","mov edx, dword [rcx]",8b11,cpu,mov,False,9,0,,,,,,,
16783778,"0x4,rcx,+,[4],rax,=",True,16783728,16783871,3,"mov eax, dword [rcx + 4]","mov eax, dword [rcx + 4]",8b4104,cpu,mov,False,9,0,,,,,,,
16783781,"esi,edx,+=,31,$o,of,:=,31,$s,sf,:=,$z,zf,:=,31,$c,cf,:=,$p,pf,:=,3,$c,af,:=",False,16783728,16783872,2,"add edx, esi","add edx, esi",01f2,cpu,add,False,17,0,,,,,,,
16783783,"edx,eax,-=,edx,0x80000000,-,!,31,$o,^,of,:=,31,$s,sf,:=,$z,zf,:=,$p,pf,:=,32,$b,cf,:=,3,$b,af,:=",False,16783728,16783872,2,"sub eax, edx","sub eax, edx",29d0,cpu,sub,False,18,0,,,,,,,
16783785,"eax,0x4,rcx,+,=[4]",True,16783728,16783871,3,"mov dword [rcx + 4], eax","mov dword [rcx + 4], eax",894104,cpu,mov,False,9,0,,,,,,,
16783788,"eax,0x14,rbp,-,=[4]",True,16783728,16783871,3,"mov dword [rbp - 0x14], eax","mov dword [var_1ch], eax",8945ec,cpu,mov,False,268435465,0,,,,,,,
16783791,"0x14,rbp,-,[4],rcx,=",True,16783728,16783871,3,"mov ecx, dword [rbp - 0x14]","mov ecx, dword [var_1ch]",8b4dec,cpu,mov,False,9,0,,"[{'addr': 16783767, 'type': 'CODE'}]",,,,,
16783794,"ecx,0x20,rbp,-,=[4]",True,16783728,16783871,3,"mov dword [rbp - 0x20], ecx","mov dword [var_28h], ecx",894de0,cpu,mov,False,268435465,0,,,,,,,
16783797,"1,rax,=",False,16783728,16783869,5,"mov eax, 1","mov eax, 1",b801000000,cpu,mov,False,9,0,,,1.0,,,,
16783802,"1000,ecx,==,$z,zf,:=,32,$b,cf,:=,$p,pf,:=,31,$s,sf,:=,1000,0x80000000,-,!,31,$o,^,of,:=,3,$b,af,:=",False,16783728,16783868,6,"cmp ecx, 0x3e8","cmp ecx, 0x3e8",81f9e8030000,cpu,cmp,False,15,0,,,1000.0,1000.0,,,
16783808,"eax,rcx,=",False,16783728,16783872,2,"mov ecx, eax","mov ecx, eax",89c1,cpu,mov,False,9,0,,,,,,,
16783810,"ecx,0x1c,rbp,-,=[4]",True,16783728,16783871,3,"mov dword [rbp - 0x1c], ecx","mov dword [var_24h], ecx",894de4,cpu,mov,False,268435465,0,,,,,,,
16783813,"eax,0x18,rbp,-,=[4]",True,16783728,16783871,3,"mov dword [rbp - 0x18], eax","mov dword [var_20h], eax",8945e8,cpu,mov,False,268435465,0,,,,,,,
16783816,"sf,of,!,^,zf,!,&,?{,16783850,rip,=,}",False,16783728,16783872,2,jg 0x10019ea,jg 0x10019ea,7f20,cpu,cjmp,False,2147483649,0,,,,,16783850.0,16783818.0,
16783818,"0x20,rbp,-,[4],rsi,=",True,16783728,16783871,3,"mov esi, dword [rbp - 0x20]","mov esi, dword [var_28h]",8b75e0,cpu,mov,False,9,0,,,,,,,
16783821,"4294967294,rdx,=",False,16783728,16783869,5,"mov edx, 0xfffffffe","mov edx, 0xfffffffe",bafeffffff,cpu,mov,False,9,0,,,4294967294.0,4294967294.0,,,
16783826,"4294967295,rcx,=",False,16783728,16783869,5,"mov ecx, 0xffffffff","mov ecx, 0xffffffff",b9ffffffff,cpu,mov,False,9,0,,,4294967295.0,4294967295.0,,,
16783831,"eax,rax,^,0xffffffff,&,rax,=,$z,zf,:=,$p,pf,:=,31,$s,sf,:=,0,cf,:=,0,of,:=",False,16783728,16783872,2,"xor eax, eax","xor eax, eax",31c0,cpu,xor,False,28,0,,,,,,,
16783833,"4294966796,esi,==,$z,zf,:=,32,$b,cf,:=,$p,pf,:=,31,$s,sf,:=,4294966796,0x80000000,-,!,31,$o,^,of,:=,3,$b,af,:=",False,16783728,16783868,6,"cmp esi, 0xfffffe0c","cmp esi, 0xfffffe0c",81fe0cfeffff,cpu,cmp,False,15,0,,,4294966796.0,4294966796.0,,,
16783839,"edx,0x1c,rbp,-,=[4]",True,16783728,16783871,3,"mov dword [rbp - 0x1c], edx","mov dword [var_24h], edx",8955e4,cpu,mov,False,268435465,0,,,,,,,
16783842,"ecx,0x18,rbp,-,=[4]",True,16783728,16783871,3,"mov dword [rbp - 0x18], ecx","mov dword [var_20h], ecx",894de8,cpu,mov,False,268435465,0,,,,,,,
16783845,"eax,0x24,rbp,-,=[4]",True,16783728,16783871,3,"mov dword [rbp - 0x24], eax","mov dword [var_2ch], eax",8945dc,cpu,mov,False,268435465,0,,,,,,,
16783848,"of,!,sf,^,?{,16783869,rip,=,}",False,16783728,16783872,2,jge 0x10019fd,jge 0x10019fd,7d13,cpu,cjmp,False,2147483649,0,,,,,16783869.0,16783850.0,
16783850,"0x10,rbp,-,[8],rcx,=",True,16783728,16783870,4,"mov rcx, qword [rbp - 0x10]","mov rcx, qword [var_18h]",488b4df0,cpu,mov,False,9,0,,,,,,,
16783854,"0x1c,rbp,-,[4],rdx,=",True,16783728,16783871,3,"mov edx, dword [rbp - 0x1c]","mov edx, dword [var_24h]",8b55e4,cpu,mov,False,9,0,,,,,,,
16783857,"0x18,rbp,-,[4],rax,=",True,16783728,16783871,3,"mov eax, dword [rbp - 0x18]","mov eax, dword [var_20h]",8b45e8,cpu,mov,False,9,0,,,,,,,
16783860,"0x8,rcx,+,[4],edx,+=,31,$o,of,:=,31,$s,sf,:=,$z,zf,:=,31,$c,cf,:=,$p,pf,:=,3,$c,af,:=",True,16783728,16783871,3,"add edx, dword [rcx + 8]","add edx, dword [rcx + 8]",035108,cpu,add,False,17,0,,,,,,,
16783863,"edx,0x8,rcx,+,=[4]",True,16783728,16783871,3,"mov dword [rcx + 8], edx","mov dword [rcx + 8], edx",895108,cpu,mov,False,9,0,,,,,,,
16783866,"eax,0x24,rbp,-,=[4]",True,16783728,16783871,3,"mov dword [rbp - 0x24], eax","mov dword [var_2ch], eax",8945dc,cpu,mov,False,268435465,0,,,,,,,
16783869,"0x24,rbp,-,[4],rax,=",True,16783728,16783871,3,"mov eax, dword [rbp - 0x24]","mov eax, dword [var_2ch]",8b45dc,cpu,mov,False,9,0,,,,,,,
16783872,"rsp,[8],8,rsp,+=,rbp,=",False,16783728,16783873,1,pop rbp,pop rbp,5d,cpu,pop,False,14,0,,,,,,,
16783873,"rsp,[8],rip,=,8,rsp,+=",False,16783728,16783873,1,ret,ret,c3,cpu,ret,False,5,0,,,,,,,
