offset,esil,refptr,fcn_addr,fcn_last,size,opcode,disasm,bytes,family,type,reloc,type_num,type2_num,flags,xrefs_to,val,jump,fail,xrefs_from,ptr,comment
16783584,"rbp,8,rsp,-,=[8],8,rsp,-=",False,16783584,16783849,1,push rbp,push rbp,55,cpu,rpush,False,268435468,0,"['sym.magic_number', 'dbg.magic_number']","[{'addr': 16783901, 'type': 'CALL'}]",,,,,,
16783585,"rsp,rbp,=",False,16783584,16783847,3,"mov rbp, rsp","mov rbp, rsp",4889e5,cpu,mov,False,9,0,,,,,,,,
16783588,"48,rsp,-=,48,0x8000000000000000,-,!,63,$o,^,of,:=,63,$s,sf,:=,$z,zf,:=,$p,pf,:=,64,$b,cf,:=,3,$b,af,:=",False,16783584,16783846,4,"sub rsp, 0x30","sub rsp, 0x30",4883ec30,cpu,sub,False,18,0,,,48.0,,,,,
16783592,"edi,0x14,rbp,-,=[4]",True,16783584,16783847,3,"mov dword [rbp - 0x14], edi","mov dword [var_1ch], edi",897dec,cpu,mov,False,268435465,0,,,,,,,,
16783595,"16782976,rip,8,rsp,-=,rsp,=[],rip,=",False,16783584,16783845,5,call 0x1001680,call dbg.sumOfDigits,e890fdffff,cpu,call,False,3,0,,,,16782976.0,16783600.0,"[{'addr': 16782976, 'type': 'CALL'}]",,
16783600,"eax,0xc,rbp,-,=[4]",True,16783584,16783847,3,"mov dword [rbp - 0xc], eax","mov dword [var_18h + 0x4], eax",8945f4,cpu,mov,False,268435465,0,,,,,,,,
16783603,"0,0x10,rbp,-,=[4]",True,16783584,16783843,7,"mov dword [rbp - 0x10], 0","mov dword [var_18h], 0",c745f000000000,cpu,mov,False,268435465,0,,,0.0,,,,,
16783610,"0x10,rbp,-,[4],rax,=",True,16783584,16783847,3,"mov eax, dword [rbp - 0x10]","mov eax, dword [var_18h]",8b45f0,cpu,mov,False,9,0,,"[{'addr': 16783645, 'type': 'CODE'}]",,,,,,
16783613,"rax,0x20,rbp,-,=[8]",True,16783584,16783846,4,"mov qword [rbp - 0x20], rax","mov qword [var_28h], rax",488945e0,cpu,mov,False,268435465,0,,,,,,,,
16783617,"6,rax,-=,6,0x8000000000000000,-,!,63,$o,^,of,:=,63,$s,sf,:=,$z,zf,:=,$p,pf,:=,64,$b,cf,:=,3,$b,af,:=",False,16783584,16783846,4,"sub rax, 6","sub rax, 6",4883e806,cpu,sub,False,18,0,,,6.0,,,,,
16783621,"cf,zf,|,!,?{,16783643,rip,=,}",False,16783584,16783848,2,ja 0x100191b,ja 0x100191b,7714,cpu,cjmp,False,2147483649,0,,,,16783643.0,16783623.0,,,
16783623,"0x20,rbp,-,[8],rax,=",True,16783584,16783846,4,"mov rax, qword [rbp - 0x20]","mov rax, qword [var_28h]",488b45e0,cpu,mov,False,9,0,,,,,,,,
16783627,"0x1466,rip,-,rcx,=",True,16783584,16783843,7,"lea rcx, [rip - 0x1466]","lea rcx, data.010004ac",488d0d9aebffff,cpu,lea,False,33,0,,,,,,"[{'addr': 16778412, 'type': 'DATA'}]",16778412.0,
16783634,"32,rax,4,*,rcx,+,[4],~,rax,=",True,16783584,16783846,4,"movsxd rax, dword [rcx + rax*4]","movsxd rax, dword [rcx + rax*4]",48630481,cpu,mov,False,9,0,,,,,,,,
16783638,"rcx,rax,+=,63,$o,of,:=,63,$s,sf,:=,$z,zf,:=,63,$c,cf,:=,$p,pf,:=,3,$c,af,:=",False,16783584,16783847,3,"add rax, rcx","add rax, rcx",4801c8,cpu,add,False,17,0,,,,,,,,
16783641,"rax,rip,=",False,16783584,16783848,2,jmp rax,jmp rax,ffe0,cpu,rjmp,False,268435458,0,['switch.0x01001919'],,,,,"[{'addr': 16783647, 'type': 'CODE'}, {'addr': 16783669, 'type': 'CODE'}, {'addr': 16783694, 'type': 'CODE'}, {'addr': 16783721, 'type': 'CODE'}, {'addr': 16783767, 'type': 'CODE'}, {'addr': 16783792, 'type': 'CODE'}, {'addr': 16783820, 'type': 'CODE'}]",,c3dpdGNoIHRhYmxlICg3IGNhc2VzKSBhdCAweDEwMDA0YWM=
16783643,"0x100191d,rip,=",False,16783584,16783848,2,jmp 0x100191d,jmp 0x100191d,eb00,cpu,jmp,False,1,0,,,,16783645.0,,"[{'addr': 16783645, 'type': 'CODE'}]",,
16783645,"0x10018fa,rip,=",False,16783584,16783848,2,jmp 0x10018fa,jmp 0x10018fa,ebdb,cpu,jmp,False,1,0,,"[{'addr': 16783643, 'type': 'CODE'}, {'addr': 16783667, 'type': 'CODE'}, {'addr': 16783692, 'type': 'CODE'}, {'addr': 16783719, 'type': 'CODE'}, {'addr': 16783787, 'type': 'CODE'}, {'addr': 16783815, 'type': 'CODE'}, {'addr': 16783845, 'type': 'CODE'}]",,16783610.0,,"[{'addr': 16783610, 'type': 'CODE'}]",,
16783647,"2,rax,=",False,16783584,16783845,5,"mov eax, 2","mov eax, 2",b802000000,cpu,mov,False,9,0,['case.0x1001919.0'],"[{'addr': 16783641, 'type': 'CODE'}]",2.0,,,,,
16783652,"1,rcx,=",False,16783584,16783845,5,"mov ecx, 1","mov ecx, 1",b901000000,cpu,mov,False,9,0,,,1.0,,,,,
16783657,"10,0xc,rbp,-,[4],==,$z,zf,:=,32,$b,cf,:=,$p,pf,:=,31,$s,sf,:=,10,0x80000000,-,!,31,$o,^,of,:=,3,$b,af,:=",True,16783584,16783846,4,"cmp dword [rbp - 0xc], 0xa","cmp dword [var_18h + 0x4], 0xa",837df40a,cpu,cmp,False,268435471,0,,,10.0,,,,,
16783661,"sf,of,^,?{,ecx,eax,=,}",False,16783584,16783847,3,"cmovl eax, ecx","cmovl eax, ecx",0f4cc1,cpu,cmov,False,2147483657,0,,,,,,,,
16783664,"eax,0x10,rbp,-,=[4]",True,16783584,16783847,3,"mov dword [rbp - 0x10], eax","mov dword [var_18h], eax",8945f0,cpu,mov,False,268435465,0,,,,,,,,
16783667,"0x100191d,rip,=",False,16783584,16783848,2,jmp 0x100191d,jmp 0x100191d,ebe8,cpu,jmp,False,1,0,,,,16783645.0,,"[{'addr': 16783645, 'type': 'CODE'}]",,
16783669,"0xc,rbp,-,[4],rax,=",True,16783584,16783847,3,"mov eax, dword [rbp - 0xc]","mov eax, dword [var_18h + 0x4]",8b45f4,cpu,mov,False,9,0,['case.0x1001919.1'],"[{'addr': 16783641, 'type': 'CODE'}]",,,,,,
16783672,"32,eax,~,32,eax,~,*,DUP,eax,=,eax,-,?{,1,1,}{,0,0,},cf,:=,of,:=",False,16783584,16783847,3,"imul eax, eax","imul eax, eax",0fafc0,cpu,mul,False,20,0,,,,,,,,
16783675,"3,0x10,rbp,-,=[4]",True,16783584,16783843,7,"mov dword [rbp - 0x10], 3","mov dword [var_18h], 3",c745f003000000,cpu,mov,False,268435465,0,,,3.0,,,,,
16783682,"eax,0x8,rbp,-,=[4]",True,16783584,16783847,3,"mov dword [rbp - 8], eax","mov dword [format], eax",8945f8,cpu,mov,False,268435465,0,,,,,,,,
16783685,"0,0x4,rbp,-,=[4]",True,16783584,16783843,7,"mov dword [rbp - 4], 0","mov dword [var_ch], 0",c745fc00000000,cpu,mov,False,268435465,0,,,0.0,,,,,
16783692,"0x100191d,rip,=",False,16783584,16783848,2,jmp 0x100191d,jmp 0x100191d,ebcf,cpu,jmp,False,1,0,,,,16783645.0,,"[{'addr': 16783645, 'type': 'CODE'}]",,
16783694,"0xc,rbp,-,[4],rdi,=",True,16783584,16783847,3,"mov edi, dword [rbp - 0xc]","mov edi, dword [var_18h + 0x4]",8b7df4,cpu,mov,False,9,0,['case.0x1001919.2'],"[{'addr': 16783641, 'type': 'CODE'}]",,,,,,
16783697,"16783280,rip,8,rsp,-=,rsp,=[],rip,=",False,16783584,16783845,5,call 0x10017b0,call dbg.reverse,e85afeffff,cpu,call,False,3,0,,,,16783280.0,16783702.0,"[{'addr': 16783280, 'type': 'CALL'}]",,
16783702,"32,eax,~,32,0xc,rbp,-,[4],~,*,DUP,eax,=,eax,-,?{,1,1,}{,0,0,},cf,:=,of,:=",False,16783584,16783846,4,"imul eax, dword [rbp - 0xc]","imul eax, dword [var_18h + 0x4]",0faf45f4,cpu,mul,False,20,0,,,,,,,,
16783706,"3,0x10,rbp,-,=[4]",True,16783584,16783843,7,"mov dword [rbp - 0x10], 3","mov dword [var_18h], 3",c745f003000000,cpu,mov,False,268435465,0,,,3.0,,,,,
16783713,"eax,0x8,rbp,-,=[4]",True,16783584,16783847,3,"mov dword [rbp - 8], eax","mov dword [format], eax",8945f8,cpu,mov,False,268435465,0,,,,,,,,
16783716,"eax,0x4,rbp,-,=[4]",True,16783584,16783847,3,"mov dword [rbp - 4], eax","mov dword [var_ch], eax",8945fc,cpu,mov,False,268435465,0,,,,,,,,
16783719,"0x100191d,rip,=",False,16783584,16783848,2,jmp 0x100191d,jmp 0x100191d,ebb4,cpu,jmp,False,1,0,,,,16783645.0,,"[{'addr': 16783645, 'type': 'CODE'}]",,
16783721,"0x14,rbp,-,[4],rsi,=",True,16783584,16783847,3,"mov esi, dword [rbp - 0x14]","mov esi, dword [var_1ch]",8b75ec,cpu,mov,False,9,0,['case.0x1001919.3'],"[{'addr': 16783641, 'type': 'CODE'}]",,,,,,
16783724,"0x4,rbp,-,[4],rax,=",True,16783584,16783847,3,"mov eax, dword [rbp - 4]","mov eax, dword [var_ch]",8b45fc,cpu,mov,False,9,0,,,,,,,,
16783727,"eax,0x24,rbp,-,=[4]",True,16783584,16783847,3,"mov dword [rbp - 0x24], eax","mov dword [var_2ch], eax",8945dc,cpu,mov,False,268435465,0,,,,,,,,
16783730,"0x149b,rip,-,rdi,=",True,16783584,16783843,7,"lea rdi, [rip - 0x149b]","lea rdi, str.d_is_not_a_magic_number",488d3d65ebffff,cpu,lea,False,33,0,,,,,,"[{'addr': 16778462, 'type': 'DATA'}]",16778462.0,
16783737,"0x14b8,rip,-,rax,=",True,16783584,16783843,7,"lea rax, [rip - 0x14b8]","lea rax, str.d_is_a_magic_number",488d0548ebffff,cpu,lea,False,33,0,,,,,,"[{'addr': 16778440, 'type': 'DATA'}]",16778440.0,
16783744,"esi,0x8,rbp,-,[4],==,$z,zf,:=,32,$b,cf,:=,$p,pf,:=,31,$s,sf,:=,esi,0x80000000,-,!,31,$o,^,of,:=,3,$b,af,:=",True,16783584,16783847,3,"cmp dword [rbp - 8], esi","cmp dword [format], esi",3975f8,cpu,cmp,False,268435471,0,,,,,,,,
16783747,"zf,?{,rax,rdi,=,}",False,16783584,16783846,4,"cmove rdi, rax","cmove rdi, rax",480f44f8,cpu,cmov,False,2147483657,0,,,,,,,,
16783751,"0,al,=",False,16783584,16783848,2,"mov al, 0","mov al, 0",b000,cpu,mov,False,9,0,,,0.0,,,,,
16783753,"16784112,rip,8,rsp,-=,rsp,=[],rip,=",False,16783584,16783845,5,call 0x1001af0,call sym.imp.printf,e862010000,cpu,call,False,3,0,,,,16784112.0,16783758.0,"[{'addr': 16784112, 'type': 'CALL'}]",,
16783758,"0x24,rbp,-,[4],rax,=",True,16783584,16783847,3,"mov eax, dword [rbp - 0x24]","mov eax, dword [var_2ch]",8b45dc,cpu,mov,False,9,0,,,,,,,,
16783761,"48,rsp,+=,63,$o,of,:=,63,$s,sf,:=,$z,zf,:=,63,$c,cf,:=,$p,pf,:=,3,$c,af,:=",False,16783584,16783846,4,"add rsp, 0x30","add rsp, 0x30",4883c430,cpu,add,False,17,0,,,48.0,,,,,
16783765,"rsp,[8],8,rsp,+=,rbp,=",False,16783584,16783849,1,pop rbp,pop rbp,5d,cpu,pop,False,14,0,,,,,,,,
16783766,"rsp,[8],rip,=,8,rsp,+=",False,16783584,16783849,1,ret,ret,c3,cpu,ret,False,5,0,,,,,,,,
16783767,"2,rax,=",False,16783584,16783845,5,"mov eax, 2","mov eax, 2",b802000000,cpu,mov,False,9,0,['case.0x1001919.4'],"[{'addr': 16783641, 'type': 'CODE'}]",2.0,,,,,
16783772,"1,rcx,=",False,16783584,16783845,5,"mov ecx, 1","mov ecx, 1",b901000000,cpu,mov,False,9,0,,,1.0,,,,,
16783777,"10,0xc,rbp,-,[4],==,$z,zf,:=,32,$b,cf,:=,$p,pf,:=,31,$s,sf,:=,10,0x80000000,-,!,31,$o,^,of,:=,3,$b,af,:=",True,16783584,16783846,4,"cmp dword [rbp - 0xc], 0xa","cmp dword [var_18h + 0x4], 0xa",837df40a,cpu,cmp,False,268435471,0,,,10.0,,,,,
16783781,"sf,of,^,?{,ecx,eax,=,}",False,16783584,16783847,3,"cmovl eax, ecx","cmovl eax, ecx",0f4cc1,cpu,cmov,False,2147483657,0,,,,,,,,
16783784,"eax,0x10,rbp,-,=[4]",True,16783584,16783847,3,"mov dword [rbp - 0x10], eax","mov dword [var_18h], eax",8945f0,cpu,mov,False,268435465,0,,,,,,,,
16783787,"0x100191d,rip,=",False,16783584,16783845,5,jmp 0x100191d,jmp 0x100191d,e96dffffff,cpu,jmp,False,1,0,,,,16783645.0,,"[{'addr': 16783645, 'type': 'CODE'}]",,
16783792,"0xc,rbp,-,[4],rax,=",True,16783584,16783847,3,"mov eax, dword [rbp - 0xc]","mov eax, dword [var_18h + 0x4]",8b45f4,cpu,mov,False,9,0,['case.0x1001919.5'],"[{'addr': 16783641, 'type': 'CODE'}]",,,,,,
16783795,"32,eax,~,32,eax,~,*,DUP,eax,=,eax,-,?{,1,1,}{,0,0,},cf,:=,of,:=",False,16783584,16783847,3,"imul eax, eax","imul eax, eax",0fafc0,cpu,mul,False,20,0,,,,,,,,
16783798,"3,0x10,rbp,-,=[4]",True,16783584,16783843,7,"mov dword [rbp - 0x10], 3","mov dword [var_18h], 3",c745f003000000,cpu,mov,False,268435465,0,,,3.0,,,,,
16783805,"eax,0x8,rbp,-,=[4]",True,16783584,16783847,3,"mov dword [rbp - 8], eax","mov dword [format], eax",8945f8,cpu,mov,False,268435465,0,,,,,,,,
16783808,"0,0x4,rbp,-,=[4]",True,16783584,16783843,7,"mov dword [rbp - 4], 0","mov dword [var_ch], 0",c745fc00000000,cpu,mov,False,268435465,0,,,0.0,,,,,
16783815,"0x100191d,rip,=",False,16783584,16783845,5,jmp 0x100191d,jmp 0x100191d,e951ffffff,cpu,jmp,False,1,0,,,,16783645.0,,"[{'addr': 16783645, 'type': 'CODE'}]",,
16783820,"0xc,rbp,-,[4],rdi,=",True,16783584,16783847,3,"mov edi, dword [rbp - 0xc]","mov edi, dword [var_18h + 0x4]",8b7df4,cpu,mov,False,9,0,['case.0x1001919.6'],"[{'addr': 16783641, 'type': 'CODE'}]",,,,,,
16783823,"16783280,rip,8,rsp,-=,rsp,=[],rip,=",False,16783584,16783845,5,call 0x10017b0,call dbg.reverse,e8dcfdffff,cpu,call,False,3,0,,,,16783280.0,16783828.0,"[{'addr': 16783280, 'type': 'CALL'}]",,
16783828,"32,eax,~,32,0xc,rbp,-,[4],~,*,DUP,eax,=,eax,-,?{,1,1,}{,0,0,},cf,:=,of,:=",False,16783584,16783846,4,"imul eax, dword [rbp - 0xc]","imul eax, dword [var_18h + 0x4]",0faf45f4,cpu,mul,False,20,0,,,,,,,,
16783832,"3,0x10,rbp,-,=[4]",True,16783584,16783843,7,"mov dword [rbp - 0x10], 3","mov dword [var_18h], 3",c745f003000000,cpu,mov,False,268435465,0,,,3.0,,,,,
16783839,"eax,0x8,rbp,-,=[4]",True,16783584,16783847,3,"mov dword [rbp - 8], eax","mov dword [format], eax",8945f8,cpu,mov,False,268435465,0,,,,,,,,
16783842,"eax,0x4,rbp,-,=[4]",True,16783584,16783847,3,"mov dword [rbp - 4], eax","mov dword [var_ch], eax",8945fc,cpu,mov,False,268435465,0,,,,,,,,
16783845,"0x100191d,rip,=",False,16783584,16783845,5,jmp 0x100191d,jmp 0x100191d,e933ffffff,cpu,jmp,False,1,0,,,,16783645.0,,"[{'addr': 16783645, 'type': 'CODE'}]",,
