offset,esil,refptr,fcn_addr,fcn_last,size,opcode,disasm,bytes,family,type,reloc,type_num,type2_num,flags,xrefs_to,val,jump,fail,ptr,xrefs_from,comment
16782976,"rbp,8,rsp,-,=[8],8,rsp,-=",False,16782976,16783272,1,push rbp,push rbp,55,cpu,rpush,False,268435468,0,"['sym.sumOfDigits', 'dbg.sumOfDigits']","[{'addr': 16783595, 'type': 'CALL'}]",,,,,,
16782977,"rsp,rbp,=",False,16782976,16783270,3,"mov rbp, rsp","mov rbp, rsp",4889e5,cpu,mov,False,9,0,,,,,,,,
16782980,"edi,0x14,rbp,-,=[4]",True,16782976,16783270,3,"mov dword [rbp - 0x14], edi","mov dword [var_1ch], edi",897dec,cpu,mov,False,268435465,0,,,,,,,,
16782983,"0,0x10,rbp,-,=[4]",True,16782976,16783266,7,"mov dword [rbp - 0x10], 0","mov dword [var_18h], 0",c745f000000000,cpu,mov,False,268435465,0,,,0.0,,,,,
16782990,"0x10,rbp,-,[4],rax,=",True,16782976,16783270,3,"mov eax, dword [rbp - 0x10]","mov eax, dword [var_18h]",8b45f0,cpu,mov,False,9,0,,"[{'addr': 16783025, 'type': 'CODE'}]",,,,,,
16782993,"rax,0x20,rbp,-,=[8]",True,16782976,16783269,4,"mov qword [rbp - 0x20], rax","mov qword [var_28h], rax",488945e0,cpu,mov,False,268435465,0,,,,,,,,
16782997,"5,rax,-=,5,0x8000000000000000,-,!,63,$o,^,of,:=,63,$s,sf,:=,$z,zf,:=,$p,pf,:=,64,$b,cf,:=,3,$b,af,:=",False,16782976,16783269,4,"sub rax, 5","sub rax, 5",4883e805,cpu,sub,False,18,0,,,5.0,,,,,
16783001,"cf,zf,|,!,?{,16783023,rip,=,}",False,16782976,16783271,2,ja 0x10016af,ja 0x10016af,7714,cpu,cjmp,False,2147483649,0,,,,16783023.0,16783003.0,,,
16783003,"0x20,rbp,-,[8],rax,=",True,16782976,16783269,4,"mov rax, qword [rbp - 0x20]","mov rax, qword [var_28h]",488b45e0,cpu,mov,False,9,0,,,,,,,,
16783007,"0x122a,rip,-,rcx,=",True,16782976,16783266,7,"lea rcx, [rip - 0x122a]","lea rcx, data.0100047c",488d0dd6edffff,cpu,lea,False,33,0,,,,,,16778364.0,"[{'addr': 16778364, 'type': 'DATA'}]",
16783014,"32,rax,4,*,rcx,+,[4],~,rax,=",True,16782976,16783269,4,"movsxd rax, dword [rcx + rax*4]","movsxd rax, dword [rcx + rax*4]",48630481,cpu,mov,False,9,0,,,,,,,,
16783018,"rcx,rax,+=,63,$o,of,:=,63,$s,sf,:=,$z,zf,:=,63,$c,cf,:=,$p,pf,:=,3,$c,af,:=",False,16782976,16783270,3,"add rax, rcx","add rax, rcx",4801c8,cpu,add,False,17,0,,,,,,,,
16783021,"rax,rip,=",False,16782976,16783271,2,jmp rax,jmp rax,ffe0,cpu,rjmp,False,268435458,0,['switch.0x010016ad'],,,,,,"[{'addr': 16783027, 'type': 'CODE'}, {'addr': 16783068, 'type': 'CODE'}, {'addr': 16783142, 'type': 'CODE'}, {'addr': 16783147, 'type': 'CODE'}, {'addr': 16783224, 'type': 'CODE'}, {'addr': 16783229, 'type': 'CODE'}]",c3dpdGNoIHRhYmxlICg2IGNhc2VzKSBhdCAweDEwMDA0N2M=
16783023,"0x10016b1,rip,=",False,16782976,16783271,2,jmp 0x10016b1,jmp 0x10016b1,eb00,cpu,jmp,False,1,0,,,,16783025.0,,,"[{'addr': 16783025, 'type': 'CODE'}]",
16783025,"0x100168e,rip,=",False,16782976,16783271,2,jmp 0x100168e,jmp 0x100168e,ebdb,cpu,jmp,False,1,0,,"[{'addr': 16783023, 'type': 'CODE'}, {'addr': 16783066, 'type': 'CODE'}, {'addr': 16783140, 'type': 'CODE'}, {'addr': 16783219, 'type': 'CODE'}, {'addr': 16783268, 'type': 'CODE'}]",,16782990.0,,,"[{'addr': 16782990, 'type': 'CODE'}]",
16783027,"0x14,rbp,-,[4],rax,=",True,16782976,16783270,3,"mov eax, dword [rbp - 0x14]","mov eax, dword [var_1ch]",8b45ec,cpu,mov,False,9,0,['case.0x10016ad.0'],"[{'addr': 16783021, 'type': 'CODE'}]",,,,,,
16783030,"2,rcx,=",False,16782976,16783268,5,"mov ecx, 2","mov ecx, 2",b902000000,cpu,mov,False,9,0,,,2.0,,,,,
16783035,"1,rdx,=",False,16782976,16783268,5,"mov edx, 1","mov edx, 1",ba01000000,cpu,mov,False,9,0,,,1.0,,,,,
16783040,"0,eax,==,$z,zf,:=,32,$b,cf,:=,$p,pf,:=,31,$s,sf,:=,0,0x80000000,-,!,31,$o,^,of,:=,3,$b,af,:=",False,16782976,16783270,3,"cmp eax, 0","cmp eax, 0",83f800,cpu,cmp,False,15,0,,,0.0,,,0.0,,
16783043,"zf,!,sf,of,^,!,&,?{,edx,ecx,=,}",False,16782976,16783270,3,"cmovg ecx, edx","cmovg ecx, edx",0f4fca,cpu,cmov,False,2147483657,0,,,,,,,,
16783046,"ecx,0x10,rbp,-,=[4]",True,16782976,16783270,3,"mov dword [rbp - 0x10], ecx","mov dword [var_18h], ecx",894df0,cpu,mov,False,268435465,0,,,,,,,,
16783049,"0,0xc,rbp,-,=[4]",True,16782976,16783266,7,"mov dword [rbp - 0xc], 0","mov dword [var_14h], 0",c745f400000000,cpu,mov,False,268435465,0,,,0.0,,,,,
16783056,"eax,0x8,rbp,-,=[4]",True,16782976,16783270,3,"mov dword [rbp - 8], eax","mov dword [var_10h], eax",8945f8,cpu,mov,False,268435465,0,,,,,,,,
16783059,"0,0x4,rbp,-,=[4]",True,16782976,16783266,7,"mov dword [rbp - 4], 0","mov dword [var_ch], 0",c745fc00000000,cpu,mov,False,268435465,0,,,0.0,,,,,
16783066,"0x10016b1,rip,=",False,16782976,16783271,2,jmp 0x10016b1,jmp 0x10016b1,ebd5,cpu,jmp,False,1,0,,,,16783025.0,,,"[{'addr': 16783025, 'type': 'CODE'}]",
16783068,"0x8,rbp,-,[4],rdi,=",True,16782976,16783270,3,"mov edi, dword [rbp - 8]","mov edi, dword [var_10h]",8b7df8,cpu,mov,False,9,0,['case.0x10016ad.1'],"[{'addr': 16783021, 'type': 'CODE'}]",,,,,,
16783071,"0xc,rbp,-,[4],rax,=",True,16782976,16783270,3,"mov eax, dword [rbp - 0xc]","mov eax, dword [var_14h]",8b45f4,cpu,mov,False,9,0,,,,,,,,
16783074,"eax,0x28,rbp,-,=[4]",True,16782976,16783270,3,"mov dword [rbp - 0x28], eax","mov dword [var_30h], eax",8945d8,cpu,mov,False,268435465,0,,,,,,,,
16783077,"10,rcx,=",False,16782976,16783268,5,"mov ecx, 0xa","mov ecx, 0xa",b90a000000,cpu,mov,False,9,0,,,10.0,,,,,
16783082,"edi,rax,=",False,16782976,16783271,2,"mov eax, edi","mov eax, edi",89f8,cpu,mov,False,9,0,,,,,,,,
16783084,"edx,rdx,^,0xffffffff,&,rdx,=,$z,zf,:=,$p,pf,:=,31,$s,sf,:=,0,cf,:=,0,of,:=",False,16782976,16783271,2,"xor edx, edx","xor edx, edx",31d2,cpu,xor,False,28,0,,,,,,,,
16783086,"ecx,32,edx,<<,eax,+,%,ecx,32,edx,<<,eax,+,/,eax,=,edx,=",False,16782976,16783271,2,div ecx,div ecx,f7f1,cpu,div,False,21,0,,,,,,,,
16783088,"0x28,rbp,-,[4],rax,=",True,16782976,16783270,3,"mov eax, dword [rbp - 0x28]","mov eax, dword [var_30h]",8b45d8,cpu,mov,False,9,0,,,,,,,,
16783091,"edx,eax,+=,31,$o,of,:=,31,$s,sf,:=,$z,zf,:=,31,$c,cf,:=,$p,pf,:=,3,$c,af,:=",False,16782976,16783271,2,"add eax, edx","add eax, edx",01d0,cpu,add,False,17,0,,,,,,,,
16783093,"eax,0x24,rbp,-,=[4]",True,16782976,16783270,3,"mov dword [rbp - 0x24], eax","mov dword [var_2ch], eax",8945dc,cpu,mov,False,268435465,0,,,,,,,,
16783096,"10,rcx,=",False,16782976,16783268,5,"mov ecx, 0xa","mov ecx, 0xa",b90a000000,cpu,mov,False,9,0,,,10.0,,,,,
16783101,"edi,rax,=",False,16782976,16783271,2,"mov eax, edi","mov eax, edi",89f8,cpu,mov,False,9,0,,,,,,,,
16783103,"edx,rdx,^,0xffffffff,&,rdx,=,$z,zf,:=,$p,pf,:=,31,$s,sf,:=,0,cf,:=,0,of,:=",False,16782976,16783271,2,"xor edx, edx","xor edx, edx",31d2,cpu,xor,False,28,0,,,,,,,,
16783105,"ecx,32,edx,<<,eax,+,%,ecx,32,edx,<<,eax,+,/,eax,=,edx,=",False,16782976,16783271,2,div ecx,div ecx,f7f1,cpu,div,False,21,0,,,,,,,,
16783107,"eax,rcx,=",False,16782976,16783271,2,"mov ecx, eax","mov ecx, eax",89c1,cpu,mov,False,9,0,,,,,,,,
16783109,"0x24,rbp,-,[4],rax,=",True,16782976,16783270,3,"mov eax, dword [rbp - 0x24]","mov eax, dword [var_2ch]",8b45dc,cpu,mov,False,9,0,,,,,,,,
16783112,"1,rdx,=",False,16782976,16783268,5,"mov edx, 1","mov edx, 1",ba01000000,cpu,mov,False,9,0,,,1.0,,,,,
16783117,"2,rsi,=",False,16782976,16783268,5,"mov esi, 2","mov esi, 2",be02000000,cpu,mov,False,9,0,,,2.0,,,,,
16783122,"10,edi,==,$z,zf,:=,32,$b,cf,:=,$p,pf,:=,31,$s,sf,:=,10,0x80000000,-,!,31,$o,^,of,:=,3,$b,af,:=",False,16782976,16783270,3,"cmp edi, 0xa","cmp edi, 0xa",83ff0a,cpu,cmp,False,15,0,,,10.0,,,10.0,,
16783125,"cf,?{,esi,edx,=,}",False,16782976,16783270,3,"cmovb edx, esi","cmovb edx, esi",0f42d6,cpu,cmov,False,2147483657,0,,,,,,,,
16783128,"edx,0x10,rbp,-,=[4]",True,16782976,16783270,3,"mov dword [rbp - 0x10], edx","mov dword [var_18h], edx",8955f0,cpu,mov,False,268435465,0,,,,,,,,
16783131,"eax,0xc,rbp,-,=[4]",True,16782976,16783270,3,"mov dword [rbp - 0xc], eax","mov dword [var_14h], eax",8945f4,cpu,mov,False,268435465,0,,,,,,,,
16783134,"ecx,0x8,rbp,-,=[4]",True,16782976,16783270,3,"mov dword [rbp - 8], ecx","mov dword [var_10h], ecx",894df8,cpu,mov,False,268435465,0,,,,,,,,
16783137,"eax,0x4,rbp,-,=[4]",True,16782976,16783270,3,"mov dword [rbp - 4], eax","mov dword [var_ch], eax",8945fc,cpu,mov,False,268435465,0,,,,,,,,
16783140,"0x10016b1,rip,=",False,16782976,16783271,2,jmp 0x10016b1,jmp 0x10016b1,eb8b,cpu,jmp,False,1,0,,,,16783025.0,,,"[{'addr': 16783025, 'type': 'CODE'}]",
16783142,"0x4,rbp,-,[4],rax,=",True,16782976,16783270,3,"mov eax, dword [rbp - 4]","mov eax, dword [var_ch]",8b45fc,cpu,mov,False,9,0,['case.0x10016ad.2'],"[{'addr': 16783021, 'type': 'CODE'}]",,,,,,
16783145,"rsp,[8],8,rsp,+=,rbp,=",False,16782976,16783272,1,pop rbp,pop rbp,5d,cpu,pop,False,14,0,,,,,,,,
16783146,"rsp,[8],rip,=,8,rsp,+=",False,16782976,16783272,1,ret,ret,c3,cpu,ret,False,5,0,,,,,,,,
16783147,"0x8,rbp,-,[4],rdi,=",True,16782976,16783270,3,"mov edi, dword [rbp - 8]","mov edi, dword [var_10h]",8b7df8,cpu,mov,False,9,0,['case.0x10016ad.3'],"[{'addr': 16783021, 'type': 'CODE'}]",,,,,,
16783150,"0xc,rbp,-,[4],rax,=",True,16782976,16783270,3,"mov eax, dword [rbp - 0xc]","mov eax, dword [var_14h]",8b45f4,cpu,mov,False,9,0,,,,,,,,
16783153,"eax,0x30,rbp,-,=[4]",True,16782976,16783270,3,"mov dword [rbp - 0x30], eax","mov dword [var_38h], eax",8945d0,cpu,mov,False,268435465,0,,,,,,,,
16783156,"10,rcx,=",False,16782976,16783268,5,"mov ecx, 0xa","mov ecx, 0xa",b90a000000,cpu,mov,False,9,0,,,10.0,,,,,
16783161,"edi,rax,=",False,16782976,16783271,2,"mov eax, edi","mov eax, edi",89f8,cpu,mov,False,9,0,,,,,,,,
16783163,"edx,rdx,^,0xffffffff,&,rdx,=,$z,zf,:=,$p,pf,:=,31,$s,sf,:=,0,cf,:=,0,of,:=",False,16782976,16783271,2,"xor edx, edx","xor edx, edx",31d2,cpu,xor,False,28,0,,,,,,,,
16783165,"ecx,32,edx,<<,eax,+,%,ecx,32,edx,<<,eax,+,/,eax,=,edx,=",False,16782976,16783271,2,div ecx,div ecx,f7f1,cpu,div,False,21,0,,,,,,,,
16783167,"0x30,rbp,-,[4],rax,=",True,16782976,16783270,3,"mov eax, dword [rbp - 0x30]","mov eax, dword [var_38h]",8b45d0,cpu,mov,False,9,0,,,,,,,,
16783170,"edx,eax,+=,31,$o,of,:=,31,$s,sf,:=,$z,zf,:=,31,$c,cf,:=,$p,pf,:=,3,$c,af,:=",False,16782976,16783271,2,"add eax, edx","add eax, edx",01d0,cpu,add,False,17,0,,,,,,,,
16783172,"eax,0x2c,rbp,-,=[4]",True,16782976,16783270,3,"mov dword [rbp - 0x2c], eax","mov dword [var_34h], eax",8945d4,cpu,mov,False,268435465,0,,,,,,,,
16783175,"10,rcx,=",False,16782976,16783268,5,"mov ecx, 0xa","mov ecx, 0xa",b90a000000,cpu,mov,False,9,0,,,10.0,,,,,
16783180,"edi,rax,=",False,16782976,16783271,2,"mov eax, edi","mov eax, edi",89f8,cpu,mov,False,9,0,,,,,,,,
16783182,"edx,rdx,^,0xffffffff,&,rdx,=,$z,zf,:=,$p,pf,:=,31,$s,sf,:=,0,cf,:=,0,of,:=",False,16782976,16783271,2,"xor edx, edx","xor edx, edx",31d2,cpu,xor,False,28,0,,,,,,,,
16783184,"ecx,32,edx,<<,eax,+,%,ecx,32,edx,<<,eax,+,/,eax,=,edx,=",False,16782976,16783271,2,div ecx,div ecx,f7f1,cpu,div,False,21,0,,,,,,,,
16783186,"eax,rcx,=",False,16782976,16783271,2,"mov ecx, eax","mov ecx, eax",89c1,cpu,mov,False,9,0,,,,,,,,
16783188,"0x2c,rbp,-,[4],rax,=",True,16782976,16783270,3,"mov eax, dword [rbp - 0x2c]","mov eax, dword [var_34h]",8b45d4,cpu,mov,False,9,0,,,,,,,,
16783191,"1,rdx,=",False,16782976,16783268,5,"mov edx, 1","mov edx, 1",ba01000000,cpu,mov,False,9,0,,,1.0,,,,,
16783196,"2,rsi,=",False,16782976,16783268,5,"mov esi, 2","mov esi, 2",be02000000,cpu,mov,False,9,0,,,2.0,,,,,
16783201,"10,edi,==,$z,zf,:=,32,$b,cf,:=,$p,pf,:=,31,$s,sf,:=,10,0x80000000,-,!,31,$o,^,of,:=,3,$b,af,:=",False,16782976,16783270,3,"cmp edi, 0xa","cmp edi, 0xa",83ff0a,cpu,cmp,False,15,0,,,10.0,,,10.0,,
16783204,"cf,?{,esi,edx,=,}",False,16782976,16783270,3,"cmovb edx, esi","cmovb edx, esi",0f42d6,cpu,cmov,False,2147483657,0,,,,,,,,
16783207,"edx,0x10,rbp,-,=[4]",True,16782976,16783270,3,"mov dword [rbp - 0x10], edx","mov dword [var_18h], edx",8955f0,cpu,mov,False,268435465,0,,,,,,,,
16783210,"eax,0xc,rbp,-,=[4]",True,16782976,16783270,3,"mov dword [rbp - 0xc], eax","mov dword [var_14h], eax",8945f4,cpu,mov,False,268435465,0,,,,,,,,
16783213,"ecx,0x8,rbp,-,=[4]",True,16782976,16783270,3,"mov dword [rbp - 8], ecx","mov dword [var_10h], ecx",894df8,cpu,mov,False,268435465,0,,,,,,,,
16783216,"eax,0x4,rbp,-,=[4]",True,16782976,16783270,3,"mov dword [rbp - 4], eax","mov dword [var_ch], eax",8945fc,cpu,mov,False,268435465,0,,,,,,,,
16783219,"0x10016b1,rip,=",False,16782976,16783268,5,jmp 0x10016b1,jmp 0x10016b1,e939ffffff,cpu,jmp,False,1,0,,,,16783025.0,,,"[{'addr': 16783025, 'type': 'CODE'}]",
16783224,"0x4,rbp,-,[4],rax,=",True,16782976,16783270,3,"mov eax, dword [rbp - 4]","mov eax, dword [var_ch]",8b45fc,cpu,mov,False,9,0,['case.0x10016ad.4'],"[{'addr': 16783021, 'type': 'CODE'}]",,,,,,
16783227,"rsp,[8],8,rsp,+=,rbp,=",False,16782976,16783272,1,pop rbp,pop rbp,5d,cpu,pop,False,14,0,,,,,,,,
16783228,"rsp,[8],rip,=,8,rsp,+=",False,16782976,16783272,1,ret,ret,c3,cpu,ret,False,5,0,,,,,,,,
16783229,"0x14,rbp,-,[4],rax,=",True,16782976,16783270,3,"mov eax, dword [rbp - 0x14]","mov eax, dword [var_1ch]",8b45ec,cpu,mov,False,9,0,['case.0x10016ad.5'],"[{'addr': 16783021, 'type': 'CODE'}]",,,,,,
16783232,"2,rcx,=",False,16782976,16783268,5,"mov ecx, 2","mov ecx, 2",b902000000,cpu,mov,False,9,0,,,2.0,,,,,
16783237,"1,rdx,=",False,16782976,16783268,5,"mov edx, 1","mov edx, 1",ba01000000,cpu,mov,False,9,0,,,1.0,,,,,
16783242,"0,eax,==,$z,zf,:=,32,$b,cf,:=,$p,pf,:=,31,$s,sf,:=,0,0x80000000,-,!,31,$o,^,of,:=,3,$b,af,:=",False,16782976,16783270,3,"cmp eax, 0","cmp eax, 0",83f800,cpu,cmp,False,15,0,,,0.0,,,0.0,,
16783245,"zf,!,sf,of,^,!,&,?{,edx,ecx,=,}",False,16782976,16783270,3,"cmovg ecx, edx","cmovg ecx, edx",0f4fca,cpu,cmov,False,2147483657,0,,,,,,,,
16783248,"ecx,0x10,rbp,-,=[4]",True,16782976,16783270,3,"mov dword [rbp - 0x10], ecx","mov dword [var_18h], ecx",894df0,cpu,mov,False,268435465,0,,,,,,,,
16783251,"0,0xc,rbp,-,=[4]",True,16782976,16783266,7,"mov dword [rbp - 0xc], 0","mov dword [var_14h], 0",c745f400000000,cpu,mov,False,268435465,0,,,0.0,,,,,
16783258,"eax,0x8,rbp,-,=[4]",True,16782976,16783270,3,"mov dword [rbp - 8], eax","mov dword [var_10h], eax",8945f8,cpu,mov,False,268435465,0,,,,,,,,
16783261,"0,0x4,rbp,-,=[4]",True,16782976,16783266,7,"mov dword [rbp - 4], 0","mov dword [var_ch], 0",c745fc00000000,cpu,mov,False,268435465,0,,,0.0,,,,,
16783268,"0x10016b1,rip,=",False,16782976,16783268,5,jmp 0x10016b1,jmp 0x10016b1,e908ffffff,cpu,jmp,False,1,0,,,,16783025.0,,,"[{'addr': 16783025, 'type': 'CODE'}]",
