offset,esil,refptr,fcn_addr,fcn_last,size,opcode,disasm,bytes,family,type,reloc,type_num,type2_num,flags,xrefs_to,val,jump,fail,ptr,xrefs_from,comment
16783280,"rbp,8,rsp,-,=[8],8,rsp,-=",False,16783280,16783578,1,push rbp,push rbp,55,cpu,rpush,False,268435468,0,"['sym.reverse', 'dbg.reverse']","[{'addr': 16783697, 'type': 'CALL'}, {'addr': 16783823, 'type': 'CALL'}]",,,,,,
16783281,"rsp,rbp,=",False,16783280,16783576,3,"mov rbp, rsp","mov rbp, rsp",4889e5,cpu,mov,False,9,0,,,,,,,,
16783284,"edi,0x14,rbp,-,=[4]",True,16783280,16783576,3,"mov dword [rbp - 0x14], edi","mov dword [var_1ch], edi",897dec,cpu,mov,False,268435465,0,,,,,,,,
16783287,"0,0x10,rbp,-,=[4]",True,16783280,16783572,7,"mov dword [rbp - 0x10], 0","mov dword [var_18h], 0",c745f000000000,cpu,mov,False,268435465,0,,,0.0,,,,,
16783294,"0x10,rbp,-,[4],rax,=",True,16783280,16783576,3,"mov eax, dword [rbp - 0x10]","mov eax, dword [var_18h]",8b45f0,cpu,mov,False,9,0,,"[{'addr': 16783329, 'type': 'CODE'}]",,,,,,
16783297,"rax,0x20,rbp,-,=[8]",True,16783280,16783575,4,"mov qword [rbp - 0x20], rax","mov qword [var_28h], rax",488945e0,cpu,mov,False,268435465,0,,,,,,,,
16783301,"5,rax,-=,5,0x8000000000000000,-,!,63,$o,^,of,:=,63,$s,sf,:=,$z,zf,:=,$p,pf,:=,64,$b,cf,:=,3,$b,af,:=",False,16783280,16783575,4,"sub rax, 5","sub rax, 5",4883e805,cpu,sub,False,18,0,,,5.0,,,,,
16783305,"cf,zf,|,!,?{,16783327,rip,=,}",False,16783280,16783577,2,ja 0x10017df,ja 0x10017df,7714,cpu,cjmp,False,2147483649,0,,,,16783327.0,16783307.0,,,
16783307,"0x20,rbp,-,[8],rax,=",True,16783280,16783575,4,"mov rax, qword [rbp - 0x20]","mov rax, qword [var_28h]",488b45e0,cpu,mov,False,9,0,,,,,,,,
16783311,"0x1342,rip,-,rcx,=",True,16783280,16783572,7,"lea rcx, [rip - 0x1342]","lea rcx, data.01000494",488d0dbeecffff,cpu,lea,False,33,0,,,,,,16778388.0,"[{'addr': 16778388, 'type': 'DATA'}]",
16783318,"32,rax,4,*,rcx,+,[4],~,rax,=",True,16783280,16783575,4,"movsxd rax, dword [rcx + rax*4]","movsxd rax, dword [rcx + rax*4]",48630481,cpu,mov,False,9,0,,,,,,,,
16783322,"rcx,rax,+=,63,$o,of,:=,63,$s,sf,:=,$z,zf,:=,63,$c,cf,:=,$p,pf,:=,3,$c,af,:=",False,16783280,16783576,3,"add rax, rcx","add rax, rcx",4801c8,cpu,add,False,17,0,,,,,,,,
16783325,"rax,rip,=",False,16783280,16783577,2,jmp rax,jmp rax,ffe0,cpu,rjmp,False,268435458,0,['switch.0x010017dd'],,,,,,"[{'addr': 16783331, 'type': 'CODE'}, {'addr': 16783372, 'type': 'CODE'}, {'addr': 16783447, 'type': 'CODE'}, {'addr': 16783452, 'type': 'CODE'}, {'addr': 16783496, 'type': 'CODE'}, {'addr': 16783574, 'type': 'CODE'}]",c3dpdGNoIHRhYmxlICg2IGNhc2VzKSBhdCAweDEwMDA0OTQ=
16783327,"0x10017e1,rip,=",False,16783280,16783577,2,jmp 0x10017e1,jmp 0x10017e1,eb00,cpu,jmp,False,1,0,,,,16783329.0,,,"[{'addr': 16783329, 'type': 'CODE'}]",
16783329,"0x10017be,rip,=",False,16783280,16783577,2,jmp 0x10017be,jmp 0x10017be,ebdb,cpu,jmp,False,1,0,,"[{'addr': 16783327, 'type': 'CODE'}, {'addr': 16783370, 'type': 'CODE'}, {'addr': 16783445, 'type': 'CODE'}, {'addr': 16783491, 'type': 'CODE'}, {'addr': 16783569, 'type': 'CODE'}]",,16783294.0,,,"[{'addr': 16783294, 'type': 'CODE'}]",
16783331,"0x14,rbp,-,[4],rax,=",True,16783280,16783576,3,"mov eax, dword [rbp - 0x14]","mov eax, dword [var_1ch]",8b45ec,cpu,mov,False,9,0,['case.0x10017dd.0'],"[{'addr': 16783325, 'type': 'CODE'}]",,,,,,
16783334,"2,rcx,=",False,16783280,16783574,5,"mov ecx, 2","mov ecx, 2",b902000000,cpu,mov,False,9,0,,,2.0,,,,,
16783339,"1,rdx,=",False,16783280,16783574,5,"mov edx, 1","mov edx, 1",ba01000000,cpu,mov,False,9,0,,,1.0,,,,,
16783344,"0,eax,==,$z,zf,:=,32,$b,cf,:=,$p,pf,:=,31,$s,sf,:=,0,0x80000000,-,!,31,$o,^,of,:=,3,$b,af,:=",False,16783280,16783576,3,"cmp eax, 0","cmp eax, 0",83f800,cpu,cmp,False,15,0,,,0.0,,,0.0,,
16783347,"zf,!,sf,of,^,!,&,?{,edx,ecx,=,}",False,16783280,16783576,3,"cmovg ecx, edx","cmovg ecx, edx",0f4fca,cpu,cmov,False,2147483657,0,,,,,,,,
16783350,"ecx,0x10,rbp,-,=[4]",True,16783280,16783576,3,"mov dword [rbp - 0x10], ecx","mov dword [var_18h], ecx",894df0,cpu,mov,False,268435465,0,,,,,,,,
16783353,"0,0xc,rbp,-,=[4]",True,16783280,16783572,7,"mov dword [rbp - 0xc], 0","mov dword [var_14h], 0",c745f400000000,cpu,mov,False,268435465,0,,,0.0,,,,,
16783360,"eax,0x8,rbp,-,=[4]",True,16783280,16783576,3,"mov dword [rbp - 8], eax","mov dword [var_10h], eax",8945f8,cpu,mov,False,268435465,0,,,,,,,,
16783363,"0,0x4,rbp,-,=[4]",True,16783280,16783572,7,"mov dword [rbp - 4], 0","mov dword [var_ch], 0",c745fc00000000,cpu,mov,False,268435465,0,,,0.0,,,,,
16783370,"0x10017e1,rip,=",False,16783280,16783577,2,jmp 0x10017e1,jmp 0x10017e1,ebd5,cpu,jmp,False,1,0,,,,16783329.0,,,"[{'addr': 16783329, 'type': 'CODE'}]",
16783372,"0x8,rbp,-,[4],rdi,=",True,16783280,16783576,3,"mov edi, dword [rbp - 8]","mov edi, dword [var_10h]",8b7df8,cpu,mov,False,9,0,['case.0x10017dd.1'],"[{'addr': 16783325, 'type': 'CODE'}]",,,,,,
16783375,"32,10,~,32,0xc,rbp,-,[4],~,*,DUP,eax,=,eax,-,?{,1,1,}{,0,0,},cf,:=,of,:=",False,16783280,16783575,4,"imul eax, dword [rbp - 0xc], 0xa","imul eax, dword [var_14h], 0xa",6b45f40a,cpu,mul,False,20,0,,,,,,,,
16783379,"eax,0x28,rbp,-,=[4]",True,16783280,16783576,3,"mov dword [rbp - 0x28], eax","mov dword [var_30h], eax",8945d8,cpu,mov,False,268435465,0,,,,,,,,
16783382,"10,rcx,=",False,16783280,16783574,5,"mov ecx, 0xa","mov ecx, 0xa",b90a000000,cpu,mov,False,9,0,,,10.0,,,,,
16783387,"edi,rax,=",False,16783280,16783577,2,"mov eax, edi","mov eax, edi",89f8,cpu,mov,False,9,0,,,,,,,,
16783389,"edx,rdx,^,0xffffffff,&,rdx,=,$z,zf,:=,$p,pf,:=,31,$s,sf,:=,0,cf,:=,0,of,:=",False,16783280,16783577,2,"xor edx, edx","xor edx, edx",31d2,cpu,xor,False,28,0,,,,,,,,
16783391,"ecx,32,edx,<<,eax,+,%,ecx,32,edx,<<,eax,+,/,eax,=,edx,=",False,16783280,16783577,2,div ecx,div ecx,f7f1,cpu,div,False,21,0,,,,,,,,
16783393,"0x28,rbp,-,[4],rax,=",True,16783280,16783576,3,"mov eax, dword [rbp - 0x28]","mov eax, dword [var_30h]",8b45d8,cpu,mov,False,9,0,,,,,,,,
16783396,"edx,eax,+=,31,$o,of,:=,31,$s,sf,:=,$z,zf,:=,31,$c,cf,:=,$p,pf,:=,3,$c,af,:=",False,16783280,16783577,2,"add eax, edx","add eax, edx",01d0,cpu,add,False,17,0,,,,,,,,
16783398,"eax,0x24,rbp,-,=[4]",True,16783280,16783576,3,"mov dword [rbp - 0x24], eax","mov dword [var_2ch], eax",8945dc,cpu,mov,False,268435465,0,,,,,,,,
16783401,"10,rcx,=",False,16783280,16783574,5,"mov ecx, 0xa","mov ecx, 0xa",b90a000000,cpu,mov,False,9,0,,,10.0,,,,,
16783406,"edi,rax,=",False,16783280,16783577,2,"mov eax, edi","mov eax, edi",89f8,cpu,mov,False,9,0,,,,,,,,
16783408,"edx,rdx,^,0xffffffff,&,rdx,=,$z,zf,:=,$p,pf,:=,31,$s,sf,:=,0,cf,:=,0,of,:=",False,16783280,16783577,2,"xor edx, edx","xor edx, edx",31d2,cpu,xor,False,28,0,,,,,,,,
16783410,"ecx,32,edx,<<,eax,+,%,ecx,32,edx,<<,eax,+,/,eax,=,edx,=",False,16783280,16783577,2,div ecx,div ecx,f7f1,cpu,div,False,21,0,,,,,,,,
16783412,"eax,rcx,=",False,16783280,16783577,2,"mov ecx, eax","mov ecx, eax",89c1,cpu,mov,False,9,0,,,,,,,,
16783414,"0x24,rbp,-,[4],rax,=",True,16783280,16783576,3,"mov eax, dword [rbp - 0x24]","mov eax, dword [var_2ch]",8b45dc,cpu,mov,False,9,0,,,,,,,,
16783417,"1,rdx,=",False,16783280,16783574,5,"mov edx, 1","mov edx, 1",ba01000000,cpu,mov,False,9,0,,,1.0,,,,,
16783422,"2,rsi,=",False,16783280,16783574,5,"mov esi, 2","mov esi, 2",be02000000,cpu,mov,False,9,0,,,2.0,,,,,
16783427,"10,edi,==,$z,zf,:=,32,$b,cf,:=,$p,pf,:=,31,$s,sf,:=,10,0x80000000,-,!,31,$o,^,of,:=,3,$b,af,:=",False,16783280,16783576,3,"cmp edi, 0xa","cmp edi, 0xa",83ff0a,cpu,cmp,False,15,0,,,10.0,,,10.0,,
16783430,"cf,?{,esi,edx,=,}",False,16783280,16783576,3,"cmovb edx, esi","cmovb edx, esi",0f42d6,cpu,cmov,False,2147483657,0,,,,,,,,
16783433,"edx,0x10,rbp,-,=[4]",True,16783280,16783576,3,"mov dword [rbp - 0x10], edx","mov dword [var_18h], edx",8955f0,cpu,mov,False,268435465,0,,,,,,,,
16783436,"eax,0xc,rbp,-,=[4]",True,16783280,16783576,3,"mov dword [rbp - 0xc], eax","mov dword [var_14h], eax",8945f4,cpu,mov,False,268435465,0,,,,,,,,
16783439,"ecx,0x8,rbp,-,=[4]",True,16783280,16783576,3,"mov dword [rbp - 8], ecx","mov dword [var_10h], ecx",894df8,cpu,mov,False,268435465,0,,,,,,,,
16783442,"eax,0x4,rbp,-,=[4]",True,16783280,16783576,3,"mov dword [rbp - 4], eax","mov dword [var_ch], eax",8945fc,cpu,mov,False,268435465,0,,,,,,,,
16783445,"0x10017e1,rip,=",False,16783280,16783577,2,jmp 0x10017e1,jmp 0x10017e1,eb8a,cpu,jmp,False,1,0,,,,16783329.0,,,"[{'addr': 16783329, 'type': 'CODE'}]",
16783447,"0x4,rbp,-,[4],rax,=",True,16783280,16783576,3,"mov eax, dword [rbp - 4]","mov eax, dword [var_ch]",8b45fc,cpu,mov,False,9,0,['case.0x10017dd.2'],"[{'addr': 16783325, 'type': 'CODE'}]",,,,,,
16783450,"rsp,[8],8,rsp,+=,rbp,=",False,16783280,16783578,1,pop rbp,pop rbp,5d,cpu,pop,False,14,0,,,,,,,,
16783451,"rsp,[8],rip,=,8,rsp,+=",False,16783280,16783578,1,ret,ret,c3,cpu,ret,False,5,0,,,,,,,,
16783452,"0x14,rbp,-,[4],rax,=",True,16783280,16783576,3,"mov eax, dword [rbp - 0x14]","mov eax, dword [var_1ch]",8b45ec,cpu,mov,False,9,0,['case.0x10017dd.3'],"[{'addr': 16783325, 'type': 'CODE'}]",,,,,,
16783455,"2,rcx,=",False,16783280,16783574,5,"mov ecx, 2","mov ecx, 2",b902000000,cpu,mov,False,9,0,,,2.0,,,,,
16783460,"1,rdx,=",False,16783280,16783574,5,"mov edx, 1","mov edx, 1",ba01000000,cpu,mov,False,9,0,,,1.0,,,,,
16783465,"0,eax,==,$z,zf,:=,32,$b,cf,:=,$p,pf,:=,31,$s,sf,:=,0,0x80000000,-,!,31,$o,^,of,:=,3,$b,af,:=",False,16783280,16783576,3,"cmp eax, 0","cmp eax, 0",83f800,cpu,cmp,False,15,0,,,0.0,,,0.0,,
16783468,"zf,!,sf,of,^,!,&,?{,edx,ecx,=,}",False,16783280,16783576,3,"cmovg ecx, edx","cmovg ecx, edx",0f4fca,cpu,cmov,False,2147483657,0,,,,,,,,
16783471,"ecx,0x10,rbp,-,=[4]",True,16783280,16783576,3,"mov dword [rbp - 0x10], ecx","mov dword [var_18h], ecx",894df0,cpu,mov,False,268435465,0,,,,,,,,
16783474,"0,0xc,rbp,-,=[4]",True,16783280,16783572,7,"mov dword [rbp - 0xc], 0","mov dword [var_14h], 0",c745f400000000,cpu,mov,False,268435465,0,,,0.0,,,,,
16783481,"eax,0x8,rbp,-,=[4]",True,16783280,16783576,3,"mov dword [rbp - 8], eax","mov dword [var_10h], eax",8945f8,cpu,mov,False,268435465,0,,,,,,,,
16783484,"0,0x4,rbp,-,=[4]",True,16783280,16783572,7,"mov dword [rbp - 4], 0","mov dword [var_ch], 0",c745fc00000000,cpu,mov,False,268435465,0,,,0.0,,,,,
16783491,"0x10017e1,rip,=",False,16783280,16783574,5,jmp 0x10017e1,jmp 0x10017e1,e959ffffff,cpu,jmp,False,1,0,,,,16783329.0,,,"[{'addr': 16783329, 'type': 'CODE'}]",
16783496,"0x8,rbp,-,[4],rdi,=",True,16783280,16783576,3,"mov edi, dword [rbp - 8]","mov edi, dword [var_10h]",8b7df8,cpu,mov,False,9,0,['case.0x10017dd.4'],"[{'addr': 16783325, 'type': 'CODE'}]",,,,,,
16783499,"32,10,~,32,0xc,rbp,-,[4],~,*,DUP,eax,=,eax,-,?{,1,1,}{,0,0,},cf,:=,of,:=",False,16783280,16783575,4,"imul eax, dword [rbp - 0xc], 0xa","imul eax, dword [var_14h], 0xa",6b45f40a,cpu,mul,False,20,0,,,,,,,,
16783503,"eax,0x30,rbp,-,=[4]",True,16783280,16783576,3,"mov dword [rbp - 0x30], eax","mov dword [var_38h], eax",8945d0,cpu,mov,False,268435465,0,,,,,,,,
16783506,"10,rcx,=",False,16783280,16783574,5,"mov ecx, 0xa","mov ecx, 0xa",b90a000000,cpu,mov,False,9,0,,,10.0,,,,,
16783511,"edi,rax,=",False,16783280,16783577,2,"mov eax, edi","mov eax, edi",89f8,cpu,mov,False,9,0,,,,,,,,
16783513,"edx,rdx,^,0xffffffff,&,rdx,=,$z,zf,:=,$p,pf,:=,31,$s,sf,:=,0,cf,:=,0,of,:=",False,16783280,16783577,2,"xor edx, edx","xor edx, edx",31d2,cpu,xor,False,28,0,,,,,,,,
16783515,"ecx,32,edx,<<,eax,+,%,ecx,32,edx,<<,eax,+,/,eax,=,edx,=",False,16783280,16783577,2,div ecx,div ecx,f7f1,cpu,div,False,21,0,,,,,,,,
16783517,"0x30,rbp,-,[4],rax,=",True,16783280,16783576,3,"mov eax, dword [rbp - 0x30]","mov eax, dword [var_38h]",8b45d0,cpu,mov,False,9,0,,,,,,,,
16783520,"edx,eax,+=,31,$o,of,:=,31,$s,sf,:=,$z,zf,:=,31,$c,cf,:=,$p,pf,:=,3,$c,af,:=",False,16783280,16783577,2,"add eax, edx","add eax, edx",01d0,cpu,add,False,17,0,,,,,,,,
16783522,"eax,0x2c,rbp,-,=[4]",True,16783280,16783576,3,"mov dword [rbp - 0x2c], eax","mov dword [var_34h], eax",8945d4,cpu,mov,False,268435465,0,,,,,,,,
16783525,"10,rcx,=",False,16783280,16783574,5,"mov ecx, 0xa","mov ecx, 0xa",b90a000000,cpu,mov,False,9,0,,,10.0,,,,,
16783530,"edi,rax,=",False,16783280,16783577,2,"mov eax, edi","mov eax, edi",89f8,cpu,mov,False,9,0,,,,,,,,
16783532,"edx,rdx,^,0xffffffff,&,rdx,=,$z,zf,:=,$p,pf,:=,31,$s,sf,:=,0,cf,:=,0,of,:=",False,16783280,16783577,2,"xor edx, edx","xor edx, edx",31d2,cpu,xor,False,28,0,,,,,,,,
16783534,"ecx,32,edx,<<,eax,+,%,ecx,32,edx,<<,eax,+,/,eax,=,edx,=",False,16783280,16783577,2,div ecx,div ecx,f7f1,cpu,div,False,21,0,,,,,,,,
16783536,"eax,rcx,=",False,16783280,16783577,2,"mov ecx, eax","mov ecx, eax",89c1,cpu,mov,False,9,0,,,,,,,,
16783538,"0x2c,rbp,-,[4],rax,=",True,16783280,16783576,3,"mov eax, dword [rbp - 0x2c]","mov eax, dword [var_34h]",8b45d4,cpu,mov,False,9,0,,,,,,,,
16783541,"1,rdx,=",False,16783280,16783574,5,"mov edx, 1","mov edx, 1",ba01000000,cpu,mov,False,9,0,,,1.0,,,,,
16783546,"2,rsi,=",False,16783280,16783574,5,"mov esi, 2","mov esi, 2",be02000000,cpu,mov,False,9,0,,,2.0,,,,,
16783551,"10,edi,==,$z,zf,:=,32,$b,cf,:=,$p,pf,:=,31,$s,sf,:=,10,0x80000000,-,!,31,$o,^,of,:=,3,$b,af,:=",False,16783280,16783576,3,"cmp edi, 0xa","cmp edi, 0xa",83ff0a,cpu,cmp,False,15,0,,,10.0,,,10.0,,
16783554,"cf,?{,esi,edx,=,}",False,16783280,16783576,3,"cmovb edx, esi","cmovb edx, esi",0f42d6,cpu,cmov,False,2147483657,0,,,,,,,,
16783557,"edx,0x10,rbp,-,=[4]",True,16783280,16783576,3,"mov dword [rbp - 0x10], edx","mov dword [var_18h], edx",8955f0,cpu,mov,False,268435465,0,,,,,,,,
16783560,"eax,0xc,rbp,-,=[4]",True,16783280,16783576,3,"mov dword [rbp - 0xc], eax","mov dword [var_14h], eax",8945f4,cpu,mov,False,268435465,0,,,,,,,,
16783563,"ecx,0x8,rbp,-,=[4]",True,16783280,16783576,3,"mov dword [rbp - 8], ecx","mov dword [var_10h], ecx",894df8,cpu,mov,False,268435465,0,,,,,,,,
16783566,"eax,0x4,rbp,-,=[4]",True,16783280,16783576,3,"mov dword [rbp - 4], eax","mov dword [var_ch], eax",8945fc,cpu,mov,False,268435465,0,,,,,,,,
16783569,"0x10017e1,rip,=",False,16783280,16783574,5,jmp 0x10017e1,jmp 0x10017e1,e90bffffff,cpu,jmp,False,1,0,,,,16783329.0,,,"[{'addr': 16783329, 'type': 'CODE'}]",
16783574,"0x4,rbp,-,[4],rax,=",True,16783280,16783576,3,"mov eax, dword [rbp - 4]","mov eax, dword [var_ch]",8b45fc,cpu,mov,False,9,0,['case.0x10017dd.5'],"[{'addr': 16783325, 'type': 'CODE'}]",,,,,,
16783577,"rsp,[8],8,rsp,+=,rbp,=",False,16783280,16783578,1,pop rbp,pop rbp,5d,cpu,pop,False,14,0,,,,,,,,
16783578,"rsp,[8],rip,=,8,rsp,+=",False,16783280,16783578,1,ret,ret,c3,cpu,ret,False,5,0,,,,,,,,
