offset,esil,refptr,fcn_addr,fcn_last,size,opcode,disasm,bytes,family,type,reloc,type_num,type2_num,flags,comment,val,ptr,xrefs_from
16783040,"ebp,rbp,^,0xffffffff,&,rbp,=,$z,zf,:=,$p,pf,:=,31,$s,sf,:=,0,cf,:=,0,of,:=",False,16783040,16783080,2,"xor ebp, ebp","xor ebp, ebp",31ed,cpu,xor,False,28,0,"['entry0', 'section..text', 'segment.LOAD1', 'sym._start']",WzEzXSAtci14IHNlY3Rpb24gc2l6ZSA0NjMwIG5hbWVkIC50ZXh0,,,
16783042,"rdx,r9,=",False,16783040,16783079,3,"mov r9, rdx","mov r9, rdx",4989d1,cpu,mov,False,9,0,,,,,
16783045,"rsp,[8],8,rsp,+=,rsi,=",False,16783040,16783081,1,pop rsi,pop rsi,5e,cpu,pop,False,14,0,,,,,
16783046,"rsp,rdx,=",False,16783040,16783079,3,"mov rdx, rsp","mov rdx, rsp",4889e2,cpu,mov,False,9,0,,,,,
16783049,"18446744073709551600,rsp,&=,$z,zf,:=,$p,pf,:=,63,$s,sf,:=,0,cf,:=,0,of,:=",False,16783040,16783078,4,"and rsp, 0xfffffffffffffff0","and rsp, 0xfffffffffffffff0",4883e4f0,cpu,and,False,27,0,,,1.8446744073709552e+19,,
16783053,"rax,8,rsp,-,=[8],8,rsp,-=",False,16783040,16783081,1,push rax,push rax,50,cpu,rpush,False,268435468,0,,,,,
16783054,"rsp,8,rsp,-,=[8],8,rsp,-=",False,16783040,16783081,1,push rsp,push rsp,54,cpu,rpush,False,268435468,0,,,,,
16783055,"0x11fa,rip,+,r8,=",True,16783040,16783075,7,"lea r8, [rip + 0x11fa]","lea r8, [dbg.__libc_csu_fini]",4c8d05fa110000,cpu,lea,False,33,0,,,,16787664.0,"[{'addr': 16787664, 'type': 'DATA'}]"
16783062,"0x1183,rip,+,rcx,=",True,16783040,16783075,7,"lea rcx, [rip + 0x1183]","lea rcx, [dbg.__libc_csu_init]",488d0d83110000,cpu,lea,False,33,0,,,,16787552.0,"[{'addr': 16787552, 'type': 'DATA'}]"
16783069,"0xc,rip,+,rdi,=",True,16783040,16783075,7,"lea rdi, [rip + 0xc]","lea rdi, [main]",488d3d0c000000,cpu,lea,False,33,0,,,,16783088.0,"[{'addr': 16783088, 'type': 'DATA'}]"
16783076,"0x2386,rip,+,[8],rip,8,rsp,-=,rsp,=[],rip,=",True,16783040,16783076,6,call qword [rip + 0x2386],call qword [reloc.__libc_start_main],ff1586230000,cpu,ircall,False,402653188,0,,,,16792176.0,"[{'addr': 16792176, 'type': 'CALL'}]"
