offset,esil,refptr,fcn_addr,fcn_last,size,opcode,disasm,bytes,family,type,reloc,type_num,type2_num,flags,xrefs_to,val,ptr,jump,fail,xrefs_from
16783088,"rbp,8,rsp,-,=[8],8,rsp,-=",False,16783088,16783420,1,push rbp,push rbp,55,cpu,rpush,False,268435468,0,"['main', 'sym.main']","[{'addr': 16783069, 'type': 'DATA'}]",,,,,
16783089,"rsp,rbp,=",False,16783088,16783418,3,"mov rbp, rsp","mov rbp, rsp",4889e5,cpu,mov,False,9,0,,,,,,,
16783092,"128,rsp,-=,128,0x8000000000000000,-,!,63,$o,^,of,:=,63,$s,sf,:=,$z,zf,:=,$p,pf,:=,64,$b,cf,:=,3,$b,af,:=",False,16783088,16783414,7,"sub rsp, 0x80","sub rsp, 0x80",4881ec80000000,cpu,sub,False,18,0,,,128.0,,,,
16783099,"rsi,0x18,rbp,-,=[8]",True,16783088,16783417,4,"mov qword [rbp - 0x18], rsi","mov qword [endptr], rsi",488975e8,cpu,mov,False,268435465,0,,,,,,,
16783103,"5,edi,==,$z,zf,:=,32,$b,cf,:=,$p,pf,:=,31,$s,sf,:=,5,0x80000000,-,!,31,$o,^,of,:=,3,$b,af,:=",False,16783088,16783418,3,"cmp edi, 5","cmp edi, 5",83ff05,cpu,cmp,False,15,0,,,5.0,5.0,,,
16783106,"zf,?{,16783142,rip,=,}",False,16783088,16783419,2,je 0x1001726,je 0x1001726,7422,cpu,cjmp,False,2147483649,0,,,,,16783142.0,16783108.0,
16783108,"0x18,rbp,-,[8],rax,=",True,16783088,16783417,4,"mov rax, qword [rbp - 0x18]","mov rax, qword [endptr]",488b45e8,cpu,mov,False,9,0,,,,,,,
16783112,"rax,[8],rsi,=",True,16783088,16783418,3,"mov rsi, qword [rax]","mov rsi, qword [rax]",488b30,cpu,mov,False,9,0,,,,,,,
16783115,"0x11e6,rip,-,rdi,=",True,16783088,16783414,7,"lea rdi, [rip - 0x11e6]","lea rdi, str.Usage:__s__int1___int2___int3___int4",488d3d1aeeffff,cpu,lea,False,33,0,,,,16778540.0,,,"[{'addr': 16778540, 'type': 'DATA'}]"
16783122,"0,al,=",False,16783088,16783419,2,"mov al, 0","mov al, 0",b000,cpu,mov,False,9,0,,,0.0,,,,
16783124,"16787696,rip,8,rsp,-=,rsp,=[],rip,=",False,16783088,16783416,5,call 0x10028f0,call sym.imp.printf,e8d7110000,cpu,call,False,3,0,,,,,16787696.0,16783129.0,"[{'addr': 16787696, 'type': 'CALL'}]"
16783129,"1,rax,=",False,16783088,16783416,5,"mov eax, 1","mov eax, 1",b801000000,cpu,mov,False,9,0,,,1.0,,,,
16783134,"eax,0x1c,rbp,-,=[4]",True,16783088,16783418,3,"mov dword [rbp - 0x1c], eax","mov dword [var_24h], eax",8945e4,cpu,mov,False,268435465,0,,,,,,,
16783137,"0x1001831,rip,=",False,16783088,16783416,5,jmp 0x1001831,jmp 0x1001831,e90b010000,cpu,jmp,False,1,0,,,,,16783409.0,,"[{'addr': 16783409, 'type': 'CODE'}]"
16783142,"0x18,rbp,-,[8],rax,=",True,16783088,16783417,4,"mov rax, qword [rbp - 0x18]","mov rax, qword [endptr]",488b45e8,cpu,mov,False,9,0,,,,,,,
16783146,"0x8,rax,+,[8],rdi,=",True,16783088,16783417,4,"mov rdi, qword [rax + 8]","mov rdi, qword [rax + 8]",488b7808,cpu,mov,False,9,0,,,,,,,
16783150,"eax,rax,^,0xffffffff,&,rax,=,$z,zf,:=,$p,pf,:=,31,$s,sf,:=,0,cf,:=,0,of,:=",False,16783088,16783419,2,"xor eax, eax","xor eax, eax",31c0,cpu,xor,False,28,0,,,,,,,
16783152,"eax,rsi,=",False,16783088,16783419,2,"mov esi, eax","mov esi, eax",89c6,cpu,mov,False,9,0,,,,,,,
16783154,"10,rdx,=",False,16783088,16783416,5,"mov edx, 0xa","mov edx, 0xa",ba0a000000,cpu,mov,False,9,0,,,10.0,,,,
16783159,"16787712,rip,8,rsp,-=,rsp,=[],rip,=",False,16783088,16783416,5,call 0x1002900,call sym.imp.strtol,e8c4110000,cpu,call,False,3,0,,,,,16787712.0,16783164.0,"[{'addr': 16787712, 'type': 'CALL'}]"
16783164,"40,rcx,=",False,16783088,16783416,5,"mov ecx, 0x28","mov ecx, 0x28",b928000000,cpu,mov,False,9,0,,,40.0,40.0,,,
16783169,"0,edx,=,31,eax,>>,?{,0xffffffff,edx,=,}",False,16783088,16783420,1,cdq,cdq,99,cpu,null,False,0,0,,,,,,,
16783170,"32,ecx,~,32,edx,<<,eax,+,~%,32,ecx,~,32,edx,<<,eax,+,~/,eax,=,edx,=",False,16783088,16783419,2,idiv ecx,idiv ecx,f7f9,cpu,div,False,21,0,,,,,,,
16783172,"0x18,rbp,-,[8],rax,=",True,16783088,16783417,4,"mov rax, qword [rbp - 0x18]","mov rax, qword [endptr]",488b45e8,cpu,mov,False,9,0,,,,,,,
16783176,"edx,0x10,rbp,-,=[4]",True,16783088,16783418,3,"mov dword [rbp - 0x10], edx","mov dword [var_18h], edx",8955f0,cpu,mov,False,268435465,0,,,,,,,
16783179,"0x10,rax,+,[8],rdi,=",True,16783088,16783417,4,"mov rdi, qword [rax + 0x10]","mov rdi, qword [rax + 0x10]",488b7810,cpu,mov,False,9,0,,,,,,,
16783183,"eax,rax,^,0xffffffff,&,rax,=,$z,zf,:=,$p,pf,:=,31,$s,sf,:=,0,cf,:=,0,of,:=",False,16783088,16783419,2,"xor eax, eax","xor eax, eax",31c0,cpu,xor,False,28,0,,,,,,,
16783185,"eax,rsi,=",False,16783088,16783419,2,"mov esi, eax","mov esi, eax",89c6,cpu,mov,False,9,0,,,,,,,
16783187,"10,rdx,=",False,16783088,16783416,5,"mov edx, 0xa","mov edx, 0xa",ba0a000000,cpu,mov,False,9,0,,,10.0,,,,
16783192,"16787712,rip,8,rsp,-=,rsp,=[],rip,=",False,16783088,16783416,5,call 0x1002900,call sym.imp.strtol,e8a3110000,cpu,call,False,3,0,,,,,16787712.0,16783197.0,"[{'addr': 16787712, 'type': 'CALL'}]"
16783197,"40,rcx,=",False,16783088,16783416,5,"mov ecx, 0x28","mov ecx, 0x28",b928000000,cpu,mov,False,9,0,,,40.0,40.0,,,
16783202,"0,edx,=,31,eax,>>,?{,0xffffffff,edx,=,}",False,16783088,16783420,1,cdq,cdq,99,cpu,null,False,0,0,,,,,,,
16783203,"32,ecx,~,32,edx,<<,eax,+,~%,32,ecx,~,32,edx,<<,eax,+,~/,eax,=,edx,=",False,16783088,16783419,2,idiv ecx,idiv ecx,f7f9,cpu,div,False,21,0,,,,,,,
16783205,"0x18,rbp,-,[8],rax,=",True,16783088,16783417,4,"mov rax, qword [rbp - 0x18]","mov rax, qword [endptr]",488b45e8,cpu,mov,False,9,0,,,,,,,
16783209,"edx,0xc,rbp,-,=[4]",True,16783088,16783418,3,"mov dword [rbp - 0xc], edx","mov dword [var_14h], edx",8955f4,cpu,mov,False,268435465,0,,,,,,,
16783212,"0x18,rax,+,[8],rdi,=",True,16783088,16783417,4,"mov rdi, qword [rax + 0x18]","mov rdi, qword [rax + 0x18]",488b7818,cpu,mov,False,9,0,,,,,,,
16783216,"eax,rax,^,0xffffffff,&,rax,=,$z,zf,:=,$p,pf,:=,31,$s,sf,:=,0,cf,:=,0,of,:=",False,16783088,16783419,2,"xor eax, eax","xor eax, eax",31c0,cpu,xor,False,28,0,,,,,,,
16783218,"eax,rsi,=",False,16783088,16783419,2,"mov esi, eax","mov esi, eax",89c6,cpu,mov,False,9,0,,,,,,,
16783220,"10,rdx,=",False,16783088,16783416,5,"mov edx, 0xa","mov edx, 0xa",ba0a000000,cpu,mov,False,9,0,,,10.0,,,,
16783225,"16787712,rip,8,rsp,-=,rsp,=[],rip,=",False,16783088,16783416,5,call 0x1002900,call sym.imp.strtol,e882110000,cpu,call,False,3,0,,,,,16787712.0,16783230.0,"[{'addr': 16787712, 'type': 'CALL'}]"
16783230,"40,rcx,=",False,16783088,16783416,5,"mov ecx, 0x28","mov ecx, 0x28",b928000000,cpu,mov,False,9,0,,,40.0,40.0,,,
16783235,"0,edx,=,31,eax,>>,?{,0xffffffff,edx,=,}",False,16783088,16783420,1,cdq,cdq,99,cpu,null,False,0,0,,,,,,,
16783236,"32,ecx,~,32,edx,<<,eax,+,~%,32,ecx,~,32,edx,<<,eax,+,~/,eax,=,edx,=",False,16783088,16783419,2,idiv ecx,idiv ecx,f7f9,cpu,div,False,21,0,,,,,,,
16783238,"0x18,rbp,-,[8],rax,=",True,16783088,16783417,4,"mov rax, qword [rbp - 0x18]","mov rax, qword [endptr]",488b45e8,cpu,mov,False,9,0,,,,,,,
16783242,"edx,0x8,rbp,-,=[4]",True,16783088,16783418,3,"mov dword [rbp - 8], edx","mov dword [var_10h], edx",8955f8,cpu,mov,False,268435465,0,,,,,,,
16783245,"0x20,rax,+,[8],rdi,=",True,16783088,16783417,4,"mov rdi, qword [rax + 0x20]","mov rdi, qword [rax + 0x20]",488b7820,cpu,mov,False,9,0,,,,,,,
16783249,"eax,rax,^,0xffffffff,&,rax,=,$z,zf,:=,$p,pf,:=,31,$s,sf,:=,0,cf,:=,0,of,:=",False,16783088,16783419,2,"xor eax, eax","xor eax, eax",31c0,cpu,xor,False,28,0,,,,,,,
16783251,"eax,rsi,=",False,16783088,16783419,2,"mov esi, eax","mov esi, eax",89c6,cpu,mov,False,9,0,,,,,,,
16783253,"10,rdx,=",False,16783088,16783416,5,"mov edx, 0xa","mov edx, 0xa",ba0a000000,cpu,mov,False,9,0,,,10.0,,,,
16783258,"16787712,rip,8,rsp,-=,rsp,=[],rip,=",False,16783088,16783416,5,call 0x1002900,call sym.imp.strtol,e861110000,cpu,call,False,3,0,,,,,16787712.0,16783263.0,"[{'addr': 16787712, 'type': 'CALL'}]"
16783263,"40,rcx,=",False,16783088,16783416,5,"mov ecx, 0x28","mov ecx, 0x28",b928000000,cpu,mov,False,9,0,,,40.0,40.0,,,
16783268,"0,edx,=,31,eax,>>,?{,0xffffffff,edx,=,}",False,16783088,16783420,1,cdq,cdq,99,cpu,null,False,0,0,,,,,,,
16783269,"32,ecx,~,32,edx,<<,eax,+,~%,32,ecx,~,32,edx,<<,eax,+,~/,eax,=,edx,=",False,16783088,16783419,2,idiv ecx,idiv ecx,f7f9,cpu,div,False,21,0,,,,,,,
16783271,"edx,0x4,rbp,-,=[4]",True,16783088,16783418,3,"mov dword [rbp - 4], edx","mov dword [var_ch], edx",8955fc,cpu,mov,False,268435465,0,,,,,,,
16783274,"edi,rdi,^,0xffffffff,&,rdi,=,$z,zf,:=,$p,pf,:=,31,$s,sf,:=,0,cf,:=,0,of,:=",False,16783088,16783419,2,"xor edi, edi","xor edi, edi",31ff,cpu,xor,False,28,0,,,,,,,
16783276,"eax,rax,^,0xffffffff,&,rax,=,$z,zf,:=,$p,pf,:=,31,$s,sf,:=,0,cf,:=,0,of,:=",False,16783088,16783419,2,"xor eax, eax","xor eax, eax",31c0,cpu,xor,False,28,0,,,,,,,
16783278,"eax,r9,=",False,16783088,16783418,3,"mov r9d, eax","mov r9d, eax",4189c1,cpu,mov,False,9,0,,,,,,,
16783281,"0x10,rbp,-,rdx,=",True,16783088,16783417,4,"lea rdx, [rbp - 0x10]","lea rdx, [var_18h]",488d55f0,cpu,lea,False,33,0,,,,,,,
16783285,"r9,rsi,=",False,16783088,16783418,3,"mov rsi, r9","mov rsi, r9",4c89ce,cpu,mov,False,9,0,,,,,,,
16783288,"r9,rcx,=",False,16783088,16783418,3,"mov rcx, r9","mov rcx, r9",4c89c9,cpu,mov,False,9,0,,,,,,,
16783291,"r9,r8,=",False,16783088,16783418,3,"mov r8, r9","mov r8, r9",4d89c8,cpu,mov,False,9,0,,,,,,,
16783294,"0,rsp,=[8]",True,16783088,16783413,8,"mov qword [rsp], 0","mov qword [rsp], 0",48c7042400000000,cpu,mov,False,9,0,,,0.0,,,,
16783302,"0,0x8,rsp,+,=[8]",True,16783088,16783412,9,"mov qword [rsp + 8], 0","mov qword [var_80h], 0",48c744240800000000,cpu,mov,False,9,0,,,0.0,,,,
16783311,"0,0x10,rsp,+,=[8]",True,16783088,16783412,9,"mov qword [rsp + 0x10], 0","mov qword [var_78h], 0",48c744241000000000,cpu,mov,False,9,0,,,0.0,,,,
16783320,"0,0x18,rsp,+,=[8]",True,16783088,16783412,9,"mov qword [rsp + 0x18], 0","mov qword [var_70h], 0",48c744241800000000,cpu,mov,False,9,0,,,0.0,,,,
16783329,"0,0x20,rsp,+,=[8]",True,16783088,16783412,9,"mov qword [rsp + 0x20], 0","mov qword [var_68h], 0",48c744242000000000,cpu,mov,False,9,0,,,0.0,,,,
16783338,"0,0x28,rsp,+,=[8]",True,16783088,16783412,9,"mov qword [rsp + 0x28], 0","mov qword [var_60h], 0",48c744242800000000,cpu,mov,False,9,0,,,0.0,,,,
16783347,"0,0x30,rsp,+,=[8]",True,16783088,16783412,9,"mov qword [rsp + 0x30], 0","mov qword [var_58h], 0",48c744243000000000,cpu,mov,False,9,0,,,0.0,,,,
16783356,"0,0x38,rsp,+,=[8]",True,16783088,16783412,9,"mov qword [rsp + 0x38], 0","mov qword [var_50h], 0",48c744243800000000,cpu,mov,False,9,0,,,0.0,,,,
16783365,"0,0x40,rsp,+,=[4]",True,16783088,16783413,8,"mov dword [rsp + 0x40], 0","mov dword [var_48h], 0",c744244000000000,cpu,mov,False,9,0,,,0.0,,,,
16783373,"0,0x48,rsp,+,=[8]",True,16783088,16783412,9,"mov qword [rsp + 0x48], 0","mov qword [var_40h], 0",48c744244800000000,cpu,mov,False,9,0,,,0.0,,,,
16783382,"0,0x50,rsp,+,=[8]",True,16783088,16783412,9,"mov qword [rsp + 0x50], 0","mov qword [var_38h], 0",48c744245000000000,cpu,mov,False,9,0,,,0.0,,,,
16783391,"0,0x58,rsp,+,=[4]",True,16783088,16783413,8,"mov dword [rsp + 0x58], 0","mov dword [var_30h], 0",c744245800000000,cpu,mov,False,9,0,,,0.0,,,,
16783399,"16783424,rip,8,rsp,-=,rsp,=[],rip,=",False,16783088,16783416,5,call 0x1001840,call sym.merged,e814000000,cpu,call,False,3,0,,,,,16783424.0,16783404.0,"[{'addr': 16783424, 'type': 'CALL'}]"
16783404,"eax,rax,^,0xffffffff,&,rax,=,$z,zf,:=,$p,pf,:=,31,$s,sf,:=,0,cf,:=,0,of,:=",False,16783088,16783419,2,"xor eax, eax","xor eax, eax",31c0,cpu,xor,False,28,0,,,,,,,
16783406,"eax,0x1c,rbp,-,=[4]",True,16783088,16783418,3,"mov dword [rbp - 0x1c], eax","mov dword [var_24h], eax",8945e4,cpu,mov,False,268435465,0,,,,,,,
16783409,"0x1c,rbp,-,[4],rax,=",True,16783088,16783418,3,"mov eax, dword [rbp - 0x1c]","mov eax, dword [var_24h]",8b45e4,cpu,mov,False,9,0,,"[{'addr': 16783137, 'type': 'CODE'}]",,,,,
16783412,"128,rsp,+=,63,$o,of,:=,63,$s,sf,:=,$z,zf,:=,63,$c,cf,:=,$p,pf,:=,3,$c,af,:=",False,16783088,16783414,7,"add rsp, 0x80","add rsp, 0x80",4881c480000000,cpu,add,False,17,0,,,128.0,,,,
16783419,"rsp,[8],8,rsp,+=,rbp,=",False,16783088,16783420,1,pop rbp,pop rbp,5d,cpu,pop,False,14,0,,,,,,,
16783420,"rsp,[8],rip,=,8,rsp,+=",False,16783088,16783420,1,ret,ret,c3,cpu,ret,False,5,0,,,,,,,
