offset,esil,refptr,fcn_addr,fcn_last,size,opcode,disasm,bytes,family,type,reloc,type_num,type2_num,flags,xrefs_to,val,jump,fail,ptr,xrefs_from,comment
16782784,"rbp,8,rsp,-,=[8],8,rsp,-=",False,16782784,16783095,1,push rbp,push rbp,55,cpu,rpush,False,268435468,0,"['sym.mult', 'dbg.mult']","[{'addr': 16783188, 'type': 'CALL'}]",,,,,,
16782785,"rsp,rbp,=",False,16782784,16783093,3,"mov rbp, rsp","mov rbp, rsp",4889e5,cpu,mov,False,9,0,,,,,,,,
16782788,"edi,0x24,rbp,-,=[4]",True,16782784,16783093,3,"mov dword [rbp - 0x24], edi","mov dword [var_2ch], edi",897ddc,cpu,mov,False,268435465,0,,,,,,,,
16782791,"esi,0x20,rbp,-,=[4]",True,16782784,16783093,3,"mov dword [rbp - 0x20], esi","mov dword [var_28h], esi",8975e0,cpu,mov,False,268435465,0,,,,,,,,
16782794,"0,0x1c,rbp,-,=[4]",True,16782784,16783089,7,"mov dword [rbp - 0x1c], 0","mov dword [var_24h], 0",c745e400000000,cpu,mov,False,268435465,0,,,0.0,,,,,
16782801,"0x1c,rbp,-,[4],rax,=",True,16782784,16783093,3,"mov eax, dword [rbp - 0x1c]","mov eax, dword [var_24h]",8b45e4,cpu,mov,False,9,0,,"[{'addr': 16782836, 'type': 'CODE'}]",,,,,,
16782804,"rax,0x30,rbp,-,=[8]",True,16782784,16783092,4,"mov qword [rbp - 0x30], rax","mov qword [var_38h], rax",488945d0,cpu,mov,False,268435465,0,,,,,,,,
16782808,"6,rax,-=,6,0x8000000000000000,-,!,63,$o,^,of,:=,63,$s,sf,:=,$z,zf,:=,$p,pf,:=,64,$b,cf,:=,3,$b,af,:=",False,16782784,16783092,4,"sub rax, 6","sub rax, 6",4883e806,cpu,sub,False,18,0,,,6.0,,,,,
16782812,"cf,zf,|,!,?{,16782834,rip,=,}",False,16782784,16783094,2,ja 0x10015f2,ja 0x10015f2,7714,cpu,cjmp,False,2147483649,0,,,,16782834.0,16782814.0,,,
16782814,"0x30,rbp,-,[8],rax,=",True,16782784,16783092,4,"mov rax, qword [rbp - 0x30]","mov rax, qword [var_38h]",488b45d0,cpu,mov,False,9,0,,,,,,,,
16782818,"0x116d,rip,-,rcx,=",True,16782784,16783089,7,"lea rcx, [rip - 0x116d]","lea rcx, data.0100047c",488d0d93eeffff,cpu,lea,False,33,0,,,,,,16778364.0,"[{'addr': 16778364, 'type': 'DATA'}]",
16782825,"32,rax,4,*,rcx,+,[4],~,rax,=",True,16782784,16783092,4,"movsxd rax, dword [rcx + rax*4]","movsxd rax, dword [rcx + rax*4]",48630481,cpu,mov,False,9,0,,,,,,,,
16782829,"rcx,rax,+=,63,$o,of,:=,63,$s,sf,:=,$z,zf,:=,63,$c,cf,:=,$p,pf,:=,3,$c,af,:=",False,16782784,16783093,3,"add rax, rcx","add rax, rcx",4801c8,cpu,add,False,17,0,,,,,,,,
16782832,"rax,rip,=",False,16782784,16783094,2,jmp rax,jmp rax,ffe0,cpu,rjmp,False,268435458,0,['switch.0x010015f0'],,,,,,"[{'addr': 16782838, 'type': 'CODE'}, {'addr': 16782869, 'type': 'CODE'}, {'addr': 16782900, 'type': 'CODE'}, {'addr': 16782976, 'type': 'CODE'}, {'addr': 16782981, 'type': 'CODE'}, {'addr': 16783015, 'type': 'CODE'}, {'addr': 16783020, 'type': 'CODE'}]",c3dpdGNoIHRhYmxlICg3IGNhc2VzKSBhdCAweDEwMDA0N2M=
16782834,"0x10015f4,rip,=",False,16782784,16783094,2,jmp 0x10015f4,jmp 0x10015f4,eb00,cpu,jmp,False,1,0,,,,16782836.0,,,"[{'addr': 16782836, 'type': 'CODE'}]",
16782836,"0x10015d1,rip,=",False,16782784,16783094,2,jmp 0x10015d1,jmp 0x10015d1,ebdb,cpu,jmp,False,1,0,,"[{'addr': 16782834, 'type': 'CODE'}, {'addr': 16782867, 'type': 'CODE'}, {'addr': 16782898, 'type': 'CODE'}, {'addr': 16782971, 'type': 'CODE'}, {'addr': 16783010, 'type': 'CODE'}, {'addr': 16783091, 'type': 'CODE'}]",,16782801.0,,,"[{'addr': 16782801, 'type': 'CODE'}]",
16782838,"0x24,rbp,-,[4],rdx,=",True,16782784,16783093,3,"mov edx, dword [rbp - 0x24]","mov edx, dword [var_2ch]",8b55dc,cpu,mov,False,9,0,['case.0x10015f0.0'],"[{'addr': 16782832, 'type': 'CODE'}]",,,,,,
16782841,"3,rax,=",False,16782784,16783091,5,"mov eax, 3","mov eax, 3",b803000000,cpu,mov,False,9,0,,,3.0,,,,,
16782846,"1,rcx,=",False,16782784,16783091,5,"mov ecx, 1","mov ecx, 1",b901000000,cpu,mov,False,9,0,,,1.0,,,,,
16782851,"0,edx,==,$z,zf,:=,32,$b,cf,:=,$p,pf,:=,31,$s,sf,:=,0,0x80000000,-,!,31,$o,^,of,:=,3,$b,af,:=",False,16782784,16783093,3,"cmp edx, 0","cmp edx, 0",83fa00,cpu,cmp,False,15,0,,,0.0,,,0.0,,
16782854,"zf,!,sf,of,^,!,&,?{,ecx,eax,=,}",False,16782784,16783093,3,"cmovg eax, ecx","cmovg eax, ecx",0f4fc1,cpu,cmov,False,2147483657,0,,,,,,,,
16782857,"eax,0x1c,rbp,-,=[4]",True,16782784,16783093,3,"mov dword [rbp - 0x1c], eax","mov dword [var_24h], eax",8945e4,cpu,mov,False,268435465,0,,,,,,,,
16782860,"0,0x4,rbp,-,=[4]",True,16782784,16783089,7,"mov dword [rbp - 4], 0","mov dword [var_ch], 0",c745fc00000000,cpu,mov,False,268435465,0,,,0.0,,,,,
16782867,"0x10015f4,rip,=",False,16782784,16783094,2,jmp 0x10015f4,jmp 0x10015f4,ebdf,cpu,jmp,False,1,0,,,,16782836.0,,,"[{'addr': 16782836, 'type': 'CODE'}]",
16782869,"0x20,rbp,-,[4],rcx,=",True,16782784,16783093,3,"mov ecx, dword [rbp - 0x20]","mov ecx, dword [var_28h]",8b4de0,cpu,mov,False,9,0,['case.0x10015f0.1'],"[{'addr': 16782832, 'type': 'CODE'}]",,,,,,
16782872,"0x24,rbp,-,[4],rax,=",True,16782784,16783093,3,"mov eax, dword [rbp - 0x24]","mov eax, dword [var_2ch]",8b45dc,cpu,mov,False,9,0,,,,,,,,
16782875,"eax,rax,=",False,16782784,16783094,2,"mov eax, eax","mov eax, eax",89c0,cpu,mov,False,9,0,,,,,,,,
16782877,"6,0x1c,rbp,-,=[4]",True,16782784,16783089,7,"mov dword [rbp - 0x1c], 6","mov dword [var_24h], 6",c745e406000000,cpu,mov,False,268435465,0,,,6.0,,,,,
16782884,"0,0x18,rbp,-,=[4]",True,16782784,16783089,7,"mov dword [rbp - 0x18], 0","mov dword [var_20h], 0",c745e800000000,cpu,mov,False,268435465,0,,,0.0,,,,,
16782891,"ecx,0x14,rbp,-,=[4]",True,16782784,16783093,3,"mov dword [rbp - 0x14], ecx","mov dword [var_1ch], ecx",894dec,cpu,mov,False,268435465,0,,,,,,,,
16782894,"rax,0x10,rbp,-,=[8]",True,16782784,16783092,4,"mov qword [rbp - 0x10], rax","mov qword [var_18h], rax",488945f0,cpu,mov,False,268435465,0,,,,,,,,
16782898,"0x10015f4,rip,=",False,16782784,16783094,2,jmp 0x10015f4,jmp 0x10015f4,ebc0,cpu,jmp,False,1,0,,,,16782836.0,,,"[{'addr': 16782836, 'type': 'CODE'}]",
16782900,"0x10,rbp,-,[8],r8,=",True,16782784,16783092,4,"mov r8, qword [rbp - 0x10]","mov r8, qword [var_18h]",4c8b45f0,cpu,mov,False,9,0,['case.0x10015f0.2'],"[{'addr': 16782832, 'type': 'CODE'}]",,,,,,
16782904,"0x14,rbp,-,[4],rdx,=",True,16782784,16783093,3,"mov edx, dword [rbp - 0x14]","mov edx, dword [var_1ch]",8b55ec,cpu,mov,False,9,0,,,,,,,,
16782907,"0x18,rbp,-,[4],rcx,=",True,16782784,16783093,3,"mov ecx, dword [rbp - 0x18]","mov ecx, dword [var_20h]",8b4de8,cpu,mov,False,9,0,,,,,,,,
16782910,"r8,rax,=",False,16782784,16783093,3,"mov rax, r8","mov rax, r8",4c89c0,cpu,mov,False,9,0,,,,,,,,
16782913,"1,rax,&=,$z,zf,:=,$p,pf,:=,63,$s,sf,:=,0,cf,:=,0,of,:=",False,16782784,16783092,4,"and rax, 1","and rax, 1",4883e001,cpu,and,False,27,0,,,1.0,,,,,
16782917,"esi,rsi,^,0xffffffff,&,rsi,=,$z,zf,:=,$p,pf,:=,31,$s,sf,:=,0,cf,:=,0,of,:=",False,16782784,16783094,2,"xor esi, esi","xor esi, esi",31f6,cpu,xor,False,28,0,,,,,,,,
16782919,"0,rax,==,$z,zf,:=,64,$b,cf,:=,$p,pf,:=,63,$s,sf,:=,0,0x8000000000000000,-,!,63,$o,^,of,:=,3,$b,af,:=",False,16782784,16783092,4,"cmp rax, 0","cmp rax, 0",4883f800,cpu,cmp,False,15,0,,,0.0,,,0.0,,
16782923,"edx,rax,=",False,16782784,16783094,2,"mov eax, edx","mov eax, edx",89d0,cpu,mov,False,9,0,,,,,,,,
16782925,"zf,?{,esi,eax,=,}",False,16782784,16783093,3,"cmove eax, esi","cmove eax, esi",0f44c6,cpu,cmov,False,2147483657,0,,,,,,,,
16782928,"ecx,eax,+=,31,$o,of,:=,31,$s,sf,:=,$z,zf,:=,31,$c,cf,:=,$p,pf,:=,3,$c,af,:=",False,16782784,16783094,2,"add eax, ecx","add eax, ecx",01c8,cpu,add,False,17,0,,,,,,,,
16782930,"r8,rcx,=",False,16782784,16783093,3,"mov rcx, r8","mov rcx, r8",4c89c1,cpu,mov,False,9,0,,,,,,,,
16782933,"0,cf,:=,1,1,-,1,<<,rcx,&,?{,1,cf,:=,},1,rcx,>>,rcx,=,$z,zf,:=,$p,pf,:=,63,$s,sf,:=",False,16782784,16783093,3,"shr rcx, 1","shr rcx, 1",48d1e9,cpu,shr,False,22,0,,,1.0,,,,,
16782936,"0,1,!,!,?{,1,1,-,edx,<<,0x80000000,&,!,!,^,},1,edx,<<=,$z,zf,:=,$p,pf,:=,31,$s,sf,:=,cf,=",False,16782784,16783094,2,"shl edx, 1","shl edx, 1",d1e2,cpu,shl,False,23,0,,,,,,,,
16782938,"2,rsi,=",False,16782784,16783091,5,"mov esi, 2","mov esi, 2",be02000000,cpu,mov,False,9,0,,,2.0,,,,,
16782943,"3,rdi,=",False,16782784,16783091,5,"mov edi, 3","mov edi, 3",bf03000000,cpu,mov,False,9,0,,,3.0,,,,,
16782948,"2,r8,==,$z,zf,:=,64,$b,cf,:=,$p,pf,:=,63,$s,sf,:=,2,0x8000000000000000,-,!,63,$o,^,of,:=,3,$b,af,:=",False,16782784,16783092,4,"cmp r8, 2","cmp r8, 2",4983f802,cpu,cmp,False,15,0,,,2.0,,,2.0,,
16782952,"cf,?{,edi,esi,=,}",False,16782784,16783093,3,"cmovb esi, edi","cmovb esi, edi",0f42f7,cpu,cmov,False,2147483657,0,,,,,,,,
16782955,"esi,0x1c,rbp,-,=[4]",True,16782784,16783093,3,"mov dword [rbp - 0x1c], esi","mov dword [var_24h], esi",8975e4,cpu,mov,False,268435465,0,,,,,,,,
16782958,"eax,0x18,rbp,-,=[4]",True,16782784,16783093,3,"mov dword [rbp - 0x18], eax","mov dword [var_20h], eax",8945e8,cpu,mov,False,268435465,0,,,,,,,,
16782961,"edx,0x14,rbp,-,=[4]",True,16782784,16783093,3,"mov dword [rbp - 0x14], edx","mov dword [var_1ch], edx",8955ec,cpu,mov,False,268435465,0,,,,,,,,
16782964,"rcx,0x10,rbp,-,=[8]",True,16782784,16783092,4,"mov qword [rbp - 0x10], rcx","mov qword [var_18h], rcx",48894df0,cpu,mov,False,268435465,0,,,,,,,,
16782968,"eax,0x4,rbp,-,=[4]",True,16782784,16783093,3,"mov dword [rbp - 4], eax","mov dword [var_ch], eax",8945fc,cpu,mov,False,268435465,0,,,,,,,,
16782971,"0x10015f4,rip,=",False,16782784,16783091,5,jmp 0x10015f4,jmp 0x10015f4,e974ffffff,cpu,jmp,False,1,0,,,,16782836.0,,,"[{'addr': 16782836, 'type': 'CODE'}]",
16782976,"0x4,rbp,-,[4],rax,=",True,16782784,16783093,3,"mov eax, dword [rbp - 4]","mov eax, dword [var_ch]",8b45fc,cpu,mov,False,9,0,['case.0x10015f0.3'],"[{'addr': 16782832, 'type': 'CODE'}]",,,,,,
16782979,"rsp,[8],8,rsp,+=,rbp,=",False,16782784,16783095,1,pop rbp,pop rbp,5d,cpu,pop,False,14,0,,,,,,,,
16782980,"rsp,[8],rip,=,8,rsp,+=",False,16782784,16783095,1,ret,ret,c3,cpu,ret,False,5,0,,,,,,,,
16782981,"0x20,rbp,-,[4],rcx,=",True,16782784,16783093,3,"mov ecx, dword [rbp - 0x20]","mov ecx, dword [var_28h]",8b4de0,cpu,mov,False,9,0,['case.0x10015f0.4'],"[{'addr': 16782832, 'type': 'CODE'}]",,,,,,
16782984,"0x24,rbp,-,[4],rax,=",True,16782784,16783093,3,"mov eax, dword [rbp - 0x24]","mov eax, dword [var_2ch]",8b45dc,cpu,mov,False,9,0,,,,,,,,
16782987,"eax,rax,=",False,16782784,16783094,2,"mov eax, eax","mov eax, eax",89c0,cpu,mov,False,9,0,,,,,,,,
16782989,"2,0x1c,rbp,-,=[4]",True,16782784,16783089,7,"mov dword [rbp - 0x1c], 2","mov dword [var_24h], 2",c745e402000000,cpu,mov,False,268435465,0,,,2.0,,,,,
16782996,"0,0x18,rbp,-,=[4]",True,16782784,16783089,7,"mov dword [rbp - 0x18], 0","mov dword [var_20h], 0",c745e800000000,cpu,mov,False,268435465,0,,,0.0,,,,,
16783003,"ecx,0x14,rbp,-,=[4]",True,16782784,16783093,3,"mov dword [rbp - 0x14], ecx","mov dword [var_1ch], ecx",894dec,cpu,mov,False,268435465,0,,,,,,,,
16783006,"rax,0x10,rbp,-,=[8]",True,16782784,16783092,4,"mov qword [rbp - 0x10], rax","mov qword [var_18h], rax",488945f0,cpu,mov,False,268435465,0,,,,,,,,
16783010,"0x10015f4,rip,=",False,16782784,16783091,5,jmp 0x10015f4,jmp 0x10015f4,e94dffffff,cpu,jmp,False,1,0,,,,16782836.0,,,"[{'addr': 16782836, 'type': 'CODE'}]",
16783015,"0x4,rbp,-,[4],rax,=",True,16782784,16783093,3,"mov eax, dword [rbp - 4]","mov eax, dword [var_ch]",8b45fc,cpu,mov,False,9,0,['case.0x10015f0.5'],"[{'addr': 16782832, 'type': 'CODE'}]",,,,,,
16783018,"rsp,[8],8,rsp,+=,rbp,=",False,16782784,16783095,1,pop rbp,pop rbp,5d,cpu,pop,False,14,0,,,,,,,,
16783019,"rsp,[8],rip,=,8,rsp,+=",False,16782784,16783095,1,ret,ret,c3,cpu,ret,False,5,0,,,,,,,,
16783020,"0x10,rbp,-,[8],r8,=",True,16782784,16783092,4,"mov r8, qword [rbp - 0x10]","mov r8, qword [var_18h]",4c8b45f0,cpu,mov,False,9,0,['case.0x10015f0.6'],"[{'addr': 16782832, 'type': 'CODE'}]",,,,,,
16783024,"0x14,rbp,-,[4],rdx,=",True,16782784,16783093,3,"mov edx, dword [rbp - 0x14]","mov edx, dword [var_1ch]",8b55ec,cpu,mov,False,9,0,,,,,,,,
16783027,"0x18,rbp,-,[4],rcx,=",True,16782784,16783093,3,"mov ecx, dword [rbp - 0x18]","mov ecx, dword [var_20h]",8b4de8,cpu,mov,False,9,0,,,,,,,,
16783030,"r8,rax,=",False,16782784,16783093,3,"mov rax, r8","mov rax, r8",4c89c0,cpu,mov,False,9,0,,,,,,,,
16783033,"1,rax,&=,$z,zf,:=,$p,pf,:=,63,$s,sf,:=,0,cf,:=,0,of,:=",False,16782784,16783092,4,"and rax, 1","and rax, 1",4883e001,cpu,and,False,27,0,,,1.0,,,,,
16783037,"esi,rsi,^,0xffffffff,&,rsi,=,$z,zf,:=,$p,pf,:=,31,$s,sf,:=,0,cf,:=,0,of,:=",False,16782784,16783094,2,"xor esi, esi","xor esi, esi",31f6,cpu,xor,False,28,0,,,,,,,,
16783039,"0,rax,==,$z,zf,:=,64,$b,cf,:=,$p,pf,:=,63,$s,sf,:=,0,0x8000000000000000,-,!,63,$o,^,of,:=,3,$b,af,:=",False,16782784,16783092,4,"cmp rax, 0","cmp rax, 0",4883f800,cpu,cmp,False,15,0,,,0.0,,,0.0,,
16783043,"edx,rax,=",False,16782784,16783094,2,"mov eax, edx","mov eax, edx",89d0,cpu,mov,False,9,0,,,,,,,,
16783045,"zf,?{,esi,eax,=,}",False,16782784,16783093,3,"cmove eax, esi","cmove eax, esi",0f44c6,cpu,cmov,False,2147483657,0,,,,,,,,
16783048,"ecx,eax,+=,31,$o,of,:=,31,$s,sf,:=,$z,zf,:=,31,$c,cf,:=,$p,pf,:=,3,$c,af,:=",False,16782784,16783094,2,"add eax, ecx","add eax, ecx",01c8,cpu,add,False,17,0,,,,,,,,
16783050,"r8,rcx,=",False,16782784,16783093,3,"mov rcx, r8","mov rcx, r8",4c89c1,cpu,mov,False,9,0,,,,,,,,
16783053,"0,cf,:=,1,1,-,1,<<,rcx,&,?{,1,cf,:=,},1,rcx,>>,rcx,=,$z,zf,:=,$p,pf,:=,63,$s,sf,:=",False,16782784,16783093,3,"shr rcx, 1","shr rcx, 1",48d1e9,cpu,shr,False,22,0,,,1.0,,,,,
16783056,"0,1,!,!,?{,1,1,-,edx,<<,0x80000000,&,!,!,^,},1,edx,<<=,$z,zf,:=,$p,pf,:=,31,$s,sf,:=,cf,=",False,16782784,16783094,2,"shl edx, 1","shl edx, 1",d1e2,cpu,shl,False,23,0,,,,,,,,
16783058,"2,rsi,=",False,16782784,16783091,5,"mov esi, 2","mov esi, 2",be02000000,cpu,mov,False,9,0,,,2.0,,,,,
16783063,"3,rdi,=",False,16782784,16783091,5,"mov edi, 3","mov edi, 3",bf03000000,cpu,mov,False,9,0,,,3.0,,,,,
16783068,"2,r8,==,$z,zf,:=,64,$b,cf,:=,$p,pf,:=,63,$s,sf,:=,2,0x8000000000000000,-,!,63,$o,^,of,:=,3,$b,af,:=",False,16782784,16783092,4,"cmp r8, 2","cmp r8, 2",4983f802,cpu,cmp,False,15,0,,,2.0,,,2.0,,
16783072,"cf,?{,edi,esi,=,}",False,16782784,16783093,3,"cmovb esi, edi","cmovb esi, edi",0f42f7,cpu,cmov,False,2147483657,0,,,,,,,,
16783075,"esi,0x1c,rbp,-,=[4]",True,16782784,16783093,3,"mov dword [rbp - 0x1c], esi","mov dword [var_24h], esi",8975e4,cpu,mov,False,268435465,0,,,,,,,,
16783078,"eax,0x18,rbp,-,=[4]",True,16782784,16783093,3,"mov dword [rbp - 0x18], eax","mov dword [var_20h], eax",8945e8,cpu,mov,False,268435465,0,,,,,,,,
16783081,"edx,0x14,rbp,-,=[4]",True,16782784,16783093,3,"mov dword [rbp - 0x14], edx","mov dword [var_1ch], edx",8955ec,cpu,mov,False,268435465,0,,,,,,,,
16783084,"rcx,0x10,rbp,-,=[8]",True,16782784,16783092,4,"mov qword [rbp - 0x10], rcx","mov qword [var_18h], rcx",48894df0,cpu,mov,False,268435465,0,,,,,,,,
16783088,"eax,0x4,rbp,-,=[4]",True,16782784,16783093,3,"mov dword [rbp - 4], eax","mov dword [var_ch], eax",8945fc,cpu,mov,False,268435465,0,,,,,,,,
16783091,"0x10015f4,rip,=",False,16782784,16783091,5,jmp 0x10015f4,jmp 0x10015f4,e9fcfeffff,cpu,jmp,False,1,0,,,,16782836.0,,,"[{'addr': 16782836, 'type': 'CODE'}]",
