offset,esil,refptr,fcn_addr,fcn_last,size,opcode,disasm,bytes,family,type,reloc,type_num,type2_num,flags,xrefs_to,val,jump,fail,xrefs_from,ptr
16783120,"rbp,8,rsp,-,=[8],8,rsp,-=",False,16783120,16783251,1,push rbp,push rbp,55,cpu,rpush,False,268435468,0,"['main', 'sym.main', 'dbg.main']","[{'addr': 16782765, 'type': 'DATA'}]",,,,,
16783121,"rsp,rbp,=",False,16783120,16783249,3,"mov rbp, rsp","mov rbp, rsp",4889e5,cpu,mov,False,9,0,,,,,,,
16783124,"16,rsp,-=,16,0x8000000000000000,-,!,63,$o,^,of,:=,63,$s,sf,:=,$z,zf,:=,$p,pf,:=,64,$b,cf,:=,3,$b,af,:=",False,16783120,16783248,4,"sub rsp, 0x10","sub rsp, 0x10",4883ec10,cpu,sub,False,18,0,,,16.0,,,,
16783128,"rsi,0x10,rbp,-,=[8]",True,16783120,16783248,4,"mov qword [rbp - 0x10], rsi","mov qword [argv], rsi",488975f0,cpu,mov,False,268435465,0,,,,,,,
16783132,"0x8,rsi,+,[8],rdi,=",True,16783120,16783248,4,"mov rdi, qword [rsi + 8]","mov rdi, qword [rsi + 8]",488b7e08,cpu,mov,False,9,0,,,,,,,
16783136,"eax,rax,^,0xffffffff,&,rax,=,$z,zf,:=,$p,pf,:=,31,$s,sf,:=,0,cf,:=,0,of,:=",False,16783120,16783250,2,"xor eax, eax","xor eax, eax",31c0,cpu,xor,False,28,0,,,,,,,
16783138,"eax,rsi,=",False,16783120,16783250,2,"mov esi, eax","mov esi, eax",89c6,cpu,mov,False,9,0,,,,,,,
16783140,"16783408,rip,8,rsp,-=,rsp,=[],rip,=",False,16783120,16783247,5,call 0x1001830,call sym.imp.strtod,e807010000,cpu,call,False,3,0,,,,16783408.0,16783145.0,"[{'addr': 16783408, 'type': 'CALL'}]",
16783145,"0x10,rbp,-,[8],rsi,=",True,16783120,16783248,4,"mov rsi, qword [rbp - 0x10]","mov rsi, qword [argv]",488b75f0,cpu,mov,False,9,0,,,,,,,
16783149,,False,16783120,16783248,4,"cvtsd2ss xmm0, xmm0","cvtsd2ss xmm0, xmm0",f20f5ac0,sse,null,False,0,0,,,,,,,
16783153,"xmm0,0x8,rbp,-,=[4]",True,16783120,16783247,5,"movss dword [rbp - 8], xmm0","movss dword [num1], xmm0",f30f1145f8,sse,mov,False,268435465,0,,,,,,,
16783158,"0x10,rsi,+,[8],rdi,=",True,16783120,16783248,4,"mov rdi, qword [rsi + 0x10]","mov rdi, qword [rsi + 0x10]",488b7e10,cpu,mov,False,9,0,,,,,,,
16783162,"eax,rax,^,0xffffffff,&,rax,=,$z,zf,:=,$p,pf,:=,31,$s,sf,:=,0,cf,:=,0,of,:=",False,16783120,16783250,2,"xor eax, eax","xor eax, eax",31c0,cpu,xor,False,28,0,,,,,,,
16783164,"eax,rsi,=",False,16783120,16783250,2,"mov esi, eax","mov esi, eax",89c6,cpu,mov,False,9,0,,,,,,,
16783166,"16783408,rip,8,rsp,-=,rsp,=[],rip,=",False,16783120,16783247,5,call 0x1001830,call sym.imp.strtod,e8ed000000,cpu,call,False,3,0,,,,16783408.0,16783171.0,"[{'addr': 16783408, 'type': 'CALL'}]",
16783171,"0x8,rbp,-,[4],xmm1,=",True,16783120,16783247,5,"movss xmm1, dword [rbp - 8]","movss xmm1, dword [num1]",f30f104df8,sse,mov,False,9,0,,,,,,,
16783176,,False,16783120,16783248,4,"cvtsd2ss xmm0, xmm0","cvtsd2ss xmm0, xmm0",f20f5ac0,sse,null,False,0,0,,,,,,,
16783180,,False,16783120,16783248,4,"cvttss2si edi, xmm1","cvttss2si edi, xmm1",f30f2cf9,sse,null,False,0,0,,,,,,,
16783184,,False,16783120,16783248,4,"cvttss2si esi, xmm0","cvttss2si esi, xmm0",f30f2cf0,sse,null,False,0,0,,,,,,,
16783188,"16782784,rip,8,rsp,-=,rsp,=[],rip,=",False,16783120,16783247,5,call 0x10015c0,call dbg.mult,e867feffff,cpu,call,False,3,0,,,,16782784.0,16783193.0,"[{'addr': 16782784, 'type': 'CALL'}]",
16783193,"eax,rcx,=",False,16783120,16783250,2,"mov ecx, eax","mov ecx, eax",89c1,cpu,mov,False,9,0,,,,,,,
16783195,"ecx,0x4,rbp,-,=[4]",True,16783120,16783249,3,"mov dword [rbp - 4], ecx","mov dword [number], ecx",894dfc,cpu,mov,False,268435465,0,,,,,,,
16783198,"0x12b8,rip,-,rdi,=",True,16783120,16783245,7,"lea rdi, [rip - 0x12b8]","lea rdi, str.You_loose",488d3d48edffff,cpu,lea,False,33,0,,,,,,"[{'addr': 16778413, 'type': 'DATA'}]",16778413.0
16783205,"0x12c8,rip,-,rax,=",True,16783120,16783245,7,"lea rax, [rip - 0x12c8]","lea rax, str.You_win",488d0538edffff,cpu,lea,False,33,0,,,,,,"[{'addr': 16778404, 'type': 'DATA'}]",16778404.0
16783212,"899414294,ecx,==,$z,zf,:=,32,$b,cf,:=,$p,pf,:=,31,$s,sf,:=,899414294,0x80000000,-,!,31,$o,^,of,:=,3,$b,af,:=",False,16783120,16783246,6,"cmp ecx, 0x359bf916","cmp ecx, 0x359bf916",81f916f99b35,cpu,cmp,False,15,0,,,899414294.0,,,,899414294.0
16783218,"zf,?{,rax,rdi,=,}",False,16783120,16783248,4,"cmove rdi, rax","cmove rdi, rax",480f44f8,cpu,cmov,False,2147483657,0,,,,,,,
16783222,"16783424,rip,8,rsp,-=,rsp,=[],rip,=",False,16783120,16783247,5,call 0x1001840,call sym.imp.puts,e8c5000000,cpu,call,False,3,0,,,,16783424.0,16783227.0,"[{'addr': 16783424, 'type': 'CALL'}]",
16783227,"0x4,rbp,-,[4],rsi,=",True,16783120,16783249,3,"mov esi, dword [rbp - 4]","mov esi, dword [number]",8b75fc,cpu,mov,False,9,0,,,,,,,
16783230,"0x12ed,rip,-,rdi,=",True,16783120,16783245,7,"lea rdi, [rip - 0x12ed]","lea rdi, str.Hash:_0x_x",488d3d13edffff,cpu,lea,False,33,0,,,,,,"[{'addr': 16778392, 'type': 'DATA'}]",16778392.0
16783237,"0,al,=",False,16783120,16783250,2,"mov al, 0","mov al, 0",b000,cpu,mov,False,9,0,,,0.0,,,,
16783239,"16783440,rip,8,rsp,-=,rsp,=[],rip,=",False,16783120,16783247,5,call 0x1001850,call sym.imp.printf,e8c4000000,cpu,call,False,3,0,,,,16783440.0,16783244.0,"[{'addr': 16783440, 'type': 'CALL'}]",
16783244,"eax,rax,^,0xffffffff,&,rax,=,$z,zf,:=,$p,pf,:=,31,$s,sf,:=,0,cf,:=,0,of,:=",False,16783120,16783250,2,"xor eax, eax","xor eax, eax",31c0,cpu,xor,False,28,0,,,,,,,
16783246,"16,rsp,+=,63,$o,of,:=,63,$s,sf,:=,$z,zf,:=,63,$c,cf,:=,$p,pf,:=,3,$c,af,:=",False,16783120,16783248,4,"add rsp, 0x10","add rsp, 0x10",4883c410,cpu,add,False,17,0,,,16.0,,,,
16783250,"rsp,[8],8,rsp,+=,rbp,=",False,16783120,16783251,1,pop rbp,pop rbp,5d,cpu,pop,False,14,0,,,,,,,
16783251,"rsp,[8],rip,=,8,rsp,+=",False,16783120,16783251,1,ret,ret,c3,cpu,ret,False,5,0,,,,,,,
