offset,esil,refptr,fcn_addr,fcn_last,size,opcode,disasm,bytes,family,type,reloc,type_num,type2_num,flags,xrefs_to,val,ptr,jump,fail,xrefs_from
16782912,"rbp,8,rsp,-,=[8],8,rsp,-=",False,16782912,16783221,1,push rbp,push rbp,55,cpu,rpush,False,268435468,0,"['main', 'sym.main']","[{'addr': 16782893, 'type': 'DATA'}]",,,,,
16782913,"rsp,rbp,=",False,16782912,16783219,3,"mov rbp, rsp","mov rbp, rsp",4889e5,cpu,mov,False,9,0,,,,,,,
16782916,"208,rsp,-=,208,0x8000000000000000,-,!,63,$o,^,of,:=,63,$s,sf,:=,$z,zf,:=,$p,pf,:=,64,$b,cf,:=,3,$b,af,:=",False,16782912,16783215,7,"sub rsp, 0xd0","sub rsp, 0xd0",4881ecd0000000,cpu,sub,False,18,0,,,208.0,,,,
16782923,"rsi,0x78,rbp,-,=[8]",True,16782912,16783218,4,"mov qword [rbp - 0x78], rsi","mov qword [endptr], rsi",48897588,cpu,mov,False,268435465,0,,,,,,,
16782927,"2,edi,==,$z,zf,:=,32,$b,cf,:=,$p,pf,:=,31,$s,sf,:=,2,0x80000000,-,!,31,$o,^,of,:=,3,$b,af,:=",False,16782912,16783219,3,"cmp edi, 2","cmp edi, 2",83ff02,cpu,cmp,False,15,0,,,2.0,2.0,,,
16782930,"zf,?{,16782966,rip,=,}",False,16782912,16783220,2,je 0x1001676,je 0x1001676,7422,cpu,cjmp,False,2147483649,0,,,,,16782966.0,16782932.0,
16782932,"0x78,rbp,-,[8],rax,=",True,16782912,16783218,4,"mov rax, qword [rbp - 0x78]","mov rax, qword [endptr]",488b4588,cpu,mov,False,9,0,,,,,,,
16782936,"rax,[8],rsi,=",True,16782912,16783219,3,"mov rsi, qword [rax]","mov rsi, qword [rax]",488b30,cpu,mov,False,9,0,,,,,,,
16782939,"0x11d6,rip,-,rdi,=",True,16782912,16783215,7,"lea rdi, [rip - 0x11d6]","lea rdi, str.Usage:__s__integer",488d3d2aeeffff,cpu,lea,False,33,0,,,,16778380.0,,,"[{'addr': 16778380, 'type': 'DATA'}]"
16782946,"0,al,=",False,16782912,16783220,2,"mov al, 0","mov al, 0",b000,cpu,mov,False,9,0,,,0.0,,,,
16782948,"16785952,rip,8,rsp,-=,rsp,=[],rip,=",False,16782912,16783217,5,call 0x1002220,call sym.imp.printf,e8b70b0000,cpu,call,False,3,0,,,,,16785952.0,16782953.0,"[{'addr': 16785952, 'type': 'CALL'}]"
16782953,"1,rax,=",False,16782912,16783217,5,"mov eax, 1","mov eax, 1",b801000000,cpu,mov,False,9,0,,,1.0,,,,
16782958,"eax,0x7c,rbp,-,=[4]",True,16782912,16783219,3,"mov dword [rbp - 0x7c], eax","mov dword [var_84h], eax",894584,cpu,mov,False,268435465,0,,,,,,,
16782961,"0x100176a,rip,=",False,16782912,16783217,5,jmp 0x100176a,jmp 0x100176a,e9f4000000,cpu,jmp,False,1,0,,,,,16783210.0,,"[{'addr': 16783210, 'type': 'CODE'}]"
16782966,"0x78,rbp,-,[8],rax,=",True,16782912,16783218,4,"mov rax, qword [rbp - 0x78]","mov rax, qword [endptr]",488b4588,cpu,mov,False,9,0,,,,,,,
16782970,"0x8,rax,+,[8],rdi,=",True,16782912,16783218,4,"mov rdi, qword [rax + 8]","mov rdi, qword [rax + 8]",488b7808,cpu,mov,False,9,0,,,,,,,
16782974,"eax,rax,^,0xffffffff,&,rax,=,$z,zf,:=,$p,pf,:=,31,$s,sf,:=,0,cf,:=,0,of,:=",False,16782912,16783220,2,"xor eax, eax","xor eax, eax",31c0,cpu,xor,False,28,0,,,,,,,
16782976,"eax,rsi,=",False,16782912,16783220,2,"mov esi, eax","mov esi, eax",89c6,cpu,mov,False,9,0,,,,,,,
16782978,"10,rdx,=",False,16782912,16783217,5,"mov edx, 0xa","mov edx, 0xa",ba0a000000,cpu,mov,False,9,0,,,10.0,,,,
16782983,"16785968,rip,8,rsp,-=,rsp,=[],rip,=",False,16782912,16783217,5,call 0x1002230,call sym.imp.strtol,e8a40b0000,cpu,call,False,3,0,,,,,16785968.0,16782988.0,"[{'addr': 16785968, 'type': 'CALL'}]"
16782988,"eax,rcx,=",False,16782912,16783220,2,"mov ecx, eax","mov ecx, eax",89c1,cpu,mov,False,9,0,,,,,,,
16782990,"edi,rdi,^,0xffffffff,&,rdi,=,$z,zf,:=,$p,pf,:=,31,$s,sf,:=,0,cf,:=,0,of,:=",False,16782912,16783220,2,"xor edi, edi","xor edi, edi",31ff,cpu,xor,False,28,0,,,,,,,
16782992,"eax,rax,^,0xffffffff,&,rax,=,$z,zf,:=,$p,pf,:=,31,$s,sf,:=,0,cf,:=,0,of,:=",False,16782912,16783220,2,"xor eax, eax","xor eax, eax",31c0,cpu,xor,False,28,0,,,,,,,
16782994,"eax,r9,=",False,16782912,16783219,3,"mov r9d, eax","mov r9d, eax",4189c1,cpu,mov,False,9,0,,,,,,,
16782997,"0x70,rbp,-,rdx,=",True,16782912,16783218,4,"lea rdx, [rbp - 0x70]","lea rdx, [var_78h]",488d5590,cpu,lea,False,33,0,,,,,,,
16783001,"r9,rsi,=",False,16782912,16783219,3,"mov rsi, r9","mov rsi, r9",4c89ce,cpu,mov,False,9,0,,,,,,,
16783004,"r9,r8,=",False,16782912,16783219,3,"mov r8, r9","mov r8, r9",4d89c8,cpu,mov,False,9,0,,,,,,,
16783007,"0,rsp,=[4]",True,16782912,16783215,7,"mov dword [rsp], 0","mov dword [rsp], 0",c7042400000000,cpu,mov,False,9,0,,,0.0,,,,
16783014,"0,0x8,rsp,+,=[4]",True,16782912,16783214,8,"mov dword [rsp + 8], 0","mov dword [var_d0h], 0",c744240800000000,cpu,mov,False,9,0,,,0.0,,,,
16783022,"0,0x10,rsp,+,=[8]",True,16782912,16783213,9,"mov qword [rsp + 0x10], 0","mov qword [var_c8h], 0",48c744241000000000,cpu,mov,False,9,0,,,0.0,,,,
16783031,"0,0x18,rsp,+,=[8]",True,16782912,16783213,9,"mov qword [rsp + 0x18], 0","mov qword [var_c0h], 0",48c744241800000000,cpu,mov,False,9,0,,,0.0,,,,
16783040,"0,0x20,rsp,+,=[4]",True,16782912,16783214,8,"mov dword [rsp + 0x20], 0","mov dword [var_b8h], 0",c744242000000000,cpu,mov,False,9,0,,,0.0,,,,
16783048,"0,0x28,rsp,+,=[8]",True,16782912,16783213,9,"mov qword [rsp + 0x28], 0","mov qword [var_b0h], 0",48c744242800000000,cpu,mov,False,9,0,,,0.0,,,,
16783057,"0,0x30,rsp,+,=[8]",True,16782912,16783213,9,"mov qword [rsp + 0x30], 0","mov qword [var_a8h], 0",48c744243000000000,cpu,mov,False,9,0,,,0.0,,,,
16783066,"0,0x38,rsp,+,=[4]",True,16782912,16783214,8,"mov dword [rsp + 0x38], 0","mov dword [var_a0h], 0",c744243800000000,cpu,mov,False,9,0,,,0.0,,,,
16783074,"0,0x40,rsp,+,=[4]",True,16782912,16783214,8,"mov dword [rsp + 0x40], 0","mov dword [var_98h], 0",c744244000000000,cpu,mov,False,9,0,,,0.0,,,,
16783082,"0,0x48,rsp,+,=[4]",True,16782912,16783214,8,"mov dword [rsp + 0x48], 0","mov dword [var_90h], 0",c744244800000000,cpu,mov,False,9,0,,,0.0,,,,
16783090,"16783232,rip,8,rsp,-=,rsp,=[],rip,=",False,16782912,16783217,5,call 0x1001780,call sym.merged,e889000000,cpu,call,False,3,0,,,,,16783232.0,16783095.0,"[{'addr': 16783232, 'type': 'CALL'}]"
16783095,"1,rdi,=",False,16782912,16783217,5,"mov edi, 1","mov edi, 1",bf01000000,cpu,mov,False,9,0,,,1.0,,,,
16783100,"eax,rax,^,0xffffffff,&,rax,=,$z,zf,:=,$p,pf,:=,31,$s,sf,:=,0,cf,:=,0,of,:=",False,16782912,16783220,2,"xor eax, eax","xor eax, eax",31c0,cpu,xor,False,28,0,,,,,,,
16783102,"eax,r8,=",False,16782912,16783219,3,"mov r8d, eax","mov r8d, eax",4189c0,cpu,mov,False,9,0,,,,,,,
16783105,"ecx,rcx,^,0xffffffff,&,rcx,=,$z,zf,:=,$p,pf,:=,31,$s,sf,:=,0,cf,:=,0,of,:=",False,16782912,16783220,2,"xor ecx, ecx","xor ecx, ecx",31c9,cpu,xor,False,28,0,,,,,,,
16783107,"0x70,rbp,-,r9,=",True,16782912,16783218,4,"lea r9, [rbp - 0x70]","lea r9, [var_78h]",4c8d4d90,cpu,lea,False,33,0,,,,,,,
16783111,"r8,rsi,=",False,16782912,16783219,3,"mov rsi, r8","mov rsi, r8",4c89c6,cpu,mov,False,9,0,,,,,,,
16783114,"r8,rdx,=",False,16782912,16783219,3,"mov rdx, r8","mov rdx, r8",4c89c2,cpu,mov,False,9,0,,,,,,,
16783117,"2,rsp,=[4]",True,16782912,16783215,7,"mov dword [rsp], 2","mov dword [rsp], 2",c7042402000000,cpu,mov,False,9,0,,,2.0,,,,
16783124,"2,0x8,rsp,+,=[4]",True,16782912,16783214,8,"mov dword [rsp + 8], 2","mov dword [var_d0h], 2",c744240802000000,cpu,mov,False,9,0,,,2.0,,,,
16783132,"0,0x10,rsp,+,=[8]",True,16782912,16783213,9,"mov qword [rsp + 0x10], 0","mov qword [var_c8h], 0",48c744241000000000,cpu,mov,False,9,0,,,0.0,,,,
16783141,"0,0x18,rsp,+,=[8]",True,16782912,16783213,9,"mov qword [rsp + 0x18], 0","mov qword [var_c0h], 0",48c744241800000000,cpu,mov,False,9,0,,,0.0,,,,
16783150,"0,0x20,rsp,+,=[4]",True,16782912,16783214,8,"mov dword [rsp + 0x20], 0","mov dword [var_b8h], 0",c744242000000000,cpu,mov,False,9,0,,,0.0,,,,
16783158,"0,0x28,rsp,+,=[8]",True,16782912,16783213,9,"mov qword [rsp + 0x28], 0","mov qword [var_b0h], 0",48c744242800000000,cpu,mov,False,9,0,,,0.0,,,,
16783167,"0,0x30,rsp,+,=[8]",True,16782912,16783213,9,"mov qword [rsp + 0x30], 0","mov qword [var_a8h], 0",48c744243000000000,cpu,mov,False,9,0,,,0.0,,,,
16783176,"0,0x38,rsp,+,=[4]",True,16782912,16783214,8,"mov dword [rsp + 0x38], 0","mov dword [var_a0h], 0",c744243800000000,cpu,mov,False,9,0,,,0.0,,,,
16783184,"0,0x40,rsp,+,=[4]",True,16782912,16783214,8,"mov dword [rsp + 0x40], 0","mov dword [var_98h], 0",c744244000000000,cpu,mov,False,9,0,,,0.0,,,,
16783192,"0,0x48,rsp,+,=[4]",True,16782912,16783214,8,"mov dword [rsp + 0x48], 0","mov dword [var_90h], 0",c744244800000000,cpu,mov,False,9,0,,,0.0,,,,
16783200,"16783232,rip,8,rsp,-=,rsp,=[],rip,=",False,16782912,16783217,5,call 0x1001780,call sym.merged,e81b000000,cpu,call,False,3,0,,,,,16783232.0,16783205.0,"[{'addr': 16783232, 'type': 'CALL'}]"
16783205,"eax,rax,^,0xffffffff,&,rax,=,$z,zf,:=,$p,pf,:=,31,$s,sf,:=,0,cf,:=,0,of,:=",False,16782912,16783220,2,"xor eax, eax","xor eax, eax",31c0,cpu,xor,False,28,0,,,,,,,
16783207,"eax,0x7c,rbp,-,=[4]",True,16782912,16783219,3,"mov dword [rbp - 0x7c], eax","mov dword [var_84h], eax",894584,cpu,mov,False,268435465,0,,,,,,,
16783210,"0x7c,rbp,-,[4],rax,=",True,16782912,16783219,3,"mov eax, dword [rbp - 0x7c]","mov eax, dword [var_84h]",8b4584,cpu,mov,False,9,0,,"[{'addr': 16782961, 'type': 'CODE'}]",,,,,
16783213,"208,rsp,+=,63,$o,of,:=,63,$s,sf,:=,$z,zf,:=,63,$c,cf,:=,$p,pf,:=,3,$c,af,:=",False,16782912,16783215,7,"add rsp, 0xd0","add rsp, 0xd0",4881c4d0000000,cpu,add,False,17,0,,,208.0,,,,
16783220,"rsp,[8],8,rsp,+=,rbp,=",False,16782912,16783221,1,pop rbp,pop rbp,5d,cpu,pop,False,14,0,,,,,,,
16783221,"rsp,[8],rip,=,8,rsp,+=",False,16782912,16783221,1,ret,ret,c3,cpu,ret,False,5,0,,,,,,,
