offset,esil,refptr,fcn_addr,fcn_last,size,opcode,disasm,bytes,family,type,reloc,type_num,type2_num,flags,xrefs_to,val,ptr,xrefs_from,jump,fail
16782880,"rbp,8,rsp,-,=[8],8,rsp,-=",False,16782880,16783044,1,push rbp,push rbp,55,cpu,rpush,False,268435468,0,['sym.emi'],"[{'addr': 16783175, 'type': 'CALL'}]",,,,,
16782881,"rsp,rbp,=",False,16782880,16783042,3,"mov rbp, rsp","mov rbp, rsp",4889e5,cpu,mov,False,9,0,,,,,,,
16782884,"32,rsp,-=,32,0x8000000000000000,-,!,63,$o,^,of,:=,63,$s,sf,:=,$z,zf,:=,$p,pf,:=,64,$b,cf,:=,3,$b,af,:=",False,16782880,16783041,4,"sub rsp, 0x20","sub rsp, 0x20",4883ec20,cpu,sub,False,18,0,,,32.0,,,,
16782888,,False,16782880,16783041,4,"cvtsi2ss xmm3, edi","cvtsi2ss xmm3, edi",f30f2adf,sse,null,False,0,0,,,,,,,
16782892,,False,16782880,16783041,4,"cvtsi2ss xmm0, esi","cvtsi2ss xmm0, esi",f30f2ac6,sse,null,False,0,0,,,,,,,
16782896,,False,16782880,16783041,4,"cvtsi2ss xmm1, edx","cvtsi2ss xmm1, edx",f30f2aca,sse,null,False,0,0,,,,,,,
16782900,"0x1148,rip,-,[4],xmm2,=",True,16782880,16783037,8,"movss xmm2, dword [rip - 0x1148]","movss xmm2, dword [data.010004f4]",f30f1015b8eeffff,sse,mov,False,9,0,,,,16778484.0,"[{'addr': 16778484, 'type': 'DATA'}]",,
16782908,,False,16782880,16783041,4,"divss xmm0, xmm2","divss xmm0, xmm2",f30f5ec2,sse,null,False,0,0,,,,,,,
16782912,"0x1150,rip,-,[4],xmm2,=",True,16782880,16783037,8,"movss xmm2, dword [rip - 0x1150]","movss xmm2, dword [data.010004f8]",f30f1015b0eeffff,sse,mov,False,9,0,,,,16778488.0,"[{'addr': 16778488, 'type': 'DATA'}]",,
16782920,"xmm2,xmm1,*=",False,16782880,16783041,4,"mulss xmm1, xmm2","mulss xmm1, xmm2",f30f59ca,sse,mul,False,20,0,,,,,,,
16782924,"xmm0,xmm2,=",False,16782880,16783042,3,"movaps xmm2, xmm0","movaps xmm2, xmm0",0f28d0,sse,mov,False,9,0,,,,,,,
16782927,"xmm3,xmm2,*=",False,16782880,16783041,4,"mulss xmm2, xmm3","mulss xmm2, xmm3",f30f59d3,sse,mul,False,20,0,,,,,,,
16782931,,False,16782880,16783041,4,"cvtss2sd xmm2, xmm2","cvtss2sd xmm2, xmm2",f30f5ad2,sse,null,False,0,0,,,,,,,
16782935,"xmm2,0x20,rbp,-,=[8]",True,16782880,16783040,5,"movsd qword [rbp - 0x20], xmm2","movsd qword [var_28h], xmm2",f20f1155e0,sse,mov,False,268435465,0,,,,,,,
16782940,"0x1174,rip,-,[4],xmm2,=",True,16782880,16783037,8,"movss xmm2, dword [rip - 0x1174]","movss xmm2, dword [data.010004f0]",f30f10158ceeffff,sse,mov,False,9,0,,,,16778480.0,"[{'addr': 16778480, 'type': 'DATA'}]",,
16782948,"xmm2,xmm0,+=",False,16782880,16783041,4,"addss xmm0, xmm2","addss xmm0, xmm2",f30f58c2,sse,add,False,17,0,,,124.0,,,,
16782952,,False,16782880,16783041,4,"cvtss2sd xmm0, xmm0","cvtss2sd xmm0, xmm0",f30f5ac0,sse,null,False,0,0,,,,,,,
16782956,"xmm0,0x10,rbp,-,=[8]",True,16782880,16783040,5,"movsd qword [rbp - 0x10], xmm0","movsd qword [var_18h], xmm0",f20f1145f0,sse,mov,False,268435465,0,,,,,,,
16782961,,False,16782880,16783041,4,"cvtss2sd xmm1, xmm1","cvtss2sd xmm1, xmm1",f30f5ac9,sse,null,False,0,0,,,,,,,
16782965,"xmm1,0x18,rbp,-,=[8]",True,16782880,16783040,5,"movsd qword [rbp - 0x18], xmm1","movsd qword [var_20h], xmm1",f20f114de8,sse,mov,False,268435465,0,,,,,,,
16782970,"16783392,rip,8,rsp,-=,rsp,=[],rip,=",False,16782880,16783040,5,call 0x1001820,call sym.imp.pow,e8a1010000,cpu,call,False,3,0,,,,,"[{'addr': 16783392, 'type': 'CALL'}]",16783392.0,16782975.0
16782975,"0x20,rbp,-,[8],xmm3,=",True,16782880,16783040,5,"movsd xmm3, qword [rbp - 0x20]","movsd xmm3, qword [var_28h]",f20f105de0,sse,mov,False,9,0,,,,,,,
16782980,"0x18,rbp,-,[8],xmm1,=",True,16782880,16783040,5,"movsd xmm1, qword [rbp - 0x18]","movsd xmm1, qword [var_20h]",f20f104de8,sse,mov,False,9,0,,,,,,,
16782985,"xmm0,xmm2,=",False,16782880,16783042,3,"movaps xmm2, xmm0","movaps xmm2, xmm0",0f28d0,sse,mov,False,9,0,,,,,,,
16782988,"0x10,rbp,-,[8],xmm0,=",True,16782880,16783040,5,"movsd xmm0, qword [rbp - 0x10]","movsd xmm0, qword [var_18h]",f20f1045f0,sse,mov,False,9,0,,,,,,,
16782993,"xmm3,xmm2,*=",False,16782880,16783041,4,"mulsd xmm2, xmm3","mulsd xmm2, xmm3",f20f59d3,sse,mul,False,20,0,,,,,,,
16782997,"xmm2,0x8,rbp,-,=[8]",True,16782880,16783040,5,"movsd qword [rbp - 8], xmm2","movsd qword [var_10h], xmm2",f20f1155f8,sse,mov,False,268435465,0,,,,,,,
16783002,"16783392,rip,8,rsp,-=,rsp,=[],rip,=",False,16782880,16783040,5,call 0x1001820,call sym.imp.pow,e881010000,cpu,call,False,3,0,,,,,"[{'addr': 16783392, 'type': 'CALL'}]",16783392.0,16783007.0
16783007,"xmm0,xmm1,=",False,16782880,16783042,3,"movaps xmm1, xmm0","movaps xmm1, xmm0",0f28c8,sse,mov,False,9,0,,,,,,,
16783010,"0x8,rbp,-,[8],xmm0,=",True,16782880,16783040,5,"movsd xmm0, qword [rbp - 8]","movsd xmm0, qword [var_10h]",f20f1045f8,sse,mov,False,9,0,,,,,,,
16783015,"0x11c7,rip,-,[8],xmm2,=",True,16782880,16783037,8,"movsd xmm2, qword [rip - 0x11c7]","movsd xmm2, qword [data.010004e8]",f20f101539eeffff,sse,mov,False,9,0,,,,16778472.0,"[{'addr': 16778472, 'type': 'DATA'}]",,
16783023,"xmm2,xmm1,+=",False,16782880,16783041,4,"addsd xmm1, xmm2","addsd xmm1, xmm2",f20f58ca,sse,add,False,17,0,,,124.0,,,,
16783027,,False,16782880,16783041,4,"divsd xmm0, xmm1","divsd xmm0, xmm1",f20f5ec1,sse,null,False,0,0,,,,,,,
16783031,,False,16782880,16783041,4,"cvtsd2ss xmm0, xmm0","cvtsd2ss xmm0, xmm0",f20f5ac0,sse,null,False,0,0,,,,,,,
16783035,,False,16782880,16783041,4,"cvttss2si eax, xmm0","cvttss2si eax, xmm0",f30f2cc0,sse,null,False,0,0,,,,,,,
16783039,"32,rsp,+=,63,$o,of,:=,63,$s,sf,:=,$z,zf,:=,63,$c,cf,:=,$p,pf,:=,3,$c,af,:=",False,16782880,16783041,4,"add rsp, 0x20","add rsp, 0x20",4883c420,cpu,add,False,17,0,,,32.0,,,,
16783043,"rsp,[8],8,rsp,+=,rbp,=",False,16782880,16783044,1,pop rbp,pop rbp,5d,cpu,pop,False,14,0,,,,,,,
16783044,"rsp,[8],rip,=,8,rsp,+=",False,16782880,16783044,1,ret,ret,c3,cpu,ret,False,5,0,,,,,,,
