offset,esil,refptr,fcn_addr,fcn_last,size,opcode,disasm,bytes,family,type,reloc,type_num,type2_num,flags,xrefs_to,val,jump,fail,xrefs_from,ptr
16783408,"rbp,8,rsp,-,=[8],8,rsp,-=",False,16783408,16783500,1,push rbp,push rbp,55,cpu,rpush,False,268435468,0,"['main', 'sym.main', 'dbg.main']","[{'addr': 16782813, 'type': 'DATA'}]",,,,,
16783409,"rsp,rbp,=",False,16783408,16783498,3,"mov rbp, rsp","mov rbp, rsp",4889e5,cpu,mov,False,9,0,,,,,,,
16783412,"16,rsp,-=,16,0x8000000000000000,-,!,63,$o,^,of,:=,63,$s,sf,:=,$z,zf,:=,$p,pf,:=,64,$b,cf,:=,3,$b,af,:=",False,16783408,16783497,4,"sub rsp, 0x10","sub rsp, 0x10",4883ec10,cpu,sub,False,18,0,,,16.0,,,,
16783416,"0x8,rsi,+,[8],rdi,=",True,16783408,16783497,4,"mov rdi, qword [rsi + 8]","mov rdi, qword [rsi + 8]",488b7e08,cpu,mov,False,9,0,,,,,,,
16783420,"eax,rax,^,0xffffffff,&,rax,=,$z,zf,:=,$p,pf,:=,31,$s,sf,:=,0,cf,:=,0,of,:=",False,16783408,16783499,2,"xor eax, eax","xor eax, eax",31c0,cpu,xor,False,28,0,,,,,,,
16783422,"eax,rsi,=",False,16783408,16783499,2,"mov esi, eax","mov esi, eax",89c6,cpu,mov,False,9,0,,,,,,,
16783424,"16783664,rip,8,rsp,-=,rsp,=[],rip,=",False,16783408,16783496,5,call 0x1001930,call sym.imp.strtod,e8eb000000,cpu,call,False,3,0,,,,16783664.0,16783429.0,"[{'addr': 16783664, 'type': 'CALL'}]",
16783429,,False,16783408,16783497,4,"cvtsd2ss xmm0, xmm0","cvtsd2ss xmm0, xmm0",f20f5ac0,sse,null,False,0,0,,,,,,,
16783433,,False,16783408,16783497,4,"cvttss2si edi, xmm0","cvttss2si edi, xmm0",f30f2cf8,sse,null,False,0,0,,,,,,,
16783437,"16782832,rip,8,rsp,-=,rsp,=[],rip,=",False,16783408,16783496,5,call 0x10015f0,call dbg.findRoots,e89efdffff,cpu,call,False,3,0,,,,16782832.0,16783442.0,"[{'addr': 16782832, 'type': 'CALL'}]",
16783442,"eax,rcx,=",False,16783408,16783499,2,"mov ecx, eax","mov ecx, eax",89c1,cpu,mov,False,9,0,,,,,,,
16783444,"ecx,0x4,rbp,-,=[4]",True,16783408,16783498,3,"mov dword [rbp - 4], ecx","mov dword [number], ecx",894dfc,cpu,mov,False,268435465,0,,,,,,,
16783447,"0x137f,rip,-,rdi,=",True,16783408,16783494,7,"lea rdi, [rip - 0x137f]","lea rdi, str.You_loose",488d3d81ecffff,cpu,lea,False,33,0,,,,,,"[{'addr': 16778463, 'type': 'DATA'}]",16778463.0
16783454,"0x138f,rip,-,rax,=",True,16783408,16783494,7,"lea rax, [rip - 0x138f]","lea rax, str.You_win",488d0571ecffff,cpu,lea,False,33,0,,,,,,"[{'addr': 16778454, 'type': 'DATA'}]",16778454.0
16783461,"4294966792,ecx,==,$z,zf,:=,32,$b,cf,:=,$p,pf,:=,31,$s,sf,:=,4294966792,0x80000000,-,!,31,$o,^,of,:=,3,$b,af,:=",False,16783408,16783495,6,"cmp ecx, 0xfffffe08","cmp ecx, 0xfffffe08",81f908feffff,cpu,cmp,False,15,0,,,4294966792.0,,,,4294966792.0
16783467,"zf,?{,rax,rdi,=,}",False,16783408,16783497,4,"cmove rdi, rax","cmove rdi, rax",480f44f8,cpu,cmov,False,2147483657,0,,,,,,,
16783471,"16783680,rip,8,rsp,-=,rsp,=[],rip,=",False,16783408,16783496,5,call 0x1001940,call sym.imp.puts,e8cc000000,cpu,call,False,3,0,,,,16783680.0,16783476.0,"[{'addr': 16783680, 'type': 'CALL'}]",
16783476,"0x4,rbp,-,[4],rsi,=",True,16783408,16783498,3,"mov esi, dword [rbp - 4]","mov esi, dword [number]",8b75fc,cpu,mov,False,9,0,,,,,,,
16783479,"0x13b6,rip,-,rdi,=",True,16783408,16783494,7,"lea rdi, [rip - 0x13b6]","lea rdi, str.Result:_0x_x",488d3d4aecffff,cpu,lea,False,33,0,,,,,,"[{'addr': 16778440, 'type': 'DATA'}]",16778440.0
16783486,"0,al,=",False,16783408,16783499,2,"mov al, 0","mov al, 0",b000,cpu,mov,False,9,0,,,0.0,,,,
16783488,"16783648,rip,8,rsp,-=,rsp,=[],rip,=",False,16783408,16783496,5,call 0x1001920,call sym.imp.printf,e89b000000,cpu,call,False,3,0,,,,16783648.0,16783493.0,"[{'addr': 16783648, 'type': 'CALL'}]",
16783493,"eax,rax,^,0xffffffff,&,rax,=,$z,zf,:=,$p,pf,:=,31,$s,sf,:=,0,cf,:=,0,of,:=",False,16783408,16783499,2,"xor eax, eax","xor eax, eax",31c0,cpu,xor,False,28,0,,,,,,,
16783495,"16,rsp,+=,63,$o,of,:=,63,$s,sf,:=,$z,zf,:=,63,$c,cf,:=,$p,pf,:=,3,$c,af,:=",False,16783408,16783497,4,"add rsp, 0x10","add rsp, 0x10",4883c410,cpu,add,False,17,0,,,16.0,,,,
16783499,"rsp,[8],8,rsp,+=,rbp,=",False,16783408,16783500,1,pop rbp,pop rbp,5d,cpu,pop,False,14,0,,,,,,,
16783500,"rsp,[8],rip,=,8,rsp,+=",False,16783408,16783500,1,ret,ret,c3,cpu,ret,False,5,0,,,,,,,
