offset,esil,refptr,fcn_addr,fcn_last,size,opcode,disasm,bytes,family,type,reloc,type_num,type2_num,flags,xrefs_to,ptr,val,jump,fail,xrefs_from
16782752,"rbp,8,rsp,-,=[8],8,rsp,-=",False,16782752,16783049,1,push rbp,push rbp,55,cpu,rpush,False,268435468,0,['sym.last_digit_fib_optimized'],"[{'addr': 16783101, 'type': 'CALL'}]",,,,,
16782753,"rsp,rbp,=",False,16782752,16783047,3,"mov rbp, rsp","mov rbp, rsp",4889e5,cpu,mov,False,9,0,,,,,,,
16782756,"edi,0x8,rbp,-,=[4]",True,16782752,16783047,3,"mov dword [rbp - 8], edi","mov dword [var_10h], edi",897df8,cpu,mov,False,268435465,0,,,,,,,
16782759,"edx,rdx,^,0xffffffff,&,rdx,=,$z,zf,:=,$p,pf,:=,31,$s,sf,:=,0,cf,:=,0,of,:=",False,16782752,16783048,2,"xor edx, edx","xor edx, edx",31d2,cpu,xor,False,28,0,,,,,,,
16782761,"2,edi,==,$z,zf,:=,32,$b,cf,:=,$p,pf,:=,31,$s,sf,:=,2,0x80000000,-,!,31,$o,^,of,:=,3,$b,af,:=",False,16782752,16783047,3,"cmp edi, 2","cmp edi, 2",83ff02,cpu,cmp,False,15,0,,,2.0,2.0,,,
16782764,"edx,0x4,rbp,-,=[4]",True,16782752,16783047,3,"mov dword [rbp - 4], edx","mov dword [var_10h + 0x4], edx",8955fc,cpu,mov,False,268435465,0,,,,,,,
16782767,"of,sf,^,?{,16782922,rip,=,}",False,16782752,16783044,6,jl 0x100164a,jl 0x100164a,0f8c95000000,cpu,cjmp,False,2147483649,0,,,,,16782922.0,16782773.0,
16782773,"0x8,rbp,-,[4],rcx,=",True,16782752,16783047,3,"mov ecx, dword [rbp - 8]","mov ecx, dword [var_10h]",8b4df8,cpu,mov,False,9,0,,,,,,,
16782776,"ecx,rax,=",False,16782752,16783048,2,"mov eax, ecx","mov eax, ecx",89c8,cpu,mov,False,9,0,,,,,,,
16782778,"18446744073709551615,eax,+=,31,$o,of,:=,31,$s,sf,:=,$z,zf,:=,31,$c,cf,:=,$p,pf,:=,3,$c,af,:=",False,16782752,16783047,3,"add eax, 0xffffffff","add eax, 0xffffffff",83c0ff,cpu,add,False,17,0,,,,,,,
16782781,"eax,0x18,rbp,-,=[4]",True,16782752,16783047,3,"mov dword [rbp - 0x18], eax","mov dword [var_20h], eax",8945e8,cpu,mov,False,268435465,0,,,,,,,
16782784,"18446744073709551614,ecx,+=,31,$o,of,:=,31,$s,sf,:=,$z,zf,:=,31,$c,cf,:=,$p,pf,:=,3,$c,af,:=",False,16782752,16783047,3,"add ecx, 0xfffffffe","add ecx, 0xfffffffe",83c1fe,cpu,add,False,17,0,,,,1.8446744073709552e+19,,,
16782787,"3,rax,&,0xffffffff,&,rax,=,$z,zf,:=,$p,pf,:=,31,$s,sf,:=,0,cf,:=,0,of,:=",False,16782752,16783047,3,"and eax, 3","and eax, 3",83e003,cpu,and,False,27,0,,,,3.0,,,
16782790,"eax,0x14,rbp,-,=[4]",True,16782752,16783047,3,"mov dword [rbp - 0x14], eax","mov dword [var_1ch], eax",8945ec,cpu,mov,False,268435465,0,,,,,,,
16782793,"1,rax,=",False,16782752,16783045,5,"mov eax, 1","mov eax, 1",b801000000,cpu,mov,False,9,0,,,,1.0,,,
16782798,"edx,rdx,^,0xffffffff,&,rdx,=,$z,zf,:=,$p,pf,:=,31,$s,sf,:=,0,cf,:=,0,of,:=",False,16782752,16783048,2,"xor edx, edx","xor edx, edx",31d2,cpu,xor,False,28,0,,,,,,,
16782800,"3,ecx,==,$z,zf,:=,32,$b,cf,:=,$p,pf,:=,31,$s,sf,:=,3,0x80000000,-,!,31,$o,^,of,:=,3,$b,af,:=",False,16782752,16783047,3,"cmp ecx, 3","cmp ecx, 3",83f903,cpu,cmp,False,15,0,,,3.0,3.0,,,
16782803,"eax,0x10,rbp,-,=[4]",True,16782752,16783047,3,"mov dword [rbp - 0x10], eax","mov dword [var_18h], eax",8945f0,cpu,mov,False,268435465,0,,,,,,,
16782806,"edx,0xc,rbp,-,=[4]",True,16782752,16783047,3,"mov dword [rbp - 0xc], edx","mov dword [var_14h], edx",8955f4,cpu,mov,False,268435465,0,,,,,,,
16782809,"cf,?{,16782840,rip,=,}",False,16782752,16783048,2,jb 0x10015f8,jb 0x10015f8,721d,cpu,cjmp,False,2147483649,0,,,,,16782840.0,16782811.0,
16782811,"0x18,rbp,-,[4],rax,=",True,16782752,16783047,3,"mov eax, dword [rbp - 0x18]","mov eax, dword [var_20h]",8b45e8,cpu,mov,False,9,0,,,,,,,
16782814,"4294967292,rax,&,0xffffffff,&,rax,=,$z,zf,:=,$p,pf,:=,31,$s,sf,:=,0,cf,:=,0,of,:=",False,16782752,16783047,3,"and eax, 0xfffffffc","and eax, 0xfffffffc",83e0fc,cpu,and,False,27,0,,,4294967292.0,4294967292.0,,,
16782817,"eax,0x28,rbp,-,=[4]",True,16782752,16783047,3,"mov dword [rbp - 0x28], eax","mov dword [var_30h], eax",8945d8,cpu,mov,False,268435465,0,,,,,,,
16782820,"1,rdx,=",False,16782752,16783045,5,"mov edx, 1","mov edx, 1",ba01000000,cpu,mov,False,9,0,,,,1.0,,,
16782825,"eax,rax,^,0xffffffff,&,rax,=,$z,zf,:=,$p,pf,:=,31,$s,sf,:=,0,cf,:=,0,of,:=",False,16782752,16783048,2,"xor eax, eax","xor eax, eax",31c0,cpu,xor,False,28,0,,,,,,,
16782827,"edx,0x24,rbp,-,=[4]",True,16782752,16783047,3,"mov dword [rbp - 0x24], edx","mov dword [var_2ch], edx",8955dc,cpu,mov,False,268435465,0,,,,,,,
16782830,"eax,rdx,=",False,16782752,16783048,2,"mov edx, eax","mov edx, eax",89c2,cpu,mov,False,9,0,,,,,,,
16782832,"edx,0x20,rbp,-,=[4]",True,16782752,16783047,3,"mov dword [rbp - 0x20], edx","mov dword [var_28h], edx",8955e0,cpu,mov,False,268435465,0,,,,,,,
16782835,"eax,0x1c,rbp,-,=[4]",True,16782752,16783047,3,"mov dword [rbp - 0x1c], eax","mov dword [var_24h], eax",8945e4,cpu,mov,False,268435465,0,,,,,,,
16782838,"0x100164f,rip,=",False,16782752,16783048,2,jmp 0x100164f,jmp 0x100164f,eb57,cpu,jmp,False,1,0,,,,,16782927.0,,"[{'addr': 16782927, 'type': 'CODE'}]"
16782840,"0x14,rbp,-,[4],rdi,=",True,16782752,16783047,3,"mov edi, dword [rbp - 0x14]","mov edi, dword [var_1ch]",8b7dec,cpu,mov,False,9,0,,,,,,,
16782843,"0x38,rbp,-,[4],rdx,=",True,16782752,16783047,3,"mov edx, dword [rbp - 0x38]","mov edx, dword [var_40h]",8b55c8,cpu,mov,False,9,0,,,,,,,
16782846,"0x10,rbp,-,[4],rsi,=",True,16782752,16783047,3,"mov esi, dword [rbp - 0x10]","mov esi, dword [var_18h]",8b75f0,cpu,mov,False,9,0,,,,,,,
16782849,"0xc,rbp,-,[4],rcx,=",True,16782752,16783047,3,"mov ecx, dword [rbp - 0xc]","mov ecx, dword [var_14h]",8b4df4,cpu,mov,False,9,0,,,,,,,
16782852,"eax,rax,^,0xffffffff,&,rax,=,$z,zf,:=,$p,pf,:=,31,$s,sf,:=,0,cf,:=,0,of,:=",False,16782752,16783048,2,"xor eax, eax","xor eax, eax",31c0,cpu,xor,False,28,0,,,,,,,
16782854,"0,edi,==,$z,zf,:=,32,$b,cf,:=,$p,pf,:=,31,$s,sf,:=,0,0x80000000,-,!,31,$o,^,of,:=,3,$b,af,:=",False,16782752,16783047,3,"cmp edi, 0","cmp edi, 0",83ff00,cpu,cmp,False,15,0,,,0.0,0.0,,,
16782857,"esi,0x34,rbp,-,=[4]",True,16782752,16783047,3,"mov dword [rbp - 0x34], esi","mov dword [var_3ch], esi",8975cc,cpu,mov,False,268435465,0,,,,,,,
16782860,"ecx,0x30,rbp,-,=[4]",True,16782752,16783047,3,"mov dword [rbp - 0x30], ecx","mov dword [var_38h], ecx",894dd0,cpu,mov,False,268435465,0,,,,,,,
16782863,"eax,0x2c,rbp,-,=[4]",True,16782752,16783047,3,"mov dword [rbp - 0x2c], eax","mov dword [var_34h], eax",8945d4,cpu,mov,False,268435465,0,,,,,,,
16782866,"edx,0x4,rbp,-,=[4]",True,16782752,16783047,3,"mov dword [rbp - 4], edx","mov dword [var_10h + 0x4], edx",8955fc,cpu,mov,False,268435465,0,,,,,,,
16782869,"zf,?{,16782922,rip,=,}",False,16782752,16783048,2,je 0x100164a,je 0x100164a,7433,cpu,cjmp,False,2147483649,0,,,,,16782922.0,16782871.0,
16782871,"0x2c,rbp,-,[4],rax,=",True,16782752,16783047,3,"mov eax, dword [rbp - 0x2c]","mov eax, dword [var_34h]",8b45d4,cpu,mov,False,9,0,,,,,,,
16782874,"0x30,rbp,-,[4],rdx,=",True,16782752,16783047,3,"mov edx, dword [rbp - 0x30]","mov edx, dword [var_38h]",8b55d0,cpu,mov,False,9,0,,,,,,,
16782877,"0x34,rbp,-,[4],rcx,=",True,16782752,16783047,3,"mov ecx, dword [rbp - 0x34]","mov ecx, dword [var_3ch]",8b4dcc,cpu,mov,False,9,0,,,,,,,
16782880,"0x14,rbp,-,[4],rsi,=",True,16782752,16783047,3,"mov esi, dword [rbp - 0x14]","mov esi, dword [var_1ch]",8b75ec,cpu,mov,False,9,0,,,,,,,
16782883,"eax,0x3c,rbp,-,=[4]",True,16782752,16783047,3,"mov dword [rbp - 0x3c], eax","mov dword [var_44h], eax",8945c4,cpu,mov,False,268435465,0,,,,,,,
16782886,"ecx,rax,=",False,16782752,16783048,2,"mov eax, ecx","mov eax, ecx",89c8,cpu,mov,False,9,0,,,,,,,
16782888,"edx,eax,+=,31,$o,of,:=,31,$s,sf,:=,$z,zf,:=,31,$c,cf,:=,$p,pf,:=,3,$c,af,:=",False,16782752,16783048,2,"add eax, edx","add eax, edx",01d0,cpu,add,False,17,0,,,,,,,
16782890,"10,rdi,=",False,16782752,16783045,5,"mov edi, 0xa","mov edi, 0xa",bf0a000000,cpu,mov,False,9,0,,,,10.0,,,
16782895,"0,edx,=,31,eax,>>,?{,0xffffffff,edx,=,}",False,16782752,16783049,1,cdq,cdq,99,cpu,null,False,0,0,,,,,,,
16782896,"32,edi,~,32,edx,<<,eax,+,~%,32,edi,~,32,edx,<<,eax,+,~/,eax,=,edx,=",False,16782752,16783048,2,idiv edi,idiv edi,f7ff,cpu,div,False,21,0,,,,,,,
16782898,"0x3c,rbp,-,[4],rax,=",True,16782752,16783047,3,"mov eax, dword [rbp - 0x3c]","mov eax, dword [var_44h]",8b45c4,cpu,mov,False,9,0,,,,,,,
16782901,"1,eax,+=,31,$o,of,:=,31,$s,sf,:=,$z,zf,:=,31,$c,cf,:=,$p,pf,:=,3,$c,af,:=",False,16782752,16783047,3,"add eax, 1","add eax, 1",83c001,cpu,add,False,17,0,,,,1.0,,,
16782904,"esi,eax,==,$z,zf,:=,32,$b,cf,:=,$p,pf,:=,31,$s,sf,:=,esi,0x80000000,-,!,31,$o,^,of,:=,3,$b,af,:=",False,16782752,16783048,2,"cmp eax, esi","cmp eax, esi",39f0,cpu,cmp,False,15,0,,,,,,,
16782906,"edx,rsi,=",False,16782752,16783048,2,"mov esi, edx","mov esi, edx",89d6,cpu,mov,False,9,0,,,,,,,
16782908,"esi,0x34,rbp,-,=[4]",True,16782752,16783047,3,"mov dword [rbp - 0x34], esi","mov dword [var_3ch], esi",8975cc,cpu,mov,False,268435465,0,,,,,,,
16782911,"ecx,0x30,rbp,-,=[4]",True,16782752,16783047,3,"mov dword [rbp - 0x30], ecx","mov dword [var_38h], ecx",894dd0,cpu,mov,False,268435465,0,,,,,,,
16782914,"eax,0x2c,rbp,-,=[4]",True,16782752,16783047,3,"mov dword [rbp - 0x2c], eax","mov dword [var_34h], eax",8945d4,cpu,mov,False,268435465,0,,,,,,,
16782917,"edx,0x4,rbp,-,=[4]",True,16782752,16783047,3,"mov dword [rbp - 4], edx","mov dword [var_10h + 0x4], edx",8955fc,cpu,mov,False,268435465,0,,,,,,,
16782920,"zf,!,?{,16782871,rip,=,}",False,16782752,16783048,2,jne 0x1001617,jne 0x1001617,75cd,cpu,cjmp,False,2147483649,0,,,,,16782871.0,16782922.0,
16782922,"0x4,rbp,-,[4],rax,=",True,16782752,16783047,3,"mov eax, dword [rbp - 4]","mov eax, dword [var_10h + 0x4]",8b45fc,cpu,mov,False,9,0,,,,,,,
16782925,"rsp,[8],8,rsp,+=,rbp,=",False,16782752,16783049,1,pop rbp,pop rbp,5d,cpu,pop,False,14,0,,,,,,,
16782926,"rsp,[8],rip,=,8,rsp,+=",False,16782752,16783049,1,ret,ret,c3,cpu,ret,False,5,0,,,,,,,
16782927,"0x1c,rbp,-,[4],rax,=",True,16782752,16783047,3,"mov eax, dword [rbp - 0x1c]","mov eax, dword [var_24h]",8b45e4,cpu,mov,False,9,0,,"[{'addr': 16782838, 'type': 'CODE'}, {'addr': 16783048, 'type': 'CODE'}]",,,,,
16782930,"0x20,rbp,-,[4],rdx,=",True,16782752,16783047,3,"mov edx, dword [rbp - 0x20]","mov edx, dword [var_28h]",8b55e0,cpu,mov,False,9,0,,,,,,,
16782933,"0x24,rbp,-,[4],rcx,=",True,16782752,16783047,3,"mov ecx, dword [rbp - 0x24]","mov ecx, dword [var_2ch]",8b4ddc,cpu,mov,False,9,0,,,,,,,
16782936,"0x28,rbp,-,[4],rsi,=",True,16782752,16783047,3,"mov esi, dword [rbp - 0x28]","mov esi, dword [var_30h]",8b75d8,cpu,mov,False,9,0,,,,,,,
16782939,"eax,0x44,rbp,-,=[4]",True,16782752,16783047,3,"mov dword [rbp - 0x44], eax","mov dword [var_4ch], eax",8945bc,cpu,mov,False,268435465,0,,,,,,,
16782942,"ecx,rax,=",False,16782752,16783048,2,"mov eax, ecx","mov eax, ecx",89c8,cpu,mov,False,9,0,,,,,,,
16782944,"edx,eax,+=,31,$o,of,:=,31,$s,sf,:=,$z,zf,:=,31,$c,cf,:=,$p,pf,:=,3,$c,af,:=",False,16782752,16783048,2,"add eax, edx","add eax, edx",01d0,cpu,add,False,17,0,,,,,,,
16782946,"10,rdi,=",False,16782752,16783045,5,"mov edi, 0xa","mov edi, 0xa",bf0a000000,cpu,mov,False,9,0,,,,10.0,,,
16782951,"0,edx,=,31,eax,>>,?{,0xffffffff,edx,=,}",False,16782752,16783049,1,cdq,cdq,99,cpu,null,False,0,0,,,,,,,
16782952,"32,edi,~,32,edx,<<,eax,+,~%,32,edi,~,32,edx,<<,eax,+,~/,eax,=,edx,=",False,16782752,16783048,2,idiv edi,idiv edi,f7ff,cpu,div,False,21,0,,,,,,,
16782954,"edx,rax,=",False,16782752,16783048,2,"mov eax, edx","mov eax, edx",89d0,cpu,mov,False,9,0,,,,,,,
16782956,"eax,0x4c,rbp,-,=[4]",True,16782752,16783047,3,"mov dword [rbp - 0x4c], eax","mov dword [var_54h], eax",8945b4,cpu,mov,False,268435465,0,,,,,,,
16782959,"ecx,eax,+=,31,$o,of,:=,31,$s,sf,:=,$z,zf,:=,31,$c,cf,:=,$p,pf,:=,3,$c,af,:=",False,16782752,16783048,2,"add eax, ecx","add eax, ecx",01c8,cpu,add,False,17,0,,,,,,,
16782961,"10,rcx,=",False,16782752,16783045,5,"mov ecx, 0xa","mov ecx, 0xa",b90a000000,cpu,mov,False,9,0,,,,10.0,,,
16782966,"0,edx,=,31,eax,>>,?{,0xffffffff,edx,=,}",False,16782752,16783049,1,cdq,cdq,99,cpu,null,False,0,0,,,,,,,
16782967,"32,ecx,~,32,edx,<<,eax,+,~%,32,ecx,~,32,edx,<<,eax,+,~/,eax,=,edx,=",False,16782752,16783048,2,idiv ecx,idiv ecx,f7f9,cpu,div,False,21,0,,,,,,,
16782969,"edx,rax,=",False,16782752,16783048,2,"mov eax, edx","mov eax, edx",89d0,cpu,mov,False,9,0,,,,,,,
16782971,"0x4c,rbp,-,[4],rdx,=",True,16782752,16783047,3,"mov edx, dword [rbp - 0x4c]","mov edx, dword [var_54h]",8b55b4,cpu,mov,False,9,0,,,,,,,
16782974,"eax,0x48,rbp,-,=[4]",True,16782752,16783047,3,"mov dword [rbp - 0x48], eax","mov dword [var_50h], eax",8945b8,cpu,mov,False,268435465,0,,,,,,,
16782977,"edx,eax,+=,31,$o,of,:=,31,$s,sf,:=,$z,zf,:=,31,$c,cf,:=,$p,pf,:=,3,$c,af,:=",False,16782752,16783048,2,"add eax, edx","add eax, edx",01d0,cpu,add,False,17,0,,,,,,,
16782979,"10,rcx,=",False,16782752,16783045,5,"mov ecx, 0xa","mov ecx, 0xa",b90a000000,cpu,mov,False,9,0,,,,10.0,,,
16782984,"0,edx,=,31,eax,>>,?{,0xffffffff,edx,=,}",False,16782752,16783049,1,cdq,cdq,99,cpu,null,False,0,0,,,,,,,
16782985,"32,ecx,~,32,edx,<<,eax,+,~%,32,ecx,~,32,edx,<<,eax,+,~/,eax,=,edx,=",False,16782752,16783048,2,idiv ecx,idiv ecx,f7f9,cpu,div,False,21,0,,,,,,,
16782987,"edx,rax,=",False,16782752,16783048,2,"mov eax, edx","mov eax, edx",89d0,cpu,mov,False,9,0,,,,,,,
16782989,"0x48,rbp,-,[4],rdx,=",True,16782752,16783047,3,"mov edx, dword [rbp - 0x48]","mov edx, dword [var_50h]",8b55b8,cpu,mov,False,9,0,,,,,,,
16782992,"eax,0x40,rbp,-,=[4]",True,16782752,16783047,3,"mov dword [rbp - 0x40], eax","mov dword [var_48h], eax",8945c0,cpu,mov,False,268435465,0,,,,,,,
16782995,"edx,eax,+=,31,$o,of,:=,31,$s,sf,:=,$z,zf,:=,31,$c,cf,:=,$p,pf,:=,3,$c,af,:=",False,16782752,16783048,2,"add eax, edx","add eax, edx",01d0,cpu,add,False,17,0,,,,,,,
16782997,"10,rcx,=",False,16782752,16783045,5,"mov ecx, 0xa","mov ecx, 0xa",b90a000000,cpu,mov,False,9,0,,,,10.0,,,
16783002,"0,edx,=,31,eax,>>,?{,0xffffffff,edx,=,}",False,16782752,16783049,1,cdq,cdq,99,cpu,null,False,0,0,,,,,,,
16783003,"32,ecx,~,32,edx,<<,eax,+,~%,32,ecx,~,32,edx,<<,eax,+,~/,eax,=,edx,=",False,16782752,16783048,2,idiv ecx,idiv ecx,f7f9,cpu,div,False,21,0,,,,,,,
16783005,"0x44,rbp,-,[4],rax,=",True,16782752,16783047,3,"mov eax, dword [rbp - 0x44]","mov eax, dword [var_4ch]",8b45bc,cpu,mov,False,9,0,,,,,,,
16783008,"edx,rcx,=",False,16782752,16783048,2,"mov ecx, edx","mov ecx, edx",89d1,cpu,mov,False,9,0,,,,,,,
16783010,"0x40,rbp,-,[4],rdx,=",True,16782752,16783047,3,"mov edx, dword [rbp - 0x40]","mov edx, dword [var_48h]",8b55c0,cpu,mov,False,9,0,,,,,,,
16783013,"4,eax,+=,31,$o,of,:=,31,$s,sf,:=,$z,zf,:=,31,$c,cf,:=,$p,pf,:=,3,$c,af,:=",False,16782752,16783047,3,"add eax, 4","add eax, 4",83c004,cpu,add,False,17,0,,,,4.0,,,
16783016,"esi,eax,==,$z,zf,:=,32,$b,cf,:=,$p,pf,:=,31,$s,sf,:=,esi,0x80000000,-,!,31,$o,^,of,:=,3,$b,af,:=",False,16782752,16783048,2,"cmp eax, esi","cmp eax, esi",39f0,cpu,cmp,False,15,0,,,,,,,
16783018,"ecx,rsi,=",False,16782752,16783048,2,"mov esi, ecx","mov esi, ecx",89ce,cpu,mov,False,9,0,,,,,,,
16783020,"esi,0x38,rbp,-,=[4]",True,16782752,16783047,3,"mov dword [rbp - 0x38], esi","mov dword [var_40h], esi",8975c8,cpu,mov,False,268435465,0,,,,,,,
16783023,"ecx,rsi,=",False,16782752,16783048,2,"mov esi, ecx","mov esi, ecx",89ce,cpu,mov,False,9,0,,,,,,,
16783025,"esi,0x10,rbp,-,=[4]",True,16782752,16783047,3,"mov dword [rbp - 0x10], esi","mov dword [var_18h], esi",8975f0,cpu,mov,False,268435465,0,,,,,,,
16783028,"edx,rsi,=",False,16782752,16783048,2,"mov esi, edx","mov esi, edx",89d6,cpu,mov,False,9,0,,,,,,,
16783030,"esi,0xc,rbp,-,=[4]",True,16782752,16783047,3,"mov dword [rbp - 0xc], esi","mov dword [var_14h], esi",8975f4,cpu,mov,False,268435465,0,,,,,,,
16783033,"ecx,0x24,rbp,-,=[4]",True,16782752,16783047,3,"mov dword [rbp - 0x24], ecx","mov dword [var_2ch], ecx",894ddc,cpu,mov,False,268435465,0,,,,,,,
16783036,"edx,0x20,rbp,-,=[4]",True,16782752,16783047,3,"mov dword [rbp - 0x20], edx","mov dword [var_28h], edx",8955e0,cpu,mov,False,268435465,0,,,,,,,
16783039,"eax,0x1c,rbp,-,=[4]",True,16782752,16783047,3,"mov dword [rbp - 0x1c], eax","mov dword [var_24h], eax",8945e4,cpu,mov,False,268435465,0,,,,,,,
16783042,"zf,?{,16782840,rip,=,}",False,16782752,16783044,6,je 0x10015f8,je 0x10015f8,0f8430ffffff,cpu,cjmp,False,2147483649,0,,,,,16782840.0,16783048.0,
16783048,"0x100164f,rip,=",False,16782752,16783048,2,jmp 0x100164f,jmp 0x100164f,eb85,cpu,jmp,False,1,0,,,,,16782927.0,,"[{'addr': 16782927, 'type': 'CODE'}]"
