offset,esil,refptr,fcn_addr,fcn_last,size,opcode,disasm,bytes,family,type,reloc,type_num,type2_num,flags,xrefs_to,val,ptr,jump,fail,xrefs_from
16782848,"rbp,8,rsp,-,=[8],8,rsp,-=",False,16782848,16783183,1,push rbp,push rbp,55,cpu,rpush,False,268435468,0,"['main', 'sym.main']","[{'addr': 16782829, 'type': 'DATA'}]",,,,,
16782849,"rsp,rbp,=",False,16782848,16783181,3,"mov rbp, rsp","mov rbp, rsp",4889e5,cpu,mov,False,9,0,,,,,,,
16782852,"160,rsp,-=,160,0x8000000000000000,-,!,63,$o,^,of,:=,63,$s,sf,:=,$z,zf,:=,$p,pf,:=,64,$b,cf,:=,3,$b,af,:=",False,16782848,16783177,7,"sub rsp, 0xa0","sub rsp, 0xa0",4881eca0000000,cpu,sub,False,18,0,,,160.0,,,,
16782859,"rsi,0x18,rbp,-,=[8]",True,16782848,16783180,4,"mov qword [rbp - 0x18], rsi","mov qword [endptr], rsi",488975e8,cpu,mov,False,268435465,0,,,,,,,
16782863,"5,edi,==,$z,zf,:=,32,$b,cf,:=,$p,pf,:=,31,$s,sf,:=,5,0x80000000,-,!,31,$o,^,of,:=,3,$b,af,:=",False,16782848,16783181,3,"cmp edi, 5","cmp edi, 5",83ff05,cpu,cmp,False,15,0,,,5.0,5.0,,,
16782866,"zf,?{,16782902,rip,=,}",False,16782848,16783182,2,je 0x1001636,je 0x1001636,7422,cpu,cjmp,False,2147483649,0,,,,,16782902.0,16782868.0,
16782868,"0x18,rbp,-,[8],rax,=",True,16782848,16783180,4,"mov rax, qword [rbp - 0x18]","mov rax, qword [endptr]",488b45e8,cpu,mov,False,9,0,,,,,,,
16782872,"rax,[8],rsi,=",True,16782848,16783181,3,"mov rsi, qword [rax]","mov rsi, qword [rax]",488b30,cpu,mov,False,9,0,,,,,,,
16782875,"0x11ce,rip,-,rdi,=",True,16782848,16783177,7,"lea rdi, [rip - 0x11ce]","lea rdi, str.Usage:__s__int1___int2___int3___int4",488d3d32eeffff,cpu,lea,False,33,0,,,,16778324.0,,,"[{'addr': 16778324, 'type': 'DATA'}]"
16782882,"0,al,=",False,16782848,16783182,2,"mov al, 0","mov al, 0",b000,cpu,mov,False,9,0,,,0.0,,,,
16782884,"16786464,rip,8,rsp,-=,rsp,=[],rip,=",False,16782848,16783179,5,call 0x1002420,call sym.imp.printf,e8f70d0000,cpu,call,False,3,0,,,,,16786464.0,16782889.0,"[{'addr': 16786464, 'type': 'CALL'}]"
16782889,"1,rax,=",False,16782848,16783179,5,"mov eax, 1","mov eax, 1",b801000000,cpu,mov,False,9,0,,,1.0,,,,
16782894,"eax,0x1c,rbp,-,=[4]",True,16782848,16783181,3,"mov dword [rbp - 0x1c], eax","mov dword [var_24h], eax",8945e4,cpu,mov,False,268435465,0,,,,,,,
16782897,"0x1001744,rip,=",False,16782848,16783179,5,jmp 0x1001744,jmp 0x1001744,e90e010000,cpu,jmp,False,1,0,,,,,16783172.0,,"[{'addr': 16783172, 'type': 'CODE'}]"
16782902,"0x18,rbp,-,[8],rax,=",True,16782848,16783180,4,"mov rax, qword [rbp - 0x18]","mov rax, qword [endptr]",488b45e8,cpu,mov,False,9,0,,,,,,,
16782906,"0x8,rax,+,[8],rdi,=",True,16782848,16783180,4,"mov rdi, qword [rax + 8]","mov rdi, qword [rax + 8]",488b7808,cpu,mov,False,9,0,,,,,,,
16782910,"eax,rax,^,0xffffffff,&,rax,=,$z,zf,:=,$p,pf,:=,31,$s,sf,:=,0,cf,:=,0,of,:=",False,16782848,16783182,2,"xor eax, eax","xor eax, eax",31c0,cpu,xor,False,28,0,,,,,,,
16782912,"eax,rsi,=",False,16782848,16783182,2,"mov esi, eax","mov esi, eax",89c6,cpu,mov,False,9,0,,,,,,,
16782914,"10,rdx,=",False,16782848,16783179,5,"mov edx, 0xa","mov edx, 0xa",ba0a000000,cpu,mov,False,9,0,,,10.0,,,,
16782919,"16786480,rip,8,rsp,-=,rsp,=[],rip,=",False,16782848,16783179,5,call 0x1002430,call sym.imp.strtol,e8e40d0000,cpu,call,False,3,0,,,,,16786480.0,16782924.0,"[{'addr': 16786480, 'type': 'CALL'}]"
16782924,"rax,rcx,=",False,16782848,16783181,3,"mov rcx, rax","mov rcx, rax",4889c1,cpu,mov,False,9,0,,,,,,,
16782927,"0x18,rbp,-,[8],rax,=",True,16782848,16783180,4,"mov rax, qword [rbp - 0x18]","mov rax, qword [endptr]",488b45e8,cpu,mov,False,9,0,,,,,,,
16782931,"ecx,0x10,rbp,-,=[4]",True,16782848,16783181,3,"mov dword [rbp - 0x10], ecx","mov dword [var_18h], ecx",894df0,cpu,mov,False,268435465,0,,,,,,,
16782934,"0x10,rax,+,[8],rdi,=",True,16782848,16783180,4,"mov rdi, qword [rax + 0x10]","mov rdi, qword [rax + 0x10]",488b7810,cpu,mov,False,9,0,,,,,,,
16782938,"eax,rax,^,0xffffffff,&,rax,=,$z,zf,:=,$p,pf,:=,31,$s,sf,:=,0,cf,:=,0,of,:=",False,16782848,16783182,2,"xor eax, eax","xor eax, eax",31c0,cpu,xor,False,28,0,,,,,,,
16782940,"eax,rsi,=",False,16782848,16783182,2,"mov esi, eax","mov esi, eax",89c6,cpu,mov,False,9,0,,,,,,,
16782942,"10,rdx,=",False,16782848,16783179,5,"mov edx, 0xa","mov edx, 0xa",ba0a000000,cpu,mov,False,9,0,,,10.0,,,,
16782947,"16786480,rip,8,rsp,-=,rsp,=[],rip,=",False,16782848,16783179,5,call 0x1002430,call sym.imp.strtol,e8c80d0000,cpu,call,False,3,0,,,,,16786480.0,16782952.0,"[{'addr': 16786480, 'type': 'CALL'}]"
16782952,"rax,rcx,=",False,16782848,16783181,3,"mov rcx, rax","mov rcx, rax",4889c1,cpu,mov,False,9,0,,,,,,,
16782955,"0x18,rbp,-,[8],rax,=",True,16782848,16783180,4,"mov rax, qword [rbp - 0x18]","mov rax, qword [endptr]",488b45e8,cpu,mov,False,9,0,,,,,,,
16782959,"ecx,0xc,rbp,-,=[4]",True,16782848,16783181,3,"mov dword [rbp - 0xc], ecx","mov dword [var_14h], ecx",894df4,cpu,mov,False,268435465,0,,,,,,,
16782962,"0x18,rax,+,[8],rdi,=",True,16782848,16783180,4,"mov rdi, qword [rax + 0x18]","mov rdi, qword [rax + 0x18]",488b7818,cpu,mov,False,9,0,,,,,,,
16782966,"eax,rax,^,0xffffffff,&,rax,=,$z,zf,:=,$p,pf,:=,31,$s,sf,:=,0,cf,:=,0,of,:=",False,16782848,16783182,2,"xor eax, eax","xor eax, eax",31c0,cpu,xor,False,28,0,,,,,,,
16782968,"eax,rsi,=",False,16782848,16783182,2,"mov esi, eax","mov esi, eax",89c6,cpu,mov,False,9,0,,,,,,,
16782970,"10,rdx,=",False,16782848,16783179,5,"mov edx, 0xa","mov edx, 0xa",ba0a000000,cpu,mov,False,9,0,,,10.0,,,,
16782975,"16786480,rip,8,rsp,-=,rsp,=[],rip,=",False,16782848,16783179,5,call 0x1002430,call sym.imp.strtol,e8ac0d0000,cpu,call,False,3,0,,,,,16786480.0,16782980.0,"[{'addr': 16786480, 'type': 'CALL'}]"
16782980,"rax,rcx,=",False,16782848,16783181,3,"mov rcx, rax","mov rcx, rax",4889c1,cpu,mov,False,9,0,,,,,,,
16782983,"0x18,rbp,-,[8],rax,=",True,16782848,16783180,4,"mov rax, qword [rbp - 0x18]","mov rax, qword [endptr]",488b45e8,cpu,mov,False,9,0,,,,,,,
16782987,"ecx,0x8,rbp,-,=[4]",True,16782848,16783181,3,"mov dword [rbp - 8], ecx","mov dword [var_10h], ecx",894df8,cpu,mov,False,268435465,0,,,,,,,
16782990,"0x20,rax,+,[8],rdi,=",True,16782848,16783180,4,"mov rdi, qword [rax + 0x20]","mov rdi, qword [rax + 0x20]",488b7820,cpu,mov,False,9,0,,,,,,,
16782994,"eax,rax,^,0xffffffff,&,rax,=,$z,zf,:=,$p,pf,:=,31,$s,sf,:=,0,cf,:=,0,of,:=",False,16782848,16783182,2,"xor eax, eax","xor eax, eax",31c0,cpu,xor,False,28,0,,,,,,,
16782996,"eax,rsi,=",False,16782848,16783182,2,"mov esi, eax","mov esi, eax",89c6,cpu,mov,False,9,0,,,,,,,
16782998,"10,rdx,=",False,16782848,16783179,5,"mov edx, 0xa","mov edx, 0xa",ba0a000000,cpu,mov,False,9,0,,,10.0,,,,
16783003,"16786480,rip,8,rsp,-=,rsp,=[],rip,=",False,16782848,16783179,5,call 0x1002430,call sym.imp.strtol,e8900d0000,cpu,call,False,3,0,,,,,16786480.0,16783008.0,"[{'addr': 16786480, 'type': 'CALL'}]"
16783008,"eax,0x4,rbp,-,=[4]",True,16782848,16783181,3,"mov dword [rbp - 4], eax","mov dword [var_ch], eax",8945fc,cpu,mov,False,268435465,0,,,,,,,
16783011,"edi,rdi,^,0xffffffff,&,rdi,=,$z,zf,:=,$p,pf,:=,31,$s,sf,:=,0,cf,:=,0,of,:=",False,16782848,16783182,2,"xor edi, edi","xor edi, edi",31ff,cpu,xor,False,28,0,,,,,,,
16783013,"eax,rax,^,0xffffffff,&,rax,=,$z,zf,:=,$p,pf,:=,31,$s,sf,:=,0,cf,:=,0,of,:=",False,16782848,16783182,2,"xor eax, eax","xor eax, eax",31c0,cpu,xor,False,28,0,,,,,,,
16783015,"eax,r9,=",False,16782848,16783181,3,"mov r9d, eax","mov r9d, eax",4189c1,cpu,mov,False,9,0,,,,,,,
16783018,"0x10,rbp,-,rdx,=",True,16782848,16783180,4,"lea rdx, [rbp - 0x10]","lea rdx, [var_18h]",488d55f0,cpu,lea,False,33,0,,,,,,,
16783022,"4,rcx,=",False,16782848,16783179,5,"mov ecx, 4","mov ecx, 4",b904000000,cpu,mov,False,9,0,,,4.0,,,,
16783027,"r9,rsi,=",False,16782848,16783181,3,"mov rsi, r9","mov rsi, r9",4c89ce,cpu,mov,False,9,0,,,,,,,
16783030,"r9,r8,=",False,16782848,16783181,3,"mov r8, r9","mov r8, r9",4d89c8,cpu,mov,False,9,0,,,,,,,
16783033,"0,rsp,=[8]",True,16782848,16783176,8,"mov qword [rsp], 0","mov qword [rsp], 0",48c7042400000000,cpu,mov,False,9,0,,,0.0,,,,
16783041,"0,0x8,rsp,+,=[8]",True,16782848,16783175,9,"mov qword [rsp + 8], 0","mov qword [var_a0h], 0",48c744240800000000,cpu,mov,False,9,0,,,0.0,,,,
16783050,"0,0x10,rsp,+,=[4]",True,16782848,16783176,8,"mov dword [rsp + 0x10], 0","mov dword [var_98h], 0",c744241000000000,cpu,mov,False,9,0,,,0.0,,,,
16783058,"0,0x18,rsp,+,=[4]",True,16782848,16783176,8,"mov dword [rsp + 0x18], 0","mov dword [var_90h], 0",c744241800000000,cpu,mov,False,9,0,,,0.0,,,,
16783066,"0,0x20,rsp,+,=[8]",True,16782848,16783175,9,"mov qword [rsp + 0x20], 0","mov qword [var_88h], 0",48c744242000000000,cpu,mov,False,9,0,,,0.0,,,,
16783075,"0,0x28,rsp,+,=[8]",True,16782848,16783175,9,"mov qword [rsp + 0x28], 0","mov qword [var_80h], 0",48c744242800000000,cpu,mov,False,9,0,,,0.0,,,,
16783084,"0,0x30,rsp,+,=[4]",True,16782848,16783176,8,"mov dword [rsp + 0x30], 0","mov dword [var_78h], 0",c744243000000000,cpu,mov,False,9,0,,,0.0,,,,
16783092,"0,0x38,rsp,+,=[8]",True,16782848,16783175,9,"mov qword [rsp + 0x38], 0","mov qword [var_70h], 0",48c744243800000000,cpu,mov,False,9,0,,,0.0,,,,
16783101,"0,0x40,rsp,+,=[8]",True,16782848,16783175,9,"mov qword [rsp + 0x40], 0","mov qword [var_68h], 0",48c744244000000000,cpu,mov,False,9,0,,,0.0,,,,
16783110,"0,0x48,rsp,+,=[4]",True,16782848,16783176,8,"mov dword [rsp + 0x48], 0","mov dword [var_60h], 0",c744244800000000,cpu,mov,False,9,0,,,0.0,,,,
16783118,"0,0x50,rsp,+,=[8]",True,16782848,16783175,9,"mov qword [rsp + 0x50], 0","mov qword [var_58h], 0",48c744245000000000,cpu,mov,False,9,0,,,0.0,,,,
16783127,"0,0x58,rsp,+,=[8]",True,16782848,16783175,9,"mov qword [rsp + 0x58], 0","mov qword [var_50h], 0",48c744245800000000,cpu,mov,False,9,0,,,0.0,,,,
16783136,"0,0x60,rsp,+,=[8]",True,16782848,16783175,9,"mov qword [rsp + 0x60], 0","mov qword [var_48h], 0",48c744246000000000,cpu,mov,False,9,0,,,0.0,,,,
16783145,"0,0x68,rsp,+,=[8]",True,16782848,16783175,9,"mov qword [rsp + 0x68], 0","mov qword [var_40h], 0",48c744246800000000,cpu,mov,False,9,0,,,0.0,,,,
16783154,"0,0x70,rsp,+,=[4]",True,16782848,16783176,8,"mov dword [rsp + 0x70], 0","mov dword [var_38h], 0",c744247000000000,cpu,mov,False,9,0,,,0.0,,,,
16783162,"16783184,rip,8,rsp,-=,rsp,=[],rip,=",False,16782848,16783179,5,call 0x1001750,call sym.merged,e811000000,cpu,call,False,3,0,,,,,16783184.0,16783167.0,"[{'addr': 16783184, 'type': 'CALL'}]"
16783167,"eax,rax,^,0xffffffff,&,rax,=,$z,zf,:=,$p,pf,:=,31,$s,sf,:=,0,cf,:=,0,of,:=",False,16782848,16783182,2,"xor eax, eax","xor eax, eax",31c0,cpu,xor,False,28,0,,,,,,,
16783169,"eax,0x1c,rbp,-,=[4]",True,16782848,16783181,3,"mov dword [rbp - 0x1c], eax","mov dword [var_24h], eax",8945e4,cpu,mov,False,268435465,0,,,,,,,
16783172,"0x1c,rbp,-,[4],rax,=",True,16782848,16783181,3,"mov eax, dword [rbp - 0x1c]","mov eax, dword [var_24h]",8b45e4,cpu,mov,False,9,0,,"[{'addr': 16782897, 'type': 'CODE'}]",,,,,
16783175,"160,rsp,+=,63,$o,of,:=,63,$s,sf,:=,$z,zf,:=,63,$c,cf,:=,$p,pf,:=,3,$c,af,:=",False,16782848,16783177,7,"add rsp, 0xa0","add rsp, 0xa0",4881c4a0000000,cpu,add,False,17,0,,,160.0,,,,
16783182,"rsp,[8],8,rsp,+=,rbp,=",False,16782848,16783183,1,pop rbp,pop rbp,5d,cpu,pop,False,14,0,,,,,,,
16783183,"rsp,[8],rip,=,8,rsp,+=",False,16782848,16783183,1,ret,ret,c3,cpu,ret,False,5,0,,,,,,,
