offset,esil,refptr,fcn_addr,fcn_last,size,opcode,disasm,bytes,family,type,reloc,type_num,type2_num,flags,xrefs_to,val,jump,fail,xrefs_from,ptr
16783808,"rbp,8,rsp,-,=[8],8,rsp,-=",False,16783808,16783900,1,push rbp,push rbp,55,cpu,rpush,False,268435468,0,"['main', 'sym.main', 'dbg.main']","[{'addr': 16782813, 'type': 'DATA'}]",,,,,
16783809,"rsp,rbp,=",False,16783808,16783898,3,"mov rbp, rsp","mov rbp, rsp",4889e5,cpu,mov,False,9,0,,,,,,,
16783812,"16,rsp,-=,16,0x8000000000000000,-,!,63,$o,^,of,:=,63,$s,sf,:=,$z,zf,:=,$p,pf,:=,64,$b,cf,:=,3,$b,af,:=",False,16783808,16783897,4,"sub rsp, 0x10","sub rsp, 0x10",4883ec10,cpu,sub,False,18,0,,,16.0,,,,
16783816,"0x8,rsi,+,[8],rdi,=",True,16783808,16783897,4,"mov rdi, qword [rsi + 8]","mov rdi, qword [rsi + 8]",488b7e08,cpu,mov,False,9,0,,,,,,,
16783820,"eax,rax,^,0xffffffff,&,rax,=,$z,zf,:=,$p,pf,:=,31,$s,sf,:=,0,cf,:=,0,of,:=",False,16783808,16783899,2,"xor eax, eax","xor eax, eax",31c0,cpu,xor,False,28,0,,,,,,,
16783822,"eax,rsi,=",False,16783808,16783899,2,"mov esi, eax","mov esi, eax",89c6,cpu,mov,False,9,0,,,,,,,
16783824,"16784064,rip,8,rsp,-=,rsp,=[],rip,=",False,16783808,16783896,5,call 0x1001ac0,call sym.imp.strtod,e8eb000000,cpu,call,False,3,0,,,,16784064.0,16783829.0,"[{'addr': 16784064, 'type': 'CALL'}]",
16783829,,False,16783808,16783897,4,"cvtsd2ss xmm0, xmm0","cvtsd2ss xmm0, xmm0",f20f5ac0,sse,null,False,0,0,,,,,,,
16783833,,False,16783808,16783897,4,"cvttss2si edi, xmm0","cvttss2si edi, xmm0",f30f2cf8,sse,null,False,0,0,,,,,,,
16783837,"16782832,rip,8,rsp,-=,rsp,=[],rip,=",False,16783808,16783896,5,call 0x10015f0,call dbg.add_prime,e80efcffff,cpu,call,False,3,0,,,,16782832.0,16783842.0,"[{'addr': 16782832, 'type': 'CALL'}]",
16783842,"eax,rcx,=",False,16783808,16783899,2,"mov ecx, eax","mov ecx, eax",89c1,cpu,mov,False,9,0,,,,,,,
16783844,"ecx,0x4,rbp,-,=[4]",True,16783808,16783898,3,"mov dword [rbp - 4], ecx","mov dword [number], ecx",894dfc,cpu,mov,False,268435465,0,,,,,,,
16783847,"0x1515,rip,-,rdi,=",True,16783808,16783894,7,"lea rdi, [rip - 0x1515]","lea rdi, str.You_loose",488d3debeaffff,cpu,lea,False,33,0,,,,,,"[{'addr': 16778457, 'type': 'DATA'}]",16778457.0
16783854,"0x1525,rip,-,rax,=",True,16783808,16783894,7,"lea rax, [rip - 0x1525]","lea rax, str.You_win",488d05dbeaffff,cpu,lea,False,33,0,,,,,,"[{'addr': 16778448, 'type': 'DATA'}]",16778448.0
16783861,"82310,ecx,==,$z,zf,:=,32,$b,cf,:=,$p,pf,:=,31,$s,sf,:=,82310,0x80000000,-,!,31,$o,^,of,:=,3,$b,af,:=",False,16783808,16783895,6,"cmp ecx, 0x14186","cmp ecx, 0x14186",81f986410100,cpu,cmp,False,15,0,,,82310.0,,,,82310.0
16783867,"zf,?{,rax,rdi,=,}",False,16783808,16783897,4,"cmove rdi, rax","cmove rdi, rax",480f44f8,cpu,cmov,False,2147483657,0,,,,,,,
16783871,"16784080,rip,8,rsp,-=,rsp,=[],rip,=",False,16783808,16783896,5,call 0x1001ad0,call sym.imp.puts,e8cc000000,cpu,call,False,3,0,,,,16784080.0,16783876.0,"[{'addr': 16784080, 'type': 'CALL'}]",
16783876,"0x4,rbp,-,[4],rsi,=",True,16783808,16783898,3,"mov esi, dword [rbp - 4]","mov esi, dword [number]",8b75fc,cpu,mov,False,9,0,,,,,,,
16783879,"0x154e,rip,-,rdi,=",True,16783808,16783894,7,"lea rdi, [rip - 0x154e]","lea rdi, str.Hash:_0x_x",488d3db2eaffff,cpu,lea,False,33,0,,,,,,"[{'addr': 16778432, 'type': 'DATA'}]",16778432.0
16783886,"0,al,=",False,16783808,16783899,2,"mov al, 0","mov al, 0",b000,cpu,mov,False,9,0,,,0.0,,,,
16783888,"16784048,rip,8,rsp,-=,rsp,=[],rip,=",False,16783808,16783896,5,call 0x1001ab0,call sym.imp.printf,e89b000000,cpu,call,False,3,0,,,,16784048.0,16783893.0,"[{'addr': 16784048, 'type': 'CALL'}]",
16783893,"eax,rax,^,0xffffffff,&,rax,=,$z,zf,:=,$p,pf,:=,31,$s,sf,:=,0,cf,:=,0,of,:=",False,16783808,16783899,2,"xor eax, eax","xor eax, eax",31c0,cpu,xor,False,28,0,,,,,,,
16783895,"16,rsp,+=,63,$o,of,:=,63,$s,sf,:=,$z,zf,:=,63,$c,cf,:=,$p,pf,:=,3,$c,af,:=",False,16783808,16783897,4,"add rsp, 0x10","add rsp, 0x10",4883c410,cpu,add,False,17,0,,,16.0,,,,
16783899,"rsp,[8],8,rsp,+=,rbp,=",False,16783808,16783900,1,pop rbp,pop rbp,5d,cpu,pop,False,14,0,,,,,,,
16783900,"rsp,[8],rip,=,8,rsp,+=",False,16783808,16783900,1,ret,ret,c3,cpu,ret,False,5,0,,,,,,,
