offset,esil,refptr,fcn_addr,fcn_last,size,opcode,disasm,bytes,family,type,reloc,type_num,type2_num,flags,xrefs_to,val,jump,fail,xrefs_from
16782832,"rbp,8,rsp,-,=[8],8,rsp,-=",False,16782832,16782920,1,push rbp,push rbp,55,cpu,rpush,False,268435468,0,"['main', 'sym.main']","[{'addr': 16782813, 'type': 'DATA'}]",,,,
16782833,"rsp,rbp,=",False,16782832,16782918,3,"mov rbp, rsp","mov rbp, rsp",4889e5,cpu,mov,False,9,0,,,,,,
16782836,"48,rsp,-=,48,0x8000000000000000,-,!,63,$o,^,of,:=,63,$s,sf,:=,$z,zf,:=,$p,pf,:=,64,$b,cf,:=,3,$b,af,:=",False,16782832,16782917,4,"sub rsp, 0x30","sub rsp, 0x30",4883ec30,cpu,sub,False,18,0,,,48.0,,,
16782840,"rsi,rdx,=",False,16782832,16782918,3,"mov rdx, rsi","mov rdx, rsi",4889f2,cpu,mov,False,9,0,,,,,,
16782843,"r9d,r9,^,0xffffffff,&,r9,=,$z,zf,:=,$p,pf,:=,31,$s,sf,:=,0,cf,:=,0,of,:=",False,16782832,16782918,3,"xor r9d, r9d","xor r9d, r9d",4531c9,cpu,xor,False,28,0,,,,,,
16782846,"eax,rax,^,0xffffffff,&,rax,=,$z,zf,:=,$p,pf,:=,31,$s,sf,:=,0,cf,:=,0,of,:=",False,16782832,16782919,2,"xor eax, eax","xor eax, eax",31c0,cpu,xor,False,28,0,,,,,,
16782848,"eax,rcx,=",False,16782832,16782919,2,"mov ecx, eax","mov ecx, eax",89c1,cpu,mov,False,9,0,,,,,,
16782850,"r9d,rdi,=",False,16782832,16782918,3,"mov edi, r9d","mov edi, r9d",4489cf,cpu,mov,False,9,0,,,,,,
16782853,"rcx,rsi,=",False,16782832,16782918,3,"mov rsi, rcx","mov rsi, rcx",4889ce,cpu,mov,False,9,0,,,,,,
16782856,"r9d,r8,=",False,16782832,16782918,3,"mov r8d, r9d","mov r8d, r9d",4589c8,cpu,mov,False,9,0,,,,,,
16782859,"0,rsp,=[8]",True,16782832,16782913,8,"mov qword [rsp], 0","mov qword [rsp], 0",48c7042400000000,cpu,mov,False,9,0,,,0.0,,,
16782867,"0,0x8,rsp,+,=[4]",True,16782832,16782913,8,"mov dword [rsp + 8], 0","mov dword [var_30h], 0",c744240800000000,cpu,mov,False,9,0,,,0.0,,,
16782875,"0,0x10,rsp,+,=[4]",True,16782832,16782913,8,"mov dword [rsp + 0x10], 0","mov dword [var_28h], 0",c744241000000000,cpu,mov,False,9,0,,,0.0,,,
16782883,"0,0x18,rsp,+,=[8]",True,16782832,16782912,9,"mov qword [rsp + 0x18], 0","mov qword [var_20h], 0",48c744241800000000,cpu,mov,False,9,0,,,0.0,,,
16782892,"0,0x20,rsp,+,=[4]",True,16782832,16782913,8,"mov dword [rsp + 0x20], 0","mov dword [var_18h], 0",c744242000000000,cpu,mov,False,9,0,,,0.0,,,
16782900,"0,0x28,rsp,+,=[4]",True,16782832,16782913,8,"mov dword [rsp + 0x28], 0","mov dword [var_10h], 0",c744242800000000,cpu,mov,False,9,0,,,0.0,,,
16782908,"16782928,rip,8,rsp,-=,rsp,=[],rip,=",False,16782832,16782916,5,call 0x1001650,call sym.merged,e80f000000,cpu,call,False,3,0,,,,16782928.0,16782913.0,"[{'addr': 16782928, 'type': 'CALL'}]"
16782913,"eax,rax,^,0xffffffff,&,rax,=,$z,zf,:=,$p,pf,:=,31,$s,sf,:=,0,cf,:=,0,of,:=",False,16782832,16782919,2,"xor eax, eax","xor eax, eax",31c0,cpu,xor,False,28,0,,,,,,
16782915,"48,rsp,+=,63,$o,of,:=,63,$s,sf,:=,$z,zf,:=,63,$c,cf,:=,$p,pf,:=,3,$c,af,:=",False,16782832,16782917,4,"add rsp, 0x30","add rsp, 0x30",4883c430,cpu,add,False,17,0,,,48.0,,,
16782919,"rsp,[8],8,rsp,+=,rbp,=",False,16782832,16782920,1,pop rbp,pop rbp,5d,cpu,pop,False,14,0,,,,,,
16782920,"rsp,[8],rip,=,8,rsp,+=",False,16782832,16782920,1,ret,ret,c3,cpu,ret,False,5,0,,,,,,
