offset,esil,refptr,fcn_addr,fcn_last,size,opcode,disasm,bytes,family,type,reloc,type_num,type2_num,flags,xrefs_to,val,ptr,jump,fail,xrefs_from
16783536,"rbp,8,rsp,-,=[8],8,rsp,-=",False,16783536,16783829,1,push rbp,push rbp,55,cpu,rpush,False,268435468,0,"['main', 'sym.main']","[{'addr': 16783517, 'type': 'DATA'}]",,,,,
16783537,"rsp,rbp,=",False,16783536,16783827,3,"mov rbp, rsp","mov rbp, rsp",4889e5,cpu,mov,False,9,0,,,,,,,
16783540,"64,rsp,-=,64,0x8000000000000000,-,!,63,$o,^,of,:=,63,$s,sf,:=,$z,zf,:=,$p,pf,:=,64,$b,cf,:=,3,$b,af,:=",False,16783536,16783826,4,"sub rsp, 0x40","sub rsp, 0x40",4883ec40,cpu,sub,False,18,0,,,64.0,,,,
16783544,"rsi,0x28,rbp,-,=[8]",True,16783536,16783826,4,"mov qword [rbp - 0x28], rsi","mov qword [endptr], rsi",488975d8,cpu,mov,False,268435465,0,,,,,,,
16783548,"5,edi,==,$z,zf,:=,32,$b,cf,:=,$p,pf,:=,31,$s,sf,:=,5,0x80000000,-,!,31,$o,^,of,:=,3,$b,af,:=",False,16783536,16783827,3,"cmp edi, 5","cmp edi, 5",83ff05,cpu,cmp,False,15,0,,,5.0,5.0,,,
16783551,"zf,?{,16783587,rip,=,}",False,16783536,16783828,2,je 0x10018e3,je 0x10018e3,7422,cpu,cjmp,False,2147483649,0,,,,,16783587.0,16783553.0,
16783553,"0x28,rbp,-,[8],rax,=",True,16783536,16783826,4,"mov rax, qword [rbp - 0x28]","mov rax, qword [endptr]",488b45d8,cpu,mov,False,9,0,,,,,,,
16783557,"rax,[8],rsi,=",True,16783536,16783827,3,"mov rsi, qword [rax]","mov rsi, qword [rax]",488b30,cpu,mov,False,9,0,,,,,,,
16783560,"0x12df,rip,-,rdi,=",True,16783536,16783823,7,"lea rdi, [rip - 0x12df]","lea rdi, str.Usage:__s__int1___int2___int3___int4",488d3d21edffff,cpu,lea,False,33,0,,,,16778736.0,,,"[{'addr': 16778736, 'type': 'DATA'}]"
16783567,"0,al,=",False,16783536,16783828,2,"mov al, 0","mov al, 0",b000,cpu,mov,False,9,0,,,0.0,,,,
16783569,"16786352,rip,8,rsp,-=,rsp,=[],rip,=",False,16783536,16783825,5,call 0x10023b0,call sym.imp.printf,e8da0a0000,cpu,call,False,3,0,,,,,16786352.0,16783574.0,"[{'addr': 16786352, 'type': 'CALL'}]"
16783574,"1,rax,=",False,16783536,16783825,5,"mov eax, 1","mov eax, 1",b801000000,cpu,mov,False,9,0,,,1.0,,,,
16783579,"eax,0x2c,rbp,-,=[4]",True,16783536,16783827,3,"mov dword [rbp - 0x2c], eax","mov dword [var_34h], eax",8945d4,cpu,mov,False,268435465,0,,,,,,,
16783582,"0x10019cd,rip,=",False,16783536,16783825,5,jmp 0x10019cd,jmp 0x10019cd,e9ea000000,cpu,jmp,False,1,0,,,,,16783821.0,,"[{'addr': 16783821, 'type': 'CODE'}]"
16783587,"0x28,rbp,-,[8],rax,=",True,16783536,16783826,4,"mov rax, qword [rbp - 0x28]","mov rax, qword [endptr]",488b45d8,cpu,mov,False,9,0,,,,,,,
16783591,"0x8,rax,+,[8],rdi,=",True,16783536,16783826,4,"mov rdi, qword [rax + 8]","mov rdi, qword [rax + 8]",488b7808,cpu,mov,False,9,0,,,,,,,
16783595,"eax,rax,^,0xffffffff,&,rax,=,$z,zf,:=,$p,pf,:=,31,$s,sf,:=,0,cf,:=,0,of,:=",False,16783536,16783828,2,"xor eax, eax","xor eax, eax",31c0,cpu,xor,False,28,0,,,,,,,
16783597,"eax,rsi,=",False,16783536,16783828,2,"mov esi, eax","mov esi, eax",89c6,cpu,mov,False,9,0,,,,,,,
16783599,"10,rdx,=",False,16783536,16783825,5,"mov edx, 0xa","mov edx, 0xa",ba0a000000,cpu,mov,False,9,0,,,10.0,,,,
16783604,"16786368,rip,8,rsp,-=,rsp,=[],rip,=",False,16783536,16783825,5,call 0x10023c0,call sym.imp.strtol,e8c70a0000,cpu,call,False,3,0,,,,,16786368.0,16783609.0,"[{'addr': 16786368, 'type': 'CALL'}]"
16783609,"rax,rcx,=",False,16783536,16783827,3,"mov rcx, rax","mov rcx, rax",4889c1,cpu,mov,False,9,0,,,,,,,
16783612,"0x28,rbp,-,[8],rax,=",True,16783536,16783826,4,"mov rax, qword [rbp - 0x28]","mov rax, qword [endptr]",488b45d8,cpu,mov,False,9,0,,,,,,,
16783616,"ecx,0x3c,rbp,-,=[4]",True,16783536,16783827,3,"mov dword [rbp - 0x3c], ecx","mov dword [var_44h], ecx",894dc4,cpu,mov,False,268435465,0,,,,,,,
16783619,"0x10,rax,+,[8],rdi,=",True,16783536,16783826,4,"mov rdi, qword [rax + 0x10]","mov rdi, qword [rax + 0x10]",488b7810,cpu,mov,False,9,0,,,,,,,
16783623,"eax,rax,^,0xffffffff,&,rax,=,$z,zf,:=,$p,pf,:=,31,$s,sf,:=,0,cf,:=,0,of,:=",False,16783536,16783828,2,"xor eax, eax","xor eax, eax",31c0,cpu,xor,False,28,0,,,,,,,
16783625,"eax,rsi,=",False,16783536,16783828,2,"mov esi, eax","mov esi, eax",89c6,cpu,mov,False,9,0,,,,,,,
16783627,"10,rdx,=",False,16783536,16783825,5,"mov edx, 0xa","mov edx, 0xa",ba0a000000,cpu,mov,False,9,0,,,10.0,,,,
16783632,"16786368,rip,8,rsp,-=,rsp,=[],rip,=",False,16783536,16783825,5,call 0x10023c0,call sym.imp.strtol,e8ab0a0000,cpu,call,False,3,0,,,,,16786368.0,16783637.0,"[{'addr': 16786368, 'type': 'CALL'}]"
16783637,"rax,rcx,=",False,16783536,16783827,3,"mov rcx, rax","mov rcx, rax",4889c1,cpu,mov,False,9,0,,,,,,,
16783640,"0x28,rbp,-,[8],rax,=",True,16783536,16783826,4,"mov rax, qword [rbp - 0x28]","mov rax, qword [endptr]",488b45d8,cpu,mov,False,9,0,,,,,,,
16783644,"ecx,0x38,rbp,-,=[4]",True,16783536,16783827,3,"mov dword [rbp - 0x38], ecx","mov dword [var_40h], ecx",894dc8,cpu,mov,False,268435465,0,,,,,,,
16783647,"0x18,rax,+,[8],rdi,=",True,16783536,16783826,4,"mov rdi, qword [rax + 0x18]","mov rdi, qword [rax + 0x18]",488b7818,cpu,mov,False,9,0,,,,,,,
16783651,"eax,rax,^,0xffffffff,&,rax,=,$z,zf,:=,$p,pf,:=,31,$s,sf,:=,0,cf,:=,0,of,:=",False,16783536,16783828,2,"xor eax, eax","xor eax, eax",31c0,cpu,xor,False,28,0,,,,,,,
16783653,"eax,rsi,=",False,16783536,16783828,2,"mov esi, eax","mov esi, eax",89c6,cpu,mov,False,9,0,,,,,,,
16783655,"10,rdx,=",False,16783536,16783825,5,"mov edx, 0xa","mov edx, 0xa",ba0a000000,cpu,mov,False,9,0,,,10.0,,,,
16783660,"16786368,rip,8,rsp,-=,rsp,=[],rip,=",False,16783536,16783825,5,call 0x10023c0,call sym.imp.strtol,e88f0a0000,cpu,call,False,3,0,,,,,16786368.0,16783665.0,"[{'addr': 16786368, 'type': 'CALL'}]"
16783665,"rax,rcx,=",False,16783536,16783827,3,"mov rcx, rax","mov rcx, rax",4889c1,cpu,mov,False,9,0,,,,,,,
16783668,"0x28,rbp,-,[8],rax,=",True,16783536,16783826,4,"mov rax, qword [rbp - 0x28]","mov rax, qword [endptr]",488b45d8,cpu,mov,False,9,0,,,,,,,
16783672,"ecx,0x34,rbp,-,=[4]",True,16783536,16783827,3,"mov dword [rbp - 0x34], ecx","mov dword [var_3ch], ecx",894dcc,cpu,mov,False,268435465,0,,,,,,,
16783675,"0x20,rax,+,[8],rdi,=",True,16783536,16783826,4,"mov rdi, qword [rax + 0x20]","mov rdi, qword [rax + 0x20]",488b7820,cpu,mov,False,9,0,,,,,,,
16783679,"eax,rax,^,0xffffffff,&,rax,=,$z,zf,:=,$p,pf,:=,31,$s,sf,:=,0,cf,:=,0,of,:=",False,16783536,16783828,2,"xor eax, eax","xor eax, eax",31c0,cpu,xor,False,28,0,,,,,,,
16783681,"eax,rsi,=",False,16783536,16783828,2,"mov esi, eax","mov esi, eax",89c6,cpu,mov,False,9,0,,,,,,,
16783683,"10,rdx,=",False,16783536,16783825,5,"mov edx, 0xa","mov edx, 0xa",ba0a000000,cpu,mov,False,9,0,,,10.0,,,,
16783688,"16786368,rip,8,rsp,-=,rsp,=[],rip,=",False,16783536,16783825,5,call 0x10023c0,call sym.imp.strtol,e8730a0000,cpu,call,False,3,0,,,,,16786368.0,16783693.0,"[{'addr': 16786368, 'type': 'CALL'}]"
16783693,"0x3c,rbp,-,[4],rsi,=",True,16783536,16783827,3,"mov esi, dword [rbp - 0x3c]","mov esi, dword [var_44h]",8b75c4,cpu,mov,False,9,0,,,,,,,
16783696,"eax,0x30,rbp,-,=[4]",True,16783536,16783827,3,"mov dword [rbp - 0x30], eax","mov dword [var_38h], eax",8945d0,cpu,mov,False,268435465,0,,,,,,,
16783699,"0x20,rbp,-,rdi,=",True,16783536,16783826,4,"lea rdi, [rbp - 0x20]","lea rdi, [var_28h]",488d7de0,cpu,lea,False,33,0,,,,,,,
16783703,"16783840,rip,8,rsp,-=,rsp,=[],rip,=",False,16783536,16783825,5,call 0x10019e0,call sym.step1,e884000000,cpu,call,False,3,0,,,,,16783840.0,16783708.0,"[{'addr': 16783840, 'type': 'CALL'}]"
16783708,"0x20,rbp,-,rdi,=",True,16783536,16783826,4,"lea rdi, [rbp - 0x20]","lea rdi, [var_28h]",488d7de0,cpu,lea,False,33,0,,,,,,,
16783712,"16783968,rip,8,rsp,-=,rsp,=[],rip,=",False,16783536,16783825,5,call 0x1001a60,call sym.step2,e8fb000000,cpu,call,False,3,0,,,,,16783968.0,16783717.0,"[{'addr': 16783968, 'type': 'CALL'}]"
16783717,"0x20,rbp,-,rdi,=",True,16783536,16783826,4,"lea rdi, [rbp - 0x20]","lea rdi, [var_28h]",488d7de0,cpu,lea,False,33,0,,,,,,,
16783721,"16784080,rip,8,rsp,-=,rsp,=[],rip,=",False,16783536,16783825,5,call 0x1001ad0,call sym.step3,e862010000,cpu,call,False,3,0,,,,,16784080.0,16783726.0,"[{'addr': 16784080, 'type': 'CALL'}]"
16783726,"0x20,rbp,-,rdi,=",True,16783536,16783826,4,"lea rdi, [rbp - 0x20]","lea rdi, [var_28h]",488d7de0,cpu,lea,False,33,0,,,,,,,
16783730,"16784256,rip,8,rsp,-=,rsp,=[],rip,=",False,16783536,16783825,5,call 0x1001b80,call sym.step4,e809020000,cpu,call,False,3,0,,,,,16784256.0,16783735.0,"[{'addr': 16784256, 'type': 'CALL'}]"
16783735,"0x38,rbp,-,[4],rsi,=",True,16783536,16783827,3,"mov esi, dword [rbp - 0x38]","mov esi, dword [var_40h]",8b75c8,cpu,mov,False,9,0,,,,,,,
16783738,"0x20,rbp,-,rdi,=",True,16783536,16783826,4,"lea rdi, [rbp - 0x20]","lea rdi, [var_28h]",488d7de0,cpu,lea,False,33,0,,,,,,,
16783742,"16784320,rip,8,rsp,-=,rsp,=[],rip,=",False,16783536,16783825,5,call 0x1001bc0,call sym.step5,e83d020000,cpu,call,False,3,0,,,,,16784320.0,16783747.0,"[{'addr': 16784320, 'type': 'CALL'}]"
16783747,"0x20,rbp,-,rdi,=",True,16783536,16783826,4,"lea rdi, [rbp - 0x20]","lea rdi, [var_28h]",488d7de0,cpu,lea,False,33,0,,,,,,,
16783751,"16784592,rip,8,rsp,-=,rsp,=[],rip,=",False,16783536,16783825,5,call 0x1001cd0,call sym.step6,e844030000,cpu,call,False,3,0,,,,,16784592.0,16783756.0,"[{'addr': 16784592, 'type': 'CALL'}]"
16783756,"0x20,rbp,-,rdi,=",True,16783536,16783826,4,"lea rdi, [rbp - 0x20]","lea rdi, [var_28h]",488d7de0,cpu,lea,False,33,0,,,,,,,
16783760,"16784992,rip,8,rsp,-=,rsp,=[],rip,=",False,16783536,16783825,5,call 0x1001e60,call sym.step7,e8cb040000,cpu,call,False,3,0,,,,,16784992.0,16783765.0,"[{'addr': 16784992, 'type': 'CALL'}]"
16783765,"0x34,rbp,-,[4],rsi,=",True,16783536,16783827,3,"mov esi, dword [rbp - 0x34]","mov esi, dword [var_3ch]",8b75cc,cpu,mov,False,9,0,,,,,,,
16783768,"0x20,rbp,-,rdi,=",True,16783536,16783826,4,"lea rdi, [rbp - 0x20]","lea rdi, [var_28h]",488d7de0,cpu,lea,False,33,0,,,,,,,
16783772,"16785024,rip,8,rsp,-=,rsp,=[],rip,=",False,16783536,16783825,5,call 0x1001e80,call sym.step8,e8df040000,cpu,call,False,3,0,,,,,16785024.0,16783777.0,"[{'addr': 16785024, 'type': 'CALL'}]"
16783777,"0x20,rbp,-,rdi,=",True,16783536,16783826,4,"lea rdi, [rbp - 0x20]","lea rdi, [var_28h]",488d7de0,cpu,lea,False,33,0,,,,,,,
16783781,"16785328,rip,8,rsp,-=,rsp,=[],rip,=",False,16783536,16783825,5,call 0x1001fb0,call sym.step9,e806060000,cpu,call,False,3,0,,,,,16785328.0,16783786.0,"[{'addr': 16785328, 'type': 'CALL'}]"
16783786,"0x30,rbp,-,[4],rsi,=",True,16783536,16783827,3,"mov esi, dword [rbp - 0x30]","mov esi, dword [var_38h]",8b75d0,cpu,mov,False,9,0,,,,,,,
16783789,"0x20,rbp,-,rdi,=",True,16783536,16783826,4,"lea rdi, [rbp - 0x20]","lea rdi, [var_28h]",488d7de0,cpu,lea,False,33,0,,,,,,,
16783793,"16785584,rip,8,rsp,-=,rsp,=[],rip,=",False,16783536,16783825,5,call 0x10020b0,call sym.step10,e8fa060000,cpu,call,False,3,0,,,,,16785584.0,16783798.0,"[{'addr': 16785584, 'type': 'CALL'}]"
16783798,"0x20,rbp,-,rdi,=",True,16783536,16783826,4,"lea rdi, [rbp - 0x20]","lea rdi, [var_28h]",488d7de0,cpu,lea,False,33,0,,,,,,,
16783802,"16785888,rip,8,rsp,-=,rsp,=[],rip,=",False,16783536,16783825,5,call 0x10021e0,call sym.step11,e821080000,cpu,call,False,3,0,,,,,16785888.0,16783807.0,"[{'addr': 16785888, 'type': 'CALL'}]"
16783807,"0x20,rbp,-,rdi,=",True,16783536,16783826,4,"lea rdi, [rbp - 0x20]","lea rdi, [var_28h]",488d7de0,cpu,lea,False,33,0,,,,,,,
16783811,"16786000,rip,8,rsp,-=,rsp,=[],rip,=",False,16783536,16783825,5,call 0x1002250,call sym.step12,e888080000,cpu,call,False,3,0,,,,,16786000.0,16783816.0,"[{'addr': 16786000, 'type': 'CALL'}]"
16783816,"eax,rax,^,0xffffffff,&,rax,=,$z,zf,:=,$p,pf,:=,31,$s,sf,:=,0,cf,:=,0,of,:=",False,16783536,16783828,2,"xor eax, eax","xor eax, eax",31c0,cpu,xor,False,28,0,,,,,,,
16783818,"eax,0x2c,rbp,-,=[4]",True,16783536,16783827,3,"mov dword [rbp - 0x2c], eax","mov dword [var_34h], eax",8945d4,cpu,mov,False,268435465,0,,,,,,,
16783821,"0x2c,rbp,-,[4],rax,=",True,16783536,16783827,3,"mov eax, dword [rbp - 0x2c]","mov eax, dword [var_34h]",8b45d4,cpu,mov,False,9,0,,"[{'addr': 16783582, 'type': 'CODE'}]",,,,,
16783824,"64,rsp,+=,63,$o,of,:=,63,$s,sf,:=,$z,zf,:=,63,$c,cf,:=,$p,pf,:=,3,$c,af,:=",False,16783536,16783826,4,"add rsp, 0x40","add rsp, 0x40",4883c440,cpu,add,False,17,0,,,64.0,,,,
16783828,"rsp,[8],8,rsp,+=,rbp,=",False,16783536,16783829,1,pop rbp,pop rbp,5d,cpu,pop,False,14,0,,,,,,,
16783829,"rsp,[8],rip,=,8,rsp,+=",False,16783536,16783829,1,ret,ret,c3,cpu,ret,False,5,0,,,,,,,
