offset,esil,refptr,fcn_addr,fcn_last,size,opcode,disasm,bytes,family,type,reloc,type_num,type2_num,flags,xrefs_to,val,ptr,xrefs_from
16785328,"rbp,8,rsp,-,=[8],8,rsp,-=",False,16785328,16785571,1,push rbp,push rbp,55,cpu,rpush,False,268435468,0,['sym.step9'],"[{'addr': 16783781, 'type': 'CALL'}]",,,
16785329,"rsp,rbp,=",False,16785328,16785569,3,"mov rbp, rsp","mov rbp, rsp",4889e5,cpu,mov,False,9,0,,,,,
16785332,"rdi,[4],rcx,=",True,16785328,16785570,2,"mov ecx, dword [rdi]","mov ecx, dword [rdi]",8b0f,cpu,mov,False,9,0,,,,,
16785334,"ecx,rax,=",False,16785328,16785570,2,"mov eax, ecx","mov eax, ecx",89c8,cpu,mov,False,9,0,,,,,
16785336,"0,3,!,!,?{,1,3,-,eax,<<,0x80000000,&,!,!,^,},3,eax,<<=,$z,zf,:=,$p,pf,:=,31,$s,sf,:=,cf,=",False,16785328,16785569,3,"shl eax, 3","shl eax, 3",c1e003,cpu,shl,False,23,0,,,,,
16785339,"ecx,eax,-=,ecx,0x80000000,-,!,31,$o,^,of,:=,31,$s,sf,:=,$z,zf,:=,$p,pf,:=,32,$b,cf,:=,3,$b,af,:=",False,16785328,16785570,2,"sub eax, ecx","sub eax, ecx",29c8,cpu,sub,False,18,0,,,,,
16785341,"32,eax,~,rcx,=",False,16785328,16785569,3,"movsxd rcx, eax","movsxd rcx, eax",4863c8,cpu,mov,False,9,0,,,,,
16785344,"64,125400505,~,64,rcx,~,*,DUP,rcx,=,rcx,-,?{,1,1,}{,0,0,},cf,:=,of,:=",False,16785328,16785565,7,"imul rcx, rcx, 0x77975b9","imul rcx, rcx, 0x77975b9",4869c9b9757907,cpu,mul,False,20,0,,,,,
16785351,"rcx,rdx,=",False,16785328,16785569,3,"mov rdx, rcx","mov rdx, rcx",4889ca,cpu,mov,False,9,0,,,,,
16785354,"0,cf,:=,1,63,-,1,<<,rdx,&,?{,1,cf,:=,},63,rdx,>>,rdx,=,$z,zf,:=,$p,pf,:=,63,$s,sf,:=",False,16785328,16785568,4,"shr rdx, 0x3f","shr rdx, 0x3f",48c1ea3f,cpu,shr,False,22,0,,,63.0,,
16785358,"0,cf,:=,1,34,-,1,<<,rcx,&,?{,1,cf,:=,},34,rcx,>>>>,rcx,=,$z,zf,:=,$p,pf,:=,63,$s,sf,:=",False,16785328,16785568,4,"sar rcx, 0x22","sar rcx, 0x22",48c1f922,cpu,sar,False,25,0,,,,,
16785362,"edx,ecx,+=,31,$o,of,:=,31,$s,sf,:=,$z,zf,:=,31,$c,cf,:=,$p,pf,:=,3,$c,af,:=",False,16785328,16785570,2,"add ecx, edx","add ecx, edx",01d1,cpu,add,False,17,0,,,,,
16785364,"32,137,~,32,ecx,~,*,DUP,ecx,=,ecx,-,?{,1,1,}{,0,0,},cf,:=,of,:=",False,16785328,16785566,6,"imul ecx, ecx, 0x89","imul ecx, ecx, 0x89",69c989000000,cpu,mul,False,20,0,,,,,
16785370,"ecx,eax,-=,ecx,0x80000000,-,!,31,$o,^,of,:=,31,$s,sf,:=,$z,zf,:=,$p,pf,:=,32,$b,cf,:=,3,$b,af,:=",False,16785328,16785570,2,"sub eax, ecx","sub eax, ecx",29c8,cpu,sub,False,18,0,,,,,
16785372,"eax,rdi,=[4]",True,16785328,16785570,2,"mov dword [rdi], eax","mov dword [rdi], eax",8907,cpu,mov,False,9,0,,,,,
16785374,"0x4,rdi,+,[16],xmm1,=",True,16785328,16785568,4,"movups xmm1, xmmword [rdi + 4]","movups xmm1, xmmword [rdi + 4]",0f104f04,sse,mov,False,9,0,,,,,
16785378,"xmm1,xmm0,=",False,16785328,16785569,3,"movaps xmm0, xmm1","movaps xmm0, xmm1",0f28c1,sse,mov,False,9,0,,,,,
16785381,,False,16785328,16785567,5,"pslld xmm0, 3","pslld xmm0, 3",660f72f003,sse,null,False,0,0,,,,,
16785386,"xmm1,xmm0,-=",False,16785328,16785568,4,"psubd xmm0, xmm1","psubd xmm0, xmm1",660ffac1,sse,sub,False,18,0,,,,,
16785390,"0x1a25,rip,-,[16],xmm1,=",True,16785328,16785565,7,"movaps xmm1, xmmword [rip - 0x1a25]","movaps xmm1, xmmword [data.010005d0]",0f280ddbe5ffff,sse,mov,False,9,0,,,,16778704.0,"[{'addr': 16778704, 'type': 'DATA'}]"
16785397,,False,16785328,16785568,4,"paddd xmm0, xmm1","paddd xmm0, xmm1",660ffec1,sse,add,False,17,0,,,,,
16785401,"0x1aa0,rip,-,[16],xmm3,=",True,16785328,16785565,7,"movaps xmm3, xmmword [rip - 0x1aa0]","movaps xmm3, xmmword [data.01000560]",0f281d60e5ffff,sse,mov,False,9,0,,,,16778592.0,"[{'addr': 16778592, 'type': 'DATA'}]"
16785408,"xmm0,xmm1,=",False,16785328,16785569,3,"movaps xmm1, xmm0","movaps xmm1, xmm0",0f28c8,sse,mov,False,9,0,,,,,
16785411,,False,16785328,16785568,4,"pmuludq xmm1, xmm3","pmuludq xmm1, xmm3",660ff4cb,sse,null,False,0,0,,,,,
16785415,,False,16785328,16785567,5,"pshufd xmm2, xmm1, 0xed","pshufd xmm2, xmm1, 0xed",660f70d1ed,sse,null,False,0,0,,,,,
16785420,,False,16785328,16785567,5,"pshufd xmm1, xmm0, 0xf5","pshufd xmm1, xmm0, 0xf5",660f70c8f5,sse,null,False,0,0,,,,,
16785425,,False,16785328,16785568,4,"pmuludq xmm1, xmm3","pmuludq xmm1, xmm3",660ff4cb,sse,null,False,0,0,,,,,
16785429,,False,16785328,16785567,5,"pshufd xmm1, xmm1, 0xed","pshufd xmm1, xmm1, 0xed",660f70c9ed,sse,null,False,0,0,,,,,
16785434,,False,16785328,16785568,4,"punpckldq xmm2, xmm1","punpckldq xmm2, xmm1",660f62d1,sse,null,False,0,0,,,,,
16785438,"xmm1,xmm1,^=,$z,zf,:=,$p,pf,:=,127,$s,sf,:=,0,cf,:=,0,of,:=",False,16785328,16785569,3,"xorps xmm1, xmm1","xorps xmm1, xmm1",0f57c9,sse,xor,False,28,0,,,,,
16785441,,False,16785328,16785568,4,"pcmpgtd xmm1, xmm0","pcmpgtd xmm1, xmm0",660f66c8,sse,cmp,False,15,0,,,,,
16785445,,False,16785328,16785568,4,"pand xmm1, xmm3","pand xmm1, xmm3",660fdbcb,sse,null,False,0,0,,,,,
16785449,"xmm1,xmm2,-=",False,16785328,16785568,4,"psubd xmm2, xmm1","psubd xmm2, xmm1",660ffad1,sse,sub,False,18,0,,,,,
16785453,"xmm2,xmm1,=",False,16785328,16785569,3,"movaps xmm1, xmm2","movaps xmm1, xmm2",0f28ca,sse,mov,False,9,0,,,,,
16785456,,False,16785328,16785567,5,"psrld xmm1, 0x1f","psrld xmm1, 0x1f",660f72d11f,sse,null,False,0,0,,,,,
16785461,,False,16785328,16785567,5,"psrad xmm2, 2","psrad xmm2, 2",660f72e202,sse,null,False,0,0,,,,,
16785466,,False,16785328,16785568,4,"paddd xmm2, xmm1","paddd xmm2, xmm1",660ffed1,sse,add,False,17,0,,,,,
16785470,"0x1ab5,rip,-,[16],xmm3,=",True,16785328,16785565,7,"movaps xmm3, xmmword [rip - 0x1ab5]","movaps xmm3, xmmword [data.01000590]",0f281d4be5ffff,sse,mov,False,9,0,,,,16778640.0,"[{'addr': 16778640, 'type': 'DATA'}]"
16785477,"xmm2,xmm1,=",False,16785328,16785569,3,"movaps xmm1, xmm2","movaps xmm1, xmm2",0f28ca,sse,mov,False,9,0,,,,,
16785480,,False,16785328,16785568,4,"pmuludq xmm1, xmm3","pmuludq xmm1, xmm3",660ff4cb,sse,null,False,0,0,,,,,
16785484,,False,16785328,16785567,5,"pshufd xmm1, xmm1, 0xe8","pshufd xmm1, xmm1, 0xe8",660f70c9e8,sse,null,False,0,0,,,,,
16785489,,False,16785328,16785567,5,"pshufd xmm2, xmm2, 0xf5","pshufd xmm2, xmm2, 0xf5",660f70d2f5,sse,null,False,0,0,,,,,
16785494,,False,16785328,16785568,4,"pmuludq xmm2, xmm3","pmuludq xmm2, xmm3",660ff4d3,sse,null,False,0,0,,,,,
16785498,,False,16785328,16785567,5,"pshufd xmm2, xmm2, 0xe8","pshufd xmm2, xmm2, 0xe8",660f70d2e8,sse,null,False,0,0,,,,,
16785503,,False,16785328,16785568,4,"punpckldq xmm1, xmm2","punpckldq xmm1, xmm2",660f62ca,sse,null,False,0,0,,,,,
16785507,"xmm1,xmm0,-=",False,16785328,16785568,4,"psubd xmm0, xmm1","psubd xmm0, xmm1",660ffac1,sse,sub,False,18,0,,,,,
16785511,"xmm0,0x4,rdi,+,=[16]",False,16785328,16785567,5,"movdqu xmmword [rdi + 4], xmm0","movdqu xmmword [rdi + 4], xmm0",f30f7f4704,sse,null,False,0,0,,,,,
16785516,"32,7,~,32,0x14,rdi,+,[4],~,*,DUP,eax,=,eax,-,?{,1,1,}{,0,0,},cf,:=,of,:=",False,16785328,16785568,4,"imul eax, dword [rdi + 0x14], 7","imul eax, dword [rdi + 0x14], 7",6b471407,cpu,mul,False,20,0,,,,,
16785520,"5,eax,+=,31,$o,of,:=,31,$s,sf,:=,$z,zf,:=,31,$c,cf,:=,$p,pf,:=,3,$c,af,:=",False,16785328,16785569,3,"add eax, 5","add eax, 5",83c005,cpu,add,False,17,0,,,5.0,,
16785523,"137,rcx,=",False,16785328,16785567,5,"mov ecx, 0x89","mov ecx, 0x89",b989000000,cpu,mov,False,9,0,,,137.0,137.0,
16785528,"0,edx,=,31,eax,>>,?{,0xffffffff,edx,=,}",False,16785328,16785571,1,cdq,cdq,99,cpu,null,False,0,0,,,,,
16785529,"32,ecx,~,32,edx,<<,eax,+,~%,32,ecx,~,32,edx,<<,eax,+,~/,eax,=,edx,=",False,16785328,16785570,2,idiv ecx,idiv ecx,f7f9,cpu,div,False,21,0,,,,,
16785531,"edx,0x14,rdi,+,=[4]",True,16785328,16785569,3,"mov dword [rdi + 0x14], edx","mov dword [rdi + 0x14], edx",895714,cpu,mov,False,9,0,,,,,
16785534,"32,7,~,32,0x18,rdi,+,[4],~,*,DUP,eax,=,eax,-,?{,1,1,}{,0,0,},cf,:=,of,:=",False,16785328,16785568,4,"imul eax, dword [rdi + 0x18], 7","imul eax, dword [rdi + 0x18], 7",6b471807,cpu,mul,False,20,0,,,,,
16785538,"6,eax,+=,31,$o,of,:=,31,$s,sf,:=,$z,zf,:=,31,$c,cf,:=,$p,pf,:=,3,$c,af,:=",False,16785328,16785569,3,"add eax, 6","add eax, 6",83c006,cpu,add,False,17,0,,,6.0,,
16785541,"137,rcx,=",False,16785328,16785567,5,"mov ecx, 0x89","mov ecx, 0x89",b989000000,cpu,mov,False,9,0,,,137.0,137.0,
16785546,"0,edx,=,31,eax,>>,?{,0xffffffff,edx,=,}",False,16785328,16785571,1,cdq,cdq,99,cpu,null,False,0,0,,,,,
16785547,"32,ecx,~,32,edx,<<,eax,+,~%,32,ecx,~,32,edx,<<,eax,+,~/,eax,=,edx,=",False,16785328,16785570,2,idiv ecx,idiv ecx,f7f9,cpu,div,False,21,0,,,,,
16785549,"edx,0x18,rdi,+,=[4]",True,16785328,16785569,3,"mov dword [rdi + 0x18], edx","mov dword [rdi + 0x18], edx",895718,cpu,mov,False,9,0,,,,,
16785552,"32,7,~,32,0x1c,rdi,+,[4],~,*,DUP,eax,=,eax,-,?{,1,1,}{,0,0,},cf,:=,of,:=",False,16785328,16785568,4,"imul eax, dword [rdi + 0x1c], 7","imul eax, dword [rdi + 0x1c], 7",6b471c07,cpu,mul,False,20,0,,,,,
16785556,"7,eax,+=,31,$o,of,:=,31,$s,sf,:=,$z,zf,:=,31,$c,cf,:=,$p,pf,:=,3,$c,af,:=",False,16785328,16785569,3,"add eax, 7","add eax, 7",83c007,cpu,add,False,17,0,,,7.0,,
16785559,"137,rcx,=",False,16785328,16785567,5,"mov ecx, 0x89","mov ecx, 0x89",b989000000,cpu,mov,False,9,0,,,137.0,137.0,
16785564,"0,edx,=,31,eax,>>,?{,0xffffffff,edx,=,}",False,16785328,16785571,1,cdq,cdq,99,cpu,null,False,0,0,,,,,
16785565,"32,ecx,~,32,edx,<<,eax,+,~%,32,ecx,~,32,edx,<<,eax,+,~/,eax,=,edx,=",False,16785328,16785570,2,idiv ecx,idiv ecx,f7f9,cpu,div,False,21,0,,,,,
16785567,"edx,0x1c,rdi,+,=[4]",True,16785328,16785569,3,"mov dword [rdi + 0x1c], edx","mov dword [rdi + 0x1c], edx",89571c,cpu,mov,False,9,0,,,,,
16785570,"rsp,[8],8,rsp,+=,rbp,=",False,16785328,16785571,1,pop rbp,pop rbp,5d,cpu,pop,False,14,0,,,,,
16785571,"rsp,[8],rip,=,8,rsp,+=",False,16785328,16785571,1,ret,ret,c3,cpu,ret,False,5,0,,,,,
