offset,esil,refptr,fcn_addr,fcn_last,size,opcode,disasm,bytes,family,type,reloc,type_num,type2_num,flags,xrefs_to,ptr,xrefs_from
16784080,"rbp,8,rsp,-,=[8],8,rsp,-=",False,16784080,16784253,1,push rbp,push rbp,55,cpu,rpush,False,268435468,0,['sym.step3'],"[{'addr': 16783721, 'type': 'CALL'}]",,
16784081,"rsp,rbp,=",False,16784080,16784251,3,"mov rbp, rsp","mov rbp, rsp",4889e5,cpu,mov,False,9,0,,,,
16784084,"rdi,[16],xmm2,=",True,16784080,16784251,3,"movups xmm2, xmmword [rdi]","movups xmm2, xmmword [rdi]",0f1017,sse,mov,False,9,0,,,,
16784087,"xmm2,xmm1,=",False,16784080,16784251,3,"movaps xmm1, xmm2","movaps xmm1, xmm2",0f28ca,sse,mov,False,9,0,,,,
16784090,,False,16784080,16784250,4,"pmuludq xmm1, xmm1","pmuludq xmm1, xmm1",660ff4c9,sse,null,False,0,0,,,,
16784094,,False,16784080,16784249,5,"pshufd xmm0, xmm1, 0xe8","pshufd xmm0, xmm1, 0xe8",660f70c1e8,sse,null,False,0,0,,,,
16784099,,False,16784080,16784249,5,"pshufd xmm2, xmm2, 0xf5","pshufd xmm2, xmm2, 0xf5",660f70d2f5,sse,null,False,0,0,,,,
16784104,,False,16784080,16784250,4,"pmuludq xmm2, xmm2","pmuludq xmm2, xmm2",660ff4d2,sse,null,False,0,0,,,,
16784108,,False,16784080,16784249,5,"pshufd xmm3, xmm2, 0xe8","pshufd xmm3, xmm2, 0xe8",660f70dae8,sse,null,False,0,0,,,,
16784113,,False,16784080,16784250,4,"punpckldq xmm0, xmm3","punpckldq xmm0, xmm3",660f62c3,sse,null,False,0,0,,,,
16784117,"0x15cc,rip,-,[16],xmm3,=",True,16784080,16784247,7,"movaps xmm3, xmmword [rip - 0x15cc]","movaps xmm3, xmmword [data.01000530]",0f281d34eaffff,sse,mov,False,9,0,,,16778544.0,"[{'addr': 16778544, 'type': 'DATA'}]"
16784124,,False,16784080,16784250,4,"pmuludq xmm1, xmm3","pmuludq xmm1, xmm3",660ff4cb,sse,null,False,0,0,,,,
16784128,,False,16784080,16784249,5,"pshufd xmm1, xmm1, 0xed","pshufd xmm1, xmm1, 0xed",660f70c9ed,sse,null,False,0,0,,,,
16784133,,False,16784080,16784250,4,"pmuludq xmm2, xmm3","pmuludq xmm2, xmm3",660ff4d3,sse,null,False,0,0,,,,
16784137,,False,16784080,16784249,5,"pshufd xmm2, xmm2, 0xed","pshufd xmm2, xmm2, 0xed",660f70d2ed,sse,null,False,0,0,,,,
16784142,,False,16784080,16784250,4,"punpckldq xmm1, xmm2","punpckldq xmm1, xmm2",660f62ca,sse,null,False,0,0,,,,
16784146,,False,16784080,16784249,5,"psrld xmm1, 6","psrld xmm1, 6",660f72d106,sse,null,False,0,0,,,,
16784151,"xmm1,xmm2,=",False,16784080,16784251,3,"movaps xmm2, xmm1","movaps xmm2, xmm1",0f28d1,sse,mov,False,9,0,,,,
16784154,,False,16784080,16784249,5,"pslld xmm2, 7","pslld xmm2, 7",660f72f207,sse,null,False,0,0,,,,
16784159,"xmm2,xmm1,-=",False,16784080,16784250,4,"psubd xmm1, xmm2","psubd xmm1, xmm2",660ffaca,sse,sub,False,18,0,,,,
16784163,,False,16784080,16784250,4,"paddd xmm0, xmm1","paddd xmm0, xmm1",660ffec1,sse,add,False,17,0,,,,
16784167,"xmm0,rdi,=[16]",True,16784080,16784251,3,"movups xmmword [rdi], xmm0","movups xmmword [rdi], xmm0",0f1107,sse,mov,False,9,0,,,,
16784170,"0x10,rdi,+,[16],xmm2,=",True,16784080,16784250,4,"movups xmm2, xmmword [rdi + 0x10]","movups xmm2, xmmword [rdi + 0x10]",0f105710,sse,mov,False,9,0,,,,
16784174,"xmm2,xmm1,=",False,16784080,16784251,3,"movaps xmm1, xmm2","movaps xmm1, xmm2",0f28ca,sse,mov,False,9,0,,,,
16784177,,False,16784080,16784250,4,"pmuludq xmm1, xmm1","pmuludq xmm1, xmm1",660ff4c9,sse,null,False,0,0,,,,
16784181,,False,16784080,16784249,5,"pshufd xmm0, xmm1, 0xe8","pshufd xmm0, xmm1, 0xe8",660f70c1e8,sse,null,False,0,0,,,,
16784186,,False,16784080,16784249,5,"pshufd xmm2, xmm2, 0xf5","pshufd xmm2, xmm2, 0xf5",660f70d2f5,sse,null,False,0,0,,,,
16784191,,False,16784080,16784250,4,"pmuludq xmm2, xmm2","pmuludq xmm2, xmm2",660ff4d2,sse,null,False,0,0,,,,
16784195,,False,16784080,16784249,5,"pshufd xmm4, xmm2, 0xe8","pshufd xmm4, xmm2, 0xe8",660f70e2e8,sse,null,False,0,0,,,,
16784200,,False,16784080,16784250,4,"punpckldq xmm0, xmm4","punpckldq xmm0, xmm4",660f62c4,sse,null,False,0,0,,,,
16784204,,False,16784080,16784250,4,"pmuludq xmm1, xmm3","pmuludq xmm1, xmm3",660ff4cb,sse,null,False,0,0,,,,
16784208,,False,16784080,16784249,5,"pshufd xmm1, xmm1, 0xed","pshufd xmm1, xmm1, 0xed",660f70c9ed,sse,null,False,0,0,,,,
16784213,,False,16784080,16784250,4,"pmuludq xmm2, xmm3","pmuludq xmm2, xmm3",660ff4d3,sse,null,False,0,0,,,,
16784217,,False,16784080,16784249,5,"pshufd xmm2, xmm2, 0xed","pshufd xmm2, xmm2, 0xed",660f70d2ed,sse,null,False,0,0,,,,
16784222,,False,16784080,16784250,4,"punpckldq xmm1, xmm2","punpckldq xmm1, xmm2",660f62ca,sse,null,False,0,0,,,,
16784226,,False,16784080,16784249,5,"psrld xmm1, 6","psrld xmm1, 6",660f72d106,sse,null,False,0,0,,,,
16784231,"xmm1,xmm2,=",False,16784080,16784251,3,"movaps xmm2, xmm1","movaps xmm2, xmm1",0f28d1,sse,mov,False,9,0,,,,
16784234,,False,16784080,16784249,5,"pslld xmm2, 7","pslld xmm2, 7",660f72f207,sse,null,False,0,0,,,,
16784239,"xmm2,xmm1,-=",False,16784080,16784250,4,"psubd xmm1, xmm2","psubd xmm1, xmm2",660ffaca,sse,sub,False,18,0,,,,
16784243,,False,16784080,16784250,4,"paddd xmm0, xmm1","paddd xmm0, xmm1",660ffec1,sse,add,False,17,0,,,,
16784247,"xmm0,0x10,rdi,+,=[16]",False,16784080,16784249,5,"movdqu xmmword [rdi + 0x10], xmm0","movdqu xmmword [rdi + 0x10], xmm0",f30f7f4710,sse,null,False,0,0,,,,
16784252,"rsp,[8],8,rsp,+=,rbp,=",False,16784080,16784253,1,pop rbp,pop rbp,5d,cpu,pop,False,14,0,,,,
16784253,"rsp,[8],rip,=,8,rsp,+=",False,16784080,16784253,1,ret,ret,c3,cpu,ret,False,5,0,,,,
