offset,esil,refptr,fcn_addr,fcn_last,size,opcode,disasm,bytes,family,type,reloc,type_num,type2_num,flags,xrefs_to,val,ptr,xrefs_from,jump,fail
16786000,"rbp,8,rsp,-,=[8],8,rsp,-=",False,16786000,16786198,1,push rbp,push rbp,55,cpu,rpush,False,268435468,0,['sym.step12'],"[{'addr': 16783811, 'type': 'CALL'}]",,,,,
16786001,"rsp,rbp,=",False,16786000,16786196,3,"mov rbp, rsp","mov rbp, rsp",4889e5,cpu,mov,False,9,0,,,,,,,
16786004,"32,rsp,-=,32,0x8000000000000000,-,!,63,$o,^,of,:=,63,$s,sf,:=,$z,zf,:=,$p,pf,:=,64,$b,cf,:=,3,$b,af,:=",False,16786000,16786195,4,"sub rsp, 0x20","sub rsp, 0x20",4883ec20,cpu,sub,False,18,0,,,32.0,,,,
16786008,"rdi,0x18,rbp,-,=[8]",True,16786000,16786195,4,"mov qword [rbp - 0x18], rdi","mov qword [format], rdi",48897de8,cpu,mov,False,268435465,0,,,,,,,
16786012,"0x1c4c,rip,-,rdi,=",True,16786000,16786192,7,"lea rdi, [rip - 0x1c4c]","lea rdi, str.Final_output:",488d3db4e3ffff,cpu,lea,False,33,0,,,,16778775.0,"[{'addr': 16778775, 'type': 'DATA'}]",,
16786019,"16786384,rip,8,rsp,-=,rsp,=[],rip,=",False,16786000,16786194,5,call 0x10023d0,call sym.imp.puts,e868010000,cpu,call,False,3,0,,,,,"[{'addr': 16786384, 'type': 'CALL'}]",16786384.0,16786024.0
16786024,"0x18,rbp,-,[8],rdi,=",True,16786000,16786195,4,"mov rdi, qword [rbp - 0x18]","mov rdi, qword [format]",488b7de8,cpu,mov,False,9,0,,,,,,,
16786028,"rdi,[4],rsi,=",True,16786000,16786197,2,"mov esi, dword [rdi]","mov esi, dword [rdi]",8b37,cpu,mov,False,9,0,,,,,,,
16786030,"0x1c4f,rip,-,rdi,=",True,16786000,16786192,7,"lea rdi, [rip - 0x1c4f]","lea rdi, data.01000626",488d3db1e3ffff,cpu,lea,False,33,0,,,,16778790.0,"[{'addr': 16778790, 'type': 'DATA'}]",,
16786037,"rdi,0x10,rbp,-,=[8]",True,16786000,16786195,4,"mov qword [rbp - 0x10], rdi","mov qword [var_18h], rdi",48897df0,cpu,mov,False,268435465,0,,,,,,,
16786041,"eax,rax,^,0xffffffff,&,rax,=,$z,zf,:=,$p,pf,:=,31,$s,sf,:=,0,cf,:=,0,of,:=",False,16786000,16786197,2,"xor eax, eax","xor eax, eax",31c0,cpu,xor,False,28,0,,,,,,,
16786043,"al,0x1,rbp,-,=[1]",True,16786000,16786196,3,"mov byte [rbp - 1], al","mov byte [var_9h], al",8845ff,cpu,mov,False,268435465,0,,,,,,,
16786046,"16786352,rip,8,rsp,-=,rsp,=[],rip,=",False,16786000,16786194,5,call 0x10023b0,call sym.imp.printf,e82d010000,cpu,call,False,3,0,,,,,"[{'addr': 16786352, 'type': 'CALL'}]",16786352.0,16786051.0
16786051,"0x18,rbp,-,[8],rcx,=",True,16786000,16786195,4,"mov rcx, qword [rbp - 0x18]","mov rcx, qword [format]",488b4de8,cpu,mov,False,9,0,,,,,,,
16786055,"0x10,rbp,-,[8],rdi,=",True,16786000,16786195,4,"mov rdi, qword [rbp - 0x10]","mov rdi, qword [var_18h]",488b7df0,cpu,mov,False,9,0,,,,,,,
16786059,"0x1,rbp,-,[1],al,=",True,16786000,16786196,3,"mov al, byte [rbp - 1]","mov al, byte [var_9h]",8a45ff,cpu,mov,False,9,0,,,,,,,
16786062,"0x4,rcx,+,[4],rsi,=",True,16786000,16786196,3,"mov esi, dword [rcx + 4]","mov esi, dword [rcx + 4]",8b7104,cpu,mov,False,9,0,,,,,,,
16786065,"16786352,rip,8,rsp,-=,rsp,=[],rip,=",False,16786000,16786194,5,call 0x10023b0,call sym.imp.printf,e81a010000,cpu,call,False,3,0,,,,,"[{'addr': 16786352, 'type': 'CALL'}]",16786352.0,16786070.0
16786070,"0x18,rbp,-,[8],rcx,=",True,16786000,16786195,4,"mov rcx, qword [rbp - 0x18]","mov rcx, qword [format]",488b4de8,cpu,mov,False,9,0,,,,,,,
16786074,"0x10,rbp,-,[8],rdi,=",True,16786000,16786195,4,"mov rdi, qword [rbp - 0x10]","mov rdi, qword [var_18h]",488b7df0,cpu,mov,False,9,0,,,,,,,
16786078,"0x1,rbp,-,[1],al,=",True,16786000,16786196,3,"mov al, byte [rbp - 1]","mov al, byte [var_9h]",8a45ff,cpu,mov,False,9,0,,,,,,,
16786081,"0x8,rcx,+,[4],rsi,=",True,16786000,16786196,3,"mov esi, dword [rcx + 8]","mov esi, dword [rcx + 8]",8b7108,cpu,mov,False,9,0,,,,,,,
16786084,"16786352,rip,8,rsp,-=,rsp,=[],rip,=",False,16786000,16786194,5,call 0x10023b0,call sym.imp.printf,e807010000,cpu,call,False,3,0,,,,,"[{'addr': 16786352, 'type': 'CALL'}]",16786352.0,16786089.0
16786089,"0x18,rbp,-,[8],rcx,=",True,16786000,16786195,4,"mov rcx, qword [rbp - 0x18]","mov rcx, qword [format]",488b4de8,cpu,mov,False,9,0,,,,,,,
16786093,"0x10,rbp,-,[8],rdi,=",True,16786000,16786195,4,"mov rdi, qword [rbp - 0x10]","mov rdi, qword [var_18h]",488b7df0,cpu,mov,False,9,0,,,,,,,
16786097,"0x1,rbp,-,[1],al,=",True,16786000,16786196,3,"mov al, byte [rbp - 1]","mov al, byte [var_9h]",8a45ff,cpu,mov,False,9,0,,,,,,,
16786100,"0xc,rcx,+,[4],rsi,=",True,16786000,16786196,3,"mov esi, dword [rcx + 0xc]","mov esi, dword [rcx + 0xc]",8b710c,cpu,mov,False,9,0,,,,,,,
16786103,"16786352,rip,8,rsp,-=,rsp,=[],rip,=",False,16786000,16786194,5,call 0x10023b0,call sym.imp.printf,e8f4000000,cpu,call,False,3,0,,,,,"[{'addr': 16786352, 'type': 'CALL'}]",16786352.0,16786108.0
16786108,"0x18,rbp,-,[8],rcx,=",True,16786000,16786195,4,"mov rcx, qword [rbp - 0x18]","mov rcx, qword [format]",488b4de8,cpu,mov,False,9,0,,,,,,,
16786112,"0x10,rbp,-,[8],rdi,=",True,16786000,16786195,4,"mov rdi, qword [rbp - 0x10]","mov rdi, qword [var_18h]",488b7df0,cpu,mov,False,9,0,,,,,,,
16786116,"0x1,rbp,-,[1],al,=",True,16786000,16786196,3,"mov al, byte [rbp - 1]","mov al, byte [var_9h]",8a45ff,cpu,mov,False,9,0,,,,,,,
16786119,"0x10,rcx,+,[4],rsi,=",True,16786000,16786196,3,"mov esi, dword [rcx + 0x10]","mov esi, dword [rcx + 0x10]",8b7110,cpu,mov,False,9,0,,,,,,,
16786122,"16786352,rip,8,rsp,-=,rsp,=[],rip,=",False,16786000,16786194,5,call 0x10023b0,call sym.imp.printf,e8e1000000,cpu,call,False,3,0,,,,,"[{'addr': 16786352, 'type': 'CALL'}]",16786352.0,16786127.0
16786127,"0x18,rbp,-,[8],rcx,=",True,16786000,16786195,4,"mov rcx, qword [rbp - 0x18]","mov rcx, qword [format]",488b4de8,cpu,mov,False,9,0,,,,,,,
16786131,"0x10,rbp,-,[8],rdi,=",True,16786000,16786195,4,"mov rdi, qword [rbp - 0x10]","mov rdi, qword [var_18h]",488b7df0,cpu,mov,False,9,0,,,,,,,
16786135,"0x1,rbp,-,[1],al,=",True,16786000,16786196,3,"mov al, byte [rbp - 1]","mov al, byte [var_9h]",8a45ff,cpu,mov,False,9,0,,,,,,,
16786138,"0x14,rcx,+,[4],rsi,=",True,16786000,16786196,3,"mov esi, dword [rcx + 0x14]","mov esi, dword [rcx + 0x14]",8b7114,cpu,mov,False,9,0,,,,,,,
16786141,"16786352,rip,8,rsp,-=,rsp,=[],rip,=",False,16786000,16786194,5,call 0x10023b0,call sym.imp.printf,e8ce000000,cpu,call,False,3,0,,,,,"[{'addr': 16786352, 'type': 'CALL'}]",16786352.0,16786146.0
16786146,"0x18,rbp,-,[8],rcx,=",True,16786000,16786195,4,"mov rcx, qword [rbp - 0x18]","mov rcx, qword [format]",488b4de8,cpu,mov,False,9,0,,,,,,,
16786150,"0x10,rbp,-,[8],rdi,=",True,16786000,16786195,4,"mov rdi, qword [rbp - 0x10]","mov rdi, qword [var_18h]",488b7df0,cpu,mov,False,9,0,,,,,,,
16786154,"0x1,rbp,-,[1],al,=",True,16786000,16786196,3,"mov al, byte [rbp - 1]","mov al, byte [var_9h]",8a45ff,cpu,mov,False,9,0,,,,,,,
16786157,"0x18,rcx,+,[4],rsi,=",True,16786000,16786196,3,"mov esi, dword [rcx + 0x18]","mov esi, dword [rcx + 0x18]",8b7118,cpu,mov,False,9,0,,,,,,,
16786160,"16786352,rip,8,rsp,-=,rsp,=[],rip,=",False,16786000,16786194,5,call 0x10023b0,call sym.imp.printf,e8bb000000,cpu,call,False,3,0,,,,,"[{'addr': 16786352, 'type': 'CALL'}]",16786352.0,16786165.0
16786165,"0x18,rbp,-,[8],rcx,=",True,16786000,16786195,4,"mov rcx, qword [rbp - 0x18]","mov rcx, qword [format]",488b4de8,cpu,mov,False,9,0,,,,,,,
16786169,"0x10,rbp,-,[8],rdi,=",True,16786000,16786195,4,"mov rdi, qword [rbp - 0x10]","mov rdi, qword [var_18h]",488b7df0,cpu,mov,False,9,0,,,,,,,
16786173,"0x1,rbp,-,[1],al,=",True,16786000,16786196,3,"mov al, byte [rbp - 1]","mov al, byte [var_9h]",8a45ff,cpu,mov,False,9,0,,,,,,,
16786176,"0x1c,rcx,+,[4],rsi,=",True,16786000,16786196,3,"mov esi, dword [rcx + 0x1c]","mov esi, dword [rcx + 0x1c]",8b711c,cpu,mov,False,9,0,,,,,,,
16786179,"16786352,rip,8,rsp,-=,rsp,=[],rip,=",False,16786000,16786194,5,call 0x10023b0,call sym.imp.printf,e8a8000000,cpu,call,False,3,0,,,,,"[{'addr': 16786352, 'type': 'CALL'}]",16786352.0,16786184.0
16786184,"10,rdi,=",False,16786000,16786194,5,"mov edi, 0xa","mov edi, 0xa",bf0a000000,cpu,mov,False,9,0,,,10.0,,,,
16786189,"32,rsp,+=,63,$o,of,:=,63,$s,sf,:=,$z,zf,:=,63,$c,cf,:=,$p,pf,:=,3,$c,af,:=",False,16786000,16786195,4,"add rsp, 0x20","add rsp, 0x20",4883c420,cpu,add,False,17,0,,,32.0,,,,
16786193,"rsp,[8],8,rsp,+=,rbp,=",False,16786000,16786198,1,pop rbp,pop rbp,5d,cpu,pop,False,14,0,,,,,,,
16786194,"0x10023e0,rip,=",False,16786000,16786194,5,jmp 0x10023e0,jmp sym.imp.putchar,e9c9000000,cpu,jmp,False,1,0,,,,,"[{'addr': 16786400, 'type': 'CODE'}]",16786400.0,
