offset,esil,refptr,fcn_addr,fcn_last,size,opcode,disasm,bytes,family,type,reloc,type_num,type2_num,flags,xrefs_to,val,ptr,jump,fail,xrefs_from
16785088,"rbp,8,rsp,-,=[8],8,rsp,-=",False,16785088,16785166,1,push rbp,push rbp,55,cpu,rpush,False,268435468,0,['sym.compute_fibonacci'],"[{'addr': 16784659, 'type': 'CALL'}, {'addr': 16785124, 'type': 'CALL'}]",,,,,
16785089,"rsp,rbp,=",False,16785088,16785164,3,"mov rbp, rsp","mov rbp, rsp",4889e5,cpu,mov,False,9,0,,,,,,,
16785092,"16,rsp,-=,16,0x8000000000000000,-,!,63,$o,^,of,:=,63,$s,sf,:=,$z,zf,:=,$p,pf,:=,64,$b,cf,:=,3,$b,af,:=",False,16785088,16785163,4,"sub rsp, 0x10","sub rsp, 0x10",4883ec10,cpu,sub,False,18,0,,,16.0,,,,
16785096,"eax,rax,^,0xffffffff,&,rax,=,$z,zf,:=,$p,pf,:=,31,$s,sf,:=,0,cf,:=,0,of,:=",False,16785088,16785165,2,"xor eax, eax","xor eax, eax",31c0,cpu,xor,False,28,0,,,,,,,
16785098,"2,edi,==,$z,zf,:=,32,$b,cf,:=,$p,pf,:=,31,$s,sf,:=,2,0x80000000,-,!,31,$o,^,of,:=,3,$b,af,:=",False,16785088,16785164,3,"cmp edi, 2","cmp edi, 2",83ff02,cpu,cmp,False,15,0,,,2.0,2.0,,,
16785101,"edi,0x8,rbp,-,=[4]",True,16785088,16785164,3,"mov dword [rbp - 8], edi","mov dword [var_10h], edi",897df8,cpu,mov,False,268435465,0,,,,,,,
16785104,"eax,0x4,rbp,-,=[4]",True,16785088,16785164,3,"mov dword [rbp - 4], eax","mov dword [var_ch], eax",8945fc,cpu,mov,False,268435465,0,,,,,,,
16785107,"of,sf,^,?{,16785153,rip,=,}",False,16785088,16785165,2,jl 0x1001f01,jl 0x1001f01,7c2c,cpu,cjmp,False,2147483649,0,,,,,16785153.0,16785109.0,
16785109,"0x4,rbp,-,[4],rax,=",True,16785088,16785164,3,"mov eax, dword [rbp - 4]","mov eax, dword [var_ch]",8b45fc,cpu,mov,False,9,0,,,,,,,
16785112,"0x8,rbp,-,[4],rdi,=",True,16785088,16785164,3,"mov edi, dword [rbp - 8]","mov edi, dword [var_10h]",8b7df8,cpu,mov,False,9,0,,,,,,,
16785115,"eax,0x10,rbp,-,=[4]",True,16785088,16785164,3,"mov dword [rbp - 0x10], eax","mov dword [var_18h], eax",8945f0,cpu,mov,False,268435465,0,,,,,,,
16785118,"edi,0xc,rbp,-,=[4]",True,16785088,16785164,3,"mov dword [rbp - 0xc], edi","mov dword [var_14h], edi",897df4,cpu,mov,False,268435465,0,,,,,,,
16785121,"18446744073709551615,edi,+=,31,$o,of,:=,31,$s,sf,:=,$z,zf,:=,31,$c,cf,:=,$p,pf,:=,3,$c,af,:=",False,16785088,16785164,3,"add edi, 0xffffffff","add edi, 0xffffffff",83c7ff,cpu,add,False,17,0,,,,,,,
16785124,"16785088,rip,8,rsp,-=,rsp,=[],rip,=",False,16785088,16785162,5,call 0x1001ec0,call sym.compute_fibonacci,e8d7ffffff,cpu,call,False,3,0,,,,,16785088.0,16785129.0,"[{'addr': 16785088, 'type': 'CALL'}]"
16785129,"0x10,rbp,-,[4],rsi,=",True,16785088,16785164,3,"mov esi, dword [rbp - 0x10]","mov esi, dword [var_18h]",8b75f0,cpu,mov,False,9,0,,,,,,,
16785132,"0xc,rbp,-,[4],rdx,=",True,16785088,16785164,3,"mov edx, dword [rbp - 0xc]","mov edx, dword [var_14h]",8b55f4,cpu,mov,False,9,0,,,,,,,
16785135,"edx,rcx,=",False,16785088,16785165,2,"mov ecx, edx","mov ecx, edx",89d1,cpu,mov,False,9,0,,,,,,,
16785137,"18446744073709551614,ecx,+=,31,$o,of,:=,31,$s,sf,:=,$z,zf,:=,31,$c,cf,:=,$p,pf,:=,3,$c,af,:=",False,16785088,16785164,3,"add ecx, 0xfffffffe","add ecx, 0xfffffffe",83c1fe,cpu,add,False,17,0,,,1.8446744073709552e+19,,,,
16785140,"esi,eax,+=,31,$o,of,:=,31,$s,sf,:=,$z,zf,:=,31,$c,cf,:=,$p,pf,:=,3,$c,af,:=",False,16785088,16785165,2,"add eax, esi","add eax, esi",01f0,cpu,add,False,17,0,,,,,,,
16785142,"4,edx,==,$z,zf,:=,32,$b,cf,:=,$p,pf,:=,31,$s,sf,:=,4,0x80000000,-,!,31,$o,^,of,:=,3,$b,af,:=",False,16785088,16785164,3,"cmp edx, 4","cmp edx, 4",83fa04,cpu,cmp,False,15,0,,,4.0,4.0,,,
16785145,"ecx,0x8,rbp,-,=[4]",True,16785088,16785164,3,"mov dword [rbp - 8], ecx","mov dword [var_10h], ecx",894df8,cpu,mov,False,268435465,0,,,,,,,
16785148,"eax,0x4,rbp,-,=[4]",True,16785088,16785164,3,"mov dword [rbp - 4], eax","mov dword [var_ch], eax",8945fc,cpu,mov,False,268435465,0,,,,,,,
16785151,"cf,!,?{,16785109,rip,=,}",False,16785088,16785165,2,jae 0x1001ed5,jae 0x1001ed5,73d4,cpu,cjmp,False,2147483649,0,,,,,16785109.0,16785153.0,
16785153,"0x4,rbp,-,[4],rcx,=",True,16785088,16785164,3,"mov ecx, dword [rbp - 4]","mov ecx, dword [var_ch]",8b4dfc,cpu,mov,False,9,0,,,,,,,
16785156,"0x8,rbp,-,[4],rax,=",True,16785088,16785164,3,"mov eax, dword [rbp - 8]","mov eax, dword [var_10h]",8b45f8,cpu,mov,False,9,0,,,,,,,
16785159,"ecx,eax,+=,31,$o,of,:=,31,$s,sf,:=,$z,zf,:=,31,$c,cf,:=,$p,pf,:=,3,$c,af,:=",False,16785088,16785165,2,"add eax, ecx","add eax, ecx",01c8,cpu,add,False,17,0,,,,,,,
16785161,"16,rsp,+=,63,$o,of,:=,63,$s,sf,:=,$z,zf,:=,63,$c,cf,:=,$p,pf,:=,3,$c,af,:=",False,16785088,16785163,4,"add rsp, 0x10","add rsp, 0x10",4883c410,cpu,add,False,17,0,,,16.0,,,,
16785165,"rsp,[8],8,rsp,+=,rbp,=",False,16785088,16785166,1,pop rbp,pop rbp,5d,cpu,pop,False,14,0,,,,,,,
16785166,"rsp,[8],rip,=,8,rsp,+=",False,16785088,16785166,1,ret,ret,c3,cpu,ret,False,5,0,,,,,,,
