offset,esil,refptr,fcn_addr,fcn_last,size,opcode,disasm,bytes,family,type,reloc,type_num,type2_num,flags,xrefs_to,val,ptr,jump,fail,xrefs_from
16783232,"rbp,8,rsp,-,=[8],8,rsp,-=",False,16783232,16783437,1,push rbp,push rbp,55,cpu,rpush,False,268435468,0,"['main', 'sym.main']","[{'addr': 16783213, 'type': 'DATA'}]",,,,,
16783233,"rsp,rbp,=",False,16783232,16783435,3,"mov rbp, rsp","mov rbp, rsp",4889e5,cpu,mov,False,9,0,,,,,,,
16783236,"32,rsp,-=,32,0x8000000000000000,-,!,63,$o,^,of,:=,63,$s,sf,:=,$z,zf,:=,$p,pf,:=,64,$b,cf,:=,3,$b,af,:=",False,16783232,16783434,4,"sub rsp, 0x20","sub rsp, 0x20",4883ec20,cpu,sub,False,18,0,,,32.0,,,,
16783240,"rsi,0x18,rbp,-,=[8]",True,16783232,16783434,4,"mov qword [rbp - 0x18], rsi","mov qword [endptr], rsi",488975e8,cpu,mov,False,268435465,0,,,,,,,
16783244,"5,edi,==,$z,zf,:=,32,$b,cf,:=,$p,pf,:=,31,$s,sf,:=,5,0x80000000,-,!,31,$o,^,of,:=,3,$b,af,:=",False,16783232,16783435,3,"cmp edi, 5","cmp edi, 5",83ff05,cpu,cmp,False,15,0,,,5.0,5.0,,,
16783247,"zf,?{,16783283,rip,=,}",False,16783232,16783436,2,je 0x10017b3,je 0x10017b3,7422,cpu,cjmp,False,2147483649,0,,,,,16783283.0,16783249.0,
16783249,"0x18,rbp,-,[8],rax,=",True,16783232,16783434,4,"mov rax, qword [rbp - 0x18]","mov rax, qword [endptr]",488b45e8,cpu,mov,False,9,0,,,,,,,
16783253,"rax,[8],rsi,=",True,16783232,16783435,3,"mov rsi, qword [rax]","mov rsi, qword [rax]",488b30,cpu,mov,False,9,0,,,,,,,
16783256,"0x128f,rip,-,rdi,=",True,16783232,16783431,7,"lea rdi, [rip - 0x128f]","lea rdi, str.Usage:__s__int1___int2___int3___int4",488d3d71edffff,cpu,lea,False,33,0,,,,16778512.0,,,"[{'addr': 16778512, 'type': 'DATA'}]"
16783263,"0,al,=",False,16783232,16783436,2,"mov al, 0","mov al, 0",b000,cpu,mov,False,9,0,,,0.0,,,,
16783265,"16786080,rip,8,rsp,-=,rsp,=[],rip,=",False,16783232,16783433,5,call 0x10022a0,call sym.imp.printf,e8fa0a0000,cpu,call,False,3,0,,,,,16786080.0,16783270.0,"[{'addr': 16786080, 'type': 'CALL'}]"
16783270,"1,rax,=",False,16783232,16783433,5,"mov eax, 1","mov eax, 1",b801000000,cpu,mov,False,9,0,,,1.0,,,,
16783275,"eax,0x1c,rbp,-,=[4]",True,16783232,16783435,3,"mov dword [rbp - 0x1c], eax","mov dword [var_24h], eax",8945e4,cpu,mov,False,268435465,0,,,,,,,
16783278,"0x1001845,rip,=",False,16783232,16783433,5,jmp 0x1001845,jmp 0x1001845,e992000000,cpu,jmp,False,1,0,,,,,16783429.0,,"[{'addr': 16783429, 'type': 'CODE'}]"
16783283,"0x18,rbp,-,[8],rax,=",True,16783232,16783434,4,"mov rax, qword [rbp - 0x18]","mov rax, qword [endptr]",488b45e8,cpu,mov,False,9,0,,,,,,,
16783287,"0x8,rax,+,[8],rdi,=",True,16783232,16783434,4,"mov rdi, qword [rax + 8]","mov rdi, qword [rax + 8]",488b7808,cpu,mov,False,9,0,,,,,,,
16783291,"eax,rax,^,0xffffffff,&,rax,=,$z,zf,:=,$p,pf,:=,31,$s,sf,:=,0,cf,:=,0,of,:=",False,16783232,16783436,2,"xor eax, eax","xor eax, eax",31c0,cpu,xor,False,28,0,,,,,,,
16783293,"eax,rsi,=",False,16783232,16783436,2,"mov esi, eax","mov esi, eax",89c6,cpu,mov,False,9,0,,,,,,,
16783295,"10,rdx,=",False,16783232,16783433,5,"mov edx, 0xa","mov edx, 0xa",ba0a000000,cpu,mov,False,9,0,,,10.0,,,,
16783300,"16786096,rip,8,rsp,-=,rsp,=[],rip,=",False,16783232,16783433,5,call 0x10022b0,call sym.imp.strtol,e8e70a0000,cpu,call,False,3,0,,,,,16786096.0,16783305.0,"[{'addr': 16786096, 'type': 'CALL'}]"
16783305,"40,rcx,=",False,16783232,16783433,5,"mov ecx, 0x28","mov ecx, 0x28",b928000000,cpu,mov,False,9,0,,,40.0,40.0,,,
16783310,"0,edx,=,31,eax,>>,?{,0xffffffff,edx,=,}",False,16783232,16783437,1,cdq,cdq,99,cpu,null,False,0,0,,,,,,,
16783311,"32,ecx,~,32,edx,<<,eax,+,~%,32,ecx,~,32,edx,<<,eax,+,~/,eax,=,edx,=",False,16783232,16783436,2,idiv ecx,idiv ecx,f7f9,cpu,div,False,21,0,,,,,,,
16783313,"0x18,rbp,-,[8],rax,=",True,16783232,16783434,4,"mov rax, qword [rbp - 0x18]","mov rax, qword [endptr]",488b45e8,cpu,mov,False,9,0,,,,,,,
16783317,"edx,0x10,rbp,-,=[4]",True,16783232,16783435,3,"mov dword [rbp - 0x10], edx","mov dword [var_18h], edx",8955f0,cpu,mov,False,268435465,0,,,,,,,
16783320,"0x10,rax,+,[8],rdi,=",True,16783232,16783434,4,"mov rdi, qword [rax + 0x10]","mov rdi, qword [rax + 0x10]",488b7810,cpu,mov,False,9,0,,,,,,,
16783324,"eax,rax,^,0xffffffff,&,rax,=,$z,zf,:=,$p,pf,:=,31,$s,sf,:=,0,cf,:=,0,of,:=",False,16783232,16783436,2,"xor eax, eax","xor eax, eax",31c0,cpu,xor,False,28,0,,,,,,,
16783326,"eax,rsi,=",False,16783232,16783436,2,"mov esi, eax","mov esi, eax",89c6,cpu,mov,False,9,0,,,,,,,
16783328,"10,rdx,=",False,16783232,16783433,5,"mov edx, 0xa","mov edx, 0xa",ba0a000000,cpu,mov,False,9,0,,,10.0,,,,
16783333,"16786096,rip,8,rsp,-=,rsp,=[],rip,=",False,16783232,16783433,5,call 0x10022b0,call sym.imp.strtol,e8c60a0000,cpu,call,False,3,0,,,,,16786096.0,16783338.0,"[{'addr': 16786096, 'type': 'CALL'}]"
16783338,"40,rcx,=",False,16783232,16783433,5,"mov ecx, 0x28","mov ecx, 0x28",b928000000,cpu,mov,False,9,0,,,40.0,40.0,,,
16783343,"0,edx,=,31,eax,>>,?{,0xffffffff,edx,=,}",False,16783232,16783437,1,cdq,cdq,99,cpu,null,False,0,0,,,,,,,
16783344,"32,ecx,~,32,edx,<<,eax,+,~%,32,ecx,~,32,edx,<<,eax,+,~/,eax,=,edx,=",False,16783232,16783436,2,idiv ecx,idiv ecx,f7f9,cpu,div,False,21,0,,,,,,,
16783346,"0x18,rbp,-,[8],rax,=",True,16783232,16783434,4,"mov rax, qword [rbp - 0x18]","mov rax, qword [endptr]",488b45e8,cpu,mov,False,9,0,,,,,,,
16783350,"edx,0xc,rbp,-,=[4]",True,16783232,16783435,3,"mov dword [rbp - 0xc], edx","mov dword [var_14h], edx",8955f4,cpu,mov,False,268435465,0,,,,,,,
16783353,"0x18,rax,+,[8],rdi,=",True,16783232,16783434,4,"mov rdi, qword [rax + 0x18]","mov rdi, qword [rax + 0x18]",488b7818,cpu,mov,False,9,0,,,,,,,
16783357,"eax,rax,^,0xffffffff,&,rax,=,$z,zf,:=,$p,pf,:=,31,$s,sf,:=,0,cf,:=,0,of,:=",False,16783232,16783436,2,"xor eax, eax","xor eax, eax",31c0,cpu,xor,False,28,0,,,,,,,
16783359,"eax,rsi,=",False,16783232,16783436,2,"mov esi, eax","mov esi, eax",89c6,cpu,mov,False,9,0,,,,,,,
16783361,"10,rdx,=",False,16783232,16783433,5,"mov edx, 0xa","mov edx, 0xa",ba0a000000,cpu,mov,False,9,0,,,10.0,,,,
16783366,"16786096,rip,8,rsp,-=,rsp,=[],rip,=",False,16783232,16783433,5,call 0x10022b0,call sym.imp.strtol,e8a50a0000,cpu,call,False,3,0,,,,,16786096.0,16783371.0,"[{'addr': 16786096, 'type': 'CALL'}]"
16783371,"40,rcx,=",False,16783232,16783433,5,"mov ecx, 0x28","mov ecx, 0x28",b928000000,cpu,mov,False,9,0,,,40.0,40.0,,,
16783376,"0,edx,=,31,eax,>>,?{,0xffffffff,edx,=,}",False,16783232,16783437,1,cdq,cdq,99,cpu,null,False,0,0,,,,,,,
16783377,"32,ecx,~,32,edx,<<,eax,+,~%,32,ecx,~,32,edx,<<,eax,+,~/,eax,=,edx,=",False,16783232,16783436,2,idiv ecx,idiv ecx,f7f9,cpu,div,False,21,0,,,,,,,
16783379,"0x18,rbp,-,[8],rax,=",True,16783232,16783434,4,"mov rax, qword [rbp - 0x18]","mov rax, qword [endptr]",488b45e8,cpu,mov,False,9,0,,,,,,,
16783383,"edx,0x8,rbp,-,=[4]",True,16783232,16783435,3,"mov dword [rbp - 8], edx","mov dword [var_10h], edx",8955f8,cpu,mov,False,268435465,0,,,,,,,
16783386,"0x20,rax,+,[8],rdi,=",True,16783232,16783434,4,"mov rdi, qword [rax + 0x20]","mov rdi, qword [rax + 0x20]",488b7820,cpu,mov,False,9,0,,,,,,,
16783390,"eax,rax,^,0xffffffff,&,rax,=,$z,zf,:=,$p,pf,:=,31,$s,sf,:=,0,cf,:=,0,of,:=",False,16783232,16783436,2,"xor eax, eax","xor eax, eax",31c0,cpu,xor,False,28,0,,,,,,,
16783392,"eax,rsi,=",False,16783232,16783436,2,"mov esi, eax","mov esi, eax",89c6,cpu,mov,False,9,0,,,,,,,
16783394,"10,rdx,=",False,16783232,16783433,5,"mov edx, 0xa","mov edx, 0xa",ba0a000000,cpu,mov,False,9,0,,,10.0,,,,
16783399,"16786096,rip,8,rsp,-=,rsp,=[],rip,=",False,16783232,16783433,5,call 0x10022b0,call sym.imp.strtol,e8840a0000,cpu,call,False,3,0,,,,,16786096.0,16783404.0,"[{'addr': 16786096, 'type': 'CALL'}]"
16783404,"40,rcx,=",False,16783232,16783433,5,"mov ecx, 0x28","mov ecx, 0x28",b928000000,cpu,mov,False,9,0,,,40.0,40.0,,,
16783409,"0,edx,=,31,eax,>>,?{,0xffffffff,edx,=,}",False,16783232,16783437,1,cdq,cdq,99,cpu,null,False,0,0,,,,,,,
16783410,"32,ecx,~,32,edx,<<,eax,+,~%,32,ecx,~,32,edx,<<,eax,+,~/,eax,=,edx,=",False,16783232,16783436,2,idiv ecx,idiv ecx,f7f9,cpu,div,False,21,0,,,,,,,
16783412,"edx,0x4,rbp,-,=[4]",True,16783232,16783435,3,"mov dword [rbp - 4], edx","mov dword [var_ch], edx",8955fc,cpu,mov,False,268435465,0,,,,,,,
16783415,"0x10,rbp,-,rdi,=",True,16783232,16783434,4,"lea rdi, [rbp - 0x10]","lea rdi, [var_18h]",488d7df0,cpu,lea,False,33,0,,,,,,,
16783419,"16783440,rip,8,rsp,-=,rsp,=[],rip,=",False,16783232,16783433,5,call 0x1001850,call sym.process_sequence,e810000000,cpu,call,False,3,0,,,,,16783440.0,16783424.0,"[{'addr': 16783440, 'type': 'CALL'}]"
16783424,"eax,rax,^,0xffffffff,&,rax,=,$z,zf,:=,$p,pf,:=,31,$s,sf,:=,0,cf,:=,0,of,:=",False,16783232,16783436,2,"xor eax, eax","xor eax, eax",31c0,cpu,xor,False,28,0,,,,,,,
16783426,"eax,0x1c,rbp,-,=[4]",True,16783232,16783435,3,"mov dword [rbp - 0x1c], eax","mov dword [var_24h], eax",8945e4,cpu,mov,False,268435465,0,,,,,,,
16783429,"0x1c,rbp,-,[4],rax,=",True,16783232,16783435,3,"mov eax, dword [rbp - 0x1c]","mov eax, dword [var_24h]",8b45e4,cpu,mov,False,9,0,,"[{'addr': 16783278, 'type': 'CODE'}]",,,,,
16783432,"32,rsp,+=,63,$o,of,:=,63,$s,sf,:=,$z,zf,:=,63,$c,cf,:=,$p,pf,:=,3,$c,af,:=",False,16783232,16783434,4,"add rsp, 0x20","add rsp, 0x20",4883c420,cpu,add,False,17,0,,,32.0,,,,
16783436,"rsp,[8],8,rsp,+=,rbp,=",False,16783232,16783437,1,pop rbp,pop rbp,5d,cpu,pop,False,14,0,,,,,,,
16783437,"rsp,[8],rip,=,8,rsp,+=",False,16783232,16783437,1,ret,ret,c3,cpu,ret,False,5,0,,,,,,,
