offset,esil,refptr,fcn_addr,fcn_last,size,opcode,disasm,bytes,family,type,reloc,type_num,type2_num,flags,xrefs_to,val,jump,xrefs_from,fail,ptr
16784800,"rbp,8,rsp,-,=[8],8,rsp,-=",False,16784800,16785043,1,push rbp,push rbp,55,cpu,rpush,False,268435468,0,['sym.analyze_sequence'],"[{'addr': 16783500, 'type': 'CALL'}]",,,,,
16784801,"rsp,rbp,=",False,16784800,16785041,3,"mov rbp, rsp","mov rbp, rsp",4889e5,cpu,mov,False,9,0,,,,,,,
16784804,"rdi,0x38,rbp,-,=[8]",True,16784800,16785040,4,"mov qword [rbp - 0x38], rdi","mov qword [var_40h], rdi",48897dc8,cpu,mov,False,268435465,0,,,,,,,
16784808,"rsi,0x30,rbp,-,=[8]",True,16784800,16785040,4,"mov qword [rbp - 0x30], rsi","mov qword [var_38h], rsi",488975d0,cpu,mov,False,268435465,0,,,,,,,
16784812,"0,rsi,=[4]",True,16784800,16785038,6,"mov dword [rsi], 0","mov dword [rsi], 0",c70600000000,cpu,mov,False,9,0,,,0.0,,,,
16784818,"rdi,[4],rax,=",True,16784800,16785042,2,"mov eax, dword [rdi]","mov eax, dword [rdi]",8b07,cpu,mov,False,9,0,,,,,,,
16784820,"rsi,rcx,=",False,16784800,16785041,3,"mov rcx, rsi","mov rcx, rsi",4889f1,cpu,mov,False,9,0,,,,,,,
16784823,"4,rcx,+=,63,$o,of,:=,63,$s,sf,:=,$z,zf,:=,63,$c,cf,:=,$p,pf,:=,3,$c,af,:=",False,16784800,16785040,4,"add rcx, 4","add rcx, 4",4883c104,cpu,add,False,17,0,,,4.0,,,,
16784827,"rcx,0x28,rbp,-,=[8]",True,16784800,16785040,4,"mov qword [rbp - 0x28], rcx","mov qword [var_30h], rcx",48894dd8,cpu,mov,False,268435465,0,,,,,,,
16784831,"eax,0x4,rsi,+,=[4]",True,16784800,16785041,3,"mov dword [rsi + 4], eax","mov dword [rsi + 4], eax",894604,cpu,mov,False,9,0,,,,,,,
16784834,"rsi,rcx,=",False,16784800,16785041,3,"mov rcx, rsi","mov rcx, rsi",4889f1,cpu,mov,False,9,0,,,,,,,
16784837,"8,rcx,+=,63,$o,of,:=,63,$s,sf,:=,$z,zf,:=,63,$c,cf,:=,$p,pf,:=,3,$c,af,:=",False,16784800,16785040,4,"add rcx, 8","add rcx, 8",4883c108,cpu,add,False,17,0,,,8.0,,,,
16784841,"rcx,0x20,rbp,-,=[8]",True,16784800,16785040,4,"mov qword [rbp - 0x20], rcx","mov qword [var_28h], rcx",48894de0,cpu,mov,False,268435465,0,,,,,,,
16784845,"eax,0x8,rsi,+,=[4]",True,16784800,16785041,3,"mov dword [rsi + 8], eax","mov dword [rsi + 8], eax",894608,cpu,mov,False,9,0,,,,,,,
16784848,"ecx,rcx,^,0xffffffff,&,rcx,=,$z,zf,:=,$p,pf,:=,31,$s,sf,:=,0,cf,:=,0,of,:=",False,16784800,16785042,2,"xor ecx, ecx","xor ecx, ecx",31c9,cpu,xor,False,28,0,,,,,,,
16784850,"ecx,rdx,=",False,16784800,16785042,2,"mov edx, ecx","mov edx, ecx",89ca,cpu,mov,False,9,0,,,,,,,
16784852,"ecx,rcx,^,0xffffffff,&,rcx,=,$z,zf,:=,$p,pf,:=,31,$s,sf,:=,0,cf,:=,0,of,:=",False,16784800,16785042,2,"xor ecx, ecx","xor ecx, ecx",31c9,cpu,xor,False,28,0,,,,,,,
16784854,"rdx,0x18,rbp,-,=[8]",True,16784800,16785040,4,"mov qword [rbp - 0x18], rdx","mov qword [var_20h], rdx",488955e8,cpu,mov,False,268435465,0,,,,,,,
16784858,"ecx,0xc,rbp,-,=[4]",True,16784800,16785041,3,"mov dword [rbp - 0xc], ecx","mov dword [var_14h], ecx",894df4,cpu,mov,False,268435465,0,,,,,,,
16784861,"eax,rcx,=",False,16784800,16785042,2,"mov ecx, eax","mov ecx, eax",89c1,cpu,mov,False,9,0,,,,,,,
16784863,"ecx,0x8,rbp,-,=[4]",True,16784800,16785041,3,"mov dword [rbp - 8], ecx","mov dword [var_10h], ecx",894df8,cpu,mov,False,268435465,0,,,,,,,
16784866,"eax,0x4,rbp,-,=[4]",True,16784800,16785041,3,"mov dword [rbp - 4], eax","mov dword [var_ch], eax",8945fc,cpu,mov,False,268435465,0,,,,,,,
16784869,"0x1001de9,rip,=",False,16784800,16785042,2,jmp 0x1001de9,jmp 0x1001de9,eb02,cpu,jmp,False,1,0,,,,16784873.0,"[{'addr': 16784873, 'type': 'CODE'}]",,
16784871,"rsp,[8],8,rsp,+=,rbp,=",False,16784800,16785043,1,pop rbp,pop rbp,5d,cpu,pop,False,14,0,,,,,,,
16784872,"rsp,[8],rip,=,8,rsp,+=",False,16784800,16785043,1,ret,ret,c3,cpu,ret,False,5,0,,,,,,,
16784873,"0x38,rbp,-,[8],rcx,=",True,16784800,16785040,4,"mov rcx, qword [rbp - 0x38]","mov rcx, qword [var_40h]",488b4dc8,cpu,mov,False,9,0,,"[{'addr': 16784869, 'type': 'CODE'}, {'addr': 16785039, 'type': 'CODE'}]",,,,,
16784877,"0x30,rbp,-,[8],rsi,=",True,16784800,16785040,4,"mov rsi, qword [rbp - 0x30]","mov rsi, qword [var_38h]",488b75d0,cpu,mov,False,9,0,,,,,,,
16784881,"0x18,rbp,-,[8],rdx,=",True,16784800,16785040,4,"mov rdx, qword [rbp - 0x18]","mov rdx, qword [var_20h]",488b55e8,cpu,mov,False,9,0,,,,,,,
16784885,"0xc,rbp,-,[4],rdi,=",True,16784800,16785041,3,"mov edi, dword [rbp - 0xc]","mov edi, dword [var_14h]",8b7df4,cpu,mov,False,9,0,,,,,,,
16784888,"0x8,rbp,-,[4],rax,=",True,16784800,16785041,3,"mov eax, dword [rbp - 8]","mov eax, dword [var_10h]",8b45f8,cpu,mov,False,9,0,,,,,,,
16784891,"0x4,rbp,-,[4],r8,=",True,16784800,16785040,4,"mov r8d, dword [rbp - 4]","mov r8d, dword [var_ch]",448b45fc,cpu,mov,False,9,0,,,,,,,
16784895,"r8d,0x5c,rbp,-,=[4]",True,16784800,16785040,4,"mov dword [rbp - 0x5c], r8d","mov dword [var_64h], r8d",448945a4,cpu,mov,False,268435465,0,,,,,,,
16784899,"rdx,0x58,rbp,-,=[8]",True,16784800,16785040,4,"mov qword [rbp - 0x58], rdx","mov qword [var_60h], rdx",488955a8,cpu,mov,False,268435465,0,,,,,,,
16784903,"rdx,r9,=",False,16784800,16785041,3,"mov r9, rdx","mov r9, rdx",4989d1,cpu,mov,False,9,0,,,,,,,
16784906,"0,2,!,!,?{,1,2,-,r9,<<,0x8000000000000000,&,!,!,^,},2,r9,<<=,$z,zf,:=,$p,pf,:=,63,$s,sf,:=,cf,=",False,16784800,16785040,4,"shl r9, 2","shl r9, 2",49c1e102,cpu,shl,False,23,0,,,,,,,
16784910,"rcx,r8,=",False,16784800,16785041,3,"mov r8, rcx","mov r8, rcx",4989c8,cpu,mov,False,9,0,,,,,,,
16784913,"r9,r8,+=,63,$o,of,:=,63,$s,sf,:=,$z,zf,:=,63,$c,cf,:=,$p,pf,:=,3,$c,af,:=",False,16784800,16785041,3,"add r8, r9","add r8, r9",4d01c8,cpu,add,False,17,0,,,,,,,
16784916,"r8,0x50,rbp,-,=[8]",True,16784800,16785040,4,"mov qword [rbp - 0x50], r8","mov qword [var_58h], r8",4c8945b0,cpu,mov,False,268435465,0,,,,,,,
16784920,"rdx,4,*,rcx,+,[4],edi,+=,31,$o,of,:=,31,$s,sf,:=,$z,zf,:=,31,$c,cf,:=,$p,pf,:=,3,$c,af,:=",True,16784800,16785041,3,"add edi, dword [rcx + rdx*4]","add edi, dword [rcx + rdx*4]",033c91,cpu,add,False,17,0,,,,,,,
16784923,"edi,0x48,rbp,-,=[4]",True,16784800,16785041,3,"mov dword [rbp - 0x48], edi","mov dword [var_50h], edi",897db8,cpu,mov,False,268435465,0,,,,,,,
16784926,"edi,rsi,=[4]",True,16784800,16785042,2,"mov dword [rsi], edi","mov dword [rsi], edi",893e,cpu,mov,False,9,0,,,,,,,
16784928,"rdx,4,*,rcx,+,[4],rcx,=",True,16784800,16785041,3,"mov ecx, dword [rcx + rdx*4]","mov ecx, dword [rcx + rdx*4]",8b0c91,cpu,mov,False,9,0,,,,,,,
16784931,"ecx,0x44,rbp,-,=[4]",True,16784800,16785041,3,"mov dword [rbp - 0x44], ecx","mov dword [var_4ch], ecx",894dbc,cpu,mov,False,268435465,0,,,,,,,
16784934,"eax,ecx,==,$z,zf,:=,32,$b,cf,:=,$p,pf,:=,31,$s,sf,:=,eax,0x80000000,-,!,31,$o,^,of,:=,3,$b,af,:=",False,16784800,16785042,2,"cmp ecx, eax","cmp ecx, eax",39c1,cpu,cmp,False,15,0,,,,,,,
16784936,"ecx,0x40,rbp,-,=[4]",True,16784800,16785041,3,"mov dword [rbp - 0x40], ecx","mov dword [var_48h], ecx",894dc0,cpu,mov,False,268435465,0,,,,,,,
16784939,"eax,0x3c,rbp,-,=[4]",True,16784800,16785041,3,"mov dword [rbp - 0x3c], eax","mov dword [var_44h], eax",8945c4,cpu,mov,False,268435465,0,,,,,,,
16784942,"of,!,sf,^,?{,16784965,rip,=,}",False,16784800,16785042,2,jge 0x1001e45,jge 0x1001e45,7d15,cpu,cjmp,False,2147483649,0,,,,16784965.0,,16784944.0,
16784944,"0x44,rbp,-,[4],rax,=",True,16784800,16785041,3,"mov eax, dword [rbp - 0x44]","mov eax, dword [var_4ch]",8b45bc,cpu,mov,False,9,0,,,,,,,
16784947,"0x50,rbp,-,[8],rcx,=",True,16784800,16785040,4,"mov rcx, qword [rbp - 0x50]","mov rcx, qword [var_58h]",488b4db0,cpu,mov,False,9,0,,,,,,,
16784951,"0x28,rbp,-,[8],rdx,=",True,16784800,16785040,4,"mov rdx, qword [rbp - 0x28]","mov rdx, qword [var_30h]",488b55d8,cpu,mov,False,9,0,,,,,,,
16784955,"eax,rdx,=[4]",True,16784800,16785042,2,"mov dword [rdx], eax","mov dword [rdx], eax",8902,cpu,mov,False,9,0,,,,,,,
16784957,"rcx,[4],rcx,=",True,16784800,16785042,2,"mov ecx, dword [rcx]","mov ecx, dword [rcx]",8b09,cpu,mov,False,9,0,,,,,,,
16784959,"ecx,0x40,rbp,-,=[4]",True,16784800,16785041,3,"mov dword [rbp - 0x40], ecx","mov dword [var_48h], ecx",894dc0,cpu,mov,False,268435465,0,,,,,,,
16784962,"eax,0x3c,rbp,-,=[4]",True,16784800,16785041,3,"mov dword [rbp - 0x3c], eax","mov dword [var_44h], eax",8945c4,cpu,mov,False,268435465,0,,,,,,,
16784965,"0x5c,rbp,-,[4],rax,=",True,16784800,16785041,3,"mov eax, dword [rbp - 0x5c]","mov eax, dword [var_64h]",8b45a4,cpu,mov,False,9,0,,,,,,,
16784968,"0x40,rbp,-,[4],rcx,=",True,16784800,16785041,3,"mov ecx, dword [rbp - 0x40]","mov ecx, dword [var_48h]",8b4dc0,cpu,mov,False,9,0,,,,,,,
16784971,"0x3c,rbp,-,[4],rdx,=",True,16784800,16785041,3,"mov edx, dword [rbp - 0x3c]","mov edx, dword [var_44h]",8b55c4,cpu,mov,False,9,0,,,,,,,
16784974,"edx,0x68,rbp,-,=[4]",True,16784800,16785041,3,"mov dword [rbp - 0x68], edx","mov dword [var_70h], edx",895598,cpu,mov,False,268435465,0,,,,,,,
16784977,"ecx,0x64,rbp,-,=[4]",True,16784800,16785041,3,"mov dword [rbp - 0x64], ecx","mov dword [var_6ch], ecx",894d9c,cpu,mov,False,268435465,0,,,,,,,
16784980,"eax,ecx,==,$z,zf,:=,32,$b,cf,:=,$p,pf,:=,31,$s,sf,:=,eax,0x80000000,-,!,31,$o,^,of,:=,3,$b,af,:=",False,16784800,16785042,2,"cmp ecx, eax","cmp ecx, eax",39c1,cpu,cmp,False,15,0,,,,,,,
16784982,"eax,0x60,rbp,-,=[4]",True,16784800,16785041,3,"mov dword [rbp - 0x60], eax","mov dword [var_68h], eax",8945a0,cpu,mov,False,268435465,0,,,,,,,
16784985,"of,sf,^,zf,|,?{,16784999,rip,=,}",False,16784800,16785042,2,jle 0x1001e67,jle 0x1001e67,7e0c,cpu,cjmp,False,2147483649,0,,,,16784999.0,,16784987.0,
16784987,"0x64,rbp,-,[4],rax,=",True,16784800,16785041,3,"mov eax, dword [rbp - 0x64]","mov eax, dword [var_6ch]",8b459c,cpu,mov,False,9,0,,,,,,,
16784990,"0x20,rbp,-,[8],rcx,=",True,16784800,16785040,4,"mov rcx, qword [rbp - 0x20]","mov rcx, qword [var_28h]",488b4de0,cpu,mov,False,9,0,,,,,,,
16784994,"eax,rcx,=[4]",True,16784800,16785042,2,"mov dword [rcx], eax","mov dword [rcx], eax",8901,cpu,mov,False,9,0,,,,,,,
16784996,"eax,0x60,rbp,-,=[4]",True,16784800,16785041,3,"mov dword [rbp - 0x60], eax","mov dword [var_68h], eax",8945a0,cpu,mov,False,268435465,0,,,,,,,
16784999,"0x68,rbp,-,[4],rcx,=",True,16784800,16785041,3,"mov ecx, dword [rbp - 0x68]","mov ecx, dword [var_70h]",8b4d98,cpu,mov,False,9,0,,,,,,,
16785002,"0x48,rbp,-,[4],rdx,=",True,16784800,16785041,3,"mov edx, dword [rbp - 0x48]","mov edx, dword [var_50h]",8b55b8,cpu,mov,False,9,0,,,,,,,
16785005,"0x58,rbp,-,[8],rsi,=",True,16784800,16785040,4,"mov rsi, qword [rbp - 0x58]","mov rsi, qword [var_60h]",488b75a8,cpu,mov,False,9,0,,,,,,,
16785009,"0x60,rbp,-,[4],rax,=",True,16784800,16785041,3,"mov eax, dword [rbp - 0x60]","mov eax, dword [var_68h]",8b45a0,cpu,mov,False,9,0,,,,,,,
16785012,"1,rsi,+=,63,$o,of,:=,63,$s,sf,:=,$z,zf,:=,63,$c,cf,:=,$p,pf,:=,3,$c,af,:=",False,16784800,16785040,4,"add rsi, 1","add rsi, 1",4883c601,cpu,add,False,17,0,,,1.0,,,,
16785016,"20,rsi,==,$z,zf,:=,64,$b,cf,:=,$p,pf,:=,63,$s,sf,:=,20,0x8000000000000000,-,!,63,$o,^,of,:=,3,$b,af,:=",False,16784800,16785040,4,"cmp rsi, 0x14","cmp rsi, 0x14",4883fe14,cpu,cmp,False,15,0,,,20.0,,,,20.0
16785020,"rsi,0x18,rbp,-,=[8]",True,16784800,16785040,4,"mov qword [rbp - 0x18], rsi","mov qword [var_20h], rsi",488975e8,cpu,mov,False,268435465,0,,,,,,,
16785024,"edx,0xc,rbp,-,=[4]",True,16784800,16785041,3,"mov dword [rbp - 0xc], edx","mov dword [var_14h], edx",8955f4,cpu,mov,False,268435465,0,,,,,,,
16785027,"ecx,0x8,rbp,-,=[4]",True,16784800,16785041,3,"mov dword [rbp - 8], ecx","mov dword [var_10h], ecx",894df8,cpu,mov,False,268435465,0,,,,,,,
16785030,"eax,0x4,rbp,-,=[4]",True,16784800,16785041,3,"mov dword [rbp - 4], eax","mov dword [var_ch], eax",8945fc,cpu,mov,False,268435465,0,,,,,,,
16785033,"zf,?{,16784871,rip,=,}",False,16784800,16785038,6,je 0x1001de7,je 0x1001de7,0f8458ffffff,cpu,cjmp,False,2147483649,0,,,,16784871.0,,16785039.0,
16785039,"0x1001de9,rip,=",False,16784800,16785039,5,jmp 0x1001de9,jmp 0x1001de9,e955ffffff,cpu,jmp,False,1,0,,,,16784873.0,"[{'addr': 16784873, 'type': 'CODE'}]",,
