offset,esil,refptr,fcn_addr,fcn_last,size,opcode,disasm,bytes,family,type,reloc,type_num,type2_num,flags,xrefs_to,val,jump,fail,xrefs_from,ptr
16782864,"rbp,8,rsp,-,=[8],8,rsp,-=",False,16782864,16782956,1,push rbp,push rbp,55,cpu,rpush,False,268435468,0,"['main', 'sym.main', 'dbg.main']","[{'addr': 16782749, 'type': 'DATA'}]",,,,,
16782865,"rsp,rbp,=",False,16782864,16782954,3,"mov rbp, rsp","mov rbp, rsp",4889e5,cpu,mov,False,9,0,,,,,,,
16782868,"16,rsp,-=,16,0x8000000000000000,-,!,63,$o,^,of,:=,63,$s,sf,:=,$z,zf,:=,$p,pf,:=,64,$b,cf,:=,3,$b,af,:=",False,16782864,16782953,4,"sub rsp, 0x10","sub rsp, 0x10",4883ec10,cpu,sub,False,18,0,,,16.0,,,,
16782872,"0x8,rsi,+,[8],rdi,=",True,16782864,16782953,4,"mov rdi, qword [rsi + 8]","mov rdi, qword [rsi + 8]",488b7e08,cpu,mov,False,9,0,,,,,,,
16782876,"eax,rax,^,0xffffffff,&,rax,=,$z,zf,:=,$p,pf,:=,31,$s,sf,:=,0,cf,:=,0,of,:=",False,16782864,16782955,2,"xor eax, eax","xor eax, eax",31c0,cpu,xor,False,28,0,,,,,,,
16782878,"eax,rsi,=",False,16782864,16782955,2,"mov esi, eax","mov esi, eax",89c6,cpu,mov,False,9,0,,,,,,,
16782880,"16783104,rip,8,rsp,-=,rsp,=[],rip,=",False,16782864,16782952,5,call 0x1001700,call sym.imp.strtod,e8db000000,cpu,call,False,3,0,,,,16783104.0,16782885.0,"[{'addr': 16783104, 'type': 'CALL'}]",
16782885,,False,16782864,16782953,4,"cvtsd2ss xmm0, xmm0","cvtsd2ss xmm0, xmm0",f20f5ac0,sse,null,False,0,0,,,,,,,
16782889,,False,16782864,16782953,4,"cvttss2si edi, xmm0","cvttss2si edi, xmm0",f30f2cf8,sse,null,False,0,0,,,,,,,
16782893,"16782768,rip,8,rsp,-=,rsp,=[],rip,=",False,16782864,16782952,5,call 0x10015b0,call dbg.volume_cylinder,e87effffff,cpu,call,False,3,0,,,,16782768.0,16782898.0,"[{'addr': 16782768, 'type': 'CALL'}]",
16782898,"eax,rcx,=",False,16782864,16782955,2,"mov ecx, eax","mov ecx, eax",89c1,cpu,mov,False,9,0,,,,,,,
16782900,"ecx,0x4,rbp,-,=[4]",True,16782864,16782954,3,"mov dword [rbp - 4], ecx","mov dword [number], ecx",894dfc,cpu,mov,False,268435465,0,,,,,,,
16782903,"0x1199,rip,-,rdi,=",True,16782864,16782950,7,"lea rdi, [rip - 0x1199]","lea rdi, str.You_loose",488d3d67eeffff,cpu,lea,False,33,0,,,,,,"[{'addr': 16778405, 'type': 'DATA'}]",16778405.0
16782910,"0x11a9,rip,-,rax,=",True,16782864,16782950,7,"lea rax, [rip - 0x11a9]","lea rax, str.You_win",488d0557eeffff,cpu,lea,False,33,0,,,,,,"[{'addr': 16778396, 'type': 'DATA'}]",16778396.0
16782917,"99291104,ecx,==,$z,zf,:=,32,$b,cf,:=,$p,pf,:=,31,$s,sf,:=,99291104,0x80000000,-,!,31,$o,^,of,:=,3,$b,af,:=",False,16782864,16782951,6,"cmp ecx, 0x5eb0fe0","cmp ecx, 0x5eb0fe0",81f9e00feb05,cpu,cmp,False,15,0,,,99291104.0,,,,99291104.0
16782923,"zf,?{,rax,rdi,=,}",False,16782864,16782953,4,"cmove rdi, rax","cmove rdi, rax",480f44f8,cpu,cmov,False,2147483657,0,,,,,,,
16782927,"16783120,rip,8,rsp,-=,rsp,=[],rip,=",False,16782864,16782952,5,call 0x1001710,call sym.imp.puts,e8bc000000,cpu,call,False,3,0,,,,16783120.0,16782932.0,"[{'addr': 16783120, 'type': 'CALL'}]",
16782932,"0x4,rbp,-,[4],rsi,=",True,16782864,16782954,3,"mov esi, dword [rbp - 4]","mov esi, dword [number]",8b75fc,cpu,mov,False,9,0,,,,,,,
16782935,"0x11ce,rip,-,rdi,=",True,16782864,16782950,7,"lea rdi, [rip - 0x11ce]","lea rdi, [0x01000490]",488d3d32eeffff,cpu,lea,False,33,0,,,,,,"[{'addr': 16778384, 'type': 'DATA'}]",16778384.0
16782942,"0,al,=",False,16782864,16782955,2,"mov al, 0","mov al, 0",b000,cpu,mov,False,9,0,,,0.0,,,,
16782944,"16783136,rip,8,rsp,-=,rsp,=[],rip,=",False,16782864,16782952,5,call 0x1001720,call sym.imp.printf,e8bb000000,cpu,call,False,3,0,,,,16783136.0,16782949.0,"[{'addr': 16783136, 'type': 'CALL'}]",
16782949,"eax,rax,^,0xffffffff,&,rax,=,$z,zf,:=,$p,pf,:=,31,$s,sf,:=,0,cf,:=,0,of,:=",False,16782864,16782955,2,"xor eax, eax","xor eax, eax",31c0,cpu,xor,False,28,0,,,,,,,
16782951,"16,rsp,+=,63,$o,of,:=,63,$s,sf,:=,$z,zf,:=,63,$c,cf,:=,$p,pf,:=,3,$c,af,:=",False,16782864,16782953,4,"add rsp, 0x10","add rsp, 0x10",4883c410,cpu,add,False,17,0,,,16.0,,,,
16782955,"rsp,[8],8,rsp,+=,rbp,=",False,16782864,16782956,1,pop rbp,pop rbp,5d,cpu,pop,False,14,0,,,,,,,
16782956,"rsp,[8],rip,=,8,rsp,+=",False,16782864,16782956,1,ret,ret,c3,cpu,ret,False,5,0,,,,,,,
