offset,esil,refptr,fcn_addr,fcn_last,size,opcode,disasm,bytes,family,type,reloc,type_num,type2_num,flags,xrefs_to,val,jump,fail,xrefs_from,ptr
16783744,"rbp,8,rsp,-,=[8],8,rsp,-=",False,16783744,16783836,1,push rbp,push rbp,55,cpu,rpush,False,268435468,0,"['main', 'sym.main', 'dbg.main']","[{'addr': 16782925, 'type': 'DATA'}]",,,,,
16783745,"rsp,rbp,=",False,16783744,16783834,3,"mov rbp, rsp","mov rbp, rsp",4889e5,cpu,mov,False,9,0,,,,,,,
16783748,"16,rsp,-=,16,0x8000000000000000,-,!,63,$o,^,of,:=,63,$s,sf,:=,$z,zf,:=,$p,pf,:=,64,$b,cf,:=,3,$b,af,:=",False,16783744,16783833,4,"sub rsp, 0x10","sub rsp, 0x10",4883ec10,cpu,sub,False,18,0,,,16.0,,,,
16783752,"0x8,rsi,+,[8],rdi,=",True,16783744,16783833,4,"mov rdi, qword [rsi + 8]","mov rdi, qword [rsi + 8]",488b7e08,cpu,mov,False,9,0,,,,,,,
16783756,"eax,rax,^,0xffffffff,&,rax,=,$z,zf,:=,$p,pf,:=,31,$s,sf,:=,0,cf,:=,0,of,:=",False,16783744,16783835,2,"xor eax, eax","xor eax, eax",31c0,cpu,xor,False,28,0,,,,,,,
16783758,"eax,rsi,=",False,16783744,16783835,2,"mov esi, eax","mov esi, eax",89c6,cpu,mov,False,9,0,,,,,,,
16783760,"16784016,rip,8,rsp,-=,rsp,=[],rip,=",False,16783744,16783832,5,call 0x1001a90,call sym.imp.strtod,e8fb000000,cpu,call,False,3,0,,,,16784016.0,16783765.0,"[{'addr': 16784016, 'type': 'CALL'}]",
16783765,,False,16783744,16783833,4,"cvtsd2ss xmm0, xmm0","cvtsd2ss xmm0, xmm0",f20f5ac0,sse,null,False,0,0,,,,,,,
16783769,,False,16783744,16783833,4,"cvttss2si edi, xmm0","cvttss2si edi, xmm0",f30f2cf8,sse,null,False,0,0,,,,,,,
16783773,"16782944,rip,8,rsp,-=,rsp,=[],rip,=",False,16783744,16783832,5,call 0x1001660,call dbg.mirror,e8befcffff,cpu,call,False,3,0,,,,16782944.0,16783778.0,"[{'addr': 16782944, 'type': 'CALL'}]",
16783778,"eax,rcx,=",False,16783744,16783835,2,"mov ecx, eax","mov ecx, eax",89c1,cpu,mov,False,9,0,,,,,,,
16783780,"ecx,0x4,rbp,-,=[4]",True,16783744,16783834,3,"mov dword [rbp - 4], ecx","mov dword [number], ecx",894dfc,cpu,mov,False,268435465,0,,,,,,,
16783783,"0x1455,rip,-,rdi,=",True,16783744,16783830,7,"lea rdi, [rip - 0x1455]","lea rdi, str.You_loose",488d3dabebffff,cpu,lea,False,33,0,,,,,,"[{'addr': 16778585, 'type': 'DATA'}]",16778585.0
16783790,"0x1465,rip,-,rax,=",True,16783744,16783830,7,"lea rax, [rip - 0x1465]","lea rax, str.You_win",488d059bebffff,cpu,lea,False,33,0,,,,,,"[{'addr': 16778576, 'type': 'DATA'}]",16778576.0
16783797,"679654,ecx,==,$z,zf,:=,32,$b,cf,:=,$p,pf,:=,31,$s,sf,:=,679654,0x80000000,-,!,31,$o,^,of,:=,3,$b,af,:=",False,16783744,16783831,6,"cmp ecx, 0xa5ee6","cmp ecx, 0xa5ee6",81f9e65e0a00,cpu,cmp,False,15,0,,,679654.0,,,,679654.0
16783803,"zf,?{,rax,rdi,=,}",False,16783744,16783833,4,"cmove rdi, rax","cmove rdi, rax",480f44f8,cpu,cmov,False,2147483657,0,,,,,,,
16783807,"16784032,rip,8,rsp,-=,rsp,=[],rip,=",False,16783744,16783832,5,call 0x1001aa0,call sym.imp.puts,e8dc000000,cpu,call,False,3,0,,,,16784032.0,16783812.0,"[{'addr': 16784032, 'type': 'CALL'}]",
16783812,"0x4,rbp,-,[4],rsi,=",True,16783744,16783834,3,"mov esi, dword [rbp - 4]","mov esi, dword [number]",8b75fc,cpu,mov,False,9,0,,,,,,,
16783815,"0x14a1,rip,-,rdi,=",True,16783744,16783830,7,"lea rdi, [rip - 0x14a1]","lea rdi, str.Hash:_0x_x",488d3d5febffff,cpu,lea,False,33,0,,,,,,"[{'addr': 16778541, 'type': 'DATA'}]",16778541.0
16783822,"0,al,=",False,16783744,16783835,2,"mov al, 0","mov al, 0",b000,cpu,mov,False,9,0,,,0.0,,,,
16783824,"16784000,rip,8,rsp,-=,rsp,=[],rip,=",False,16783744,16783832,5,call 0x1001a80,call sym.imp.printf,e8ab000000,cpu,call,False,3,0,,,,16784000.0,16783829.0,"[{'addr': 16784000, 'type': 'CALL'}]",
16783829,"eax,rax,^,0xffffffff,&,rax,=,$z,zf,:=,$p,pf,:=,31,$s,sf,:=,0,cf,:=,0,of,:=",False,16783744,16783835,2,"xor eax, eax","xor eax, eax",31c0,cpu,xor,False,28,0,,,,,,,
16783831,"16,rsp,+=,63,$o,of,:=,63,$s,sf,:=,$z,zf,:=,63,$c,cf,:=,$p,pf,:=,3,$c,af,:=",False,16783744,16783833,4,"add rsp, 0x10","add rsp, 0x10",4883c410,cpu,add,False,17,0,,,16.0,,,,
16783835,"rsp,[8],8,rsp,+=,rbp,=",False,16783744,16783836,1,pop rbp,pop rbp,5d,cpu,pop,False,14,0,,,,,,,
16783836,"rsp,[8],rip,=,8,rsp,+=",False,16783744,16783836,1,ret,ret,c3,cpu,ret,False,5,0,,,,,,,
