offset,esil,refptr,fcn_addr,fcn_last,size,opcode,disasm,bytes,family,type,reloc,type_num,type2_num,flags,comment,val,ptr,xrefs_from
16782896,"ebp,rbp,^,0xffffffff,&,rbp,=,$z,zf,:=,$p,pf,:=,31,$s,sf,:=,0,cf,:=,0,of,:=",False,16782896,16782936,2,"xor ebp, ebp","xor ebp, ebp",31ed,cpu,xor,False,28,0,"['entry0', 'section..text', 'segment.LOAD1', 'sym._start']",WzEzXSAtci14IHNlY3Rpb24gc2l6ZSAxMDYyIG5hbWVkIC50ZXh0,,,
16782898,"rdx,r9,=",False,16782896,16782935,3,"mov r9, rdx","mov r9, rdx",4989d1,cpu,mov,False,9,0,,,,,
16782901,"rsp,[8],8,rsp,+=,rsi,=",False,16782896,16782937,1,pop rsi,pop rsi,5e,cpu,pop,False,14,0,,,,,
16782902,"rsp,rdx,=",False,16782896,16782935,3,"mov rdx, rsp","mov rdx, rsp",4889e2,cpu,mov,False,9,0,,,,,
16782905,"18446744073709551600,rsp,&=,$z,zf,:=,$p,pf,:=,63,$s,sf,:=,0,cf,:=,0,of,:=",False,16782896,16782934,4,"and rsp, 0xfffffffffffffff0","and rsp, 0xfffffffffffffff0",4883e4f0,cpu,and,False,27,0,,,1.8446744073709552e+19,,
16782909,"rax,8,rsp,-,=[8],8,rsp,-=",False,16782896,16782937,1,push rax,push rax,50,cpu,rpush,False,268435468,0,,,,,
16782910,"rsp,8,rsp,-,=[8],8,rsp,-=",False,16782896,16782937,1,push rsp,push rsp,54,cpu,rpush,False,268435468,0,,,,,
16782911,"0x40a,rip,+,r8,=",True,16782896,16782931,7,"lea r8, [rip + 0x40a]","lea r8, [dbg.__libc_csu_fini]",4c8d050a040000,cpu,lea,False,33,0,,,,16783952.0,"[{'addr': 16783952, 'type': 'DATA'}]"
16782918,"0x393,rip,+,rcx,=",True,16782896,16782931,7,"lea rcx, [rip + 0x393]","lea rcx, [dbg.__libc_csu_init]",488d0d93030000,cpu,lea,False,33,0,,,,16783840.0,"[{'addr': 16783840, 'type': 'DATA'}]"
16782925,"0x32c,rip,+,rdi,=",True,16782896,16782931,7,"lea rdi, [rip + 0x32c]","lea rdi, [dbg.main]",488d3d2c030000,cpu,lea,False,33,0,,,,16783744.0,"[{'addr': 16783744, 'type': 'DATA'}]"
16782932,"0x15b6,rip,+,[8],rip,8,rsp,-=,rsp,=[],rip,=",True,16782896,16782932,6,call qword [rip + 0x15b6],call qword [reloc.__libc_start_main],ff15b6150000,cpu,ircall,False,402653188,0,,,,16788496.0,"[{'addr': 16788496, 'type': 'CALL'}]"
