offset,esil,refptr,fcn_addr,fcn_last,size,opcode,disasm,bytes,family,type,reloc,type_num,type2_num,flags,xrefs_to,val,jump,fail,ptr,xrefs_from,comment
16782800,"rbp,8,rsp,-,=[8],8,rsp,-=",False,16782800,16783082,1,push rbp,push rbp,55,cpu,rpush,False,268435468,0,"['sym.naiveModInv', 'dbg.naiveModInv']","[{'addr': 16783149, 'type': 'CALL'}]",,,,,,
16782801,"rsp,rbp,=",False,16782800,16783080,3,"mov rbp, rsp","mov rbp, rsp",4889e5,cpu,mov,False,9,0,,,,,,,,
16782804,"edi,rax,=",False,16782800,16783081,2,"mov eax, edi","mov eax, edi",89f8,cpu,mov,False,9,0,,,,,,,,
16782806,"esi,0x18,rbp,-,=[4]",True,16782800,16783080,3,"mov dword [rbp - 0x18], esi","mov dword [var_20h], esi",8975e8,cpu,mov,False,268435465,0,,,,,,,,
16782809,"0,edx,=,31,eax,>>,?{,0xffffffff,edx,=,}",False,16782800,16783082,1,cdq,cdq,99,cpu,null,False,0,0,,,,,,,,
16782810,"32,esi,~,32,edx,<<,eax,+,~%,32,esi,~,32,edx,<<,eax,+,~/,eax,=,edx,=",False,16782800,16783081,2,idiv esi,idiv esi,f7fe,cpu,div,False,21,0,,,,,,,,
16782812,"edx,0x10,rbp,-,=[4]",True,16782800,16783080,3,"mov dword [rbp - 0x10], edx","mov dword [var_18h], edx",8955f0,cpu,mov,False,268435465,0,,,,,,,,
16782815,"0,0x14,rbp,-,=[4]",True,16782800,16783076,7,"mov dword [rbp - 0x14], 0","mov dword [var_1ch], 0",c745ec00000000,cpu,mov,False,268435465,0,,,0.0,,,,,
16782822,"0x14,rbp,-,[4],rax,=",True,16782800,16783080,3,"mov eax, dword [rbp - 0x14]","mov eax, dword [var_1ch]",8b45ec,cpu,mov,False,9,0,,"[{'addr': 16782857, 'type': 'CODE'}]",,,,,,
16782825,"rax,0x20,rbp,-,=[8]",True,16782800,16783079,4,"mov qword [rbp - 0x20], rax","mov qword [var_28h], rax",488945e0,cpu,mov,False,268435465,0,,,,,,,,
16782829,"6,rax,-=,6,0x8000000000000000,-,!,63,$o,^,of,:=,63,$s,sf,:=,$z,zf,:=,$p,pf,:=,64,$b,cf,:=,3,$b,af,:=",False,16782800,16783079,4,"sub rax, 6","sub rax, 6",4883e806,cpu,sub,False,18,0,,,6.0,,,,,
16782833,"cf,zf,|,!,?{,16782855,rip,=,}",False,16782800,16783081,2,ja 0x1001607,ja 0x1001607,7714,cpu,cjmp,False,2147483649,0,,,,16782855.0,16782835.0,,,
16782835,"0x20,rbp,-,[8],rax,=",True,16782800,16783079,4,"mov rax, qword [rbp - 0x20]","mov rax, qword [var_28h]",488b45e0,cpu,mov,False,9,0,,,,,,,,
16782839,"0x1182,rip,-,rcx,=",True,16782800,16783076,7,"lea rcx, [rip - 0x1182]","lea rcx, data.0100047c",488d0d7eeeffff,cpu,lea,False,33,0,,,,,,16778364.0,"[{'addr': 16778364, 'type': 'DATA'}]",
16782846,"32,rax,4,*,rcx,+,[4],~,rax,=",True,16782800,16783079,4,"movsxd rax, dword [rcx + rax*4]","movsxd rax, dword [rcx + rax*4]",48630481,cpu,mov,False,9,0,,,,,,,,
16782850,"rcx,rax,+=,63,$o,of,:=,63,$s,sf,:=,$z,zf,:=,63,$c,cf,:=,$p,pf,:=,3,$c,af,:=",False,16782800,16783080,3,"add rax, rcx","add rax, rcx",4801c8,cpu,add,False,17,0,,,,,,,,
16782853,"rax,rip,=",False,16782800,16783081,2,jmp rax,jmp rax,ffe0,cpu,rjmp,False,268435458,0,['switch.0x01001605'],,,,,,"[{'addr': 16782859, 'type': 'CODE'}, {'addr': 16782897, 'type': 'CODE'}, {'addr': 16782943, 'type': 'CODE'}, {'addr': 16782982, 'type': 'CODE'}, {'addr': 16782987, 'type': 'CODE'}, {'addr': 16783036, 'type': 'CODE'}, {'addr': 16783041, 'type': 'CODE'}]",c3dpdGNoIHRhYmxlICg3IGNhc2VzKSBhdCAweDEwMDA0N2M=
16782855,"0x1001609,rip,=",False,16782800,16783081,2,jmp 0x1001609,jmp 0x1001609,eb00,cpu,jmp,False,1,0,,,,16782857.0,,,"[{'addr': 16782857, 'type': 'CODE'}]",
16782857,"0x10015e6,rip,=",False,16782800,16783081,2,jmp 0x10015e6,jmp 0x10015e6,ebdb,cpu,jmp,False,1,0,,"[{'addr': 16782855, 'type': 'CODE'}, {'addr': 16782895, 'type': 'CODE'}, {'addr': 16782941, 'type': 'CODE'}, {'addr': 16782980, 'type': 'CODE'}, {'addr': 16783031, 'type': 'CODE'}, {'addr': 16783078, 'type': 'CODE'}]",,16782822.0,,,"[{'addr': 16782822, 'type': 'CODE'}]",
16782859,"0x18,rbp,-,[4],rdx,=",True,16782800,16783080,3,"mov edx, dword [rbp - 0x18]","mov edx, dword [var_20h]",8b55e8,cpu,mov,False,9,0,['case.0x1001605.0'],"[{'addr': 16782853, 'type': 'CODE'}]",,,,,,
16782862,"3,rax,=",False,16782800,16783078,5,"mov eax, 3","mov eax, 3",b803000000,cpu,mov,False,9,0,,,3.0,,,,,
16782867,"1,rcx,=",False,16782800,16783078,5,"mov ecx, 1","mov ecx, 1",b901000000,cpu,mov,False,9,0,,,1.0,,,,,
16782872,"1,edx,==,$z,zf,:=,32,$b,cf,:=,$p,pf,:=,31,$s,sf,:=,1,0x80000000,-,!,31,$o,^,of,:=,3,$b,af,:=",False,16782800,16783080,3,"cmp edx, 1","cmp edx, 1",83fa01,cpu,cmp,False,15,0,,,1.0,,,1.0,,
16782875,"zf,!,sf,of,^,!,&,?{,ecx,eax,=,}",False,16782800,16783080,3,"cmovg eax, ecx","cmovg eax, ecx",0f4fc1,cpu,cmov,False,2147483657,0,,,,,,,,
16782878,"eax,0x14,rbp,-,=[4]",True,16782800,16783080,3,"mov dword [rbp - 0x14], eax","mov dword [var_1ch], eax",8945ec,cpu,mov,False,268435465,0,,,,,,,,
16782881,"1,0x8,rbp,-,=[4]",True,16782800,16783076,7,"mov dword [rbp - 8], 1","mov dword [var_10h], 1",c745f801000000,cpu,mov,False,268435465,0,,,1.0,,,,,
16782888,"4294967295,0x4,rbp,-,=[4]",True,16782800,16783076,7,"mov dword [rbp - 4], 0xffffffff","mov dword [var_ch], 0xffffffff",c745fcffffffff,cpu,mov,False,268435465,0,,,4294967295.0,,,4294967295.0,,
16782895,"0x1001609,rip,=",False,16782800,16783081,2,jmp 0x1001609,jmp 0x1001609,ebd8,cpu,jmp,False,1,0,,,,16782857.0,,,"[{'addr': 16782857, 'type': 'CODE'}]",
16782897,"0x18,rbp,-,[4],rcx,=",True,16782800,16783080,3,"mov ecx, dword [rbp - 0x18]","mov ecx, dword [var_20h]",8b4de8,cpu,mov,False,9,0,['case.0x1001605.1'],"[{'addr': 16782853, 'type': 'CODE'}]",,,,,,
16782900,"0x8,rbp,-,[4],rax,=",True,16782800,16783080,3,"mov eax, dword [rbp - 8]","mov eax, dword [var_10h]",8b45f8,cpu,mov,False,9,0,,,,,,,,
16782903,"eax,0xc,rbp,-,=[4]",True,16782800,16783080,3,"mov dword [rbp - 0xc], eax","mov dword [var_14h], eax",8945f4,cpu,mov,False,268435465,0,,,,,,,,
16782906,"0x10,rbp,-,[4],rax,=",True,16782800,16783080,3,"mov eax, dword [rbp - 0x10]","mov eax, dword [var_18h]",8b45f0,cpu,mov,False,9,0,,,,,,,,
16782909,"32,eax,~,32,0xc,rbp,-,[4],~,*,DUP,eax,=,eax,-,?{,1,1,}{,0,0,},cf,:=,of,:=",False,16782800,16783079,4,"imul eax, dword [rbp - 0xc]","imul eax, dword [var_14h]",0faf45f4,cpu,mul,False,20,0,,,,,,,,
16782913,"0,edx,=,31,eax,>>,?{,0xffffffff,edx,=,}",False,16782800,16783082,1,cdq,cdq,99,cpu,null,False,0,0,,,,,,,,
16782914,"32,ecx,~,32,edx,<<,eax,+,~%,32,ecx,~,32,edx,<<,eax,+,~/,eax,=,edx,=",False,16782800,16783081,2,idiv ecx,idiv ecx,f7f9,cpu,div,False,21,0,,,,,,,,
16782916,"2,rax,=",False,16782800,16783078,5,"mov eax, 2","mov eax, 2",b802000000,cpu,mov,False,9,0,,,2.0,,,,,
16782921,"3,rcx,=",False,16782800,16783078,5,"mov ecx, 3","mov ecx, 3",b903000000,cpu,mov,False,9,0,,,3.0,,,,,
16782926,"1,edx,==,$z,zf,:=,32,$b,cf,:=,$p,pf,:=,31,$s,sf,:=,1,0x80000000,-,!,31,$o,^,of,:=,3,$b,af,:=",False,16782800,16783080,3,"cmp edx, 1","cmp edx, 1",83fa01,cpu,cmp,False,15,0,,,1.0,,,1.0,,
16782929,"zf,?{,ecx,eax,=,}",False,16782800,16783080,3,"cmove eax, ecx","cmove eax, ecx",0f44c1,cpu,cmov,False,2147483657,0,,,,,,,,
16782932,"eax,0x14,rbp,-,=[4]",True,16782800,16783080,3,"mov dword [rbp - 0x14], eax","mov dword [var_1ch], eax",8945ec,cpu,mov,False,268435465,0,,,,,,,,
16782935,"0xc,rbp,-,[4],rax,=",True,16782800,16783080,3,"mov eax, dword [rbp - 0xc]","mov eax, dword [var_14h]",8b45f4,cpu,mov,False,9,0,,,,,,,,
16782938,"eax,0x4,rbp,-,=[4]",True,16782800,16783080,3,"mov dword [rbp - 4], eax","mov dword [var_ch], eax",8945fc,cpu,mov,False,268435465,0,,,,,,,,
16782941,"0x1001609,rip,=",False,16782800,16783081,2,jmp 0x1001609,jmp 0x1001609,ebaa,cpu,jmp,False,1,0,,,,16782857.0,,,"[{'addr': 16782857, 'type': 'CODE'}]",
16782943,"0x18,rbp,-,[4],rsi,=",True,16782800,16783080,3,"mov esi, dword [rbp - 0x18]","mov esi, dword [var_20h]",8b75e8,cpu,mov,False,9,0,['case.0x1001605.2'],"[{'addr': 16782853, 'type': 'CODE'}]",,,,,,
16782946,"0xc,rbp,-,[4],rax,=",True,16782800,16783080,3,"mov eax, dword [rbp - 0xc]","mov eax, dword [var_14h]",8b45f4,cpu,mov,False,9,0,,,,,,,,
16782949,"1,eax,+=,31,$o,of,:=,31,$s,sf,:=,$z,zf,:=,31,$c,cf,:=,$p,pf,:=,3,$c,af,:=",False,16782800,16783080,3,"add eax, 1","add eax, 1",83c001,cpu,add,False,17,0,,,1.0,,,,,
16782952,"1,rcx,=",False,16782800,16783078,5,"mov ecx, 1","mov ecx, 1",b901000000,cpu,mov,False,9,0,,,1.0,,,,,
16782957,"3,rdx,=",False,16782800,16783078,5,"mov edx, 3","mov edx, 3",ba03000000,cpu,mov,False,9,0,,,3.0,,,,,
16782962,"esi,eax,==,$z,zf,:=,32,$b,cf,:=,$p,pf,:=,31,$s,sf,:=,esi,0x80000000,-,!,31,$o,^,of,:=,3,$b,af,:=",False,16782800,16783081,2,"cmp eax, esi","cmp eax, esi",39f0,cpu,cmp,False,15,0,,,,,,,,
16782964,"zf,?{,edx,ecx,=,}",False,16782800,16783080,3,"cmove ecx, edx","cmove ecx, edx",0f44ca,cpu,cmov,False,2147483657,0,,,,,,,,
16782967,"ecx,0x14,rbp,-,=[4]",True,16782800,16783080,3,"mov dword [rbp - 0x14], ecx","mov dword [var_1ch], ecx",894dec,cpu,mov,False,268435465,0,,,,,,,,
16782970,"eax,0x8,rbp,-,=[4]",True,16782800,16783080,3,"mov dword [rbp - 8], eax","mov dword [var_10h], eax",8945f8,cpu,mov,False,268435465,0,,,,,,,,
16782973,"4294967295,0x4,rbp,-,=[4]",True,16782800,16783076,7,"mov dword [rbp - 4], 0xffffffff","mov dword [var_ch], 0xffffffff",c745fcffffffff,cpu,mov,False,268435465,0,,,4294967295.0,,,4294967295.0,,
16782980,"0x1001609,rip,=",False,16782800,16783081,2,jmp 0x1001609,jmp 0x1001609,eb83,cpu,jmp,False,1,0,,,,16782857.0,,,"[{'addr': 16782857, 'type': 'CODE'}]",
16782982,"0x4,rbp,-,[4],rax,=",True,16782800,16783080,3,"mov eax, dword [rbp - 4]","mov eax, dword [var_ch]",8b45fc,cpu,mov,False,9,0,['case.0x1001605.3'],"[{'addr': 16782853, 'type': 'CODE'}]",,,,,,
16782985,"rsp,[8],8,rsp,+=,rbp,=",False,16782800,16783082,1,pop rbp,pop rbp,5d,cpu,pop,False,14,0,,,,,,,,
16782986,"rsp,[8],rip,=,8,rsp,+=",False,16782800,16783082,1,ret,ret,c3,cpu,ret,False,5,0,,,,,,,,
16782987,"0x18,rbp,-,[4],rcx,=",True,16782800,16783080,3,"mov ecx, dword [rbp - 0x18]","mov ecx, dword [var_20h]",8b4de8,cpu,mov,False,9,0,['case.0x1001605.4'],"[{'addr': 16782853, 'type': 'CODE'}]",,,,,,
16782990,"0x8,rbp,-,[4],rax,=",True,16782800,16783080,3,"mov eax, dword [rbp - 8]","mov eax, dword [var_10h]",8b45f8,cpu,mov,False,9,0,,,,,,,,
16782993,"eax,0xc,rbp,-,=[4]",True,16782800,16783080,3,"mov dword [rbp - 0xc], eax","mov dword [var_14h], eax",8945f4,cpu,mov,False,268435465,0,,,,,,,,
16782996,"0x10,rbp,-,[4],rax,=",True,16782800,16783080,3,"mov eax, dword [rbp - 0x10]","mov eax, dword [var_18h]",8b45f0,cpu,mov,False,9,0,,,,,,,,
16782999,"32,eax,~,32,0xc,rbp,-,[4],~,*,DUP,eax,=,eax,-,?{,1,1,}{,0,0,},cf,:=,of,:=",False,16782800,16783079,4,"imul eax, dword [rbp - 0xc]","imul eax, dword [var_14h]",0faf45f4,cpu,mul,False,20,0,,,,,,,,
16783003,"0,edx,=,31,eax,>>,?{,0xffffffff,edx,=,}",False,16782800,16783082,1,cdq,cdq,99,cpu,null,False,0,0,,,,,,,,
16783004,"32,ecx,~,32,edx,<<,eax,+,~%,32,ecx,~,32,edx,<<,eax,+,~/,eax,=,edx,=",False,16782800,16783081,2,idiv ecx,idiv ecx,f7f9,cpu,div,False,21,0,,,,,,,,
16783006,"2,rax,=",False,16782800,16783078,5,"mov eax, 2","mov eax, 2",b802000000,cpu,mov,False,9,0,,,2.0,,,,,
16783011,"3,rcx,=",False,16782800,16783078,5,"mov ecx, 3","mov ecx, 3",b903000000,cpu,mov,False,9,0,,,3.0,,,,,
16783016,"1,edx,==,$z,zf,:=,32,$b,cf,:=,$p,pf,:=,31,$s,sf,:=,1,0x80000000,-,!,31,$o,^,of,:=,3,$b,af,:=",False,16782800,16783080,3,"cmp edx, 1","cmp edx, 1",83fa01,cpu,cmp,False,15,0,,,1.0,,,1.0,,
16783019,"zf,?{,ecx,eax,=,}",False,16782800,16783080,3,"cmove eax, ecx","cmove eax, ecx",0f44c1,cpu,cmov,False,2147483657,0,,,,,,,,
16783022,"eax,0x14,rbp,-,=[4]",True,16782800,16783080,3,"mov dword [rbp - 0x14], eax","mov dword [var_1ch], eax",8945ec,cpu,mov,False,268435465,0,,,,,,,,
16783025,"0xc,rbp,-,[4],rax,=",True,16782800,16783080,3,"mov eax, dword [rbp - 0xc]","mov eax, dword [var_14h]",8b45f4,cpu,mov,False,9,0,,,,,,,,
16783028,"eax,0x4,rbp,-,=[4]",True,16782800,16783080,3,"mov dword [rbp - 4], eax","mov dword [var_ch], eax",8945fc,cpu,mov,False,268435465,0,,,,,,,,
16783031,"0x1001609,rip,=",False,16782800,16783078,5,jmp 0x1001609,jmp 0x1001609,e94dffffff,cpu,jmp,False,1,0,,,,16782857.0,,,"[{'addr': 16782857, 'type': 'CODE'}]",
16783036,"0x4,rbp,-,[4],rax,=",True,16782800,16783080,3,"mov eax, dword [rbp - 4]","mov eax, dword [var_ch]",8b45fc,cpu,mov,False,9,0,['case.0x1001605.5'],"[{'addr': 16782853, 'type': 'CODE'}]",,,,,,
16783039,"rsp,[8],8,rsp,+=,rbp,=",False,16782800,16783082,1,pop rbp,pop rbp,5d,cpu,pop,False,14,0,,,,,,,,
16783040,"rsp,[8],rip,=,8,rsp,+=",False,16782800,16783082,1,ret,ret,c3,cpu,ret,False,5,0,,,,,,,,
16783041,"0x18,rbp,-,[4],rsi,=",True,16782800,16783080,3,"mov esi, dword [rbp - 0x18]","mov esi, dword [var_20h]",8b75e8,cpu,mov,False,9,0,['case.0x1001605.6'],"[{'addr': 16782853, 'type': 'CODE'}]",,,,,,
16783044,"0xc,rbp,-,[4],rax,=",True,16782800,16783080,3,"mov eax, dword [rbp - 0xc]","mov eax, dword [var_14h]",8b45f4,cpu,mov,False,9,0,,,,,,,,
16783047,"1,eax,+=,31,$o,of,:=,31,$s,sf,:=,$z,zf,:=,31,$c,cf,:=,$p,pf,:=,3,$c,af,:=",False,16782800,16783080,3,"add eax, 1","add eax, 1",83c001,cpu,add,False,17,0,,,1.0,,,,,
16783050,"1,rcx,=",False,16782800,16783078,5,"mov ecx, 1","mov ecx, 1",b901000000,cpu,mov,False,9,0,,,1.0,,,,,
16783055,"3,rdx,=",False,16782800,16783078,5,"mov edx, 3","mov edx, 3",ba03000000,cpu,mov,False,9,0,,,3.0,,,,,
16783060,"esi,eax,==,$z,zf,:=,32,$b,cf,:=,$p,pf,:=,31,$s,sf,:=,esi,0x80000000,-,!,31,$o,^,of,:=,3,$b,af,:=",False,16782800,16783081,2,"cmp eax, esi","cmp eax, esi",39f0,cpu,cmp,False,15,0,,,,,,,,
16783062,"zf,?{,edx,ecx,=,}",False,16782800,16783080,3,"cmove ecx, edx","cmove ecx, edx",0f44ca,cpu,cmov,False,2147483657,0,,,,,,,,
16783065,"ecx,0x14,rbp,-,=[4]",True,16782800,16783080,3,"mov dword [rbp - 0x14], ecx","mov dword [var_1ch], ecx",894dec,cpu,mov,False,268435465,0,,,,,,,,
16783068,"eax,0x8,rbp,-,=[4]",True,16782800,16783080,3,"mov dword [rbp - 8], eax","mov dword [var_10h], eax",8945f8,cpu,mov,False,268435465,0,,,,,,,,
16783071,"4294967295,0x4,rbp,-,=[4]",True,16782800,16783076,7,"mov dword [rbp - 4], 0xffffffff","mov dword [var_ch], 0xffffffff",c745fcffffffff,cpu,mov,False,268435465,0,,,4294967295.0,,,4294967295.0,,
16783078,"0x1001609,rip,=",False,16782800,16783078,5,jmp 0x1001609,jmp 0x1001609,e91effffff,cpu,jmp,False,1,0,,,,16782857.0,,,"[{'addr': 16782857, 'type': 'CODE'}]",
