offset,esil,refptr,fcn_addr,fcn_last,size,opcode,disasm,bytes,family,type,reloc,type_num,type2_num,flags,xrefs_to,val,jump,fail,xrefs_from,ptr
16782752,"rbp,8,rsp,-,=[8],8,rsp,-=",False,16782752,16782956,1,push rbp,push rbp,55,cpu,rpush,False,268435468,0,"['sym.modder', 'dbg.modder']","[{'addr': 16782834, 'type': 'CALL'}, {'addr': 16783058, 'type': 'CALL'}]",,,,,
16782753,"rsp,rbp,=",False,16782752,16782954,3,"mov rbp, rsp","mov rbp, rsp",4889e5,cpu,mov,False,9,0,,,,,,,
16782756,"64,rsp,-=,64,0x8000000000000000,-,!,63,$o,^,of,:=,63,$s,sf,:=,$z,zf,:=,$p,pf,:=,64,$b,cf,:=,3,$b,af,:=",False,16782752,16782953,4,"sub rsp, 0x40","sub rsp, 0x40",4883ec40,cpu,sub,False,18,0,,,64.0,,,,
16782760,"rdi,0x18,rbp,-,=[8]",True,16782752,16782953,4,"mov qword [rbp - 0x18], rdi","mov qword [var_20h], rdi",48897de8,cpu,mov,False,268435465,0,,,,,,,
16782764,"rsi,0x10,rbp,-,=[8]",True,16782752,16782953,4,"mov qword [rbp - 0x10], rsi","mov qword [var_18h], rsi",488975f0,cpu,mov,False,268435465,0,,,,,,,
16782768,"1,rdi,=",False,16782752,16782952,5,"mov edi, 1","mov edi, 1",bf01000000,cpu,mov,False,9,0,,,1.0,,,,
16782773,"0,rsi,rsi,&,==,$z,zf,:=,$p,pf,:=,63,$s,sf,:=,0,cf,:=,0,of,:=",False,16782752,16782954,3,"test rsi, rsi","test rsi, rsi",4885f6,cpu,acmp,False,16,0,,,,,,,
16782776,"rdi,0x8,rbp,-,=[8]",True,16782752,16782953,4,"mov qword [rbp - 8], rdi","mov qword [var_10h], rdi",48897df8,cpu,mov,False,268435465,0,,,,,,,
16782780,"zf,?{,16782947,rip,=,}",False,16782752,16782951,6,je 0x1001663,je 0x1001663,0f84a1000000,cpu,cjmp,False,2147483649,0,,,,16782947.0,16782786.0,,
16782786,"0x10015c4,rip,=",False,16782752,16782955,2,jmp 0x10015c4,jmp 0x10015c4,eb00,cpu,jmp,False,1,0,,,,16782788.0,,"[{'addr': 16782788, 'type': 'CODE'}]",
16782788,"0x10,rbp,-,[8],rax,=",True,16782752,16782953,4,"mov rax, qword [rbp - 0x10]","mov rax, qword [var_18h]",488b45f0,cpu,mov,False,9,0,,"[{'addr': 16782786, 'type': 'CODE'}]",,,,,
16782792,"1,rax,-=,1,0x8000000000000000,-,!,63,$o,^,of,:=,63,$s,sf,:=,$z,zf,:=,$p,pf,:=,64,$b,cf,:=,3,$b,af,:=",False,16782752,16782953,4,"sub rax, 1","sub rax, 1",4883e801,cpu,sub,False,18,0,,,1.0,,,,
16782796,"zf,!,?{,16782813,rip,=,}",False,16782752,16782955,2,jne 0x10015dd,jne 0x10015dd,750f,cpu,cjmp,False,2147483649,0,,,,16782813.0,16782798.0,,
16782798,"0x10015d0,rip,=",False,16782752,16782955,2,jmp 0x10015d0,jmp 0x10015d0,eb00,cpu,jmp,False,1,0,,,,16782800.0,,"[{'addr': 16782800, 'type': 'CODE'}]",
16782800,"0x18,rbp,-,[8],rdx,=",True,16782752,16782953,4,"mov rdx, qword [rbp - 0x18]","mov rdx, qword [var_20h]",488b55e8,cpu,mov,False,9,0,,"[{'addr': 16782798, 'type': 'CODE'}]",,,,,
16782804,"rdx,0x8,rbp,-,=[8]",True,16782752,16782953,4,"mov qword [rbp - 8], rdx","mov qword [var_10h], rdx",488955f8,cpu,mov,False,268435465,0,,,,,,,
16782808,"0x1001663,rip,=",False,16782752,16782952,5,jmp 0x1001663,jmp 0x1001663,e986000000,cpu,jmp,False,1,0,,,,16782947.0,,"[{'addr': 16782947, 'type': 'CODE'}]",
16782813,"0x10,rbp,-,[8],rax,=",True,16782752,16782953,4,"mov rax, qword [rbp - 0x10]","mov rax, qword [var_18h]",488b45f0,cpu,mov,False,9,0,,,,,,,
16782817,"0x18,rbp,-,[8],rdi,=",True,16782752,16782953,4,"mov rdi, qword [rbp - 0x18]","mov rdi, qword [var_20h]",488b7de8,cpu,mov,False,9,0,,,,,,,
16782821,"2,rcx,=",False,16782752,16782952,5,"mov ecx, 2","mov ecx, 2",b902000000,cpu,mov,False,9,0,,,2.0,,,,
16782826,,False,16782752,16782955,2,cqo,cqo,4899,cpu,null,False,0,0,,,,,,,
16782828,"64,rcx,~,64,rdx,<<,rax,+,~%,64,rcx,~,64,rdx,<<,rax,+,~/,rax,=,rdx,=",False,16782752,16782954,3,idiv rcx,idiv rcx,48f7f9,cpu,div,False,21,0,,,,,,,
16782831,"rax,rsi,=",False,16782752,16782954,3,"mov rsi, rax","mov rsi, rax",4889c6,cpu,mov,False,9,0,,,,,,,
16782834,"16782752,rip,8,rsp,-=,rsp,=[],rip,=",False,16782752,16782952,5,call 0x10015a0,call dbg.modder,e8a9ffffff,cpu,call,False,3,0,,,,16782752.0,16782839.0,"[{'addr': 16782752, 'type': 'CALL'}]",
16782839,"0x10,rbp,-,[8],rdx,=",True,16782752,16782953,4,"mov rdx, qword [rbp - 0x10]","mov rdx, qword [var_18h]",488b55f0,cpu,mov,False,9,0,,,,,,,
16782843,"1,rdx,&=,$z,zf,:=,$p,pf,:=,63,$s,sf,:=,0,cf,:=,0,of,:=",False,16782752,16782953,4,"and rdx, 1","and rdx, 1",4883e201,cpu,and,False,27,0,,,1.0,,,,
16782847,"rdx,rcx,=",False,16782752,16782954,3,"mov rcx, rdx","mov rcx, rdx",4889d1,cpu,mov,False,9,0,,,,,,,
16782850,"0,1,!,!,?{,1,1,-,rcx,<<,0x8000000000000000,&,!,!,^,},1,rcx,<<=,$z,zf,:=,$p,pf,:=,63,$s,sf,:=,cf,=",False,16782752,16782954,3,"shl rcx, 1","shl rcx, 1",48d1e1,cpu,shl,False,23,0,,,,,,,
16782853,"rdx,rcx,^=,$z,zf,:=,$p,pf,:=,63,$s,sf,:=,0,cf,:=,0,of,:=",False,16782752,16782954,3,"xor rcx, rdx","xor rcx, rdx",4831d1,cpu,xor,False,28,0,,,,,,,
16782856,"rcx,0x28,rbp,-,=[8]",True,16782752,16782953,4,"mov qword [rbp - 0x28], rcx","mov qword [var_30h], rcx",48894dd8,cpu,mov,False,268435465,0,,,,,,,
16782860,"0x235d,rip,+,rcx,=",True,16782752,16782950,7,"lea rcx, [rip + 0x235d]","lea rcx, [obj.m]",488d0d5d230000,cpu,lea,False,33,0,,,,,,"[{'addr': 16791920, 'type': 'DATA'}]",16791920.0
16782867,"rcx,[8],rcx,=",True,16782752,16782954,3,"mov rcx, qword [rcx]","mov rcx, qword [rcx]",488b09,cpu,mov,False,9,0,,,,,,,
16782870,"rcx,0x30,rbp,-,=[8]",True,16782752,16782953,4,"mov qword [rbp - 0x30], rcx","mov qword [var_38h], rcx",48894dd0,cpu,mov,False,268435465,0,,,,,,,
16782874,,False,16782752,16782955,2,cqo,cqo,4899,cpu,null,False,0,0,,,,,,,
16782876,"64,rcx,~,64,rdx,<<,rax,+,~%,64,rcx,~,64,rdx,<<,rax,+,~/,rax,=,rdx,=",False,16782752,16782954,3,idiv rcx,idiv rcx,48f7f9,cpu,div,False,21,0,,,,,,,
16782879,"0x28,rbp,-,[8],rax,=",True,16782752,16782953,4,"mov rax, qword [rbp - 0x28]","mov rax, qword [var_30h]",488b45d8,cpu,mov,False,9,0,,,,,,,
16782883,"64,rdx,~,64,rdx,~,*,DUP,rdx,=,rdx,-,?{,1,1,}{,0,0,},cf,:=,of,:=",False,16782752,16782953,4,"imul rdx, rdx","imul rdx, rdx",480fafd2,cpu,mul,False,20,0,,,,,,,
16782887,"rdx,0x20,rbp,-,=[8]",True,16782752,16782953,4,"mov qword [rbp - 0x20], rdx","mov qword [var_28h], rdx",488955e0,cpu,mov,False,268435465,0,,,,,,,
16782891,"0,rax,==,$z,zf,:=,64,$b,cf,:=,$p,pf,:=,63,$s,sf,:=,0,0x8000000000000000,-,!,63,$o,^,of,:=,3,$b,af,:=",False,16782752,16782953,4,"cmp rax, 0","cmp rax, 0",4883f800,cpu,cmp,False,15,0,,,0.0,,,,0.0
16782895,"rdx,0x8,rbp,-,=[8]",True,16782752,16782953,4,"mov qword [rbp - 8], rdx","mov qword [var_10h], rdx",488955f8,cpu,mov,False,268435465,0,,,,,,,
16782899,"zf,?{,16782947,rip,=,}",False,16782752,16782955,2,je 0x1001663,je 0x1001663,742e,cpu,cjmp,False,2147483649,0,,,,16782947.0,16782901.0,,
16782901,"0x30,rbp,-,[8],rcx,=",True,16782752,16782953,4,"mov rcx, qword [rbp - 0x30]","mov rcx, qword [var_38h]",488b4dd0,cpu,mov,False,9,0,,,,,,,
16782905,"0x20,rbp,-,[8],rax,=",True,16782752,16782953,4,"mov rax, qword [rbp - 0x20]","mov rax, qword [var_28h]",488b45e0,cpu,mov,False,9,0,,,,,,,
16782909,,False,16782752,16782955,2,cqo,cqo,4899,cpu,null,False,0,0,,,,,,,
16782911,"64,rcx,~,64,rdx,<<,rax,+,~%,64,rcx,~,64,rdx,<<,rax,+,~/,rax,=,rdx,=",False,16782752,16782954,3,idiv rcx,idiv rcx,48f7f9,cpu,div,False,21,0,,,,,,,
16782914,"0x18,rbp,-,[8],rax,=",True,16782752,16782953,4,"mov rax, qword [rbp - 0x18]","mov rax, qword [var_20h]",488b45e8,cpu,mov,False,9,0,,,,,,,
16782918,"rdx,0x38,rbp,-,=[8]",True,16782752,16782953,4,"mov qword [rbp - 0x38], rdx","mov qword [var_40h], rdx",488955c8,cpu,mov,False,268435465,0,,,,,,,
16782922,,False,16782752,16782955,2,cqo,cqo,4899,cpu,null,False,0,0,,,,,,,
16782924,"64,rcx,~,64,rdx,<<,rax,+,~%,64,rcx,~,64,rdx,<<,rax,+,~/,rax,=,rdx,=",False,16782752,16782954,3,idiv rcx,idiv rcx,48f7f9,cpu,div,False,21,0,,,,,,,
16782927,"rdx,rax,=",False,16782752,16782954,3,"mov rax, rdx","mov rax, rdx",4889d0,cpu,mov,False,9,0,,,,,,,
16782930,"0x38,rbp,-,[8],rdx,=",True,16782752,16782953,4,"mov rdx, qword [rbp - 0x38]","mov rdx, qword [var_40h]",488b55c8,cpu,mov,False,9,0,,,,,,,
16782934,"64,rax,~,64,rdx,~,*,DUP,rax,=,rax,-,?{,1,1,}{,0,0,},cf,:=,of,:=",False,16782752,16782953,4,"imul rax, rdx","imul rax, rdx",480fafc2,cpu,mul,False,20,0,,,,,,,
16782938,,False,16782752,16782955,2,cqo,cqo,4899,cpu,null,False,0,0,,,,,,,
16782940,"64,rcx,~,64,rdx,<<,rax,+,~%,64,rcx,~,64,rdx,<<,rax,+,~/,rax,=,rdx,=",False,16782752,16782954,3,idiv rcx,idiv rcx,48f7f9,cpu,div,False,21,0,,,,,,,
16782943,"rdx,0x8,rbp,-,=[8]",True,16782752,16782953,4,"mov qword [rbp - 8], rdx","mov qword [var_10h], rdx",488955f8,cpu,mov,False,268435465,0,,,,,,,
16782947,"0x8,rbp,-,[8],rax,=",True,16782752,16782953,4,"mov rax, qword [rbp - 8]","mov rax, qword [var_10h]",488b45f8,cpu,mov,False,9,0,,"[{'addr': 16782808, 'type': 'CODE'}]",,,,,
16782951,"64,rsp,+=,63,$o,of,:=,63,$s,sf,:=,$z,zf,:=,63,$c,cf,:=,$p,pf,:=,3,$c,af,:=",False,16782752,16782953,4,"add rsp, 0x40","add rsp, 0x40",4883c440,cpu,add,False,17,0,,,64.0,,,,
16782955,"rsp,[8],8,rsp,+=,rbp,=",False,16782752,16782956,1,pop rbp,pop rbp,5d,cpu,pop,False,14,0,,,,,,,
16782956,"rsp,[8],rip,=,8,rsp,+=",False,16782752,16782956,1,ret,ret,c3,cpu,ret,False,5,0,,,,,,,
