offset,esil,refptr,fcn_addr,fcn_last,size,opcode,disasm,bytes,family,type,reloc,type_num,type2_num,flags,xrefs_to,val,jump,fail,xrefs_from,ptr
16783040,"rbp,8,rsp,-,=[8],8,rsp,-=",False,16783040,16783149,1,push rbp,push rbp,55,cpu,rpush,False,268435468,0,['sym.magic_number'],"[{'addr': 16783197, 'type': 'CALL'}]",,,,,
16783041,"rsp,rbp,=",False,16783040,16783147,3,"mov rbp, rsp","mov rbp, rsp",4889e5,cpu,mov,False,9,0,,,,,,,
16783044,"32,rsp,-=,32,0x8000000000000000,-,!,63,$o,^,of,:=,63,$s,sf,:=,$z,zf,:=,$p,pf,:=,64,$b,cf,:=,3,$b,af,:=",False,16783040,16783146,4,"sub rsp, 0x20","sub rsp, 0x20",4883ec20,cpu,sub,False,18,0,,,32.0,,,,
16783048,"edi,0x8,rbp,-,=[4]",True,16783040,16783147,3,"mov dword [rbp - 8], edi","mov dword [var_10h], edi",897df8,cpu,mov,False,268435465,0,,,,,,,
16783051,"16782880,rip,8,rsp,-=,rsp,=[],rip,=",False,16783040,16783145,5,call 0x1001620,call sym.sumOfDigits,e850ffffff,cpu,call,False,3,0,,,,16782880.0,16783056.0,"[{'addr': 16782880, 'type': 'CALL'}]",
16783056,"eax,0x4,rbp,-,=[4]",True,16783040,16783147,3,"mov dword [rbp - 4], eax","mov dword [var_10h + 0x4], eax",8945fc,cpu,mov,False,268435465,0,,,,,,,
16783059,"10,eax,==,$z,zf,:=,32,$b,cf,:=,$p,pf,:=,31,$s,sf,:=,10,0x80000000,-,!,31,$o,^,of,:=,3,$b,af,:=",False,16783040,16783147,3,"cmp eax, 0xa","cmp eax, 0xa",83f80a,cpu,cmp,False,15,0,,,10.0,,,,10.0
16783062,"of,!,sf,^,?{,16783080,rip,=,}",False,16783040,16783148,2,jge 0x10016e8,jge 0x10016e8,7d10,cpu,cjmp,False,2147483649,0,,,,16783080.0,16783064.0,,
16783064,"0x4,rbp,-,[4],rcx,=",True,16783040,16783147,3,"mov ecx, dword [rbp - 4]","mov ecx, dword [var_10h + 0x4]",8b4dfc,cpu,mov,False,9,0,,,,,,,
16783067,"32,ecx,~,32,ecx,~,*,DUP,ecx,=,ecx,-,?{,1,1,}{,0,0,},cf,:=,of,:=",False,16783040,16783147,3,"imul ecx, ecx","imul ecx, ecx",0fafc9,cpu,mul,False,20,0,,,,,,,
16783070,"eax,rax,^,0xffffffff,&,rax,=,$z,zf,:=,$p,pf,:=,31,$s,sf,:=,0,cf,:=,0,of,:=",False,16783040,16783148,2,"xor eax, eax","xor eax, eax",31c0,cpu,xor,False,28,0,,,,,,,
16783072,"ecx,0x10,rbp,-,=[4]",True,16783040,16783147,3,"mov dword [rbp - 0x10], ecx","mov dword [var_18h], ecx",894df0,cpu,mov,False,268435465,0,,,,,,,
16783075,"eax,0xc,rbp,-,=[4]",True,16783040,16783147,3,"mov dword [rbp - 0xc], eax","mov dword [var_14h], eax",8945f4,cpu,mov,False,268435465,0,,,,,,,
16783078,"0x10016fe,rip,=",False,16783040,16783148,2,jmp 0x10016fe,jmp 0x10016fe,eb16,cpu,jmp,False,1,0,,,,16783102.0,,"[{'addr': 16783102, 'type': 'CODE'}]",
16783080,"0x4,rbp,-,[4],rdi,=",True,16783040,16783147,3,"mov edi, dword [rbp - 4]","mov edi, dword [var_10h + 0x4]",8b7dfc,cpu,mov,False,9,0,,,,,,,
16783083,"16782960,rip,8,rsp,-=,rsp,=[],rip,=",False,16783040,16783145,5,call 0x1001670,call sym.reverse,e880ffffff,cpu,call,False,3,0,,,,16782960.0,16783088.0,"[{'addr': 16782960, 'type': 'CALL'}]",
16783088,"0x4,rbp,-,[4],rcx,=",True,16783040,16783147,3,"mov ecx, dword [rbp - 4]","mov ecx, dword [var_10h + 0x4]",8b4dfc,cpu,mov,False,9,0,,,,,,,
16783091,"32,eax,~,32,ecx,~,*,DUP,eax,=,eax,-,?{,1,1,}{,0,0,},cf,:=,of,:=",False,16783040,16783147,3,"imul eax, ecx","imul eax, ecx",0fafc1,cpu,mul,False,20,0,,,,,,,
16783094,"eax,rcx,=",False,16783040,16783148,2,"mov ecx, eax","mov ecx, eax",89c1,cpu,mov,False,9,0,,,,,,,
16783096,"ecx,0x10,rbp,-,=[4]",True,16783040,16783147,3,"mov dword [rbp - 0x10], ecx","mov dword [var_18h], ecx",894df0,cpu,mov,False,268435465,0,,,,,,,
16783099,"eax,0xc,rbp,-,=[4]",True,16783040,16783147,3,"mov dword [rbp - 0xc], eax","mov dword [var_14h], eax",8945f4,cpu,mov,False,268435465,0,,,,,,,
16783102,"0x8,rbp,-,[4],rsi,=",True,16783040,16783147,3,"mov esi, dword [rbp - 8]","mov esi, dword [var_10h]",8b75f8,cpu,mov,False,9,0,,"[{'addr': 16783078, 'type': 'CODE'}]",,,,,
16783105,"0x10,rbp,-,[4],rcx,=",True,16783040,16783147,3,"mov ecx, dword [rbp - 0x10]","mov ecx, dword [var_18h]",8b4df0,cpu,mov,False,9,0,,,,,,,
16783108,"0xc,rbp,-,[4],rax,=",True,16783040,16783147,3,"mov eax, dword [rbp - 0xc]","mov eax, dword [var_14h]",8b45f4,cpu,mov,False,9,0,,,,,,,
16783111,"eax,0x14,rbp,-,=[4]",True,16783040,16783147,3,"mov dword [rbp - 0x14], eax","mov dword [var_1ch], eax",8945ec,cpu,mov,False,268435465,0,,,,,,,
16783114,"0x127f,rip,-,rdi,=",True,16783040,16783143,7,"lea rdi, [rip - 0x127f]","lea rdi, str.d_is_not_a_magic_number",488d3d81edffff,cpu,lea,False,33,0,,,,,,"[{'addr': 16778386, 'type': 'DATA'}]",16778386.0
16783121,"0x129c,rip,-,rax,=",True,16783040,16783143,7,"lea rax, [rip - 0x129c]","lea rax, str.d_is_a_magic_number",488d0564edffff,cpu,lea,False,33,0,,,,,,"[{'addr': 16778364, 'type': 'DATA'}]",16778364.0
16783128,"esi,ecx,==,$z,zf,:=,32,$b,cf,:=,$p,pf,:=,31,$s,sf,:=,esi,0x80000000,-,!,31,$o,^,of,:=,3,$b,af,:=",False,16783040,16783148,2,"cmp ecx, esi","cmp ecx, esi",39f1,cpu,cmp,False,15,0,,,,,,,
16783130,"zf,?{,rax,rdi,=,}",False,16783040,16783146,4,"cmove rdi, rax","cmove rdi, rax",480f44f8,cpu,cmov,False,2147483657,0,,,,,,,
16783134,"0,al,=",False,16783040,16783148,2,"mov al, 0","mov al, 0",b000,cpu,mov,False,9,0,,,0.0,,,,
16783136,"16783408,rip,8,rsp,-=,rsp,=[],rip,=",False,16783040,16783145,5,call 0x1001830,call sym.imp.printf,e80b010000,cpu,call,False,3,0,,,,16783408.0,16783141.0,"[{'addr': 16783408, 'type': 'CALL'}]",
16783141,"0x14,rbp,-,[4],rax,=",True,16783040,16783147,3,"mov eax, dword [rbp - 0x14]","mov eax, dword [var_1ch]",8b45ec,cpu,mov,False,9,0,,,,,,,
16783144,"32,rsp,+=,63,$o,of,:=,63,$s,sf,:=,$z,zf,:=,63,$c,cf,:=,$p,pf,:=,3,$c,af,:=",False,16783040,16783146,4,"add rsp, 0x20","add rsp, 0x20",4883c420,cpu,add,False,17,0,,,32.0,,,,
16783148,"rsp,[8],8,rsp,+=,rbp,=",False,16783040,16783149,1,pop rbp,pop rbp,5d,cpu,pop,False,14,0,,,,,,,
16783149,"rsp,[8],rip,=,8,rsp,+=",False,16783040,16783149,1,ret,ret,c3,cpu,ret,False,5,0,,,,,,,
