offset,esil,refptr,fcn_addr,fcn_last,size,opcode,disasm,bytes,family,type,reloc,type_num,type2_num,flags,xrefs_to,val,ptr,jump,fail,xrefs_from
16782928,"rbp,8,rsp,-,=[8],8,rsp,-=",False,16782928,16783067,1,push rbp,push rbp,55,cpu,rpush,False,268435468,0,"['main', 'sym.main']","[{'addr': 16782909, 'type': 'DATA'}]",,,,,
16782929,"rsp,rbp,=",False,16782928,16783065,3,"mov rbp, rsp","mov rbp, rsp",4889e5,cpu,mov,False,9,0,,,,,,,
16782932,"48,rsp,-=,48,0x8000000000000000,-,!,63,$o,^,of,:=,63,$s,sf,:=,$z,zf,:=,$p,pf,:=,64,$b,cf,:=,3,$b,af,:=",False,16782928,16783064,4,"sub rsp, 0x30","sub rsp, 0x30",4883ec30,cpu,sub,False,18,0,,,48.0,,,,
16782936,"rsi,0x8,rbp,-,=[8]",True,16782928,16783064,4,"mov qword [rbp - 8], rsi","mov qword [endptr], rsi",488975f8,cpu,mov,False,268435465,0,,,,,,,
16782940,"2,edi,==,$z,zf,:=,32,$b,cf,:=,$p,pf,:=,31,$s,sf,:=,2,0x80000000,-,!,31,$o,^,of,:=,3,$b,af,:=",False,16782928,16783065,3,"cmp edi, 2","cmp edi, 2",83ff02,cpu,cmp,False,15,0,,,2.0,2.0,,,
16782943,"zf,?{,16782976,rip,=,}",False,16782928,16783066,2,je 0x1001680,je 0x1001680,741f,cpu,cjmp,False,2147483649,0,,,,,16782976.0,16782945.0,
16782945,"0x8,rbp,-,[8],rax,=",True,16782928,16783064,4,"mov rax, qword [rbp - 8]","mov rax, qword [endptr]",488b45f8,cpu,mov,False,9,0,,,,,,,
16782949,"rax,[8],rsi,=",True,16782928,16783065,3,"mov rsi, qword [rax]","mov rsi, qword [rax]",488b30,cpu,mov,False,9,0,,,,,,,
16782952,"0x11e3,rip,-,rdi,=",True,16782928,16783061,7,"lea rdi, [rip - 0x11e3]","lea rdi, str.Usage:__s__integer",488d3d1deeffff,cpu,lea,False,33,0,,,,16778380.0,,,"[{'addr': 16778380, 'type': 'DATA'}]"
16782959,"0,al,=",False,16782928,16783066,2,"mov al, 0","mov al, 0",b000,cpu,mov,False,9,0,,,0.0,,,,
16782961,"16785008,rip,8,rsp,-=,rsp,=[],rip,=",False,16782928,16783063,5,call 0x1001e70,call sym.imp.printf,e8fa070000,cpu,call,False,3,0,,,,,16785008.0,16782966.0,"[{'addr': 16785008, 'type': 'CALL'}]"
16782966,"1,rax,=",False,16782928,16783063,5,"mov eax, 1","mov eax, 1",b801000000,cpu,mov,False,9,0,,,1.0,,,,
16782971,"eax,0xc,rbp,-,=[4]",True,16782928,16783065,3,"mov dword [rbp - 0xc], eax","mov dword [var_14h], eax",8945f4,cpu,mov,False,268435465,0,,,,,,,
16782974,"0x10016d3,rip,=",False,16782928,16783066,2,jmp 0x10016d3,jmp 0x10016d3,eb53,cpu,jmp,False,1,0,,,,,16783059.0,,"[{'addr': 16783059, 'type': 'CODE'}]"
16782976,"0x8,rbp,-,[8],rax,=",True,16782928,16783064,4,"mov rax, qword [rbp - 8]","mov rax, qword [endptr]",488b45f8,cpu,mov,False,9,0,,,,,,,
16782980,"0x8,rax,+,[8],rdi,=",True,16782928,16783064,4,"mov rdi, qword [rax + 8]","mov rdi, qword [rax + 8]",488b7808,cpu,mov,False,9,0,,,,,,,
16782984,"eax,rax,^,0xffffffff,&,rax,=,$z,zf,:=,$p,pf,:=,31,$s,sf,:=,0,cf,:=,0,of,:=",False,16782928,16783066,2,"xor eax, eax","xor eax, eax",31c0,cpu,xor,False,28,0,,,,,,,
16782986,"eax,rsi,=",False,16782928,16783066,2,"mov esi, eax","mov esi, eax",89c6,cpu,mov,False,9,0,,,,,,,
16782988,"10,rdx,=",False,16782928,16783063,5,"mov edx, 0xa","mov edx, 0xa",ba0a000000,cpu,mov,False,9,0,,,10.0,,,,
16782993,"16785024,rip,8,rsp,-=,rsp,=[],rip,=",False,16782928,16783063,5,call 0x1001e80,call sym.imp.strtol,e8ea070000,cpu,call,False,3,0,,,,,16785024.0,16782998.0,"[{'addr': 16785024, 'type': 'CALL'}]"
16782998,"eax,rdx,=",False,16782928,16783066,2,"mov edx, eax","mov edx, eax",89c2,cpu,mov,False,9,0,,,,,,,
16783000,"r9d,r9,^,0xffffffff,&,r9,=,$z,zf,:=,$p,pf,:=,31,$s,sf,:=,0,cf,:=,0,of,:=",False,16782928,16783065,3,"xor r9d, r9d","xor r9d, r9d",4531c9,cpu,xor,False,28,0,,,,,,,
16783003,"eax,rax,^,0xffffffff,&,rax,=,$z,zf,:=,$p,pf,:=,31,$s,sf,:=,0,cf,:=,0,of,:=",False,16782928,16783066,2,"xor eax, eax","xor eax, eax",31c0,cpu,xor,False,28,0,,,,,,,
16783005,"eax,rcx,=",False,16782928,16783066,2,"mov ecx, eax","mov ecx, eax",89c1,cpu,mov,False,9,0,,,,,,,
16783007,"r9d,rdi,=",False,16782928,16783065,3,"mov edi, r9d","mov edi, r9d",4489cf,cpu,mov,False,9,0,,,,,,,
16783010,"rcx,rsi,=",False,16782928,16783065,3,"mov rsi, rcx","mov rsi, rcx",4889ce,cpu,mov,False,9,0,,,,,,,
16783013,"r9d,r8,=",False,16782928,16783065,3,"mov r8d, r9d","mov r8d, r9d",4589c8,cpu,mov,False,9,0,,,,,,,
16783016,"0,rsp,=[8]",True,16782928,16783060,8,"mov qword [rsp], 0","mov qword [rsp], 0",48c7042400000000,cpu,mov,False,9,0,,,0.0,,,,
16783024,"0,0x8,rsp,+,=[4]",True,16782928,16783060,8,"mov dword [rsp + 8], 0","mov dword [var_30h], 0",c744240800000000,cpu,mov,False,9,0,,,0.0,,,,
16783032,"0,0x10,rsp,+,=[8]",True,16782928,16783059,9,"mov qword [rsp + 0x10], 0","mov qword [var_28h], 0",48c744241000000000,cpu,mov,False,9,0,,,0.0,,,,
16783041,"0,0x18,rsp,+,=[4]",True,16782928,16783060,8,"mov dword [rsp + 0x18], 0","mov dword [var_20h], 0",c744241800000000,cpu,mov,False,9,0,,,0.0,,,,
16783049,"16783072,rip,8,rsp,-=,rsp,=[],rip,=",False,16782928,16783063,5,call 0x10016e0,call sym.merged,e812000000,cpu,call,False,3,0,,,,,16783072.0,16783054.0,"[{'addr': 16783072, 'type': 'CALL'}]"
16783054,"eax,rax,^,0xffffffff,&,rax,=,$z,zf,:=,$p,pf,:=,31,$s,sf,:=,0,cf,:=,0,of,:=",False,16782928,16783066,2,"xor eax, eax","xor eax, eax",31c0,cpu,xor,False,28,0,,,,,,,
16783056,"eax,0xc,rbp,-,=[4]",True,16782928,16783065,3,"mov dword [rbp - 0xc], eax","mov dword [var_14h], eax",8945f4,cpu,mov,False,268435465,0,,,,,,,
16783059,"0xc,rbp,-,[4],rax,=",True,16782928,16783065,3,"mov eax, dword [rbp - 0xc]","mov eax, dword [var_14h]",8b45f4,cpu,mov,False,9,0,,"[{'addr': 16782974, 'type': 'CODE'}]",,,,,
16783062,"48,rsp,+=,63,$o,of,:=,63,$s,sf,:=,$z,zf,:=,63,$c,cf,:=,$p,pf,:=,3,$c,af,:=",False,16782928,16783064,4,"add rsp, 0x30","add rsp, 0x30",4883c430,cpu,add,False,17,0,,,48.0,,,,
16783066,"rsp,[8],8,rsp,+=,rbp,=",False,16782928,16783067,1,pop rbp,pop rbp,5d,cpu,pop,False,14,0,,,,,,,
16783067,"rsp,[8],rip,=,8,rsp,+=",False,16782928,16783067,1,ret,ret,c3,cpu,ret,False,5,0,,,,,,,
