offset,esil,refptr,fcn_addr,fcn_last,size,opcode,disasm,bytes,family,type,reloc,type_num,type2_num,flags,comment,val,ptr,xrefs_from
16782880,"ebp,rbp,^,0xffffffff,&,rbp,=,$z,zf,:=,$p,pf,:=,31,$s,sf,:=,0,cf,:=,0,of,:=",False,16782880,16782920,2,"xor ebp, ebp","xor ebp, ebp",31ed,cpu,xor,False,28,0,"['entry0', 'section..text', 'segment.LOAD1', 'sym._start']",WzEzXSAtci14IHNlY3Rpb24gc2l6ZSAyMTAyIG5hbWVkIC50ZXh0,,,
16782882,"rdx,r9,=",False,16782880,16782919,3,"mov r9, rdx","mov r9, rdx",4989d1,cpu,mov,False,9,0,,,,,
16782885,"rsp,[8],8,rsp,+=,rsi,=",False,16782880,16782921,1,pop rsi,pop rsi,5e,cpu,pop,False,14,0,,,,,
16782886,"rsp,rdx,=",False,16782880,16782919,3,"mov rdx, rsp","mov rdx, rsp",4889e2,cpu,mov,False,9,0,,,,,
16782889,"18446744073709551600,rsp,&=,$z,zf,:=,$p,pf,:=,63,$s,sf,:=,0,cf,:=,0,of,:=",False,16782880,16782918,4,"and rsp, 0xfffffffffffffff0","and rsp, 0xfffffffffffffff0",4883e4f0,cpu,and,False,27,0,,,1.8446744073709552e+19,,
16782893,"rax,8,rsp,-,=[8],8,rsp,-=",False,16782880,16782921,1,push rax,push rax,50,cpu,rpush,False,268435468,0,,,,,
16782894,"rsp,8,rsp,-,=[8],8,rsp,-=",False,16782880,16782921,1,push rsp,push rsp,54,cpu,rpush,False,268435468,0,,,,,
16782895,"0x81a,rip,+,r8,=",True,16782880,16782915,7,"lea r8, [rip + 0x81a]","lea r8, [dbg.__libc_csu_fini]",4c8d051a080000,cpu,lea,False,33,0,,,,16784976.0,"[{'addr': 16784976, 'type': 'DATA'}]"
16782902,"0x7a3,rip,+,rcx,=",True,16782880,16782915,7,"lea rcx, [rip + 0x7a3]","lea rcx, [dbg.__libc_csu_init]",488d0da3070000,cpu,lea,False,33,0,,,,16784864.0,"[{'addr': 16784864, 'type': 'DATA'}]"
16782909,"0xc,rip,+,rdi,=",True,16782880,16782915,7,"lea rdi, [rip + 0xc]","lea rdi, [main]",488d3d0c000000,cpu,lea,False,33,0,,,,16782928.0,"[{'addr': 16782928, 'type': 'DATA'}]"
16782916,"0x19a6,rip,+,[8],rip,8,rsp,-=,rsp,=[],rip,=",True,16782880,16782916,6,call qword [rip + 0x19a6],call qword [reloc.__libc_start_main],ff15a6190000,cpu,ircall,False,402653188,0,,,,16789488.0,"[{'addr': 16789488, 'type': 'CALL'}]"
