offset,esil,refptr,fcn_addr,fcn_last,size,opcode,disasm,bytes,family,type,reloc,type_num,type2_num,flags,xrefs_to,val,jump,fail,xrefs_from,ptr
16782816,"rbp,8,rsp,-,=[8],8,rsp,-=",False,16782816,16782908,1,push rbp,push rbp,55,cpu,rpush,False,268435468,0,"['main', 'sym.main']","[{'addr': 16782733, 'type': 'DATA'}]",,,,,
16782817,"rsp,rbp,=",False,16782816,16782906,3,"mov rbp, rsp","mov rbp, rsp",4889e5,cpu,mov,False,9,0,,,,,,,
16782820,"16,rsp,-=,16,0x8000000000000000,-,!,63,$o,^,of,:=,63,$s,sf,:=,$z,zf,:=,$p,pf,:=,64,$b,cf,:=,3,$b,af,:=",False,16782816,16782905,4,"sub rsp, 0x10","sub rsp, 0x10",4883ec10,cpu,sub,False,18,0,,,16.0,,,,
16782824,"0x8,rsi,+,[8],rdi,=",True,16782816,16782905,4,"mov rdi, qword [rsi + 8]","mov rdi, qword [rsi + 8]",488b7e08,cpu,mov,False,9,0,,,,,,,
16782828,"eax,rax,^,0xffffffff,&,rax,=,$z,zf,:=,$p,pf,:=,31,$s,sf,:=,0,cf,:=,0,of,:=",False,16782816,16782907,2,"xor eax, eax","xor eax, eax",31c0,cpu,xor,False,28,0,,,,,,,
16782830,"eax,rsi,=",False,16782816,16782907,2,"mov esi, eax","mov esi, eax",89c6,cpu,mov,False,9,0,,,,,,,
16782832,"16783056,rip,8,rsp,-=,rsp,=[],rip,=",False,16782816,16782904,5,call 0x10016d0,call sym.imp.strtod,e8db000000,cpu,call,False,3,0,,,,16783056.0,16782837.0,"[{'addr': 16783056, 'type': 'CALL'}]",
16782837,,False,16782816,16782905,4,"cvtsd2ss xmm0, xmm0","cvtsd2ss xmm0, xmm0",f20f5ac0,sse,null,False,0,0,,,,,,,
16782841,,False,16782816,16782905,4,"cvttss2si edi, xmm0","cvttss2si edi, xmm0",f30f2cf8,sse,null,False,0,0,,,,,,,
16782845,"16782752,rip,8,rsp,-=,rsp,=[],rip,=",False,16782816,16782904,5,call 0x10015a0,call sym.circumference,e89effffff,cpu,call,False,3,0,,,,16782752.0,16782850.0,"[{'addr': 16782752, 'type': 'CALL'}]",
16782850,"eax,rcx,=",False,16782816,16782907,2,"mov ecx, eax","mov ecx, eax",89c1,cpu,mov,False,9,0,,,,,,,
16782852,"ecx,0x4,rbp,-,=[4]",True,16782816,16782906,3,"mov dword [rbp - 4], ecx","mov dword [var_ch], ecx",894dfc,cpu,mov,False,268435465,0,,,,,,,
16782855,"0x1171,rip,-,rdi,=",True,16782816,16782902,7,"lea rdi, [rip - 0x1171]","lea rdi, str.You_loose",488d3d8feeffff,cpu,lea,False,33,0,,,,,,"[{'addr': 16778397, 'type': 'DATA'}]",16778397.0
16782862,"0x1181,rip,-,rax,=",True,16782816,16782902,7,"lea rax, [rip - 0x1181]","lea rax, str.You_win",488d057feeffff,cpu,lea,False,33,0,,,,,,"[{'addr': 16778388, 'type': 'DATA'}]",16778388.0
16782869,"412840864,ecx,==,$z,zf,:=,32,$b,cf,:=,$p,pf,:=,31,$s,sf,:=,412840864,0x80000000,-,!,31,$o,^,of,:=,3,$b,af,:=",False,16782816,16782903,6,"cmp ecx, 0x189b73a0","cmp ecx, 0x189b73a0",81f9a0739b18,cpu,cmp,False,15,0,,,412840864.0,,,,412840864.0
16782875,"zf,?{,rax,rdi,=,}",False,16782816,16782905,4,"cmove rdi, rax","cmove rdi, rax",480f44f8,cpu,cmov,False,2147483657,0,,,,,,,
16782879,"16783072,rip,8,rsp,-=,rsp,=[],rip,=",False,16782816,16782904,5,call 0x10016e0,call sym.imp.puts,e8bc000000,cpu,call,False,3,0,,,,16783072.0,16782884.0,"[{'addr': 16783072, 'type': 'CALL'}]",
16782884,"0x4,rbp,-,[4],rsi,=",True,16782816,16782906,3,"mov esi, dword [rbp - 4]","mov esi, dword [var_ch]",8b75fc,cpu,mov,False,9,0,,,,,,,
16782887,"0x11a6,rip,-,rdi,=",True,16782816,16782902,7,"lea rdi, [rip - 0x11a6]","lea rdi, data.01000488",488d3d5aeeffff,cpu,lea,False,33,0,,,,,,"[{'addr': 16778376, 'type': 'DATA'}]",16778376.0
16782894,"0,al,=",False,16782816,16782907,2,"mov al, 0","mov al, 0",b000,cpu,mov,False,9,0,,,0.0,,,,
16782896,"16783088,rip,8,rsp,-=,rsp,=[],rip,=",False,16782816,16782904,5,call 0x10016f0,call sym.imp.printf,e8bb000000,cpu,call,False,3,0,,,,16783088.0,16782901.0,"[{'addr': 16783088, 'type': 'CALL'}]",
16782901,"eax,rax,^,0xffffffff,&,rax,=,$z,zf,:=,$p,pf,:=,31,$s,sf,:=,0,cf,:=,0,of,:=",False,16782816,16782907,2,"xor eax, eax","xor eax, eax",31c0,cpu,xor,False,28,0,,,,,,,
16782903,"16,rsp,+=,63,$o,of,:=,63,$s,sf,:=,$z,zf,:=,63,$c,cf,:=,$p,pf,:=,3,$c,af,:=",False,16782816,16782905,4,"add rsp, 0x10","add rsp, 0x10",4883c410,cpu,add,False,17,0,,,16.0,,,,
16782907,"rsp,[8],8,rsp,+=,rbp,=",False,16782816,16782908,1,pop rbp,pop rbp,5d,cpu,pop,False,14,0,,,,,,,
16782908,"rsp,[8],rip,=,8,rsp,+=",False,16782816,16782908,1,ret,ret,c3,cpu,ret,False,5,0,,,,,,,
