offset,esil,refptr,fcn_addr,fcn_last,size,opcode,disasm,bytes,family,type,reloc,type_num,type2_num,flags,xrefs_to,val,jump,fail,ptr,xrefs_from,comment
16784624,"rbp,8,rsp,-,=[8],8,rsp,-=",False,16784624,16785018,1,push rbp,push rbp,55,cpu,rpush,False,268435468,0,['sym.mandelbrot'],"[{'addr': 16784169, 'type': 'CALL'}, {'addr': 16784478, 'type': 'CALL'}]",,,,,,
16784625,"rsp,rbp,=",False,16784624,16785016,3,"mov rbp, rsp","mov rbp, rsp",4889e5,cpu,mov,False,9,0,,,,,,,,
16784628,"xmm0,0x38,rbp,-,=[8]",True,16784624,16785014,5,"movsd qword [rbp - 0x38], xmm0","movsd qword [var_40h], xmm0",f20f1145c8,sse,mov,False,268435465,0,,,,,,,,
16784633,"xmm1,0x30,rbp,-,=[8]",True,16784624,16785014,5,"movsd qword [rbp - 0x30], xmm1","movsd qword [var_38h], xmm1",f20f114dd0,sse,mov,False,268435465,0,,,,,,,,
16784638,"0,0x28,rbp,-,=[4]",True,16784624,16785012,7,"mov dword [rbp - 0x28], 0","mov dword [var_30h], 0",c745d800000000,cpu,mov,False,268435465,0,,,0.0,,,,,
16784645,"xmm0,xmm0,^=,$z,zf,:=,$p,pf,:=,127,$s,sf,:=,0,cf,:=,0,of,:=",False,16784624,16785016,3,"xorps xmm0, xmm0","xorps xmm0, xmm0",0f57c0,sse,xor,False,28,0,,,,,,,,
16784648,"xmm0,0x20,rbp,-,=[8]",True,16784624,16785014,5,"movsd qword [rbp - 0x20], xmm0","movsd qword [var_28h], xmm0",f20f1145e0,sse,mov,False,268435465,0,,,,,,,,
16784653,"0,0x14,rbp,-,=[4]",True,16784624,16785012,7,"mov dword [rbp - 0x14], 0","mov dword [var_1ch], 0",c745ec00000000,cpu,mov,False,268435465,0,,,0.0,,,,,
16784660,"xmm0,xmm0,^=,$z,zf,:=,$p,pf,:=,127,$s,sf,:=,0,cf,:=,0,of,:=",False,16784624,16785016,3,"xorps xmm0, xmm0","xorps xmm0, xmm0",0f57c0,sse,xor,False,28,0,,,,,,,,
16784663,"xmm0,0x10,rbp,-,=[8]",True,16784624,16785014,5,"movsd qword [rbp - 0x10], xmm0","movsd qword [var_18h], xmm0",f20f1145f0,sse,mov,False,268435465,0,,,,,,,,
16784668,"xmm0,xmm0,^=,$z,zf,:=,$p,pf,:=,127,$s,sf,:=,0,cf,:=,0,of,:=",False,16784624,16785016,3,"xorps xmm0, xmm0","xorps xmm0, xmm0",0f57c0,sse,xor,False,28,0,,,,,,,,
16784671,"xmm0,0x8,rbp,-,=[8]",True,16784624,16785014,5,"movsd qword [rbp - 8], xmm0","movsd qword [var_10h], xmm0",f20f1145f8,sse,mov,False,268435465,0,,,,,,,,
16784676,"0x28,rbp,-,[4],rax,=",True,16784624,16785016,3,"mov eax, dword [rbp - 0x28]","mov eax, dword [var_30h]",8b45d8,cpu,mov,False,9,0,,"[{'addr': 16784711, 'type': 'CODE'}]",,,,,,
16784679,"rax,0x40,rbp,-,=[8]",True,16784624,16785015,4,"mov qword [rbp - 0x40], rax","mov qword [var_48h], rax",488945c0,cpu,mov,False,268435465,0,,,,,,,,
16784683,"3,rax,-=,3,0x8000000000000000,-,!,63,$o,^,of,:=,63,$s,sf,:=,$z,zf,:=,$p,pf,:=,64,$b,cf,:=,3,$b,af,:=",False,16784624,16785015,4,"sub rax, 3","sub rax, 3",4883e803,cpu,sub,False,18,0,,,3.0,,,,,
16784687,"cf,zf,|,!,?{,16784709,rip,=,}",False,16784624,16785017,2,ja 0x1001d45,ja 0x1001d45,7714,cpu,cjmp,False,2147483649,0,,,,16784709.0,16784689.0,,,
16784689,"0x40,rbp,-,[8],rax,=",True,16784624,16785015,4,"mov rax, qword [rbp - 0x40]","mov rax, qword [var_48h]",488b45c0,cpu,mov,False,9,0,,,,,,,,
16784693,"0x1630,rip,-,rcx,=",True,16784624,16785012,7,"lea rcx, [rip - 0x1630]","lea rcx, data.0100070c",488d0dd0e9ffff,cpu,lea,False,33,0,,,,,,16779020.0,"[{'addr': 16779020, 'type': 'DATA'}]",
16784700,"32,rax,4,*,rcx,+,[4],~,rax,=",True,16784624,16785015,4,"movsxd rax, dword [rcx + rax*4]","movsxd rax, dword [rcx + rax*4]",48630481,cpu,mov,False,9,0,,,,,,,,
16784704,"rcx,rax,+=,63,$o,of,:=,63,$s,sf,:=,$z,zf,:=,63,$c,cf,:=,$p,pf,:=,3,$c,af,:=",False,16784624,16785016,3,"add rax, rcx","add rax, rcx",4801c8,cpu,add,False,17,0,,,,,,,,
16784707,"rax,rip,=",False,16784624,16785017,2,jmp rax,jmp rax,ffe0,cpu,rjmp,False,268435458,0,['switch.0x01001d43'],,,,,,"[{'addr': 16784713, 'type': 'CODE'}, {'addr': 16784861, 'type': 'CODE'}, {'addr': 16784866, 'type': 'CODE'}, {'addr': 16785014, 'type': 'CODE'}]",c3dpdGNoIHRhYmxlICg0IGNhc2VzKSBhdCAweDEwMDA3MGM=
16784709,"0x1001d47,rip,=",False,16784624,16785017,2,jmp 0x1001d47,jmp 0x1001d47,eb00,cpu,jmp,False,1,0,,,,16784711.0,,,"[{'addr': 16784711, 'type': 'CODE'}]",
16784711,"0x1001d24,rip,=",False,16784624,16785017,2,jmp 0x1001d24,jmp 0x1001d24,ebdb,cpu,jmp,False,1,0,,"[{'addr': 16784709, 'type': 'CODE'}, {'addr': 16784856, 'type': 'CODE'}, {'addr': 16785009, 'type': 'CODE'}]",,16784676.0,,,"[{'addr': 16784676, 'type': 'CODE'}]",
16784713,"0x30,rbp,-,[8],xmm2,=",True,16784624,16785014,5,"movsd xmm2, qword [rbp - 0x30]","movsd xmm2, qword [var_38h]",f20f1055d0,sse,mov,False,9,0,['case.0x1001d43.0'],"[{'addr': 16784707, 'type': 'CODE'}]",,,,,,
16784718,"0x38,rbp,-,[8],xmm4,=",True,16784624,16785014,5,"movsd xmm4, qword [rbp - 0x38]","movsd xmm4, qword [var_40h]",f20f1065c8,sse,mov,False,9,0,,,,,,,,
16784723,"0x8,rbp,-,[8],xmm3,=",True,16784624,16785014,5,"movsd xmm3, qword [rbp - 8]","movsd xmm3, qword [var_10h]",f20f105df8,sse,mov,False,9,0,,,,,,,,
16784728,"0x10,rbp,-,[8],xmm0,=",True,16784624,16785014,5,"movsd xmm0, qword [rbp - 0x10]","movsd xmm0, qword [var_18h]",f20f1045f0,sse,mov,False,9,0,,,,,,,,
16784733,"0x14,rbp,-,[4],rax,=",True,16784624,16785016,3,"mov eax, dword [rbp - 0x14]","mov eax, dword [var_1ch]",8b45ec,cpu,mov,False,9,0,,,,,,,,
16784736,"0x20,rbp,-,[8],xmm5,=",True,16784624,16785014,5,"movsd xmm5, qword [rbp - 0x20]","movsd xmm5, qword [var_28h]",f20f106de0,sse,mov,False,9,0,,,,,,,,
16784741,"xmm0,xmm1,=",False,16784624,16785016,3,"movaps xmm1, xmm0","movaps xmm1, xmm0",0f28c8,sse,mov,False,9,0,,,,,,,,
16784744,"xmm1,xmm1,*=",False,16784624,16785015,4,"mulsd xmm1, xmm1","mulsd xmm1, xmm1",f20f59c9,sse,mul,False,20,0,,,,,,,,
16784748,,False,16784624,16785015,4,"subsd xmm1, xmm5","subsd xmm1, xmm5",f20f5ccd,sse,null,False,0,0,,,,,,,,
16784752,"xmm4,xmm1,+=",False,16784624,16785015,4,"addsd xmm1, xmm4","addsd xmm1, xmm4",f20f58cc,sse,add,False,17,0,,,126.0,,,,,
16784756,"xmm0,xmm0,+=",False,16784624,16785015,4,"addsd xmm0, xmm0","addsd xmm0, xmm0",f20f58c0,sse,add,False,17,0,,,122.0,,,,,
16784760,"xmm3,xmm0,*=",False,16784624,16785015,4,"mulsd xmm0, xmm3","mulsd xmm0, xmm3",f20f59c3,sse,mul,False,20,0,,,,,,,,
16784764,"xmm2,xmm0,+=",False,16784624,16785015,4,"addsd xmm0, xmm2","addsd xmm0, xmm2",f20f58c2,sse,add,False,17,0,,,124.0,,,,,
16784768,"eax,rcx,=",False,16784624,16785017,2,"mov ecx, eax","mov ecx, eax",89c1,cpu,mov,False,9,0,,,,,,,,
16784770,"1,ecx,+=,31,$o,of,:=,31,$s,sf,:=,$z,zf,:=,31,$c,cf,:=,$p,pf,:=,3,$c,af,:=",False,16784624,16785016,3,"add ecx, 1","add ecx, 1",83c101,cpu,add,False,17,0,,,1.0,,,,,
16784773,"ecx,0x24,rbp,-,=[4]",True,16784624,16785016,3,"mov dword [rbp - 0x24], ecx","mov dword [var_2ch], ecx",894ddc,cpu,mov,False,268435465,0,,,,,,,,
16784776,"xmm0,xmm2,=",False,16784624,16785016,3,"movaps xmm2, xmm0","movaps xmm2, xmm0",0f28d0,sse,mov,False,9,0,,,,,,,,
16784779,"xmm2,xmm2,*=",False,16784624,16785015,4,"mulsd xmm2, xmm2","mulsd xmm2, xmm2",f20f59d2,sse,mul,False,20,0,,,,,,,,
16784783,"xmm1,xmm4,=",False,16784624,16785016,3,"movaps xmm4, xmm1","movaps xmm4, xmm1",0f28e1,sse,mov,False,9,0,,,,,,,,
16784786,"xmm4,xmm4,*=",False,16784624,16785015,4,"mulsd xmm4, xmm4","mulsd xmm4, xmm4",f20f59e4,sse,mul,False,20,0,,,,,,,,
16784790,"xmm2,xmm4,+=",False,16784624,16785015,4,"addsd xmm4, xmm2","addsd xmm4, xmm2",f20f58e2,sse,add,False,17,0,,,124.0,,,,,
16784794,"0x172a,rip,-,[8],xmm3,=",True,16784624,16785011,8,"movsd xmm3, qword [rip - 0x172a]","movsd xmm3, qword [data.01000678]",f20f101dd6e8ffff,sse,mov,False,9,0,,,,,,16778872.0,"[{'addr': 16778872, 'type': 'DATA'}]",
16784802,,False,16784624,16785015,4,"ucomisd xmm3, xmm4","ucomisd xmm3, xmm4",660f2edc,sse,null,False,0,0,,,,,,,,
16784806,"cf,!,dl,=",False,16784624,16785016,3,setae dl,setae dl,0f93c2,cpu,cmov,False,2147483657,0,,,,,,,,
16784809,"99999,eax,-=,99999,0x80000000,-,!,31,$o,^,of,:=,31,$s,sf,:=,$z,zf,:=,$p,pf,:=,32,$b,cf,:=,3,$b,af,:=",False,16784624,16785014,5,"sub eax, 0x1869f","sub eax, 0x1869f",2d9f860100,cpu,sub,False,18,0,,,99999.0,,,99999.0,,
16784814,"cf,al,=",False,16784624,16785016,3,setb al,setb al,0f92c0,cpu,cmov,False,2147483657,0,,,,,,,,
16784817,"al,dl,&=,$z,zf,:=,$p,pf,:=,7,$s,sf,:=,0,cf,:=,0,of,:=",False,16784624,16785017,2,"and dl, al","and dl, al",20c2,cpu,and,False,27,0,,,,,,,,
16784819,"1,rax,=",False,16784624,16785014,5,"mov eax, 1","mov eax, 1",b801000000,cpu,mov,False,9,0,,,1.0,,,,,
16784824,"ecx,rcx,^,0xffffffff,&,rcx,=,$z,zf,:=,$p,pf,:=,31,$s,sf,:=,0,cf,:=,0,of,:=",False,16784624,16785017,2,"xor ecx, ecx","xor ecx, ecx",31c9,cpu,xor,False,28,0,,,,,,,,
16784826,"0,1,dl,&,==,$z,zf,:=,$p,pf,:=,7,$s,sf,:=,0,cf,:=,0,of,:=",False,16784624,16785016,3,"test dl, 1","test dl, 1",f6c201,cpu,acmp,False,16,0,,,1.0,,,1.0,,
16784829,"zf,!,?{,ecx,eax,=,}",False,16784624,16785016,3,"cmovne eax, ecx","cmovne eax, ecx",0f45c1,cpu,cmov,False,2147483657,0,,,,,,,,
16784832,"eax,0x28,rbp,-,=[4]",True,16784624,16785016,3,"mov dword [rbp - 0x28], eax","mov dword [var_30h], eax",8945d8,cpu,mov,False,268435465,0,,,,,,,,
16784835,"0x24,rbp,-,[4],rax,=",True,16784624,16785016,3,"mov eax, dword [rbp - 0x24]","mov eax, dword [var_2ch]",8b45dc,cpu,mov,False,9,0,,,,,,,,
16784838,"xmm2,0x20,rbp,-,=[8]",True,16784624,16785014,5,"movsd qword [rbp - 0x20], xmm2","movsd qword [var_28h], xmm2",f20f1155e0,sse,mov,False,268435465,0,,,,,,,,
16784843,"eax,0x14,rbp,-,=[4]",True,16784624,16785016,3,"mov dword [rbp - 0x14], eax","mov dword [var_1ch], eax",8945ec,cpu,mov,False,268435465,0,,,,,,,,
16784846,"xmm1,0x10,rbp,-,=[8]",True,16784624,16785014,5,"movsd qword [rbp - 0x10], xmm1","movsd qword [var_18h], xmm1",f20f114df0,sse,mov,False,268435465,0,,,,,,,,
16784851,"xmm0,0x8,rbp,-,=[8]",True,16784624,16785014,5,"movsd qword [rbp - 8], xmm0","movsd qword [var_10h], xmm0",f20f1145f8,sse,mov,False,268435465,0,,,,,,,,
16784856,"0x1001d47,rip,=",False,16784624,16785014,5,jmp 0x1001d47,jmp 0x1001d47,e96affffff,cpu,jmp,False,1,0,,,,16784711.0,,,"[{'addr': 16784711, 'type': 'CODE'}]",
16784861,"0x24,rbp,-,[4],rax,=",True,16784624,16785016,3,"mov eax, dword [rbp - 0x24]","mov eax, dword [var_2ch]",8b45dc,cpu,mov,False,9,0,['case.0x1001d43.1'],"[{'addr': 16784707, 'type': 'CODE'}]",,,,,,
16784864,"rsp,[8],8,rsp,+=,rbp,=",False,16784624,16785018,1,pop rbp,pop rbp,5d,cpu,pop,False,14,0,,,,,,,,
16784865,"rsp,[8],rip,=,8,rsp,+=",False,16784624,16785018,1,ret,ret,c3,cpu,ret,False,5,0,,,,,,,,
16784866,"0x30,rbp,-,[8],xmm2,=",True,16784624,16785014,5,"movsd xmm2, qword [rbp - 0x30]","movsd xmm2, qword [var_38h]",f20f1055d0,sse,mov,False,9,0,['case.0x1001d43.2'],"[{'addr': 16784707, 'type': 'CODE'}]",,,,,,
16784871,"0x38,rbp,-,[8],xmm4,=",True,16784624,16785014,5,"movsd xmm4, qword [rbp - 0x38]","movsd xmm4, qword [var_40h]",f20f1065c8,sse,mov,False,9,0,,,,,,,,
16784876,"0x8,rbp,-,[8],xmm3,=",True,16784624,16785014,5,"movsd xmm3, qword [rbp - 8]","movsd xmm3, qword [var_10h]",f20f105df8,sse,mov,False,9,0,,,,,,,,
16784881,"0x10,rbp,-,[8],xmm0,=",True,16784624,16785014,5,"movsd xmm0, qword [rbp - 0x10]","movsd xmm0, qword [var_18h]",f20f1045f0,sse,mov,False,9,0,,,,,,,,
16784886,"0x14,rbp,-,[4],rax,=",True,16784624,16785016,3,"mov eax, dword [rbp - 0x14]","mov eax, dword [var_1ch]",8b45ec,cpu,mov,False,9,0,,,,,,,,
16784889,"0x20,rbp,-,[8],xmm5,=",True,16784624,16785014,5,"movsd xmm5, qword [rbp - 0x20]","movsd xmm5, qword [var_28h]",f20f106de0,sse,mov,False,9,0,,,,,,,,
16784894,"xmm0,xmm1,=",False,16784624,16785016,3,"movaps xmm1, xmm0","movaps xmm1, xmm0",0f28c8,sse,mov,False,9,0,,,,,,,,
16784897,"xmm1,xmm1,*=",False,16784624,16785015,4,"mulsd xmm1, xmm1","mulsd xmm1, xmm1",f20f59c9,sse,mul,False,20,0,,,,,,,,
16784901,,False,16784624,16785015,4,"subsd xmm1, xmm5","subsd xmm1, xmm5",f20f5ccd,sse,null,False,0,0,,,,,,,,
16784905,"xmm4,xmm1,+=",False,16784624,16785015,4,"addsd xmm1, xmm4","addsd xmm1, xmm4",f20f58cc,sse,add,False,17,0,,,126.0,,,,,
16784909,"xmm0,xmm0,+=",False,16784624,16785015,4,"addsd xmm0, xmm0","addsd xmm0, xmm0",f20f58c0,sse,add,False,17,0,,,122.0,,,,,
16784913,"xmm3,xmm0,*=",False,16784624,16785015,4,"mulsd xmm0, xmm3","mulsd xmm0, xmm3",f20f59c3,sse,mul,False,20,0,,,,,,,,
16784917,"xmm2,xmm0,+=",False,16784624,16785015,4,"addsd xmm0, xmm2","addsd xmm0, xmm2",f20f58c2,sse,add,False,17,0,,,124.0,,,,,
16784921,"eax,rcx,=",False,16784624,16785017,2,"mov ecx, eax","mov ecx, eax",89c1,cpu,mov,False,9,0,,,,,,,,
16784923,"1,ecx,+=,31,$o,of,:=,31,$s,sf,:=,$z,zf,:=,31,$c,cf,:=,$p,pf,:=,3,$c,af,:=",False,16784624,16785016,3,"add ecx, 1","add ecx, 1",83c101,cpu,add,False,17,0,,,1.0,,,,,
16784926,"ecx,0x24,rbp,-,=[4]",True,16784624,16785016,3,"mov dword [rbp - 0x24], ecx","mov dword [var_2ch], ecx",894ddc,cpu,mov,False,268435465,0,,,,,,,,
16784929,"xmm0,xmm2,=",False,16784624,16785016,3,"movaps xmm2, xmm0","movaps xmm2, xmm0",0f28d0,sse,mov,False,9,0,,,,,,,,
16784932,"xmm2,xmm2,*=",False,16784624,16785015,4,"mulsd xmm2, xmm2","mulsd xmm2, xmm2",f20f59d2,sse,mul,False,20,0,,,,,,,,
16784936,"xmm1,xmm4,=",False,16784624,16785016,3,"movaps xmm4, xmm1","movaps xmm4, xmm1",0f28e1,sse,mov,False,9,0,,,,,,,,
16784939,"xmm4,xmm4,*=",False,16784624,16785015,4,"mulsd xmm4, xmm4","mulsd xmm4, xmm4",f20f59e4,sse,mul,False,20,0,,,,,,,,
16784943,"xmm2,xmm4,+=",False,16784624,16785015,4,"addsd xmm4, xmm2","addsd xmm4, xmm2",f20f58e2,sse,add,False,17,0,,,124.0,,,,,
16784947,"0x17c3,rip,-,[8],xmm3,=",True,16784624,16785011,8,"movsd xmm3, qword [rip - 0x17c3]","movsd xmm3, qword [data.01000678]",f20f101d3de8ffff,sse,mov,False,9,0,,,,,,16778872.0,"[{'addr': 16778872, 'type': 'DATA'}]",
16784955,,False,16784624,16785015,4,"ucomisd xmm3, xmm4","ucomisd xmm3, xmm4",660f2edc,sse,null,False,0,0,,,,,,,,
16784959,"cf,!,dl,=",False,16784624,16785016,3,setae dl,setae dl,0f93c2,cpu,cmov,False,2147483657,0,,,,,,,,
16784962,"99999,eax,-=,99999,0x80000000,-,!,31,$o,^,of,:=,31,$s,sf,:=,$z,zf,:=,$p,pf,:=,32,$b,cf,:=,3,$b,af,:=",False,16784624,16785014,5,"sub eax, 0x1869f","sub eax, 0x1869f",2d9f860100,cpu,sub,False,18,0,,,99999.0,,,99999.0,,
16784967,"cf,al,=",False,16784624,16785016,3,setb al,setb al,0f92c0,cpu,cmov,False,2147483657,0,,,,,,,,
16784970,"al,dl,&=,$z,zf,:=,$p,pf,:=,7,$s,sf,:=,0,cf,:=,0,of,:=",False,16784624,16785017,2,"and dl, al","and dl, al",20c2,cpu,and,False,27,0,,,,,,,,
16784972,"1,rax,=",False,16784624,16785014,5,"mov eax, 1","mov eax, 1",b801000000,cpu,mov,False,9,0,,,1.0,,,,,
16784977,"ecx,rcx,^,0xffffffff,&,rcx,=,$z,zf,:=,$p,pf,:=,31,$s,sf,:=,0,cf,:=,0,of,:=",False,16784624,16785017,2,"xor ecx, ecx","xor ecx, ecx",31c9,cpu,xor,False,28,0,,,,,,,,
16784979,"0,1,dl,&,==,$z,zf,:=,$p,pf,:=,7,$s,sf,:=,0,cf,:=,0,of,:=",False,16784624,16785016,3,"test dl, 1","test dl, 1",f6c201,cpu,acmp,False,16,0,,,1.0,,,1.0,,
16784982,"zf,!,?{,ecx,eax,=,}",False,16784624,16785016,3,"cmovne eax, ecx","cmovne eax, ecx",0f45c1,cpu,cmov,False,2147483657,0,,,,,,,,
16784985,"eax,0x28,rbp,-,=[4]",True,16784624,16785016,3,"mov dword [rbp - 0x28], eax","mov dword [var_30h], eax",8945d8,cpu,mov,False,268435465,0,,,,,,,,
16784988,"0x24,rbp,-,[4],rax,=",True,16784624,16785016,3,"mov eax, dword [rbp - 0x24]","mov eax, dword [var_2ch]",8b45dc,cpu,mov,False,9,0,,,,,,,,
16784991,"xmm2,0x20,rbp,-,=[8]",True,16784624,16785014,5,"movsd qword [rbp - 0x20], xmm2","movsd qword [var_28h], xmm2",f20f1155e0,sse,mov,False,268435465,0,,,,,,,,
16784996,"eax,0x14,rbp,-,=[4]",True,16784624,16785016,3,"mov dword [rbp - 0x14], eax","mov dword [var_1ch], eax",8945ec,cpu,mov,False,268435465,0,,,,,,,,
16784999,"xmm1,0x10,rbp,-,=[8]",True,16784624,16785014,5,"movsd qword [rbp - 0x10], xmm1","movsd qword [var_18h], xmm1",f20f114df0,sse,mov,False,268435465,0,,,,,,,,
16785004,"xmm0,0x8,rbp,-,=[8]",True,16784624,16785014,5,"movsd qword [rbp - 8], xmm0","movsd qword [var_10h], xmm0",f20f1145f8,sse,mov,False,268435465,0,,,,,,,,
16785009,"0x1001d47,rip,=",False,16784624,16785014,5,jmp 0x1001d47,jmp 0x1001d47,e9d1feffff,cpu,jmp,False,1,0,,,,16784711.0,,,"[{'addr': 16784711, 'type': 'CODE'}]",
16785014,"0x24,rbp,-,[4],rax,=",True,16784624,16785016,3,"mov eax, dword [rbp - 0x24]","mov eax, dword [var_2ch]",8b45dc,cpu,mov,False,9,0,['case.0x1001d43.3'],"[{'addr': 16784707, 'type': 'CODE'}]",,,,,,
16785017,"rsp,[8],8,rsp,+=,rbp,=",False,16784624,16785018,1,pop rbp,pop rbp,5d,cpu,pop,False,14,0,,,,,,,,
16785018,"rsp,[8],rip,=,8,rsp,+=",False,16784624,16785018,1,ret,ret,c3,cpu,ret,False,5,0,,,,,,,,
