offset,esil,refptr,fcn_addr,fcn_last,size,opcode,disasm,bytes,family,type,reloc,type_num,type2_num,flags,xrefs_to,val,jump,fail,xrefs_from,ptr
16784512,"rbp,8,rsp,-,=[8],8,rsp,-=",False,16784512,16784937,1,push rbp,push rbp,55,cpu,rpush,False,268435468,0,['sym.complex_math_operations'],"[{'addr': 16783764, 'type': 'CALL'}]",,,,,
16784513,"rsp,rbp,=",False,16784512,16784935,3,"mov rbp, rsp","mov rbp, rsp",4889e5,cpu,mov,False,9,0,,,,,,,
16784516,"112,rsp,-=,112,0x8000000000000000,-,!,63,$o,^,of,:=,63,$s,sf,:=,$z,zf,:=,$p,pf,:=,64,$b,cf,:=,3,$b,af,:=",False,16784512,16784934,4,"sub rsp, 0x70","sub rsp, 0x70",4883ec70,cpu,sub,False,18,0,,,112.0,,,,
16784520,"1,0x1c,rbp,-,=[4]",True,16784512,16784931,7,"mov dword [rbp - 0x1c], 1","mov dword [var_24h], 1",c745e401000000,cpu,mov,False,268435465,0,,,1.0,,,,
16784527,"xmm0,xmm0,^=,$z,zf,:=,$p,pf,:=,127,$s,sf,:=,0,cf,:=,0,of,:=",False,16784512,16784935,3,"xorps xmm0, xmm0","xorps xmm0, xmm0",0f57c0,sse,xor,False,28,0,,,,,,,
16784530,"xmm0,0x10,rbp,-,=[8]",True,16784512,16784933,5,"movsd qword [rbp - 0x10], xmm0","movsd qword [var_18h], xmm0",f20f1145f0,sse,mov,False,268435465,0,,,,,,,
16784535,"0,0x4,rbp,-,=[4]",True,16784512,16784931,7,"mov dword [rbp - 4], 0","mov dword [var_ch], 0",c745fc00000000,cpu,mov,False,268435465,0,,,0.0,,,,
16784542,"0x1c,rbp,-,[4],rax,=",True,16784512,16784935,3,"mov eax, dword [rbp - 0x1c]","mov eax, dword [var_24h]",8b45e4,cpu,mov,False,9,0,,"[{'addr': 16784566, 'type': 'CODE'}]",,,,,
16784545,"eax,0x20,rbp,-,=[4]",True,16784512,16784935,3,"mov dword [rbp - 0x20], eax","mov dword [var_28h], eax",8945e0,cpu,mov,False,268435465,0,,,,,,,
16784548,"0,eax,eax,&,==,$z,zf,:=,$p,pf,:=,31,$s,sf,:=,0,cf,:=,0,of,:=",False,16784512,16784936,2,"test eax, eax","test eax, eax",85c0,cpu,acmp,False,16,0,,,,,,,
16784550,"zf,?{,16784568,rip,=,}",False,16784512,16784936,2,je 0x1001cb8,je 0x1001cb8,7410,cpu,cjmp,False,2147483649,0,,,,16784568.0,16784552.0,,
16784552,"0x1001caa,rip,=",False,16784512,16784936,2,jmp 0x1001caa,jmp 0x1001caa,eb00,cpu,jmp,False,1,0,,,,16784554.0,,"[{'addr': 16784554, 'type': 'CODE'}]",
16784554,"0x20,rbp,-,[4],rax,=",True,16784512,16784935,3,"mov eax, dword [rbp - 0x20]","mov eax, dword [var_28h]",8b45e0,cpu,mov,False,9,0,,"[{'addr': 16784552, 'type': 'CODE'}]",,,,,
16784557,"1,eax,-=,1,0x80000000,-,!,31,$o,^,of,:=,31,$s,sf,:=,$z,zf,:=,$p,pf,:=,32,$b,cf,:=,3,$b,af,:=",False,16784512,16784935,3,"sub eax, 1","sub eax, 1",83e801,cpu,sub,False,18,0,,,1.0,,,,
16784560,"zf,?{,16784592,rip,=,}",False,16784512,16784936,2,je 0x1001cd0,je 0x1001cd0,741e,cpu,cjmp,False,2147483649,0,,,,16784592.0,16784562.0,,
16784562,"0x1001cb4,rip,=",False,16784512,16784936,2,jmp 0x1001cb4,jmp 0x1001cb4,eb00,cpu,jmp,False,1,0,,,,16784564.0,,"[{'addr': 16784564, 'type': 'CODE'}]",
16784564,"0x1001cb6,rip,=",False,16784512,16784936,2,jmp 0x1001cb6,jmp 0x1001cb6,eb00,cpu,jmp,False,1,0,,"[{'addr': 16784562, 'type': 'CODE'}]",,16784566.0,,"[{'addr': 16784566, 'type': 'CODE'}]",
16784566,"0x1001c9e,rip,=",False,16784512,16784936,2,jmp 0x1001c9e,jmp 0x1001c9e,ebe6,cpu,jmp,False,1,0,,"[{'addr': 16784564, 'type': 'CODE'}, {'addr': 16784933, 'type': 'CODE'}]",,16784542.0,,"[{'addr': 16784542, 'type': 'CODE'}]",
16784568,"0x18,rbp,-,[8],xmm0,=",True,16784512,16784933,5,"movsd xmm0, qword [rbp - 0x18]","movsd xmm0, qword [var_20h]",f20f1045e8,sse,mov,False,9,0,,,,,,,
16784573,"0x1584,rip,-,rdi,=",True,16784512,16784931,7,"lea rdi, [rip - 0x1584]","lea rdi, str.Complex_math_sum:__.15f",488d3d7ceaffff,cpu,lea,False,33,0,,,,,,"[{'addr': 16779072, 'type': 'DATA'}]",16779072.0
16784580,"1,al,=",False,16784512,16784936,2,"mov al, 1","mov al, 1",b001,cpu,mov,False,9,0,,,1.0,,,,
16784582,"112,rsp,+=,63,$o,of,:=,63,$s,sf,:=,$z,zf,:=,63,$c,cf,:=,$p,pf,:=,3,$c,af,:=",False,16784512,16784934,4,"add rsp, 0x70","add rsp, 0x70",4883c470,cpu,add,False,17,0,,,112.0,,,,
16784586,"rsp,[8],8,rsp,+=,rbp,=",False,16784512,16784937,1,pop rbp,pop rbp,5d,cpu,pop,False,14,0,,,,,,,
16784587,"0x10023b0,rip,=",False,16784512,16784933,5,jmp 0x10023b0,jmp sym.imp.printf,e9e0060000,cpu,jmp,False,1,0,,,,16786352.0,,"[{'addr': 16786352, 'type': 'CODE'}]",
16784592,"0x4,rbp,-,[4],rax,=",True,16784512,16784935,3,"mov eax, dword [rbp - 4]","mov eax, dword [var_ch]",8b45fc,cpu,mov,False,9,0,,,,,,,
16784595,"eax,0x2c,rbp,-,=[4]",True,16784512,16784935,3,"mov dword [rbp - 0x2c], eax","mov dword [var_34h], eax",8945d4,cpu,mov,False,268435465,0,,,,,,,
16784598,"0x10,rbp,-,[8],xmm0,=",True,16784512,16784933,5,"movsd xmm0, qword [rbp - 0x10]","movsd xmm0, qword [var_18h]",f20f1045f0,sse,mov,False,9,0,,,,,,,
16784603,"xmm0,0x28,rbp,-,=[8]",True,16784512,16784933,5,"movsd qword [rbp - 0x28], xmm0","movsd qword [var_30h], xmm0",f20f1145d8,sse,mov,False,268435465,0,,,,,,,
16784608,,False,16784512,16784934,4,"cvtsi2sd xmm0, eax","cvtsi2sd xmm0, eax",f20f2ac0,sse,null,False,0,0,,,,,,,
16784612,"0x161c,rip,-,[8],xmm1,=",True,16784512,16784930,8,"movsd xmm1, qword [rip - 0x161c]","movsd xmm1, qword [data.010006d0]",f20f100de4e9ffff,sse,mov,False,9,0,,,,,,"[{'addr': 16778960, 'type': 'DATA'}]",16778960.0
16784620,"xmm1,xmm0,*=",False,16784512,16784934,4,"mulsd xmm0, xmm1","mulsd xmm0, xmm1",f20f59c1,sse,mul,False,20,0,,,,,,,
16784624,"0x1650,rip,-,[8],xmm1,=",True,16784512,16784930,8,"movsd xmm1, qword [rip - 0x1650]","movsd xmm1, qword [data.010006a8]",f20f100db0e9ffff,sse,mov,False,9,0,,,,,,"[{'addr': 16778920, 'type': 'DATA'}]",16778920.0
16784632,,False,16784512,16784934,4,"divsd xmm0, xmm1","divsd xmm0, xmm1",f20f5ec1,sse,null,False,0,0,,,,,,,
16784636,"xmm0,0x48,rbp,-,=[8]",True,16784512,16784933,5,"movsd qword [rbp - 0x48], xmm0","movsd qword [var_50h], xmm0",f20f1145b8,sse,mov,False,268435465,0,,,,,,,
16784641,"16786368,rip,8,rsp,-=,rsp,=[],rip,=",False,16784512,16784933,5,call 0x10023c0,call sym.imp.sin,e8ba060000,cpu,call,False,3,0,,,,16786368.0,16784646.0,"[{'addr': 16786368, 'type': 'CALL'}]",
16784646,"xmm0,xmm1,=",False,16784512,16784935,3,"movaps xmm1, xmm0","movaps xmm1, xmm0",0f28c8,sse,mov,False,9,0,,,,,,,
16784649,"0x48,rbp,-,[8],xmm0,=",True,16784512,16784933,5,"movsd xmm0, qword [rbp - 0x48]","movsd xmm0, qword [var_50h]",f20f1045b8,sse,mov,False,9,0,,,,,,,
16784654,"xmm1,0x70,rbp,-,=[8]",True,16784512,16784933,5,"movsd qword [rbp - 0x70], xmm1","movsd qword [var_78h], xmm1",f20f114d90,sse,mov,False,268435465,0,,,,,,,
16784659,"16786384,rip,8,rsp,-=,rsp,=[],rip,=",False,16784512,16784933,5,call 0x10023d0,call sym.imp.cos,e8b8060000,cpu,call,False,3,0,,,,16786384.0,16784664.0,"[{'addr': 16786384, 'type': 'CALL'}]",
16784664,"xmm0,xmm1,=",False,16784512,16784935,3,"movaps xmm1, xmm0","movaps xmm1, xmm0",0f28c8,sse,mov,False,9,0,,,,,,,
16784667,"0x48,rbp,-,[8],xmm0,=",True,16784512,16784933,5,"movsd xmm0, qword [rbp - 0x48]","movsd xmm0, qword [var_50h]",f20f1045b8,sse,mov,False,9,0,,,,,,,
16784672,"xmm1,0x68,rbp,-,=[8]",True,16784512,16784933,5,"movsd qword [rbp - 0x68], xmm1","movsd qword [var_70h], xmm1",f20f114d98,sse,mov,False,268435465,0,,,,,,,
16784677,"0x167d,rip,-,[8],xmm1,=",True,16784512,16784930,8,"movsd xmm1, qword [rip - 0x167d]","movsd xmm1, qword [data.010006b0]",f20f100d83e9ffff,sse,mov,False,9,0,,,,,,"[{'addr': 16778928, 'type': 'DATA'}]",16778928.0
16784685,"xmm1,xmm0,*=",False,16784512,16784934,4,"mulsd xmm0, xmm1","mulsd xmm0, xmm1",f20f59c1,sse,mul,False,20,0,,,,,,,
16784689,"16786400,rip,8,rsp,-=,rsp,=[],rip,=",False,16784512,16784933,5,call 0x10023e0,call sym.imp.tan,e8aa060000,cpu,call,False,3,0,,,,16786400.0,16784694.0,"[{'addr': 16786400, 'type': 'CALL'}]",
16784694,"0x70,rbp,-,[8],xmm1,=",True,16784512,16784933,5,"movsd xmm1, qword [rbp - 0x70]","movsd xmm1, qword [var_78h]",f20f104d90,sse,mov,False,9,0,,,,,,,
16784699,"0x68,rbp,-,[8],xmm3,=",True,16784512,16784933,5,"movsd xmm3, qword [rbp - 0x68]","movsd xmm3, qword [var_70h]",f20f105d98,sse,mov,False,9,0,,,,,,,
16784704,"xmm0,xmm2,=",False,16784512,16784935,3,"movaps xmm2, xmm0","movaps xmm2, xmm0",0f28d0,sse,mov,False,9,0,,,,,,,
16784707,"0x48,rbp,-,[8],xmm0,=",True,16784512,16784933,5,"movsd xmm0, qword [rbp - 0x48]","movsd xmm0, qword [var_50h]",f20f1045b8,sse,mov,False,9,0,,,,,,,
16784712,"xmm3,xmm1,*=",False,16784512,16784934,4,"mulsd xmm1, xmm3","mulsd xmm1, xmm3",f20f59cb,sse,mul,False,20,0,,,,,,,
16784716,"xmm2,xmm1,+=",False,16784512,16784934,4,"addsd xmm1, xmm2","addsd xmm1, xmm2",f20f58ca,sse,add,False,17,0,,,124.0,,,,
16784720,"xmm1,0x60,rbp,-,=[8]",True,16784512,16784933,5,"movsd qword [rbp - 0x60], xmm1","movsd qword [var_68h], xmm1",f20f114da0,sse,mov,False,268435465,0,,,,,,,
16784725,"16786416,rip,8,rsp,-=,rsp,=[],rip,=",False,16784512,16784933,5,call 0x10023f0,call sym.imp.atan,e896060000,cpu,call,False,3,0,,,,16786416.0,16784730.0,"[{'addr': 16786416, 'type': 'CALL'}]",
16784730,"0x60,rbp,-,[8],xmm1,=",True,16784512,16784933,5,"movsd xmm1, qword [rbp - 0x60]","movsd xmm1, qword [var_68h]",f20f104da0,sse,mov,False,9,0,,,,,,,
16784735,"xmm0,xmm2,=",False,16784512,16784935,3,"movaps xmm2, xmm0","movaps xmm2, xmm0",0f28d0,sse,mov,False,9,0,,,,,,,
16784738,"0x48,rbp,-,[8],xmm0,=",True,16784512,16784933,5,"movsd xmm0, qword [rbp - 0x48]","movsd xmm0, qword [var_50h]",f20f1045b8,sse,mov,False,9,0,,,,,,,
16784743,,False,16784512,16784934,4,"subsd xmm1, xmm2","subsd xmm1, xmm2",f20f5cca,sse,null,False,0,0,,,,,,,
16784747,"xmm1,0x58,rbp,-,=[8]",True,16784512,16784933,5,"movsd qword [rbp - 0x58], xmm1","movsd qword [var_60h], xmm1",f20f114da8,sse,mov,False,268435465,0,,,,,,,
16784752,"16786368,rip,8,rsp,-=,rsp,=[],rip,=",False,16784512,16784933,5,call 0x10023c0,call sym.imp.sin,e84b060000,cpu,call,False,3,0,,,,16786368.0,16784757.0,"[{'addr': 16786368, 'type': 'CALL'}]",
16784757,"0x58,rbp,-,[8],xmm1,=",True,16784512,16784933,5,"movsd xmm1, qword [rbp - 0x58]","movsd xmm1, qword [var_60h]",f20f104da8,sse,mov,False,9,0,,,,,,,
16784762,"xmm0,xmm2,=",False,16784512,16784935,3,"movaps xmm2, xmm0","movaps xmm2, xmm0",0f28d0,sse,mov,False,9,0,,,,,,,
16784765,"0x48,rbp,-,[8],xmm0,=",True,16784512,16784933,5,"movsd xmm0, qword [rbp - 0x48]","movsd xmm0, qword [var_50h]",f20f1045b8,sse,mov,False,9,0,,,,,,,
16784770,"xmm2,xmm2,*=",False,16784512,16784934,4,"mulsd xmm2, xmm2","mulsd xmm2, xmm2",f20f59d2,sse,mul,False,20,0,,,,,,,
16784774,"xmm2,xmm1,+=",False,16784512,16784934,4,"addsd xmm1, xmm2","addsd xmm1, xmm2",f20f58ca,sse,add,False,17,0,,,124.0,,,,
16784778,"xmm1,0x50,rbp,-,=[8]",True,16784512,16784933,5,"movsd qword [rbp - 0x50], xmm1","movsd qword [var_58h], xmm1",f20f114db0,sse,mov,False,268435465,0,,,,,,,
16784783,"16786384,rip,8,rsp,-=,rsp,=[],rip,=",False,16784512,16784933,5,call 0x10023d0,call sym.imp.cos,e83c060000,cpu,call,False,3,0,,,,16786384.0,16784788.0,"[{'addr': 16786384, 'type': 'CALL'}]",
16784788,"0x16dc,rip,-,[8],xmm1,=",True,16784512,16784930,8,"movsd xmm1, qword [rip - 0x16dc]","movsd xmm1, qword [data.010006c0]",f20f100d24e9ffff,sse,mov,False,9,0,,,,,,"[{'addr': 16778944, 'type': 'DATA'}]",16778944.0
16784796,"16786432,rip,8,rsp,-=,rsp,=[],rip,=",False,16784512,16784933,5,call 0x1002400,call sym.imp.pow,e85f060000,cpu,call,False,3,0,,,,16786432.0,16784801.0,"[{'addr': 16786432, 'type': 'CALL'}]",
16784801,"0x50,rbp,-,[8],xmm1,=",True,16784512,16784933,5,"movsd xmm1, qword [rbp - 0x50]","movsd xmm1, qword [var_58h]",f20f104db0,sse,mov,False,9,0,,,,,,,
16784806,"xmm0,xmm2,=",False,16784512,16784935,3,"movaps xmm2, xmm0","movaps xmm2, xmm0",0f28d0,sse,mov,False,9,0,,,,,,,
16784809,"0x48,rbp,-,[8],xmm0,=",True,16784512,16784933,5,"movsd xmm0, qword [rbp - 0x48]","movsd xmm0, qword [var_50h]",f20f1045b8,sse,mov,False,9,0,,,,,,,
16784814,"xmm2,xmm1,+=",False,16784512,16784934,4,"addsd xmm1, xmm2","addsd xmm1, xmm2",f20f58ca,sse,add,False,17,0,,,124.0,,,,
16784818,"xmm1,0x38,rbp,-,=[8]",True,16784512,16784933,5,"movsd qword [rbp - 0x38], xmm1","movsd qword [var_40h], xmm1",f20f114dc8,sse,mov,False,268435465,0,,,,,,,
16784823,"16786368,rip,8,rsp,-=,rsp,=[],rip,=",False,16784512,16784933,5,call 0x10023c0,call sym.imp.sin,e804060000,cpu,call,False,3,0,,,,16786368.0,16784828.0,"[{'addr': 16786368, 'type': 'CALL'}]",
16784828,"xmm0,xmm1,=",False,16784512,16784935,3,"movaps xmm1, xmm0","movaps xmm1, xmm0",0f28c8,sse,mov,False,9,0,,,,,,,
16784831,"0x48,rbp,-,[8],xmm0,=",True,16784512,16784933,5,"movsd xmm0, qword [rbp - 0x48]","movsd xmm0, qword [var_50h]",f20f1045b8,sse,mov,False,9,0,,,,,,,
16784836,"xmm1,0x40,rbp,-,=[8]",True,16784512,16784933,5,"movsd qword [rbp - 0x40], xmm1","movsd qword [var_48h], xmm1",f20f114dc0,sse,mov,False,268435465,0,,,,,,,
16784841,"16786384,rip,8,rsp,-=,rsp,=[],rip,=",False,16784512,16784933,5,call 0x10023d0,call sym.imp.cos,e802060000,cpu,call,False,3,0,,,,16786384.0,16784846.0,"[{'addr': 16786384, 'type': 'CALL'}]",
16784846,"0x40,rbp,-,[8],xmm2,=",True,16784512,16784933,5,"movsd xmm2, qword [rbp - 0x40]","movsd xmm2, qword [var_48h]",f20f1055c0,sse,mov,False,9,0,,,,,,,
16784851,"0x38,rbp,-,[8],xmm1,=",True,16784512,16784933,5,"movsd xmm1, qword [rbp - 0x38]","movsd xmm1, qword [var_40h]",f20f104dc8,sse,mov,False,9,0,,,,,,,
16784856,"0x2c,rbp,-,[4],rax,=",True,16784512,16784935,3,"mov eax, dword [rbp - 0x2c]","mov eax, dword [var_34h]",8b45d4,cpu,mov,False,9,0,,,,,,,
16784859,"xmm0,xmm3,=",False,16784512,16784935,3,"movaps xmm3, xmm0","movaps xmm3, xmm0",0f28d8,sse,mov,False,9,0,,,,,,,
16784862,"0x28,rbp,-,[8],xmm0,=",True,16784512,16784933,5,"movsd xmm0, qword [rbp - 0x28]","movsd xmm0, qword [var_30h]",f20f1045d8,sse,mov,False,9,0,,,,,,,
16784867,"xmm3,xmm2,*=",False,16784512,16784934,4,"mulsd xmm2, xmm3","mulsd xmm2, xmm3",f20f59d3,sse,mul,False,20,0,,,,,,,
16784871,"0x16be,rip,-,[16],xmm3,=",True,16784512,16784931,7,"movaps xmm3, xmmword [rip - 0x16be]","movaps xmm3, xmmword [data.01000730]",0f281d42e9ffff,sse,mov,False,9,0,,,,,,"[{'addr': 16779056, 'type': 'DATA'}]",16779056.0
16784878,,False,16784512,16784934,4,"pand xmm2, xmm3","pand xmm2, xmm3",660fdbd3,sse,null,False,0,0,,,,,,,
16784882,,False,16784512,16784934,4,"sqrtsd xmm2, xmm2","sqrtsd xmm2, xmm2",f20f51d2,sse,null,False,0,0,,,,,,,
16784886,,False,16784512,16784934,4,"subsd xmm1, xmm2","subsd xmm1, xmm2",f20f5cca,sse,null,False,0,0,,,,,,,
16784890,"xmm1,xmm0,+=",False,16784512,16784934,4,"addsd xmm0, xmm1","addsd xmm0, xmm1",f20f58c1,sse,add,False,17,0,,,123.0,,,,
16784894,"xmm0,0x18,rbp,-,=[8]",True,16784512,16784933,5,"movsd qword [rbp - 0x18], xmm0","movsd qword [var_20h], xmm0",f20f1145e8,sse,mov,False,268435465,0,,,,,,,
16784899,"1,eax,+=,31,$o,of,:=,31,$s,sf,:=,$z,zf,:=,31,$c,cf,:=,$p,pf,:=,3,$c,af,:=",False,16784512,16784935,3,"add eax, 1","add eax, 1",83c001,cpu,add,False,17,0,,,1.0,,,,
16784902,"1,rcx,=",False,16784512,16784933,5,"mov ecx, 1","mov ecx, 1",b901000000,cpu,mov,False,9,0,,,1.0,,,,
16784907,"edx,rdx,^,0xffffffff,&,rdx,=,$z,zf,:=,$p,pf,:=,31,$s,sf,:=,0,cf,:=,0,of,:=",False,16784512,16784936,2,"xor edx, edx","xor edx, edx",31d2,cpu,xor,False,28,0,,,,,,,
16784909,"10000,eax,==,$z,zf,:=,32,$b,cf,:=,$p,pf,:=,31,$s,sf,:=,10000,0x80000000,-,!,31,$o,^,of,:=,3,$b,af,:=",False,16784512,16784933,5,"cmp eax, 0x2710","cmp eax, 0x2710",3d10270000,cpu,cmp,False,15,0,,,10000.0,,,,10000.0
16784914,"zf,?{,edx,ecx,=,}",False,16784512,16784935,3,"cmove ecx, edx","cmove ecx, edx",0f44ca,cpu,cmov,False,2147483657,0,,,,,,,
16784917,"ecx,0x1c,rbp,-,=[4]",True,16784512,16784935,3,"mov dword [rbp - 0x1c], ecx","mov dword [var_24h], ecx",894de4,cpu,mov,False,268435465,0,,,,,,,
16784920,"0x18,rbp,-,[8],xmm0,=",True,16784512,16784933,5,"movsd xmm0, qword [rbp - 0x18]","movsd xmm0, qword [var_20h]",f20f1045e8,sse,mov,False,9,0,,,,,,,
16784925,"xmm0,0x10,rbp,-,=[8]",True,16784512,16784933,5,"movsd qword [rbp - 0x10], xmm0","movsd qword [var_18h], xmm0",f20f1145f0,sse,mov,False,268435465,0,,,,,,,
16784930,"eax,0x4,rbp,-,=[4]",True,16784512,16784935,3,"mov dword [rbp - 4], eax","mov dword [var_ch], eax",8945fc,cpu,mov,False,268435465,0,,,,,,,
16784933,"0x1001cb6,rip,=",False,16784512,16784933,5,jmp 0x1001cb6,jmp 0x1001cb6,e98cfeffff,cpu,jmp,False,1,0,,,,16784566.0,,"[{'addr': 16784566, 'type': 'CODE'}]",
