offset,esil,refptr,fcn_addr,fcn_last,size,opcode,disasm,bytes,family,type,reloc,type_num,type2_num,flags,xrefs_to,ptr,xrefs_from,jump,fail
16783712,"rbp,8,rsp,-,=[8],8,rsp,-=",False,16783712,16783789,1,push rbp,push rbp,55,cpu,rpush,False,268435468,0,"['main', 'sym.main']","[{'addr': 16783693, 'type': 'DATA'}]",,,,
16783713,"rsp,rbp,=",False,16783712,16783787,3,"mov rbp, rsp","mov rbp, rsp",4889e5,cpu,mov,False,9,0,,,,,,
16783716,"0x11f1,rip,-,rdi,=",True,16783712,16783783,7,"lea rdi, [rip - 0x11f1]","lea rdi, str.Computing_Mandelbrot_set...",488d3d0feeffff,cpu,lea,False,33,0,,,16779130.0,"[{'addr': 16779130, 'type': 'DATA'}]",,
16783723,"16786320,rip,8,rsp,-=,rsp,=[],rip,=",False,16783712,16783785,5,call 0x1002390,call sym.imp.puts,e8200a0000,cpu,call,False,3,0,,,,"[{'addr': 16786320, 'type': 'CALL'}]",16786320.0,16783728.0
16783728,"0x12e8,rip,-,[8],xmm0,=",True,16783712,16783782,8,"movsd xmm0, qword [rip - 0x12e8]","movsd xmm0, qword [data.01000690]",f20f100518edffff,sse,mov,False,9,0,,,16778896.0,"[{'addr': 16778896, 'type': 'DATA'}]",,
16783736,"xmm1,xmm1,^=,$z,zf,:=,$p,pf,:=,127,$s,sf,:=,0,cf,:=,0,of,:=",False,16783712,16783787,3,"xorps xmm1, xmm1","xorps xmm1, xmm1",0f57c9,sse,xor,False,28,0,,,,,,
16783739,"0x12eb,rip,-,[8],xmm2,=",True,16783712,16783782,8,"movsd xmm2, qword [rip - 0x12eb]","movsd xmm2, qword [data.01000698]",f20f101515edffff,sse,mov,False,9,0,,,16778904.0,"[{'addr': 16778904, 'type': 'DATA'}]",,
16783747,"16783792,rip,8,rsp,-=,rsp,=[],rip,=",False,16783712,16783785,5,call 0x10019b0,call sym.render_mandelbrot,e828000000,cpu,call,False,3,0,,,,"[{'addr': 16783792, 'type': 'CALL'}]",16783792.0,16783752.0
16783752,"0x11d9,rip,-,rdi,=",True,16783712,16783783,7,"lea rdi, [rip - 0x11d9]","lea rdi, str.Performing_complex_math_operations...",488d3d27eeffff,cpu,lea,False,33,0,,,16779190.0,"[{'addr': 16779190, 'type': 'DATA'}]",,
16783759,"16786320,rip,8,rsp,-=,rsp,=[],rip,=",False,16783712,16783785,5,call 0x1002390,call sym.imp.puts,e8fc090000,cpu,call,False,3,0,,,,"[{'addr': 16786320, 'type': 'CALL'}]",16786320.0,16783764.0
16783764,"16784512,rip,8,rsp,-=,rsp,=[],rip,=",False,16783712,16783785,5,call 0x1001c80,call sym.complex_math_operations,e8e7020000,cpu,call,False,3,0,,,,"[{'addr': 16784512, 'type': 'CALL'}]",16784512.0,16783769.0
16783769,"0x1247,rip,-,rdi,=",True,16783712,16783783,7,"lea rdi, [rip - 0x1247]","lea rdi, str.Performing_matrix_operations...",488d3db9edffff,cpu,lea,False,33,0,,,16779097.0,"[{'addr': 16779097, 'type': 'DATA'}]",,
16783776,"16786320,rip,8,rsp,-=,rsp,=[],rip,=",False,16783712,16783785,5,call 0x1002390,call sym.imp.puts,e8eb090000,cpu,call,False,3,0,,,,"[{'addr': 16786320, 'type': 'CALL'}]",16786320.0,16783781.0
16783781,"16784944,rip,8,rsp,-=,rsp,=[],rip,=",False,16783712,16783785,5,call 0x1001e30,call sym.matrix_operations,e886040000,cpu,call,False,3,0,,,,"[{'addr': 16784944, 'type': 'CALL'}]",16784944.0,16783786.0
16783786,"eax,rax,^,0xffffffff,&,rax,=,$z,zf,:=,$p,pf,:=,31,$s,sf,:=,0,cf,:=,0,of,:=",False,16783712,16783788,2,"xor eax, eax","xor eax, eax",31c0,cpu,xor,False,28,0,,,,,,
16783788,"rsp,[8],8,rsp,+=,rbp,=",False,16783712,16783789,1,pop rbp,pop rbp,5d,cpu,pop,False,14,0,,,,,,
16783789,"rsp,[8],rip,=,8,rsp,+=",False,16783712,16783789,1,ret,ret,c3,cpu,ret,False,5,0,,,,,,
