offset,esil,refptr,fcn_addr,fcn_last,size,opcode,disasm,bytes,family,type,reloc,type_num,type2_num,flags,xrefs_to,val,ptr,xrefs_from,jump,fail,comment
16783792,"rbp,8,rsp,-,=[8],8,rsp,-=",False,16783792,16784228,1,push rbp,push rbp,55,cpu,rpush,False,268435468,0,['sym.render_mandelbrot'],"[{'addr': 16783747, 'type': 'CALL'}]",,,,,,
16783793,"rsp,rbp,=",False,16783792,16784226,3,"mov rbp, rsp","mov rbp, rsp",4889e5,cpu,mov,False,9,0,,,,,,,,
16783796,"96,rsp,-=,96,0x8000000000000000,-,!,63,$o,^,of,:=,63,$s,sf,:=,$z,zf,:=,$p,pf,:=,64,$b,cf,:=,3,$b,af,:=",False,16783792,16784225,4,"sub rsp, 0x60","sub rsp, 0x60",4883ec60,cpu,sub,False,18,0,,,96.0,,,,,
16783800,"xmm0,xmm3,=",False,16783792,16784226,3,"movaps xmm3, xmm0","movaps xmm3, xmm0",0f28d8,sse,mov,False,9,0,,,,,,,,
16783803,"0x1343,rip,-,[8],xmm0,=",True,16783792,16784221,8,"movsd xmm0, qword [rip - 0x1343]","movsd xmm0, qword [data.01000680]",f20f1005bdecffff,sse,mov,False,9,0,,,,16778880.0,"[{'addr': 16778880, 'type': 'DATA'}]",,,
16783811,,False,16783792,16784225,4,"divsd xmm0, xmm2","divsd xmm0, xmm2",f20f5ec2,sse,null,False,0,0,,,,,,,,
16783815,"xmm3,xmm4,=",False,16783792,16784226,3,"movaps xmm4, xmm3","movaps xmm4, xmm3",0f28e3,sse,mov,False,9,0,,,,,,,,
16783818,,False,16783792,16784225,4,"subsd xmm4, xmm0","subsd xmm4, xmm0",f20f5ce0,sse,null,False,0,0,,,,,,,,
16783822,"xmm4,0x48,rbp,-,=[8]",True,16783792,16784224,5,"movsd qword [rbp - 0x48], xmm4","movsd qword [var_50h], xmm4",f20f1165b8,sse,mov,False,268435465,0,,,,,,,,
16783827,"xmm3,xmm0,+=",False,16783792,16784225,4,"addsd xmm0, xmm3","addsd xmm0, xmm3",f20f58c3,sse,add,False,17,0,,,125.0,,,,,
16783831,"xmm0,0x40,rbp,-,=[8]",True,16783792,16784224,5,"movsd qword [rbp - 0x40], xmm0","movsd qword [var_48h], xmm0",f20f1145c0,sse,mov,False,268435465,0,,,,,,,,
16783836,"0x134c,rip,-,[8],xmm0,=",True,16783792,16784221,8,"movsd xmm0, qword [rip - 0x134c]","movsd xmm0, qword [data.01000698]",f20f1005b4ecffff,sse,mov,False,9,0,,,,16778904.0,"[{'addr': 16778904, 'type': 'DATA'}]",,,
16783844,,False,16783792,16784225,4,"divsd xmm0, xmm2","divsd xmm0, xmm2",f20f5ec2,sse,null,False,0,0,,,,,,,,
16783848,"xmm1,xmm2,=",False,16783792,16784226,3,"movaps xmm2, xmm1","movaps xmm2, xmm1",0f28d1,sse,mov,False,9,0,,,,,,,,
16783851,,False,16783792,16784225,4,"subsd xmm2, xmm0","subsd xmm2, xmm0",f20f5cd0,sse,null,False,0,0,,,,,,,,
16783855,"xmm2,0x38,rbp,-,=[8]",True,16783792,16784224,5,"movsd qword [rbp - 0x38], xmm2","movsd qword [var_40h], xmm2",f20f1155c8,sse,mov,False,268435465,0,,,,,,,,
16783860,"xmm1,xmm0,+=",False,16783792,16784225,4,"addsd xmm0, xmm1","addsd xmm0, xmm1",f20f58c1,sse,add,False,17,0,,,123.0,,,,,
16783864,"xmm0,0x30,rbp,-,=[8]",True,16783792,16784224,5,"movsd qword [rbp - 0x30], xmm0","movsd qword [var_38h], xmm0",f20f1145d0,sse,mov,False,268435465,0,,,,,,,,
16783869,"0,0x4c,rbp,-,=[4]",True,16783792,16784222,7,"mov dword [rbp - 0x4c], 0","mov dword [var_54h], 0",c745b400000000,cpu,mov,False,268435465,0,,,0.0,,,,,
16783876,"0,0xc,rbp,-,=[4]",True,16783792,16784222,7,"mov dword [rbp - 0xc], 0","mov dword [var_14h], 0",c745f400000000,cpu,mov,False,268435465,0,,,0.0,,,,,
16783883,"0x4c,rbp,-,[4],rax,=",True,16783792,16784226,3,"mov eax, dword [rbp - 0x4c]","mov eax, dword [var_54h]",8b45b4,cpu,mov,False,9,0,,"[{'addr': 16783918, 'type': 'CODE'}]",,,,,,
16783886,"rax,0x58,rbp,-,=[8]",True,16783792,16784225,4,"mov qword [rbp - 0x58], rax","mov qword [var_60h], rax",488945a8,cpu,mov,False,268435465,0,,,,,,,,
16783890,"5,rax,-=,5,0x8000000000000000,-,!,63,$o,^,of,:=,63,$s,sf,:=,$z,zf,:=,$p,pf,:=,64,$b,cf,:=,3,$b,af,:=",False,16783792,16784225,4,"sub rax, 5","sub rax, 5",4883e805,cpu,sub,False,18,0,,,5.0,,,,,
16783894,"cf,zf,|,!,?{,16783916,rip,=,}",False,16783792,16784227,2,ja 0x1001a2c,ja 0x1001a2c,7714,cpu,cjmp,False,2147483649,0,,,,,,16783916.0,16783896.0,
16783896,"0x58,rbp,-,[8],rax,=",True,16783792,16784225,4,"mov rax, qword [rbp - 0x58]","mov rax, qword [var_60h]",488b45a8,cpu,mov,False,9,0,,,,,,,,
16783900,"0x1343,rip,-,rcx,=",True,16783792,16784222,7,"lea rcx, [rip - 0x1343]","lea rcx, data.010006e0",488d0dbdecffff,cpu,lea,False,33,0,,,,16778976.0,"[{'addr': 16778976, 'type': 'DATA'}]",,,
16783907,"32,rax,4,*,rcx,+,[4],~,rax,=",True,16783792,16784225,4,"movsxd rax, dword [rcx + rax*4]","movsxd rax, dword [rcx + rax*4]",48630481,cpu,mov,False,9,0,,,,,,,,
16783911,"rcx,rax,+=,63,$o,of,:=,63,$s,sf,:=,$z,zf,:=,63,$c,cf,:=,$p,pf,:=,3,$c,af,:=",False,16783792,16784226,3,"add rax, rcx","add rax, rcx",4801c8,cpu,add,False,17,0,,,,,,,,
16783914,"rax,rip,=",False,16783792,16784227,2,jmp rax,jmp rax,ffe0,cpu,rjmp,False,268435458,0,['switch.0x01001a2a'],,,,"[{'addr': 16783920, 'type': 'CODE'}, {'addr': 16783978, 'type': 'CODE'}, {'addr': 16783984, 'type': 'CODE'}, {'addr': 16784031, 'type': 'CODE'}, {'addr': 16784116, 'type': 'CODE'}, {'addr': 16784178, 'type': 'CODE'}]",,,c3dpdGNoIHRhYmxlICg2IGNhc2VzKSBhdCAweDEwMDA2ZTA=
16783916,"0x1001a2e,rip,=",False,16783792,16784227,2,jmp 0x1001a2e,jmp 0x1001a2e,eb00,cpu,jmp,False,1,0,,,,,"[{'addr': 16783918, 'type': 'CODE'}]",16783918.0,,
16783918,"0x1001a0b,rip,=",False,16783792,16784227,2,jmp 0x1001a0b,jmp 0x1001a0b,ebdb,cpu,jmp,False,1,0,,"[{'addr': 16783916, 'type': 'CODE'}, {'addr': 16783976, 'type': 'CODE'}, {'addr': 16784029, 'type': 'CODE'}, {'addr': 16784111, 'type': 'CODE'}, {'addr': 16784173, 'type': 'CODE'}, {'addr': 16784224, 'type': 'CODE'}]",,,"[{'addr': 16783883, 'type': 'CODE'}]",16783883.0,,
16783920,"0xc,rbp,-,[4],rax,=",True,16783792,16784226,3,"mov eax, dword [rbp - 0xc]","mov eax, dword [var_14h]",8b45f4,cpu,mov,False,9,0,['case.0x1001a2a.0'],"[{'addr': 16783914, 'type': 'CODE'}]",,,,,,
16783923,"eax,0x24,rbp,-,=[4]",True,16783792,16784226,3,"mov dword [rbp - 0x24], eax","mov dword [var_2ch], eax",8945dc,cpu,mov,False,268435465,0,,,,,,,,
16783926,,False,16783792,16784224,5,"cvtsi2sd xmm0, dword [rbp - 0x24]","cvtsi2sd xmm0, dword [var_2ch]",f20f2a45dc,sse,null,False,0,0,,,,,,,,
16783931,"0x38,rbp,-,[8],xmm3,=",True,16783792,16784224,5,"movsd xmm3, qword [rbp - 0x38]","movsd xmm3, qword [var_40h]",f20f105dc8,sse,mov,False,9,0,,,,,,,,
16783936,"0x30,rbp,-,[8],xmm4,=",True,16783792,16784224,5,"movsd xmm4, qword [rbp - 0x30]","movsd xmm4, qword [var_38h]",f20f1065d0,sse,mov,False,9,0,,,,,,,,
16783941,"xmm1,xmm1,^=,$z,zf,:=,$p,pf,:=,127,$s,sf,:=,0,cf,:=,0,of,:=",False,16783792,16784226,3,"xorps xmm1, xmm1","xorps xmm1, xmm1",0f57c9,sse,xor,False,28,0,,,,,,,,
16783944,"0x1388,rip,-,[8],xmm2,=",True,16783792,16784221,8,"movsd xmm2, qword [rip - 0x1388]","movsd xmm2, qword [data.010006c8]",f20f101578ecffff,sse,mov,False,9,0,,,,16778952.0,"[{'addr': 16778952, 'type': 'DATA'}]",,,
16783952,"16784240,rip,8,rsp,-=,rsp,=[],rip,=",False,16783792,16784224,5,call 0x1001b70,call sym.map,e81b010000,cpu,call,False,3,0,,,,,"[{'addr': 16784240, 'type': 'CALL'}]",16784240.0,16783957.0,
16783957,"xmm0,0x20,rbp,-,=[8]",True,16783792,16784224,5,"movsd qword [rbp - 0x20], xmm0","movsd qword [var_28h], xmm0",f20f1145e0,sse,mov,False,268435465,0,,,,,,,,
16783962,"3,0x4c,rbp,-,=[4]",True,16783792,16784222,7,"mov dword [rbp - 0x4c], 3","mov dword [var_54h], 3",c745b403000000,cpu,mov,False,268435465,0,,,3.0,,,,,
16783969,"0,0x8,rbp,-,=[4]",True,16783792,16784222,7,"mov dword [rbp - 8], 0","mov dword [var_10h], 0",c745f800000000,cpu,mov,False,268435465,0,,,0.0,,,,,
16783976,"0x1001a2e,rip,=",False,16783792,16784227,2,jmp 0x1001a2e,jmp 0x1001a2e,ebc4,cpu,jmp,False,1,0,,,,,"[{'addr': 16783918, 'type': 'CODE'}]",16783918.0,,
16783978,"96,rsp,+=,63,$o,of,:=,63,$s,sf,:=,$z,zf,:=,63,$c,cf,:=,$p,pf,:=,3,$c,af,:=",False,16783792,16784225,4,"add rsp, 0x60","add rsp, 0x60",4883c460,cpu,add,False,17,0,['case.0x1001a2a.1'],"[{'addr': 16783914, 'type': 'CODE'}]",96.0,,,,,
16783982,"rsp,[8],8,rsp,+=,rbp,=",False,16783792,16784228,1,pop rbp,pop rbp,5d,cpu,pop,False,14,0,,,,,,,,
16783983,"rsp,[8],rip,=,8,rsp,+=",False,16783792,16784228,1,ret,ret,c3,cpu,ret,False,5,0,,,,,,,,
16783984,"0x1b11,rip,+,[8],rax,=",True,16783792,16784222,7,"mov rax, qword [rip + 0x1b11]","mov rax, qword [reloc.stdout]",488b05111b0000,cpu,mov,False,9,0,['case.0x1001a2a.2'],"[{'addr': 16783914, 'type': 'CODE'}]",,16790920.0,"[{'addr': 16790920, 'type': 'DATA'}]",,,
16783991,"rax,[8],rsi,=",True,16783792,16784226,3,"mov rsi, qword [rax]","mov rsi, qword [rax]",488b30,cpu,mov,False,9,0,,,,,,,,
16783994,"10,rdi,=",False,16783792,16784224,5,"mov edi, 0xa","mov edi, 0xa",bf0a000000,cpu,mov,False,9,0,,,10.0,,,,,
16783999,"16786336,rip,8,rsp,-=,rsp,=[],rip,=",False,16783792,16784224,5,call 0x10023a0,call sym.imp.putc,e81c090000,cpu,call,False,3,0,,,,,"[{'addr': 16786336, 'type': 'CALL'}]",16786336.0,16784004.0,
16784004,"0x24,rbp,-,[4],rax,=",True,16783792,16784226,3,"mov eax, dword [rbp - 0x24]","mov eax, dword [var_2ch]",8b45dc,cpu,mov,False,9,0,,,,,,,,
16784007,"1,eax,+=,31,$o,of,:=,31,$s,sf,:=,$z,zf,:=,31,$c,cf,:=,$p,pf,:=,3,$c,af,:=",False,16783792,16784226,3,"add eax, 1","add eax, 1",83c001,cpu,add,False,17,0,,,1.0,,,,,
16784010,"ecx,rcx,^,0xffffffff,&,rcx,=,$z,zf,:=,$p,pf,:=,31,$s,sf,:=,0,cf,:=,0,of,:=",False,16783792,16784227,2,"xor ecx, ecx","xor ecx, ecx",31c9,cpu,xor,False,28,0,,,,,,,,
16784012,"1,rdx,=",False,16783792,16784224,5,"mov edx, 1","mov edx, 1",ba01000000,cpu,mov,False,9,0,,,1.0,,,,,
16784017,"40,eax,==,$z,zf,:=,32,$b,cf,:=,$p,pf,:=,31,$s,sf,:=,40,0x80000000,-,!,31,$o,^,of,:=,3,$b,af,:=",False,16783792,16784226,3,"cmp eax, 0x28","cmp eax, 0x28",83f828,cpu,cmp,False,15,0,,,40.0,40.0,,,,
16784020,"zf,?{,edx,ecx,=,}",False,16783792,16784226,3,"cmove ecx, edx","cmove ecx, edx",0f44ca,cpu,cmov,False,2147483657,0,,,,,,,,
16784023,"ecx,0x4c,rbp,-,=[4]",True,16783792,16784226,3,"mov dword [rbp - 0x4c], ecx","mov dword [var_54h], ecx",894db4,cpu,mov,False,268435465,0,,,,,,,,
16784026,"eax,0xc,rbp,-,=[4]",True,16783792,16784226,3,"mov dword [rbp - 0xc], eax","mov dword [var_14h], eax",8945f4,cpu,mov,False,268435465,0,,,,,,,,
16784029,"0x1001a2e,rip,=",False,16783792,16784227,2,jmp 0x1001a2e,jmp 0x1001a2e,eb8f,cpu,jmp,False,1,0,,,,,"[{'addr': 16783918, 'type': 'CODE'}]",16783918.0,,
16784031,"0x8,rbp,-,[4],rax,=",True,16783792,16784226,3,"mov eax, dword [rbp - 8]","mov eax, dword [var_10h]",8b45f8,cpu,mov,False,9,0,['case.0x1001a2a.3'],"[{'addr': 16783914, 'type': 'CODE'}]",,,,,,
16784034,"eax,0x14,rbp,-,=[4]",True,16783792,16784226,3,"mov dword [rbp - 0x14], eax","mov dword [var_1ch], eax",8945ec,cpu,mov,False,268435465,0,,,,,,,,
16784037,,False,16783792,16784224,5,"cvtsi2sd xmm0, dword [rbp - 0x14]","cvtsi2sd xmm0, dword [var_1ch]",f20f2a45ec,sse,null,False,0,0,,,,,,,,
16784042,"0x48,rbp,-,[8],xmm3,=",True,16783792,16784224,5,"movsd xmm3, qword [rbp - 0x48]","movsd xmm3, qword [var_50h]",f20f105db8,sse,mov,False,9,0,,,,,,,,
16784047,"0x40,rbp,-,[8],xmm4,=",True,16783792,16784224,5,"movsd xmm4, qword [rbp - 0x40]","movsd xmm4, qword [var_48h]",f20f1065c0,sse,mov,False,9,0,,,,,,,,
16784052,"xmm1,xmm1,^=,$z,zf,:=,$p,pf,:=,127,$s,sf,:=,0,cf,:=,0,of,:=",False,16783792,16784226,3,"xorps xmm1, xmm1","xorps xmm1, xmm1",0f57c9,sse,xor,False,28,0,,,,,,,,
16784055,"0x141f,rip,-,[8],xmm2,=",True,16783792,16784221,8,"movsd xmm2, qword [rip - 0x141f]","movsd xmm2, qword [data.010006a0]",f20f1015e1ebffff,sse,mov,False,9,0,,,,16778912.0,"[{'addr': 16778912, 'type': 'DATA'}]",,,
16784063,"16784240,rip,8,rsp,-=,rsp,=[],rip,=",False,16783792,16784224,5,call 0x1001b70,call sym.map,e8ac000000,cpu,call,False,3,0,,,,,"[{'addr': 16784240, 'type': 'CALL'}]",16784240.0,16784068.0,
16784068,"0x20,rbp,-,[8],xmm1,=",True,16783792,16784224,5,"movsd xmm1, qword [rbp - 0x20]","movsd xmm1, qword [var_28h]",f20f104de0,sse,mov,False,9,0,,,,,,,,
16784073,"16784272,rip,8,rsp,-=,rsp,=[],rip,=",False,16783792,16784224,5,call 0x1001b90,call sym.mandelbrot,e8c2000000,cpu,call,False,3,0,,,,,"[{'addr': 16784272, 'type': 'CALL'}]",16784272.0,16784078.0,
16784078,"eax,0x10,rbp,-,=[4]",True,16783792,16784226,3,"mov dword [rbp - 0x10], eax","mov dword [var_18h], eax",8945f0,cpu,mov,False,268435465,0,,,,,,,,
16784081,"4,rax,=",False,16783792,16784224,5,"mov eax, 4","mov eax, 4",b804000000,cpu,mov,False,9,0,,,4.0,,,,,
16784086,"5,rcx,=",False,16783792,16784224,5,"mov ecx, 5","mov ecx, 5",b905000000,cpu,mov,False,9,0,,,5.0,,,,,
16784091,"100000,0x10,rbp,-,[4],==,$z,zf,:=,32,$b,cf,:=,$p,pf,:=,31,$s,sf,:=,100000,0x80000000,-,!,31,$o,^,of,:=,3,$b,af,:=",True,16783792,16784222,7,"cmp dword [rbp - 0x10], 0x186a0","cmp dword [var_18h], 0x186a0",817df0a0860100,cpu,cmp,False,268435471,0,,,100000.0,,,,,
16784098,"zf,?{,ecx,eax,=,}",False,16783792,16784226,3,"cmove eax, ecx","cmove eax, ecx",0f44c1,cpu,cmov,False,2147483657,0,,,,,,,,
16784101,"eax,0x4c,rbp,-,=[4]",True,16783792,16784226,3,"mov dword [rbp - 0x4c], eax","mov dword [var_54h], eax",8945b4,cpu,mov,False,268435465,0,,,,,,,,
16784104,"64,0x4,rbp,-,=[4]",True,16783792,16784222,7,"mov dword [rbp - 4], 0x40","mov dword [c], 0x40",c745fc40000000,cpu,mov,False,268435465,0,,,64.0,64.0,,,,
16784111,"0x1001a2e,rip,=",False,16783792,16784224,5,jmp 0x1001a2e,jmp 0x1001a2e,e93affffff,cpu,jmp,False,1,0,,,,,"[{'addr': 16783918, 'type': 'CODE'}]",16783918.0,,
16784116,,False,16783792,16784224,5,"cvtsi2sd xmm0, dword [rbp - 0x10]","cvtsi2sd xmm0, dword [var_18h]",f20f2a45f0,sse,null,False,0,0,['case.0x1001a2a.4'],"[{'addr': 16783914, 'type': 'CODE'}]",,,,,,
16784121,"0x1449,rip,-,[8],xmm1,=",True,16783792,16784221,8,"movsd xmm1, qword [rip - 0x1449]","movsd xmm1, qword [data.010006b8]",f20f100db7ebffff,sse,mov,False,9,0,,,,16778936.0,"[{'addr': 16778936, 'type': 'DATA'}]",,,
16784129,,False,16783792,16784225,4,"divsd xmm0, xmm1","divsd xmm0, xmm1",f20f5ec1,sse,null,False,0,0,,,,,,,,
16784133,"0x1485,rip,-,[8],xmm1,=",True,16783792,16784221,8,"movsd xmm1, qword [rip - 0x1485]","movsd xmm1, qword [data.01000688]",f20f100d7bebffff,sse,mov,False,9,0,,,,16778888.0,"[{'addr': 16778888, 'type': 'DATA'}]",,,
16784141,"xmm1,xmm0,*=",False,16783792,16784225,4,"mulsd xmm0, xmm1","mulsd xmm0, xmm1",f20f59c1,sse,mul,False,20,0,,,,,,,,
16784145,,False,16783792,16784225,4,"cvttsd2si eax, xmm0","cvttsd2si eax, xmm0",f20f2cc0,sse,null,False,0,0,,,,,,,,
16784149,"32,eax,~,rcx,=",False,16783792,16784226,3,"movsxd rcx, eax","movsxd rcx, eax",4863c8,cpu,mov,False,9,0,,,,,,,,
16784152,"0x1374,rip,-,rax,=",True,16783792,16784222,7,"lea rax, [rip - 0x1374]","lea rax, str.._oO0Oo_.",488d058cecffff,cpu,lea,False,33,0,,,,16779179.0,"[{'addr': 16779179, 'type': 'DATA'}]",,,
16784159,"8,rcx,rax,+,[1],~,rax,=",True,16783792,16784225,4,"movsx eax, byte [rax + rcx]","movsx eax, byte [rax + rcx]",0fbe0408,cpu,mov,False,9,0,,,,,,,,
16784163,"5,0x4c,rbp,-,=[4]",True,16783792,16784222,7,"mov dword [rbp - 0x4c], 5","mov dword [var_54h], 5",c745b405000000,cpu,mov,False,268435465,0,,,5.0,,,,,
16784170,"eax,0x4,rbp,-,=[4]",True,16783792,16784226,3,"mov dword [rbp - 4], eax","mov dword [c], eax",8945fc,cpu,mov,False,268435465,0,,,,,,,,
16784173,"0x1001a2e,rip,=",False,16783792,16784224,5,jmp 0x1001a2e,jmp 0x1001a2e,e9fcfeffff,cpu,jmp,False,1,0,,,,,"[{'addr': 16783918, 'type': 'CODE'}]",16783918.0,,
16784178,"0x4,rbp,-,[4],rdi,=",True,16783792,16784226,3,"mov edi, dword [rbp - 4]","mov edi, dword [c]",8b7dfc,cpu,mov,False,9,0,['case.0x1001a2a.5'],"[{'addr': 16783914, 'type': 'CODE'}]",,,,,,
16784181,"0x1a4c,rip,+,[8],rax,=",True,16783792,16784222,7,"mov rax, qword [rip + 0x1a4c]","mov rax, qword [reloc.stdout]",488b054c1a0000,cpu,mov,False,9,0,,,,16790920.0,"[{'addr': 16790920, 'type': 'DATA'}]",,,
16784188,"rax,[8],rsi,=",True,16783792,16784226,3,"mov rsi, qword [rax]","mov rsi, qword [rax]",488b30,cpu,mov,False,9,0,,,,,,,,
16784191,"16786336,rip,8,rsp,-=,rsp,=[],rip,=",False,16783792,16784224,5,call 0x10023a0,call sym.imp.putc,e85c080000,cpu,call,False,3,0,,,,,"[{'addr': 16786336, 'type': 'CALL'}]",16786336.0,16784196.0,
16784196,"0x14,rbp,-,[4],rax,=",True,16783792,16784226,3,"mov eax, dword [rbp - 0x14]","mov eax, dword [var_1ch]",8b45ec,cpu,mov,False,9,0,,,,,,,,
16784199,"1,eax,+=,31,$o,of,:=,31,$s,sf,:=,$z,zf,:=,31,$c,cf,:=,$p,pf,:=,3,$c,af,:=",False,16783792,16784226,3,"add eax, 1","add eax, 1",83c001,cpu,add,False,17,0,,,1.0,,,,,
16784202,"3,rcx,=",False,16783792,16784224,5,"mov ecx, 3","mov ecx, 3",b903000000,cpu,mov,False,9,0,,,3.0,,,,,
16784207,"2,rdx,=",False,16783792,16784224,5,"mov edx, 2","mov edx, 2",ba02000000,cpu,mov,False,9,0,,,2.0,,,,,
16784212,"120,eax,==,$z,zf,:=,32,$b,cf,:=,$p,pf,:=,31,$s,sf,:=,120,0x80000000,-,!,31,$o,^,of,:=,3,$b,af,:=",False,16783792,16784226,3,"cmp eax, 0x78","cmp eax, 0x78",83f878,cpu,cmp,False,15,0,,,120.0,120.0,,,,
16784215,"zf,?{,edx,ecx,=,}",False,16783792,16784226,3,"cmove ecx, edx","cmove ecx, edx",0f44ca,cpu,cmov,False,2147483657,0,,,,,,,,
16784218,"ecx,0x4c,rbp,-,=[4]",True,16783792,16784226,3,"mov dword [rbp - 0x4c], ecx","mov dword [var_54h], ecx",894db4,cpu,mov,False,268435465,0,,,,,,,,
16784221,"eax,0x8,rbp,-,=[4]",True,16783792,16784226,3,"mov dword [rbp - 8], eax","mov dword [var_10h], eax",8945f8,cpu,mov,False,268435465,0,,,,,,,,
16784224,"0x1001a2e,rip,=",False,16783792,16784224,5,jmp 0x1001a2e,jmp 0x1001a2e,e9c9feffff,cpu,jmp,False,1,0,,,,,"[{'addr': 16783918, 'type': 'CODE'}]",16783918.0,,
