offset,esil,refptr,fcn_addr,fcn_last,size,opcode,disasm,bytes,family,type,reloc,type_num,type2_num,flags,xrefs_to,val,jump,fail,xrefs_from,ptr
16784272,"rbp,8,rsp,-,=[8],8,rsp,-=",False,16784272,16784506,1,push rbp,push rbp,55,cpu,rpush,False,268435468,0,['sym.mandelbrot'],"[{'addr': 16784073, 'type': 'CALL'}]",,,,,
16784273,"rsp,rbp,=",False,16784272,16784504,3,"mov rbp, rsp","mov rbp, rsp",4889e5,cpu,mov,False,9,0,,,,,,,
16784276,"xmm0,0x38,rbp,-,=[8]",True,16784272,16784502,5,"movsd qword [rbp - 0x38], xmm0","movsd qword [var_40h], xmm0",f20f1145c8,sse,mov,False,268435465,0,,,,,,,
16784281,"xmm1,0x30,rbp,-,=[8]",True,16784272,16784502,5,"movsd qword [rbp - 0x30], xmm1","movsd qword [var_38h], xmm1",f20f114dd0,sse,mov,False,268435465,0,,,,,,,
16784286,"0,0x28,rbp,-,=[4]",True,16784272,16784500,7,"mov dword [rbp - 0x28], 0","mov dword [var_30h], 0",c745d800000000,cpu,mov,False,268435465,0,,,0.0,,,,
16784293,"xmm0,xmm0,^=,$z,zf,:=,$p,pf,:=,127,$s,sf,:=,0,cf,:=,0,of,:=",False,16784272,16784504,3,"xorps xmm0, xmm0","xorps xmm0, xmm0",0f57c0,sse,xor,False,28,0,,,,,,,
16784296,"xmm0,0x20,rbp,-,=[8]",True,16784272,16784502,5,"movsd qword [rbp - 0x20], xmm0","movsd qword [var_28h], xmm0",f20f1145e0,sse,mov,False,268435465,0,,,,,,,
16784301,"0,0x14,rbp,-,=[4]",True,16784272,16784500,7,"mov dword [rbp - 0x14], 0","mov dword [var_1ch], 0",c745ec00000000,cpu,mov,False,268435465,0,,,0.0,,,,
16784308,"xmm0,xmm0,^=,$z,zf,:=,$p,pf,:=,127,$s,sf,:=,0,cf,:=,0,of,:=",False,16784272,16784504,3,"xorps xmm0, xmm0","xorps xmm0, xmm0",0f57c0,sse,xor,False,28,0,,,,,,,
16784311,"xmm0,0x10,rbp,-,=[8]",True,16784272,16784502,5,"movsd qword [rbp - 0x10], xmm0","movsd qword [var_18h], xmm0",f20f1145f0,sse,mov,False,268435465,0,,,,,,,
16784316,"xmm0,xmm0,^=,$z,zf,:=,$p,pf,:=,127,$s,sf,:=,0,cf,:=,0,of,:=",False,16784272,16784504,3,"xorps xmm0, xmm0","xorps xmm0, xmm0",0f57c0,sse,xor,False,28,0,,,,,,,
16784319,"xmm0,0x8,rbp,-,=[8]",True,16784272,16784502,5,"movsd qword [rbp - 8], xmm0","movsd qword [var_10h], xmm0",f20f1145f8,sse,mov,False,268435465,0,,,,,,,
16784324,"0x28,rbp,-,[4],rax,=",True,16784272,16784504,3,"mov eax, dword [rbp - 0x28]","mov eax, dword [var_30h]",8b45d8,cpu,mov,False,9,0,,"[{'addr': 16784352, 'type': 'CODE'}]",,,,,
16784327,"eax,0x3c,rbp,-,=[4]",True,16784272,16784504,3,"mov dword [rbp - 0x3c], eax","mov dword [var_44h], eax",8945c4,cpu,mov,False,268435465,0,,,,,,,
16784330,"0,eax,eax,&,==,$z,zf,:=,$p,pf,:=,31,$s,sf,:=,0,cf,:=,0,of,:=",False,16784272,16784505,2,"test eax, eax","test eax, eax",85c0,cpu,acmp,False,16,0,,,,,,,
16784332,"zf,?{,16784354,rip,=,}",False,16784272,16784505,2,je 0x1001be2,je 0x1001be2,7414,cpu,cjmp,False,2147483649,0,,,,16784354.0,16784334.0,,
16784334,"0x1001bd0,rip,=",False,16784272,16784505,2,jmp 0x1001bd0,jmp 0x1001bd0,eb00,cpu,jmp,False,1,0,,,,16784336.0,,"[{'addr': 16784336, 'type': 'CODE'}]",
16784336,"0x3c,rbp,-,[4],rax,=",True,16784272,16784504,3,"mov eax, dword [rbp - 0x3c]","mov eax, dword [var_44h]",8b45c4,cpu,mov,False,9,0,,"[{'addr': 16784334, 'type': 'CODE'}]",,,,,
16784339,"1,eax,-=,1,0x80000000,-,!,31,$o,^,of,:=,31,$s,sf,:=,$z,zf,:=,$p,pf,:=,32,$b,cf,:=,3,$b,af,:=",False,16784272,16784504,3,"sub eax, 1","sub eax, 1",83e801,cpu,sub,False,18,0,,,1.0,,,,
16784342,"zf,?{,16784502,rip,=,}",False,16784272,16784501,6,je 0x1001c76,je 0x1001c76,0f849a000000,cpu,cjmp,False,2147483649,0,,,,16784502.0,16784348.0,,
16784348,"0x1001bde,rip,=",False,16784272,16784505,2,jmp 0x1001bde,jmp 0x1001bde,eb00,cpu,jmp,False,1,0,,,,16784350.0,,"[{'addr': 16784350, 'type': 'CODE'}]",
16784350,"0x1001be0,rip,=",False,16784272,16784505,2,jmp 0x1001be0,jmp 0x1001be0,eb00,cpu,jmp,False,1,0,,"[{'addr': 16784348, 'type': 'CODE'}]",,16784352.0,,"[{'addr': 16784352, 'type': 'CODE'}]",
16784352,"0x1001bc4,rip,=",False,16784272,16784505,2,jmp 0x1001bc4,jmp 0x1001bc4,ebe2,cpu,jmp,False,1,0,,"[{'addr': 16784350, 'type': 'CODE'}, {'addr': 16784497, 'type': 'CODE'}]",,16784324.0,,"[{'addr': 16784324, 'type': 'CODE'}]",
16784354,"0x30,rbp,-,[8],xmm2,=",True,16784272,16784502,5,"movsd xmm2, qword [rbp - 0x30]","movsd xmm2, qword [var_38h]",f20f1055d0,sse,mov,False,9,0,,,,,,,
16784359,"0x38,rbp,-,[8],xmm4,=",True,16784272,16784502,5,"movsd xmm4, qword [rbp - 0x38]","movsd xmm4, qword [var_40h]",f20f1065c8,sse,mov,False,9,0,,,,,,,
16784364,"0x8,rbp,-,[8],xmm3,=",True,16784272,16784502,5,"movsd xmm3, qword [rbp - 8]","movsd xmm3, qword [var_10h]",f20f105df8,sse,mov,False,9,0,,,,,,,
16784369,"0x10,rbp,-,[8],xmm0,=",True,16784272,16784502,5,"movsd xmm0, qword [rbp - 0x10]","movsd xmm0, qword [var_18h]",f20f1045f0,sse,mov,False,9,0,,,,,,,
16784374,"0x14,rbp,-,[4],rax,=",True,16784272,16784504,3,"mov eax, dword [rbp - 0x14]","mov eax, dword [var_1ch]",8b45ec,cpu,mov,False,9,0,,,,,,,
16784377,"0x20,rbp,-,[8],xmm5,=",True,16784272,16784502,5,"movsd xmm5, qword [rbp - 0x20]","movsd xmm5, qword [var_28h]",f20f106de0,sse,mov,False,9,0,,,,,,,
16784382,"xmm0,xmm1,=",False,16784272,16784504,3,"movaps xmm1, xmm0","movaps xmm1, xmm0",0f28c8,sse,mov,False,9,0,,,,,,,
16784385,"xmm1,xmm1,*=",False,16784272,16784503,4,"mulsd xmm1, xmm1","mulsd xmm1, xmm1",f20f59c9,sse,mul,False,20,0,,,,,,,
16784389,,False,16784272,16784503,4,"subsd xmm1, xmm5","subsd xmm1, xmm5",f20f5ccd,sse,null,False,0,0,,,,,,,
16784393,"xmm4,xmm1,+=",False,16784272,16784503,4,"addsd xmm1, xmm4","addsd xmm1, xmm4",f20f58cc,sse,add,False,17,0,,,126.0,,,,
16784397,"xmm0,xmm0,+=",False,16784272,16784503,4,"addsd xmm0, xmm0","addsd xmm0, xmm0",f20f58c0,sse,add,False,17,0,,,122.0,,,,
16784401,"xmm3,xmm0,*=",False,16784272,16784503,4,"mulsd xmm0, xmm3","mulsd xmm0, xmm3",f20f59c3,sse,mul,False,20,0,,,,,,,
16784405,"xmm2,xmm0,+=",False,16784272,16784503,4,"addsd xmm0, xmm2","addsd xmm0, xmm2",f20f58c2,sse,add,False,17,0,,,124.0,,,,
16784409,"eax,rcx,=",False,16784272,16784505,2,"mov ecx, eax","mov ecx, eax",89c1,cpu,mov,False,9,0,,,,,,,
16784411,"1,ecx,+=,31,$o,of,:=,31,$s,sf,:=,$z,zf,:=,31,$c,cf,:=,$p,pf,:=,3,$c,af,:=",False,16784272,16784504,3,"add ecx, 1","add ecx, 1",83c101,cpu,add,False,17,0,,,1.0,,,,
16784414,"ecx,0x24,rbp,-,=[4]",True,16784272,16784504,3,"mov dword [rbp - 0x24], ecx","mov dword [var_2ch], ecx",894ddc,cpu,mov,False,268435465,0,,,,,,,
16784417,"xmm0,xmm2,=",False,16784272,16784504,3,"movaps xmm2, xmm0","movaps xmm2, xmm0",0f28d0,sse,mov,False,9,0,,,,,,,
16784420,"xmm2,xmm2,*=",False,16784272,16784503,4,"mulsd xmm2, xmm2","mulsd xmm2, xmm2",f20f59d2,sse,mul,False,20,0,,,,,,,
16784424,"xmm1,xmm4,=",False,16784272,16784504,3,"movaps xmm4, xmm1","movaps xmm4, xmm1",0f28e1,sse,mov,False,9,0,,,,,,,
16784427,"xmm4,xmm4,*=",False,16784272,16784503,4,"mulsd xmm4, xmm4","mulsd xmm4, xmm4",f20f59e4,sse,mul,False,20,0,,,,,,,
16784431,"xmm2,xmm4,+=",False,16784272,16784503,4,"addsd xmm4, xmm2","addsd xmm4, xmm2",f20f58e2,sse,add,False,17,0,,,124.0,,,,
16784435,"0x15c3,rip,-,[8],xmm3,=",True,16784272,16784499,8,"movsd xmm3, qword [rip - 0x15c3]","movsd xmm3, qword [data.01000678]",f20f101d3deaffff,sse,mov,False,9,0,,,,,,"[{'addr': 16778872, 'type': 'DATA'}]",16778872.0
16784443,,False,16784272,16784503,4,"ucomisd xmm3, xmm4","ucomisd xmm3, xmm4",660f2edc,sse,null,False,0,0,,,,,,,
16784447,"cf,!,dl,=",False,16784272,16784504,3,setae dl,setae dl,0f93c2,cpu,cmov,False,2147483657,0,,,,,,,
16784450,"99999,eax,-=,99999,0x80000000,-,!,31,$o,^,of,:=,31,$s,sf,:=,$z,zf,:=,$p,pf,:=,32,$b,cf,:=,3,$b,af,:=",False,16784272,16784502,5,"sub eax, 0x1869f","sub eax, 0x1869f",2d9f860100,cpu,sub,False,18,0,,,99999.0,,,,99999.0
16784455,"cf,al,=",False,16784272,16784504,3,setb al,setb al,0f92c0,cpu,cmov,False,2147483657,0,,,,,,,
16784458,"al,dl,&=,$z,zf,:=,$p,pf,:=,7,$s,sf,:=,0,cf,:=,0,of,:=",False,16784272,16784505,2,"and dl, al","and dl, al",20c2,cpu,and,False,27,0,,,,,,,
16784460,"1,rax,=",False,16784272,16784502,5,"mov eax, 1","mov eax, 1",b801000000,cpu,mov,False,9,0,,,1.0,,,,
16784465,"ecx,rcx,^,0xffffffff,&,rcx,=,$z,zf,:=,$p,pf,:=,31,$s,sf,:=,0,cf,:=,0,of,:=",False,16784272,16784505,2,"xor ecx, ecx","xor ecx, ecx",31c9,cpu,xor,False,28,0,,,,,,,
16784467,"0,1,dl,&,==,$z,zf,:=,$p,pf,:=,7,$s,sf,:=,0,cf,:=,0,of,:=",False,16784272,16784504,3,"test dl, 1","test dl, 1",f6c201,cpu,acmp,False,16,0,,,1.0,,,,1.0
16784470,"zf,!,?{,ecx,eax,=,}",False,16784272,16784504,3,"cmovne eax, ecx","cmovne eax, ecx",0f45c1,cpu,cmov,False,2147483657,0,,,,,,,
16784473,"eax,0x28,rbp,-,=[4]",True,16784272,16784504,3,"mov dword [rbp - 0x28], eax","mov dword [var_30h], eax",8945d8,cpu,mov,False,268435465,0,,,,,,,
16784476,"0x24,rbp,-,[4],rax,=",True,16784272,16784504,3,"mov eax, dword [rbp - 0x24]","mov eax, dword [var_2ch]",8b45dc,cpu,mov,False,9,0,,,,,,,
16784479,"xmm2,0x20,rbp,-,=[8]",True,16784272,16784502,5,"movsd qword [rbp - 0x20], xmm2","movsd qword [var_28h], xmm2",f20f1155e0,sse,mov,False,268435465,0,,,,,,,
16784484,"eax,0x14,rbp,-,=[4]",True,16784272,16784504,3,"mov dword [rbp - 0x14], eax","mov dword [var_1ch], eax",8945ec,cpu,mov,False,268435465,0,,,,,,,
16784487,"xmm1,0x10,rbp,-,=[8]",True,16784272,16784502,5,"movsd qword [rbp - 0x10], xmm1","movsd qword [var_18h], xmm1",f20f114df0,sse,mov,False,268435465,0,,,,,,,
16784492,"xmm0,0x8,rbp,-,=[8]",True,16784272,16784502,5,"movsd qword [rbp - 8], xmm0","movsd qword [var_10h], xmm0",f20f1145f8,sse,mov,False,268435465,0,,,,,,,
16784497,"0x1001be0,rip,=",False,16784272,16784502,5,jmp 0x1001be0,jmp 0x1001be0,e96affffff,cpu,jmp,False,1,0,,,,16784352.0,,"[{'addr': 16784352, 'type': 'CODE'}]",
16784502,"0x24,rbp,-,[4],rax,=",True,16784272,16784504,3,"mov eax, dword [rbp - 0x24]","mov eax, dword [var_2ch]",8b45dc,cpu,mov,False,9,0,,,,,,,
16784505,"rsp,[8],8,rsp,+=,rbp,=",False,16784272,16784506,1,pop rbp,pop rbp,5d,cpu,pop,False,14,0,,,,,,,
16784506,"rsp,[8],rip,=,8,rsp,+=",False,16784272,16784506,1,ret,ret,c3,cpu,ret,False,5,0,,,,,,,
