offset,esil,refptr,fcn_addr,fcn_last,size,opcode,disasm,bytes,family,type,reloc,type_num,type2_num,flags,xrefs_to,ptr,val,jump,fail,xrefs_from
16786784,"rbp,8,rsp,-,=[8],8,rsp,-=",False,16786784,16786969,1,push rbp,push rbp,55,cpu,rpush,False,268435468,0,['sym.analyze_and_transform'],"[{'addr': 16785178, 'type': 'CALL'}]",,,,,
16786785,"rsp,rbp,=",False,16786784,16786967,3,"mov rbp, rsp","mov rbp, rsp",4889e5,cpu,mov,False,9,0,,,,,,,
16786788,"rdi,0x10,rbp,-,=[8]",True,16786784,16786966,4,"mov qword [rbp - 0x10], rdi","mov qword [var_18h], rdi",48897df0,cpu,mov,False,268435465,0,,,,,,,
16786792,"esi,0x4,rbp,-,=[4]",True,16786784,16786967,3,"mov dword [rbp - 4], esi","mov dword [var_ch], esi",8975fc,cpu,mov,False,268435465,0,,,,,,,
16786795,"0,esi,==,$z,zf,:=,32,$b,cf,:=,$p,pf,:=,31,$s,sf,:=,0,0x80000000,-,!,31,$o,^,of,:=,3,$b,af,:=",False,16786784,16786967,3,"cmp esi, 0","cmp esi, 0",83fe00,cpu,cmp,False,15,0,,,0.0,0.0,,,
16786798,"of,sf,^,zf,|,?{,16786817,rip,=,}",False,16786784,16786968,2,jle 0x1002581,jle 0x1002581,7e11,cpu,cjmp,False,2147483649,0,,,,,16786817.0,16786800.0,
16786800,"0x4,rbp,-,[4],rax,=",True,16786784,16786967,3,"mov eax, dword [rbp - 4]","mov eax, dword [var_ch]",8b45fc,cpu,mov,False,9,0,,,,,,,
16786803,"eax,rax,=",False,16786784,16786968,2,"mov eax, eax","mov eax, eax",89c0,cpu,mov,False,9,0,,,,,,,
16786805,"rax,0x20,rbp,-,=[8]",True,16786784,16786966,4,"mov qword [rbp - 0x20], rax","mov qword [var_28h], rax",488945e0,cpu,mov,False,268435465,0,,,,,,,
16786809,"eax,rax,^,0xffffffff,&,rax,=,$z,zf,:=,$p,pf,:=,31,$s,sf,:=,0,cf,:=,0,of,:=",False,16786784,16786968,2,"xor eax, eax","xor eax, eax",31c0,cpu,xor,False,28,0,,,,,,,
16786811,"rax,0x18,rbp,-,=[8]",True,16786784,16786966,4,"mov qword [rbp - 0x18], rax","mov qword [var_20h], rax",488945e8,cpu,mov,False,268435465,0,,,,,,,
16786815,"0x1002583,rip,=",False,16786784,16786968,2,jmp 0x1002583,jmp 0x1002583,eb02,cpu,jmp,False,1,0,,,,,16786819.0,,"[{'addr': 16786819, 'type': 'CODE'}]"
16786817,"rsp,[8],8,rsp,+=,rbp,=",False,16786784,16786969,1,pop rbp,pop rbp,5d,cpu,pop,False,14,0,,,,,,,
16786818,"rsp,[8],rip,=,8,rsp,+=",False,16786784,16786969,1,ret,ret,c3,cpu,ret,False,5,0,,,,,,,
16786819,"0x10,rbp,-,[8],rdx,=",True,16786784,16786966,4,"mov rdx, qword [rbp - 0x10]","mov rdx, qword [var_18h]",488b55f0,cpu,mov,False,9,0,,"[{'addr': 16786815, 'type': 'CODE'}, {'addr': 16786965, 'type': 'CODE'}]",,,,,
16786823,"0x18,rbp,-,[8],rsi,=",True,16786784,16786966,4,"mov rsi, qword [rbp - 0x18]","mov rsi, qword [var_20h]",488b75e8,cpu,mov,False,9,0,,,,,,,
16786827,"rsi,0x38,rbp,-,=[8]",True,16786784,16786966,4,"mov qword [rbp - 0x38], rsi","mov qword [var_40h], rsi",488975c8,cpu,mov,False,268435465,0,,,,,,,
16786831,"esi,rax,=",False,16786784,16786968,2,"mov eax, esi","mov eax, esi",89f0,cpu,mov,False,9,0,,,,,,,
16786833,"eax,rcx,=",False,16786784,16786968,2,"mov ecx, eax","mov ecx, eax",89c1,cpu,mov,False,9,0,,,,,,,
16786835,"2863311531,rdi,=",False,16786784,16786965,5,"mov edi, 0xaaaaaaab","mov edi, 0xaaaaaaab",bfabaaaaaa,cpu,mov,False,9,0,,,2863311531.0,2863311531.0,,,
16786840,"64,rcx,~,64,rdi,~,*,DUP,rcx,=,rcx,-,?{,1,1,}{,0,0,},cf,:=,of,:=",False,16786784,16786966,4,"imul rcx, rdi","imul rcx, rdi",480fafcf,cpu,mul,False,20,0,,,,,,,
16786844,"0,cf,:=,1,33,-,1,<<,rcx,&,?{,1,cf,:=,},33,rcx,>>,rcx,=,$z,zf,:=,$p,pf,:=,63,$s,sf,:=",False,16786784,16786966,4,"shr rcx, 0x21","shr rcx, 0x21",48c1e921,cpu,shr,False,22,0,,,,33.0,,,
16786848,"ecx,rdi,=",False,16786784,16786968,2,"mov edi, ecx","mov edi, ecx",89cf,cpu,mov,False,9,0,,,,,,,
16786850,"edi,rcx,=",False,16786784,16786968,2,"mov ecx, edi","mov ecx, edi",89f9,cpu,mov,False,9,0,,,,,,,
16786852,"rcx,2,*,rcx,+,ecx,=",True,16786784,16786967,3,"lea ecx, [rcx + rcx*2]","lea ecx, [rcx + rcx*2]",8d0c49,cpu,lea,False,33,0,,,,,,,
16786855,"rsi,4,*,rdx,+,rdi,=",True,16786784,16786966,4,"lea rdi, [rdx + rsi*4]","lea rdi, [rdx + rsi*4]",488d3cb2,cpu,lea,False,33,0,,,,,,,
16786859,"rdi,0x30,rbp,-,=[8]",True,16786784,16786966,4,"mov qword [rbp - 0x30], rdi","mov qword [var_38h], rdi",48897dd0,cpu,mov,False,268435465,0,,,,,,,
16786863,"rsi,4,*,rdx,+,[4],rdx,=",True,16786784,16786967,3,"mov edx, dword [rdx + rsi*4]","mov edx, dword [rdx + rsi*4]",8b14b2,cpu,mov,False,9,0,,,,,,,
16786866,"edx,0x28,rbp,-,=[4]",True,16786784,16786967,3,"mov dword [rbp - 0x28], edx","mov dword [var_30h], edx",8955d8,cpu,mov,False,268435465,0,,,,,,,
16786869,"ecx,eax,-=,ecx,0x80000000,-,!,31,$o,^,of,:=,31,$s,sf,:=,$z,zf,:=,$p,pf,:=,32,$b,cf,:=,3,$b,af,:=",False,16786784,16786968,2,"sub eax, ecx","sub eax, ecx",29c8,cpu,sub,False,18,0,,,,,,,
16786871,"eax,0x24,rbp,-,=[4]",True,16786784,16786967,3,"mov dword [rbp - 0x24], eax","mov dword [var_2ch], eax",8945dc,cpu,mov,False,268435465,0,,,,,,,
16786874,"zf,?{,16786890,rip,=,}",False,16786784,16786968,2,je 0x10025ca,je 0x10025ca,740e,cpu,cjmp,False,2147483649,0,,,,,16786890.0,16786876.0,
16786876,"0x10025be,rip,=",False,16786784,16786968,2,jmp 0x10025be,jmp 0x10025be,eb00,cpu,jmp,False,1,0,,,,,16786878.0,,"[{'addr': 16786878, 'type': 'CODE'}]"
16786878,"0x24,rbp,-,[4],rax,=",True,16786784,16786967,3,"mov eax, dword [rbp - 0x24]","mov eax, dword [var_2ch]",8b45dc,cpu,mov,False,9,0,,"[{'addr': 16786876, 'type': 'CODE'}]",,,,,
16786881,"1,eax,-=,1,0x80000000,-,!,31,$o,^,of,:=,31,$s,sf,:=,$z,zf,:=,$p,pf,:=,32,$b,cf,:=,3,$b,af,:=",False,16786784,16786967,3,"sub eax, 1","sub eax, 1",83e801,cpu,sub,False,18,0,,,,1.0,,,
16786884,"zf,?{,16786903,rip,=,}",False,16786784,16786968,2,je 0x10025d7,je 0x10025d7,7411,cpu,cjmp,False,2147483649,0,,,,,16786903.0,16786886.0,
16786886,"0x10025c8,rip,=",False,16786784,16786968,2,jmp 0x10025c8,jmp 0x10025c8,eb00,cpu,jmp,False,1,0,,,,,16786888.0,,"[{'addr': 16786888, 'type': 'CODE'}]"
16786888,"0x10025e5,rip,=",False,16786784,16786968,2,jmp 0x10025e5,jmp 0x10025e5,eb1b,cpu,jmp,False,1,0,,"[{'addr': 16786886, 'type': 'CODE'}]",,,16786917.0,,"[{'addr': 16786917, 'type': 'CODE'}]"
16786890,"0x28,rbp,-,[4],rax,=",True,16786784,16786967,3,"mov eax, dword [rbp - 0x28]","mov eax, dword [var_30h]",8b45d8,cpu,mov,False,9,0,,,,,,,
16786893,"0,1,!,!,?{,1,1,-,eax,<<,0x80000000,&,!,!,^,},1,eax,<<=,$z,zf,:=,$p,pf,:=,31,$s,sf,:=,cf,=",False,16786784,16786968,2,"shl eax, 1","shl eax, 1",d1e0,cpu,shl,False,23,0,,,,,,,
16786895,"6,eax,+=,31,$o,of,:=,31,$s,sf,:=,$z,zf,:=,31,$c,cf,:=,$p,pf,:=,3,$c,af,:=",False,16786784,16786967,3,"add eax, 6","add eax, 6",83c006,cpu,add,False,17,0,,,,6.0,,,
16786898,"eax,0x3c,rbp,-,=[4]",True,16786784,16786967,3,"mov dword [rbp - 0x3c], eax","mov dword [var_44h], eax",8945c4,cpu,mov,False,268435465,0,,,,,,,
16786901,"0x10025f3,rip,=",False,16786784,16786968,2,jmp 0x10025f3,jmp 0x10025f3,eb1c,cpu,jmp,False,1,0,,,,,16786931.0,,"[{'addr': 16786931, 'type': 'CODE'}]"
16786903,"0x28,rbp,-,[4],rax,=",True,16786784,16786967,3,"mov eax, dword [rbp - 0x28]","mov eax, dword [var_30h]",8b45d8,cpu,mov,False,9,0,,,,,,,
16786906,"0,2,!,!,?{,1,2,-,eax,<<,0x80000000,&,!,!,^,},2,eax,<<=,$z,zf,:=,$p,pf,:=,31,$s,sf,:=,cf,=",False,16786784,16786967,3,"shl eax, 2","shl eax, 2",c1e002,cpu,shl,False,23,0,,,,,,,
16786909,"18446744073709551608,eax,+=,31,$o,of,:=,31,$s,sf,:=,$z,zf,:=,31,$c,cf,:=,$p,pf,:=,3,$c,af,:=",False,16786784,16786967,3,"add eax, 0xfffffff8","add eax, 0xfffffff8",83c0f8,cpu,add,False,17,0,,,,1.8446744073709552e+19,,,
16786912,"eax,0x3c,rbp,-,=[4]",True,16786784,16786967,3,"mov dword [rbp - 0x3c], eax","mov dword [var_44h], eax",8945c4,cpu,mov,False,268435465,0,,,,,,,
16786915,"0x10025f3,rip,=",False,16786784,16786968,2,jmp 0x10025f3,jmp 0x10025f3,eb0e,cpu,jmp,False,1,0,,,,,16786931.0,,"[{'addr': 16786931, 'type': 'CODE'}]"
16786917,"0x28,rbp,-,[4],rax,=",True,16786784,16786967,3,"mov eax, dword [rbp - 0x28]","mov eax, dword [var_30h]",8b45d8,cpu,mov,False,9,0,,"[{'addr': 16786888, 'type': 'CODE'}]",,,,,
16786920,"32,3,~,32,eax,~,*,DUP,eax,=,eax,-,?{,1,1,}{,0,0,},cf,:=,of,:=",False,16786784,16786967,3,"imul eax, eax, 3","imul eax, eax, 3",6bc003,cpu,mul,False,20,0,,,,,,,
16786923,"15,eax,+=,31,$o,of,:=,31,$s,sf,:=,$z,zf,:=,31,$c,cf,:=,$p,pf,:=,3,$c,af,:=",False,16786784,16786967,3,"add eax, 0xf","add eax, 0xf",83c00f,cpu,add,False,17,0,,,15.0,15.0,,,
16786926,"eax,0x3c,rbp,-,=[4]",True,16786784,16786967,3,"mov dword [rbp - 0x3c], eax","mov dword [var_44h], eax",8945c4,cpu,mov,False,268435465,0,,,,,,,
16786929,"0x10025f3,rip,=",False,16786784,16786968,2,jmp 0x10025f3,jmp 0x10025f3,eb00,cpu,jmp,False,1,0,,,,,16786931.0,,"[{'addr': 16786931, 'type': 'CODE'}]"
16786931,"0x20,rbp,-,[8],rcx,=",True,16786784,16786966,4,"mov rcx, qword [rbp - 0x20]","mov rcx, qword [var_28h]",488b4de0,cpu,mov,False,9,0,,"[{'addr': 16786901, 'type': 'CODE'}, {'addr': 16786915, 'type': 'CODE'}, {'addr': 16786929, 'type': 'CODE'}]",,,,,
16786935,"0x38,rbp,-,[8],rax,=",True,16786784,16786966,4,"mov rax, qword [rbp - 0x38]","mov rax, qword [var_40h]",488b45c8,cpu,mov,False,9,0,,,,,,,
16786939,"0x30,rbp,-,[8],rdx,=",True,16786784,16786966,4,"mov rdx, qword [rbp - 0x30]","mov rdx, qword [var_38h]",488b55d0,cpu,mov,False,9,0,,,,,,,
16786943,"0x3c,rbp,-,[4],rsi,=",True,16786784,16786967,3,"mov esi, dword [rbp - 0x3c]","mov esi, dword [var_44h]",8b75c4,cpu,mov,False,9,0,,,,,,,
16786946,"esi,rdx,=[4]",True,16786784,16786968,2,"mov dword [rdx], esi","mov dword [rdx], esi",8932,cpu,mov,False,9,0,,,,,,,
16786948,"1,rax,+=,63,$o,of,:=,63,$s,sf,:=,$z,zf,:=,63,$c,cf,:=,$p,pf,:=,3,$c,af,:=",False,16786784,16786966,4,"add rax, 1","add rax, 1",4883c001,cpu,add,False,17,0,,,,1.0,,,
16786952,"rcx,rax,==,$z,zf,:=,64,$b,cf,:=,$p,pf,:=,63,$s,sf,:=,rcx,0x8000000000000000,-,!,63,$o,^,of,:=,3,$b,af,:=",False,16786784,16786967,3,"cmp rax, rcx","cmp rax, rcx",4839c8,cpu,cmp,False,15,0,,,,,,,
16786955,"rax,0x18,rbp,-,=[8]",True,16786784,16786966,4,"mov qword [rbp - 0x18], rax","mov qword [var_20h], rax",488945e8,cpu,mov,False,268435465,0,,,,,,,
16786959,"zf,?{,16786817,rip,=,}",False,16786784,16786964,6,je 0x1002581,je 0x1002581,0f846cffffff,cpu,cjmp,False,2147483649,0,,,,,16786817.0,16786965.0,
16786965,"0x1002583,rip,=",False,16786784,16786965,5,jmp 0x1002583,jmp 0x1002583,e969ffffff,cpu,jmp,False,1,0,,,,,16786819.0,,"[{'addr': 16786819, 'type': 'CODE'}]"
