offset,esil,refptr,fcn_addr,fcn_last,size,opcode,disasm,bytes,family,type,reloc,type_num,type2_num,flags,xrefs_to,ptr,val,jump,fail,xrefs_from
16786976,"rbp,8,rsp,-,=[8],8,rsp,-=",False,16786976,16787167,1,push rbp,push rbp,55,cpu,rpush,False,268435468,0,['sym.calculate_checksum'],"[{'addr': 16785195, 'type': 'CALL'}]",,,,,
16786977,"rsp,rbp,=",False,16786976,16787165,3,"mov rbp, rsp","mov rbp, rsp",4889e5,cpu,mov,False,9,0,,,,,,,
16786980,"rdi,0x10,rbp,-,=[8]",True,16786976,16787164,4,"mov qword [rbp - 0x10], rdi","mov qword [var_18h], rdi",48897df0,cpu,mov,False,268435465,0,,,,,,,
16786984,"esi,0x8,rbp,-,=[4]",True,16786976,16787165,3,"mov dword [rbp - 8], esi","mov dword [var_10h], esi",8975f8,cpu,mov,False,268435465,0,,,,,,,
16786987,"eax,rax,^,0xffffffff,&,rax,=,$z,zf,:=,$p,pf,:=,31,$s,sf,:=,0,cf,:=,0,of,:=",False,16786976,16787166,2,"xor eax, eax","xor eax, eax",31c0,cpu,xor,False,28,0,,,,,,,
16786989,"0,esi,==,$z,zf,:=,32,$b,cf,:=,$p,pf,:=,31,$s,sf,:=,0,0x80000000,-,!,31,$o,^,of,:=,3,$b,af,:=",False,16786976,16787165,3,"cmp esi, 0","cmp esi, 0",83fe00,cpu,cmp,False,15,0,,,0.0,0.0,,,
16786992,"eax,0x4,rbp,-,=[4]",True,16786976,16787165,3,"mov dword [rbp - 4], eax","mov dword [var_ch], eax",8945fc,cpu,mov,False,268435465,0,,,,,,,
16786995,"of,sf,^,zf,|,?{,16787021,rip,=,}",False,16786976,16787166,2,jle 0x100264d,jle 0x100264d,7e18,cpu,cjmp,False,2147483649,0,,,,,16787021.0,16786997.0,
16786997,"0x8,rbp,-,[4],rax,=",True,16786976,16787165,3,"mov eax, dword [rbp - 8]","mov eax, dword [var_10h]",8b45f8,cpu,mov,False,9,0,,,,,,,
16787000,"eax,rax,=",False,16786976,16787166,2,"mov eax, eax","mov eax, eax",89c0,cpu,mov,False,9,0,,,,,,,
16787002,"rax,0x28,rbp,-,=[8]",True,16786976,16787164,4,"mov qword [rbp - 0x28], rax","mov qword [var_30h], rax",488945d8,cpu,mov,False,268435465,0,,,,,,,
16787006,"eax,rax,^,0xffffffff,&,rax,=,$z,zf,:=,$p,pf,:=,31,$s,sf,:=,0,cf,:=,0,of,:=",False,16786976,16787166,2,"xor eax, eax","xor eax, eax",31c0,cpu,xor,False,28,0,,,,,,,
16787008,"eax,rcx,=",False,16786976,16787166,2,"mov ecx, eax","mov ecx, eax",89c1,cpu,mov,False,9,0,,,,,,,
16787010,"eax,rax,^,0xffffffff,&,rax,=,$z,zf,:=,$p,pf,:=,31,$s,sf,:=,0,cf,:=,0,of,:=",False,16786976,16787166,2,"xor eax, eax","xor eax, eax",31c0,cpu,xor,False,28,0,,,,,,,
16787012,"rcx,0x20,rbp,-,=[8]",True,16786976,16787164,4,"mov qword [rbp - 0x20], rcx","mov qword [var_28h], rcx",48894de0,cpu,mov,False,268435465,0,,,,,,,
16787016,"eax,0x14,rbp,-,=[4]",True,16786976,16787165,3,"mov dword [rbp - 0x14], eax","mov dword [var_1ch], eax",8945ec,cpu,mov,False,268435465,0,,,,,,,
16787019,"0x1002652,rip,=",False,16786976,16787166,2,jmp 0x1002652,jmp 0x1002652,eb05,cpu,jmp,False,1,0,,,,,16787026.0,,"[{'addr': 16787026, 'type': 'CODE'}]"
16787021,"0x4,rbp,-,[4],rax,=",True,16786976,16787165,3,"mov eax, dword [rbp - 4]","mov eax, dword [var_ch]",8b45fc,cpu,mov,False,9,0,,,,,,,
16787024,"rsp,[8],8,rsp,+=,rbp,=",False,16786976,16787167,1,pop rbp,pop rbp,5d,cpu,pop,False,14,0,,,,,,,
16787025,"rsp,[8],rip,=,8,rsp,+=",False,16786976,16787167,1,ret,ret,c3,cpu,ret,False,5,0,,,,,,,
16787026,"0x10,rbp,-,[8],rdx,=",True,16786976,16787164,4,"mov rdx, qword [rbp - 0x10]","mov rdx, qword [var_18h]",488b55f0,cpu,mov,False,9,0,,"[{'addr': 16787019, 'type': 'CODE'}, {'addr': 16787163, 'type': 'CODE'}]",,,,,
16787030,"0x20,rbp,-,[8],rsi,=",True,16786976,16787164,4,"mov rsi, qword [rbp - 0x20]","mov rsi, qword [var_28h]",488b75e0,cpu,mov,False,9,0,,,,,,,
16787034,"0x14,rbp,-,[4],rax,=",True,16786976,16787165,3,"mov eax, dword [rbp - 0x14]","mov eax, dword [var_1ch]",8b45ec,cpu,mov,False,9,0,,,,,,,
16787037,"eax,0x3c,rbp,-,=[4]",True,16786976,16787165,3,"mov dword [rbp - 0x3c], eax","mov dword [var_44h], eax",8945c4,cpu,mov,False,268435465,0,,,,,,,
16787040,"rsi,0x38,rbp,-,=[8]",True,16786976,16787164,4,"mov qword [rbp - 0x38], rsi","mov qword [var_40h], rsi",488975c8,cpu,mov,False,268435465,0,,,,,,,
16787044,"esi,rax,=",False,16786976,16787166,2,"mov eax, esi","mov eax, esi",89f0,cpu,mov,False,9,0,,,,,,,
16787046,"eax,rcx,=",False,16786976,16787166,2,"mov ecx, eax","mov ecx, eax",89c1,cpu,mov,False,9,0,,,,,,,
16787048,"2863311531,rdi,=",False,16786976,16787163,5,"mov edi, 0xaaaaaaab","mov edi, 0xaaaaaaab",bfabaaaaaa,cpu,mov,False,9,0,,,2863311531.0,2863311531.0,,,
16787053,"64,rcx,~,64,rdi,~,*,DUP,rcx,=,rcx,-,?{,1,1,}{,0,0,},cf,:=,of,:=",False,16786976,16787164,4,"imul rcx, rdi","imul rcx, rdi",480fafcf,cpu,mul,False,20,0,,,,,,,
16787057,"0,cf,:=,1,33,-,1,<<,rcx,&,?{,1,cf,:=,},33,rcx,>>,rcx,=,$z,zf,:=,$p,pf,:=,63,$s,sf,:=",False,16786976,16787164,4,"shr rcx, 0x21","shr rcx, 0x21",48c1e921,cpu,shr,False,22,0,,,,33.0,,,
16787061,"ecx,rdi,=",False,16786976,16787166,2,"mov edi, ecx","mov edi, ecx",89cf,cpu,mov,False,9,0,,,,,,,
16787063,"edi,rcx,=",False,16786976,16787166,2,"mov ecx, edi","mov ecx, edi",89f9,cpu,mov,False,9,0,,,,,,,
16787065,"rcx,2,*,rcx,+,ecx,=",True,16786976,16787165,3,"lea ecx, [rcx + rcx*2]","lea ecx, [rcx + rcx*2]",8d0c49,cpu,lea,False,33,0,,,,,,,
16787068,"rsi,4,*,rdx,+,[4],rdx,=",True,16786976,16787165,3,"mov edx, dword [rdx + rsi*4]","mov edx, dword [rdx + rsi*4]",8b14b2,cpu,mov,False,9,0,,,,,,,
16787071,"edx,0x30,rbp,-,=[4]",True,16786976,16787165,3,"mov dword [rbp - 0x30], edx","mov dword [var_38h], edx",8955d0,cpu,mov,False,268435465,0,,,,,,,
16787074,"ecx,eax,-=,ecx,0x80000000,-,!,31,$o,^,of,:=,31,$s,sf,:=,$z,zf,:=,$p,pf,:=,32,$b,cf,:=,3,$b,af,:=",False,16786976,16787166,2,"sub eax, ecx","sub eax, ecx",29c8,cpu,sub,False,18,0,,,,,,,
16787076,"eax,0x2c,rbp,-,=[4]",True,16786976,16787165,3,"mov dword [rbp - 0x2c], eax","mov dword [var_34h], eax",8945d4,cpu,mov,False,268435465,0,,,,,,,
16787079,"zf,?{,16787101,rip,=,}",False,16786976,16787166,2,je 0x100269d,je 0x100269d,7414,cpu,cjmp,False,2147483649,0,,,,,16787101.0,16787081.0,
16787081,"0x100268b,rip,=",False,16786976,16787166,2,jmp 0x100268b,jmp 0x100268b,eb00,cpu,jmp,False,1,0,,,,,16787083.0,,"[{'addr': 16787083, 'type': 'CODE'}]"
16787083,"0x2c,rbp,-,[4],rax,=",True,16786976,16787165,3,"mov eax, dword [rbp - 0x2c]","mov eax, dword [var_34h]",8b45d4,cpu,mov,False,9,0,,"[{'addr': 16787081, 'type': 'CODE'}]",,,,,
16787086,"1,eax,-=,1,0x80000000,-,!,31,$o,^,of,:=,31,$s,sf,:=,$z,zf,:=,$p,pf,:=,32,$b,cf,:=,3,$b,af,:=",False,16786976,16787165,3,"sub eax, 1","sub eax, 1",83e801,cpu,sub,False,18,0,,,,1.0,,,
16787089,"zf,?{,16787111,rip,=,}",False,16786976,16787166,2,je 0x10026a7,je 0x10026a7,7414,cpu,cjmp,False,2147483649,0,,,,,16787111.0,16787091.0,
16787091,"0x1002695,rip,=",False,16786976,16787166,2,jmp 0x1002695,jmp 0x1002695,eb00,cpu,jmp,False,1,0,,,,,16787093.0,,"[{'addr': 16787093, 'type': 'CODE'}]"
16787093,"0x30,rbp,-,[4],rax,=",True,16786976,16787165,3,"mov eax, dword [rbp - 0x30]","mov eax, dword [var_38h]",8b45d0,cpu,mov,False,9,0,,"[{'addr': 16787091, 'type': 'CODE'}]",,,,,
16787096,"eax,0x40,rbp,-,=[4]",True,16786976,16787165,3,"mov dword [rbp - 0x40], eax","mov dword [var_48h], eax",8945c0,cpu,mov,False,268435465,0,,,,,,,
16787099,"0x10026b2,rip,=",False,16786976,16787166,2,jmp 0x10026b2,jmp 0x10026b2,eb15,cpu,jmp,False,1,0,,,,,16787122.0,,"[{'addr': 16787122, 'type': 'CODE'}]"
16787101,"0x30,rbp,-,[4],rax,=",True,16786976,16787165,3,"mov eax, dword [rbp - 0x30]","mov eax, dword [var_38h]",8b45d0,cpu,mov,False,9,0,,,,,,,
16787104,"0,1,!,!,?{,1,1,-,eax,<<,0x80000000,&,!,!,^,},1,eax,<<=,$z,zf,:=,$p,pf,:=,31,$s,sf,:=,cf,=",False,16786976,16787166,2,"shl eax, 1","shl eax, 1",d1e0,cpu,shl,False,23,0,,,,,,,
16787106,"eax,0x40,rbp,-,=[4]",True,16786976,16787165,3,"mov dword [rbp - 0x40], eax","mov dword [var_48h], eax",8945c0,cpu,mov,False,268435465,0,,,,,,,
16787109,"0x10026b2,rip,=",False,16786976,16787166,2,jmp 0x10026b2,jmp 0x10026b2,eb0b,cpu,jmp,False,1,0,,,,,16787122.0,,"[{'addr': 16787122, 'type': 'CODE'}]"
16787111,"0x30,rbp,-,[4],rax,=",True,16786976,16787165,3,"mov eax, dword [rbp - 0x30]","mov eax, dword [var_38h]",8b45d0,cpu,mov,False,9,0,,,,,,,
16787114,"32,18446744073709551613,~,32,eax,~,*,DUP,eax,=,eax,-,?{,1,1,}{,0,0,},cf,:=,of,:=",False,16786976,16787165,3,"imul eax, eax, 0xfffffffd","imul eax, eax, 0xfffffffd",6bc0fd,cpu,mul,False,20,0,,,,,,,
16787117,"eax,0x40,rbp,-,=[4]",True,16786976,16787165,3,"mov dword [rbp - 0x40], eax","mov dword [var_48h], eax",8945c0,cpu,mov,False,268435465,0,,,,,,,
16787120,"0x10026b2,rip,=",False,16786976,16787166,2,jmp 0x10026b2,jmp 0x10026b2,eb00,cpu,jmp,False,1,0,,,,,16787122.0,,"[{'addr': 16787122, 'type': 'CODE'}]"
16787122,"0x28,rbp,-,[8],rdx,=",True,16786976,16787164,4,"mov rdx, qword [rbp - 0x28]","mov rdx, qword [var_30h]",488b55d8,cpu,mov,False,9,0,,"[{'addr': 16787099, 'type': 'CODE'}, {'addr': 16787109, 'type': 'CODE'}, {'addr': 16787120, 'type': 'CODE'}]",,,,,
16787126,"0x38,rbp,-,[8],rcx,=",True,16786976,16787164,4,"mov rcx, qword [rbp - 0x38]","mov rcx, qword [var_40h]",488b4dc8,cpu,mov,False,9,0,,,,,,,
16787130,"0x3c,rbp,-,[4],rsi,=",True,16786976,16787165,3,"mov esi, dword [rbp - 0x3c]","mov esi, dword [var_44h]",8b75c4,cpu,mov,False,9,0,,,,,,,
16787133,"0x40,rbp,-,[4],rax,=",True,16786976,16787165,3,"mov eax, dword [rbp - 0x40]","mov eax, dword [var_48h]",8b45c0,cpu,mov,False,9,0,,,,,,,
16787136,"esi,eax,+=,31,$o,of,:=,31,$s,sf,:=,$z,zf,:=,31,$c,cf,:=,$p,pf,:=,3,$c,af,:=",False,16786976,16787166,2,"add eax, esi","add eax, esi",01f0,cpu,add,False,17,0,,,,,,,
16787138,"1,rcx,+=,63,$o,of,:=,63,$s,sf,:=,$z,zf,:=,63,$c,cf,:=,$p,pf,:=,3,$c,af,:=",False,16786976,16787164,4,"add rcx, 1","add rcx, 1",4883c101,cpu,add,False,17,0,,,,1.0,,,
16787142,"rdx,rcx,==,$z,zf,:=,64,$b,cf,:=,$p,pf,:=,63,$s,sf,:=,rdx,0x8000000000000000,-,!,63,$o,^,of,:=,3,$b,af,:=",False,16786976,16787165,3,"cmp rcx, rdx","cmp rcx, rdx",4839d1,cpu,cmp,False,15,0,,,,,,,
16787145,"eax,rdx,=",False,16786976,16787166,2,"mov edx, eax","mov edx, eax",89c2,cpu,mov,False,9,0,,,,,,,
16787147,"edx,0x4,rbp,-,=[4]",True,16786976,16787165,3,"mov dword [rbp - 4], edx","mov dword [var_ch], edx",8955fc,cpu,mov,False,268435465,0,,,,,,,
16787150,"rcx,0x20,rbp,-,=[8]",True,16786976,16787164,4,"mov qword [rbp - 0x20], rcx","mov qword [var_28h], rcx",48894de0,cpu,mov,False,268435465,0,,,,,,,
16787154,"eax,0x14,rbp,-,=[4]",True,16786976,16787165,3,"mov dword [rbp - 0x14], eax","mov dword [var_1ch], eax",8945ec,cpu,mov,False,268435465,0,,,,,,,
16787157,"zf,?{,16787021,rip,=,}",False,16786976,16787162,6,je 0x100264d,je 0x100264d,0f8472ffffff,cpu,cjmp,False,2147483649,0,,,,,16787021.0,16787163.0,
16787163,"0x1002652,rip,=",False,16786976,16787163,5,jmp 0x1002652,jmp 0x1002652,e972ffffff,cpu,jmp,False,1,0,,,,,16787026.0,,"[{'addr': 16787026, 'type': 'CODE'}]"
