offset,esil,refptr,fcn_addr,fcn_last,size,opcode,disasm,bytes,family,type,reloc,type_num,type2_num,flags,xrefs_to,ptr,val,jump,fail,xrefs_from
16786320,"rbp,8,rsp,-,=[8],8,rsp,-=",False,16786320,16786505,1,push rbp,push rbp,55,cpu,rpush,False,268435468,0,['sym.modify_flags'],"[{'addr': 16785144, 'type': 'CALL'}]",,,,,
16786321,"rsp,rbp,=",False,16786320,16786503,3,"mov rbp, rsp","mov rbp, rsp",4889e5,cpu,mov,False,9,0,,,,,,,
16786324,"rdi,0x10,rbp,-,=[8]",True,16786320,16786502,4,"mov qword [rbp - 0x10], rdi","mov qword [var_18h], rdi",48897df0,cpu,mov,False,268435465,0,,,,,,,
16786328,"esi,0x8,rbp,-,=[4]",True,16786320,16786503,3,"mov dword [rbp - 8], esi","mov dword [var_10h], esi",8975f8,cpu,mov,False,268435465,0,,,,,,,
16786331,"eax,rax,^,0xffffffff,&,rax,=,$z,zf,:=,$p,pf,:=,31,$s,sf,:=,0,cf,:=,0,of,:=",False,16786320,16786504,2,"xor eax, eax","xor eax, eax",31c0,cpu,xor,False,28,0,,,,,,,
16786333,"0,esi,==,$z,zf,:=,32,$b,cf,:=,$p,pf,:=,31,$s,sf,:=,0,0x80000000,-,!,31,$o,^,of,:=,3,$b,af,:=",False,16786320,16786503,3,"cmp esi, 0","cmp esi, 0",83fe00,cpu,cmp,False,15,0,,,0.0,0.0,,,
16786336,"eax,0x4,rbp,-,=[4]",True,16786320,16786503,3,"mov dword [rbp - 4], eax","mov dword [var_ch], eax",8945fc,cpu,mov,False,268435465,0,,,,,,,
16786339,"of,sf,^,zf,|,?{,16786365,rip,=,}",False,16786320,16786504,2,jle 0x10023bd,jle 0x10023bd,7e18,cpu,cjmp,False,2147483649,0,,,,,16786365.0,16786341.0,
16786341,"0x8,rbp,-,[4],rax,=",True,16786320,16786503,3,"mov eax, dword [rbp - 8]","mov eax, dword [var_10h]",8b45f8,cpu,mov,False,9,0,,,,,,,
16786344,"eax,rax,=",False,16786320,16786504,2,"mov eax, eax","mov eax, eax",89c0,cpu,mov,False,9,0,,,,,,,
16786346,"rax,0x28,rbp,-,=[8]",True,16786320,16786502,4,"mov qword [rbp - 0x28], rax","mov qword [var_30h], rax",488945d8,cpu,mov,False,268435465,0,,,,,,,
16786350,"eax,rax,^,0xffffffff,&,rax,=,$z,zf,:=,$p,pf,:=,31,$s,sf,:=,0,cf,:=,0,of,:=",False,16786320,16786504,2,"xor eax, eax","xor eax, eax",31c0,cpu,xor,False,28,0,,,,,,,
16786352,"eax,rcx,=",False,16786320,16786504,2,"mov ecx, eax","mov ecx, eax",89c1,cpu,mov,False,9,0,,,,,,,
16786354,"eax,rax,^,0xffffffff,&,rax,=,$z,zf,:=,$p,pf,:=,31,$s,sf,:=,0,cf,:=,0,of,:=",False,16786320,16786504,2,"xor eax, eax","xor eax, eax",31c0,cpu,xor,False,28,0,,,,,,,
16786356,"rcx,0x20,rbp,-,=[8]",True,16786320,16786502,4,"mov qword [rbp - 0x20], rcx","mov qword [var_28h], rcx",48894de0,cpu,mov,False,268435465,0,,,,,,,
16786360,"eax,0x14,rbp,-,=[4]",True,16786320,16786503,3,"mov dword [rbp - 0x14], eax","mov dword [var_1ch], eax",8945ec,cpu,mov,False,268435465,0,,,,,,,
16786363,"0x10023cf,rip,=",False,16786320,16786504,2,jmp 0x10023cf,jmp 0x10023cf,eb12,cpu,jmp,False,1,0,,,,,16786383.0,,"[{'addr': 16786383, 'type': 'CODE'}]"
16786365,"0x4,rbp,-,[4],rsi,=",True,16786320,16786503,3,"mov esi, dword [rbp - 4]","mov esi, dword [var_ch]",8b75fc,cpu,mov,False,9,0,,,,,,,
16786368,"0x1d10,rip,-,rdi,=",True,16786320,16786499,7,"lea rdi, [rip - 0x1d10]","lea rdi, str.Flags:__d",488d3df0e2ffff,cpu,lea,False,33,0,,,16778935.0,,,,"[{'addr': 16778935, 'type': 'DATA'}]"
16786375,"eax,rax,^,0xffffffff,&,rax,=,$z,zf,:=,$p,pf,:=,31,$s,sf,:=,0,cf,:=,0,of,:=",False,16786320,16786504,2,"xor eax, eax","xor eax, eax",31c0,cpu,xor,False,28,0,,,,,,,
16786377,"rsp,[8],8,rsp,+=,rbp,=",False,16786320,16786505,1,pop rbp,pop rbp,5d,cpu,pop,False,14,0,,,,,,,
16786378,"0x1002770,rip,=",False,16786320,16786501,5,jmp 0x1002770,jmp sym.imp.printf,e9a1030000,cpu,jmp,False,1,0,,,,,16787312.0,,"[{'addr': 16787312, 'type': 'CODE'}]"
16786383,"0x10,rbp,-,[8],rax,=",True,16786320,16786502,4,"mov rax, qword [rbp - 0x10]","mov rax, qword [var_18h]",488b45f0,cpu,mov,False,9,0,,"[{'addr': 16786363, 'type': 'CODE'}, {'addr': 16786504, 'type': 'CODE'}]",,,,,
16786387,"0x20,rbp,-,[8],rcx,=",True,16786320,16786502,4,"mov rcx, qword [rbp - 0x20]","mov rcx, qword [var_28h]",488b4de0,cpu,mov,False,9,0,,,,,,,
16786391,"0x14,rbp,-,[4],rdx,=",True,16786320,16786503,3,"mov edx, dword [rbp - 0x14]","mov edx, dword [var_1ch]",8b55ec,cpu,mov,False,9,0,,,,,,,
16786394,"edx,0x44,rbp,-,=[4]",True,16786320,16786503,3,"mov dword [rbp - 0x44], edx","mov dword [var_4ch], edx",8955bc,cpu,mov,False,268435465,0,,,,,,,
16786397,"rcx,0x40,rbp,-,=[8]",True,16786320,16786502,4,"mov qword [rbp - 0x40], rcx","mov qword [var_48h], rcx",48894dc0,cpu,mov,False,268435465,0,,,,,,,
16786401,"rcx,4,*,rax,+,[4],rax,=",True,16786320,16786503,3,"mov eax, dword [rax + rcx*4]","mov eax, dword [rax + rcx*4]",8b0488,cpu,mov,False,9,0,,,,,,,
16786404,"5,rcx,=",False,16786320,16786501,5,"mov ecx, 5","mov ecx, 5",b905000000,cpu,mov,False,9,0,,,,5.0,,,
16786409,"0,edx,=,31,eax,>>,?{,0xffffffff,edx,=,}",False,16786320,16786505,1,cdq,cdq,99,cpu,null,False,0,0,,,,,,,
16786410,"32,ecx,~,32,edx,<<,eax,+,~%,32,ecx,~,32,edx,<<,eax,+,~/,eax,=,edx,=",False,16786320,16786504,2,idiv ecx,idiv ecx,f7f9,cpu,div,False,21,0,,,,,,,
16786412,"0x40,rbp,-,[8],rax,=",True,16786320,16786502,4,"mov rax, qword [rbp - 0x40]","mov rax, qword [var_48h]",488b45c0,cpu,mov,False,9,0,,,,,,,
16786416,"edx,0x34,rbp,-,=[4]",True,16786320,16786503,3,"mov dword [rbp - 0x34], edx","mov dword [var_3ch], edx",8955cc,cpu,mov,False,268435465,0,,,,,,,
16786419,"7,rax,&,0xffffffff,&,rax,=,$z,zf,:=,$p,pf,:=,31,$s,sf,:=,0,cf,:=,0,of,:=",False,16786320,16786503,3,"and eax, 7","and eax, 7",83e007,cpu,and,False,27,0,,,,7.0,,,
16786422,"eax,0x30,rbp,-,=[4]",True,16786320,16786503,3,"mov dword [rbp - 0x30], eax","mov dword [var_38h], eax",8945d0,cpu,mov,False,268435465,0,,,,,,,
16786425,"32,rax,=",False,16786320,16786501,5,"mov eax, 0x20","mov eax, 0x20",b820000000,cpu,mov,False,9,0,,,32.0,32.0,,,
16786430,"5,edx,==,$z,zf,:=,32,$b,cf,:=,$p,pf,:=,31,$s,sf,:=,5,0x80000000,-,!,31,$o,^,of,:=,3,$b,af,:=",False,16786320,16786503,3,"cmp edx, 5","cmp edx, 5",83fa05,cpu,cmp,False,15,0,,,5.0,5.0,,,
16786433,"eax,0x2c,rbp,-,=[4]",True,16786320,16786503,3,"mov dword [rbp - 0x2c], eax","mov dword [var_34h], eax",8945d4,cpu,mov,False,268435465,0,,,,,,,
16786436,"cf,!,?{,16786458,rip,=,}",False,16786320,16786504,2,jae 0x100241a,jae 0x100241a,7314,cpu,cjmp,False,2147483649,0,,,,,16786458.0,16786438.0,
16786438,"0x34,rbp,-,[4],rax,=",True,16786320,16786503,3,"mov eax, dword [rbp - 0x34]","mov eax, dword [var_3ch]",8b45cc,cpu,mov,False,9,0,,,,,,,
16786441,"eax,rax,=",False,16786320,16786504,2,"mov eax, eax","mov eax, eax",89c0,cpu,mov,False,9,0,,,,,,,
16786443,"eax,rcx,=",False,16786320,16786504,2,"mov ecx, eax","mov ecx, eax",89c1,cpu,mov,False,9,0,,,,,,,
16786445,"0x1da8,rip,-,rax,=",True,16786320,16786499,7,"lea rax, [rip - 0x1da8]","lea rax, data.0100066c",488d0558e2ffff,cpu,lea,False,33,0,,,16778860.0,,,,"[{'addr': 16778860, 'type': 'DATA'}]"
16786452,"rcx,4,*,rax,+,[4],rax,=",True,16786320,16786503,3,"mov eax, dword [rax + rcx*4]","mov eax, dword [rax + rcx*4]",8b0488,cpu,mov,False,9,0,,,,,,,
16786455,"eax,0x2c,rbp,-,=[4]",True,16786320,16786503,3,"mov dword [rbp - 0x2c], eax","mov dword [var_34h], eax",8945d4,cpu,mov,False,268435465,0,,,,,,,
16786458,"0x28,rbp,-,[8],rdx,=",True,16786320,16786502,4,"mov rdx, qword [rbp - 0x28]","mov rdx, qword [var_30h]",488b55d8,cpu,mov,False,9,0,,,,,,,
16786462,"0x44,rbp,-,[4],rsi,=",True,16786320,16786503,3,"mov esi, dword [rbp - 0x44]","mov esi, dword [var_4ch]",8b75bc,cpu,mov,False,9,0,,,,,,,
16786465,"0x30,rbp,-,[4],rcx,=",True,16786320,16786503,3,"mov ecx, dword [rbp - 0x30]","mov ecx, dword [var_38h]",8b4dd0,cpu,mov,False,9,0,,,,,,,
16786468,"0x2c,rbp,-,[4],rax,=",True,16786320,16786503,3,"mov eax, dword [rbp - 0x2c]","mov eax, dword [var_34h]",8b45d4,cpu,mov,False,9,0,,,,,,,
16786471,"0,cl,!,!,?{,1,cl,-,eax,<<,0x80000000,&,!,!,^,},cl,eax,<<=,$z,zf,:=,$p,pf,:=,31,$s,sf,:=,cf,=",False,16786320,16786504,2,"shl eax, cl","shl eax, cl",d3e0,cpu,shl,False,23,0,,,,,,,
16786473,"0x40,rbp,-,[8],rcx,=",True,16786320,16786502,4,"mov rcx, qword [rbp - 0x40]","mov rcx, qword [var_48h]",488b4dc0,cpu,mov,False,9,0,,,,,,,
16786477,"esi,eax,|=,31,$s,sf,:=,$z,zf,:=,$p,pf,:=,0,of,:=,0,cf,:=",False,16786320,16786504,2,"or eax, esi","or eax, esi",09f0,cpu,or,False,26,0,,,,,,,
16786479,"1,rcx,+=,63,$o,of,:=,63,$s,sf,:=,$z,zf,:=,63,$c,cf,:=,$p,pf,:=,3,$c,af,:=",False,16786320,16786502,4,"add rcx, 1","add rcx, 1",4883c101,cpu,add,False,17,0,,,,1.0,,,
16786483,"rdx,rcx,==,$z,zf,:=,64,$b,cf,:=,$p,pf,:=,63,$s,sf,:=,rdx,0x8000000000000000,-,!,63,$o,^,of,:=,3,$b,af,:=",False,16786320,16786503,3,"cmp rcx, rdx","cmp rcx, rdx",4839d1,cpu,cmp,False,15,0,,,,,,,
16786486,"eax,rdx,=",False,16786320,16786504,2,"mov edx, eax","mov edx, eax",89c2,cpu,mov,False,9,0,,,,,,,
16786488,"edx,0x4,rbp,-,=[4]",True,16786320,16786503,3,"mov dword [rbp - 4], edx","mov dword [var_ch], edx",8955fc,cpu,mov,False,268435465,0,,,,,,,
16786491,"rcx,0x20,rbp,-,=[8]",True,16786320,16786502,4,"mov qword [rbp - 0x20], rcx","mov qword [var_28h], rcx",48894de0,cpu,mov,False,268435465,0,,,,,,,
16786495,"eax,0x14,rbp,-,=[4]",True,16786320,16786503,3,"mov dword [rbp - 0x14], eax","mov dword [var_1ch], eax",8945ec,cpu,mov,False,268435465,0,,,,,,,
16786498,"zf,?{,16786365,rip,=,}",False,16786320,16786500,6,je 0x10023bd,je 0x10023bd,0f8475ffffff,cpu,cjmp,False,2147483649,0,,,,,16786365.0,16786504.0,
16786504,"0x10023cf,rip,=",False,16786320,16786504,2,jmp 0x10023cf,jmp 0x10023cf,eb85,cpu,jmp,False,1,0,,,,,16786383.0,,"[{'addr': 16786383, 'type': 'CODE'}]"
