offset,esil,refptr,fcn_addr,fcn_last,size,opcode,disasm,bytes,family,type,reloc,type_num,type2_num,flags,xrefs_to,val,ptr,jump,fail
16783664,"rbp,8,rsp,-,=[8],8,rsp,-=",False,16783664,16783747,1,push rbp,push rbp,55,cpu,rpush,False,268435468,0,['sym.function_a'],"[{'addr': 16783342, 'type': 'CALL'}]",,,,
16783665,"rsp,rbp,=",False,16783664,16783745,3,"mov rbp, rsp","mov rbp, rsp",4889e5,cpu,mov,False,9,0,,,,,,
16783668,"edi,rax,=",False,16783664,16783746,2,"mov eax, edi","mov eax, edi",89f8,cpu,mov,False,9,0,,,,,,
16783670,"rsi,0x10,rbp,-,=[8]",True,16783664,16783744,4,"mov qword [rbp - 0x10], rsi","mov qword [var_18h], rsi",488975f0,cpu,mov,False,268435465,0,,,,,,
16783674,"10,rcx,=",False,16783664,16783743,5,"mov ecx, 0xa","mov ecx, 0xa",b90a000000,cpu,mov,False,9,0,,,10.0,,,
16783679,"0,edx,=,31,eax,>>,?{,0xffffffff,edx,=,}",False,16783664,16783747,1,cdq,cdq,99,cpu,null,False,0,0,,,,,,
16783680,"32,ecx,~,32,edx,<<,eax,+,~%,32,ecx,~,32,edx,<<,eax,+,~/,eax,=,edx,=",False,16783664,16783746,2,idiv ecx,idiv ecx,f7f9,cpu,div,False,21,0,,,,,,
16783682,"edx,0x4,rbp,-,=[4]",True,16783664,16783745,3,"mov dword [rbp - 4], edx","mov dword [var_ch], edx",8955fc,cpu,mov,False,268435465,0,,,,,,
16783685,"0,edx,==,$z,zf,:=,32,$b,cf,:=,$p,pf,:=,31,$s,sf,:=,0,0x80000000,-,!,31,$o,^,of,:=,3,$b,af,:=",False,16783664,16783745,3,"cmp edx, 0","cmp edx, 0",83fa00,cpu,cmp,False,15,0,,,0.0,0.0,,
16783688,"of,sf,^,zf,|,?{,16783746,rip,=,}",False,16783664,16783746,2,jle 0x1001982,jle 0x1001982,7e38,cpu,cjmp,False,2147483649,0,,,,,16783746.0,16783690.0
16783690,"0x10,rbp,-,[8],rax,=",True,16783664,16783744,4,"mov rax, qword [rbp - 0x10]","mov rax, qword [var_18h]",488b45f0,cpu,mov,False,9,0,,,,,,
16783694,"0x4,rbp,-,[4],rdi,=",True,16783664,16783745,3,"mov edi, dword [rbp - 4]","mov edi, dword [var_ch]",8b7dfc,cpu,mov,False,9,0,,,,,,
16783697,"rax,[4],rcx,=",True,16783664,16783746,2,"mov ecx, dword [rax]","mov ecx, dword [rax]",8b08,cpu,mov,False,9,0,,,,,,
16783699,"edi,ecx,+=,31,$o,of,:=,31,$s,sf,:=,$z,zf,:=,31,$c,cf,:=,$p,pf,:=,3,$c,af,:=",False,16783664,16783746,2,"add ecx, edi","add ecx, edi",01f9,cpu,add,False,17,0,,,,,,
16783701,"edi,rdx,=",False,16783664,16783746,2,"mov edx, edi","mov edx, edi",89fa,cpu,mov,False,9,0,,,,,,
16783703,"18446744073709551615,edx,+=,31,$o,of,:=,31,$s,sf,:=,$z,zf,:=,31,$c,cf,:=,$p,pf,:=,3,$c,af,:=",False,16783664,16783745,3,"add edx, 0xffffffff","add edx, 0xffffffff",83c2ff,cpu,add,False,17,0,,,,,,
16783706,"edi,rsi,=",False,16783664,16783746,2,"mov esi, edi","mov esi, edi",89fe,cpu,mov,False,9,0,,,,,,
16783708,"18446744073709551614,esi,+=,31,$o,of,:=,31,$s,sf,:=,$z,zf,:=,31,$c,cf,:=,$p,pf,:=,3,$c,af,:=",False,16783664,16783745,3,"add esi, 0xfffffffe","add esi, 0xfffffffe",83c6fe,cpu,add,False,17,0,,,1.8446744073709552e+19,,,
16783711,"64,rdx,~,64,rsi,~,*,DUP,rdx,=,rdx,-,?{,1,1,}{,0,0,},cf,:=,of,:=",False,16783664,16783744,4,"imul rdx, rsi","imul rdx, rsi",480fafd6,cpu,mul,False,20,0,,,,,,
16783715,"18446744073709551613,edi,+=,31,$o,of,:=,31,$s,sf,:=,$z,zf,:=,31,$c,cf,:=,$p,pf,:=,3,$c,af,:=",False,16783664,16783745,3,"add edi, 0xfffffffd","add edi, 0xfffffffd",83c7fd,cpu,add,False,17,0,,,1.8446744073709552e+19,,,
16783718,"edx,rsi,=",False,16783664,16783746,2,"mov esi, edx","mov esi, edx",89d6,cpu,mov,False,9,0,,,,,,
16783720,"32,esi,~,32,edi,~,*,DUP,esi,=,esi,-,?{,1,1,}{,0,0,},cf,:=,of,:=",False,16783664,16783745,3,"imul esi, edi","imul esi, edi",0faff7,cpu,mul,False,20,0,,,,,,
16783723,"0,cf,:=,1,1,-,1,<<,esi,&,?{,1,cf,:=,},1,esi,>>,esi,=,$z,zf,:=,$p,pf,:=,31,$s,sf,:=",False,16783664,16783746,2,"shr esi, 1","shr esi, 1",d1ee,cpu,shr,False,22,0,,,1.0,,,
16783725,"32,1431655766,~,32,esi,~,*,DUP,esi,=,esi,-,?{,1,1,}{,0,0,},cf,:=,of,:=",False,16783664,16783742,6,"imul esi, esi, 0x55555556","imul esi, esi, 0x55555556",69f656555555,cpu,mul,False,20,0,,,,,,
16783731,"esi,ecx,+=,31,$o,of,:=,31,$s,sf,:=,$z,zf,:=,31,$c,cf,:=,$p,pf,:=,3,$c,af,:=",False,16783664,16783746,2,"add ecx, esi","add ecx, esi",01f1,cpu,add,False,17,0,,,,,,
16783733,"0,cf,:=,1,1,-,1,<<,rdx,&,?{,1,cf,:=,},1,rdx,>>,rdx,=,$z,zf,:=,$p,pf,:=,63,$s,sf,:=",False,16783664,16783745,3,"shr rdx, 1","shr rdx, 1",48d1ea,cpu,shr,False,22,0,,,1.0,,,
16783736,"32,3,~,32,edx,~,*,DUP,edx,=,edx,-,?{,1,1,}{,0,0,},cf,:=,of,:=",False,16783664,16783745,3,"imul edx, edx, 3","imul edx, edx, 3",6bd203,cpu,mul,False,20,0,,,,,,
16783739,"edx,ecx,+=,31,$o,of,:=,31,$s,sf,:=,$z,zf,:=,31,$c,cf,:=,$p,pf,:=,3,$c,af,:=",False,16783664,16783746,2,"add ecx, edx","add ecx, edx",01d1,cpu,add,False,17,0,,,,,,
16783741,"18446744073709551615,ecx,+=,31,$o,of,:=,31,$s,sf,:=,$z,zf,:=,31,$c,cf,:=,$p,pf,:=,3,$c,af,:=",False,16783664,16783745,3,"add ecx, 0xffffffff","add ecx, 0xffffffff",83c1ff,cpu,add,False,17,0,,,,,,
16783744,"ecx,rax,=[4]",True,16783664,16783746,2,"mov dword [rax], ecx","mov dword [rax], ecx",8908,cpu,mov,False,9,0,,,,,,
16783746,"rsp,[8],8,rsp,+=,rbp,=",False,16783664,16783747,1,pop rbp,pop rbp,5d,cpu,pop,False,14,0,,,,,,
16783747,"rsp,[8],rip,=,8,rsp,+=",False,16783664,16783747,1,ret,ret,c3,cpu,ret,False,5,0,,,,,,
