offset,esil,refptr,fcn_addr,fcn_last,size,opcode,disasm,bytes,family,type,reloc,type_num,type2_num,flags,xrefs_to,val,ptr,jump,fail,xrefs_from
16783760,"rbp,8,rsp,-,=[8],8,rsp,-=",False,16783760,16784080,1,push rbp,push rbp,55,cpu,rpush,False,268435468,0,['sym.function_b'],"[{'addr': 16783364, 'type': 'CALL'}]",,,,,
16783761,"rsp,rbp,=",False,16783760,16784078,3,"mov rbp, rsp","mov rbp, rsp",4889e5,cpu,mov,False,9,0,,,,,,,
16783764,"edi,rax,=",False,16783760,16784079,2,"mov eax, edi","mov eax, edi",89f8,cpu,mov,False,9,0,,,,,,,
16783766,"rsi,0x10,rbp,-,=[8]",True,16783760,16784077,4,"mov qword [rbp - 0x10], rsi","mov qword [var_18h], rsi",488975f0,cpu,mov,False,268435465,0,,,,,,,
16783770,"7,rcx,=",False,16783760,16784076,5,"mov ecx, 7","mov ecx, 7",b907000000,cpu,mov,False,9,0,,,7.0,,,,
16783775,"0,edx,=,31,eax,>>,?{,0xffffffff,edx,=,}",False,16783760,16784080,1,cdq,cdq,99,cpu,null,False,0,0,,,,,,,
16783776,"32,ecx,~,32,edx,<<,eax,+,~%,32,ecx,~,32,edx,<<,eax,+,~/,eax,=,edx,=",False,16783760,16784079,2,idiv ecx,idiv ecx,f7f9,cpu,div,False,21,0,,,,,,,
16783778,"edx,0x4,rbp,-,=[4]",True,16783760,16784078,3,"mov dword [rbp - 4], edx","mov dword [var_ch], edx",8955fc,cpu,mov,False,268435465,0,,,,,,,
16783781,"1,edx,==,$z,zf,:=,32,$b,cf,:=,$p,pf,:=,31,$s,sf,:=,1,0x80000000,-,!,31,$o,^,of,:=,3,$b,af,:=",False,16783760,16784078,3,"cmp edx, 1","cmp edx, 1",83fa01,cpu,cmp,False,15,0,,,1.0,1.0,,,
16783784,"of,sf,^,?{,16784079,rip,=,}",False,16783760,16784075,6,jl 0x1001acf,jl 0x1001acf,0f8c21010000,cpu,cjmp,False,2147483649,0,,,,,16784079.0,16783790.0,
16783790,"0x4,rbp,-,[4],rax,=",True,16783760,16784078,3,"mov eax, dword [rbp - 4]","mov eax, dword [var_ch]",8b45fc,cpu,mov,False,9,0,,,,,,,
16783793,"0x10,rbp,-,[8],rcx,=",True,16783760,16784077,4,"mov rcx, qword [rbp - 0x10]","mov rcx, qword [var_18h]",488b4df0,cpu,mov,False,9,0,,,,,,,
16783797,"eax,rdx,=",False,16783760,16784079,2,"mov edx, eax","mov edx, eax",89c2,cpu,mov,False,9,0,,,,,,,
16783799,"18446744073709551615,edx,+=,31,$o,of,:=,31,$s,sf,:=,$z,zf,:=,31,$c,cf,:=,$p,pf,:=,3,$c,af,:=",False,16783760,16784078,3,"add edx, 0xffffffff","add edx, 0xffffffff",83c2ff,cpu,add,False,17,0,,,,,,,
16783802,"edx,xmm0l,=",False,16783760,16784077,4,"movd xmm0, edx","movd xmm0, edx",660f6ec2,sse,mov,False,9,0,,,,,,,
16783806,,False,16783760,16784076,5,"pshufd xmm0, xmm0, 0","pshufd xmm0, xmm0, 0",660f70c000,sse,null,False,0,0,,,,,,,
16783811,"xmm0,0x70,rbp,-,=[16]",True,16783760,16784077,4,"movaps xmmword [rbp - 0x70], xmm0","movaps xmmword [var_78h], xmm0",0f294590,sse,mov,False,268435465,0,,,,,,,
16783815,"rcx,[4],xmm0,=",True,16783760,16784077,4,"movss xmm0, dword [rcx]","movss xmm0, dword [rcx]",f30f1001,sse,mov,False,9,0,,,,,,,
16783819,"0x14a2,rip,-,[16],xmm1,=",True,16783760,16784074,7,"movaps xmm1, xmmword [rip - 0x14a2]","movaps xmm1, xmmword [data.01000530]",0f280d5eebffff,sse,mov,False,9,0,,,,16778544.0,,,"[{'addr': 16778544, 'type': 'DATA'}]"
16783826,"xmm0,xmm1,=",False,16783760,16784077,4,"movss xmm1, xmm0","movss xmm1, xmm0",f30f10c8,sse,mov,False,9,0,,,,,,,
16783830,"3,eax,+=,31,$o,of,:=,31,$s,sf,:=,$z,zf,:=,31,$c,cf,:=,$p,pf,:=,3,$c,af,:=",False,16783760,16784078,3,"add eax, 3","add eax, 3",83c003,cpu,add,False,17,0,,,3.0,,,,
16783833,"2147483644,rax,&,0xffffffff,&,rax,=,$z,zf,:=,$p,pf,:=,31,$s,sf,:=,0,cf,:=,0,of,:=",False,16783760,16784076,5,"and eax, 0x7ffffffc","and eax, 0x7ffffffc",25fcffff7f,cpu,and,False,27,0,,,2147483644.0,2147483644.0,,,
16783838,"4,eax,-=,4,0x80000000,-,!,31,$o,^,of,:=,31,$s,sf,:=,$z,zf,:=,$p,pf,:=,32,$b,cf,:=,3,$b,af,:=",False,16783760,16784078,3,"sub eax, 4","sub eax, 4",83e804,cpu,sub,False,18,0,,,4.0,,,,
16783841,"zf,!,al,=",False,16783760,16784078,3,setne al,setne al,0f95c0,cpu,cmov,False,2147483657,0,,,,,,,
16783844,"al,0x51,rbp,-,=[1]",True,16783760,16784078,3,"mov byte [rbp - 0x51], al","mov byte [var_59h], al",8845af,cpu,mov,False,268435465,0,,,,,,,
16783847,"0x149e,rip,-,[16],xmm3,=",True,16783760,16784074,7,"movaps xmm3, xmmword [rip - 0x149e]","movaps xmm3, xmmword [data.01000550]",0f281d62ebffff,sse,mov,False,9,0,,,,16778576.0,,,"[{'addr': 16778576, 'type': 'DATA'}]"
16783854,"0x14e5,rip,-,[16],xmm2,=",True,16783760,16784074,7,"movaps xmm2, xmmword [rip - 0x14e5]","movaps xmm2, xmmword [data.01000510]",0f28151bebffff,sse,mov,False,9,0,,,,16778512.0,,,"[{'addr': 16778512, 'type': 'DATA'}]"
16783861,"xmm2,xmm0,=",False,16783760,16784078,3,"movaps xmm0, xmm2","movaps xmm0, xmm2",0f28c2,sse,mov,False,9,0,,,,,,,
16783864,,False,16783760,16784077,4,"pmuludq xmm0, xmm3","pmuludq xmm0, xmm3",660ff4c3,sse,null,False,0,0,,,,,,,
16783868,,False,16783760,16784076,5,"pshufd xmm3, xmm0, 0xe8","pshufd xmm3, xmm0, 0xe8",660f70d8e8,sse,null,False,0,0,,,,,,,
16783873,"0x1468,rip,-,[16],xmm4,=",True,16783760,16784074,7,"movaps xmm4, xmmword [rip - 0x1468]","movaps xmm4, xmmword [data.010005a0]",0f282598ebffff,sse,mov,False,9,0,,,,16778656.0,,,"[{'addr': 16778656, 'type': 'DATA'}]"
16783880,"xmm1,xmm0,=",False,16783760,16784078,3,"movaps xmm0, xmm1","movaps xmm0, xmm1",0f28c1,sse,mov,False,9,0,,,,,,,
16783883,,False,16783760,16784077,4,"pmuludq xmm0, xmm4","pmuludq xmm0, xmm4",660ff4c4,sse,null,False,0,0,,,,,,,
16783887,,False,16783760,16784076,5,"pshufd xmm0, xmm0, 0xe8","pshufd xmm0, xmm0, 0xe8",660f70c0e8,sse,null,False,0,0,,,,,,,
16783892,,False,16783760,16784077,4,"punpckldq xmm0, xmm3","punpckldq xmm0, xmm3",660f62c3,sse,null,False,0,0,,,,,,,
16783896,"xmm0,0x50,rbp,-,=[16]",True,16783760,16784077,4,"movaps xmmword [rbp - 0x50], xmm0","movaps xmmword [var_58h], xmm0",0f2945b0,sse,mov,False,268435465,0,,,,,,,
16783900,"0x1543,rip,-,[16],xmm3,=",True,16783760,16784074,7,"movaps xmm3, xmmword [rip - 0x1543]","movaps xmm3, xmmword [data.010004e0]",0f281dbdeaffff,sse,mov,False,9,0,,,,16778464.0,,,"[{'addr': 16778464, 'type': 'DATA'}]"
16783907,,False,16783760,16784077,4,"pmuludq xmm2, xmm3","pmuludq xmm2, xmm3",660ff4d3,sse,null,False,0,0,,,,,,,
16783911,,False,16783760,16784076,5,"pshufd xmm3, xmm2, 0xe8","pshufd xmm3, xmm2, 0xe8",660f70dae8,sse,null,False,0,0,,,,,,,
16783916,"0x1513,rip,-,[16],xmm4,=",True,16783760,16784074,7,"movaps xmm4, xmmword [rip - 0x1513]","movaps xmm4, xmmword [data.01000520]",0f2825edeaffff,sse,mov,False,9,0,,,,16778528.0,,,"[{'addr': 16778528, 'type': 'DATA'}]"
16783923,"xmm1,xmm2,=",False,16783760,16784078,3,"movaps xmm2, xmm1","movaps xmm2, xmm1",0f28d1,sse,mov,False,9,0,,,,,,,
16783926,,False,16783760,16784077,4,"pmuludq xmm2, xmm4","pmuludq xmm2, xmm4",660ff4d4,sse,null,False,0,0,,,,,,,
16783930,,False,16783760,16784076,5,"pshufd xmm2, xmm2, 0xe8","pshufd xmm2, xmm2, 0xe8",660f70d2e8,sse,null,False,0,0,,,,,,,
16783935,,False,16783760,16784077,4,"punpckldq xmm2, xmm3","punpckldq xmm2, xmm3",660f62d3,sse,null,False,0,0,,,,,,,
16783939,"xmm2,0x40,rbp,-,=[16]",True,16783760,16784077,4,"movaps xmmword [rbp - 0x40], xmm2","movaps xmmword [var_48h], xmm2",0f2955c0,sse,mov,False,268435465,0,,,,,,,
16783943,"xmm1,0x30,rbp,-,=[16]",True,16783760,16784077,4,"movaps xmmword [rbp - 0x30], xmm1","movaps xmmword [var_38h], xmm1",0f294dd0,sse,mov,False,268435465,0,,,,,,,
16783947,"xmm0,0x20,rbp,-,=[16]",True,16783760,16784077,4,"movaps xmmword [rbp - 0x20], xmm0","movaps xmmword [var_28h], xmm0",0f2945e0,sse,mov,False,268435465,0,,,,,,,
16783951,"zf,?{,16783969,rip,=,}",False,16783760,16784079,2,je 0x1001a61,je 0x1001a61,7410,cpu,cjmp,False,2147483649,0,,,,,16783969.0,16783953.0,
16783953,"0x40,rbp,-,[16],xmm0,=",True,16783760,16784077,4,"movaps xmm0, xmmword [rbp - 0x40]","movaps xmm0, xmmword [var_48h]",0f2845c0,sse,mov,False,9,0,,,,,,,
16783957,"0x50,rbp,-,[16],xmm1,=",True,16783760,16784077,4,"movaps xmm1, xmmword [rbp - 0x50]","movaps xmm1, xmmword [var_58h]",0f284db0,sse,mov,False,9,0,,,,,,,
16783961,"xmm1,0x30,rbp,-,=[16]",True,16783760,16784077,4,"movaps xmmword [rbp - 0x30], xmm1","movaps xmmword [var_38h], xmm1",0f294dd0,sse,mov,False,268435465,0,,,,,,,
16783965,"xmm0,0x20,rbp,-,=[16]",True,16783760,16784077,4,"movaps xmmword [rbp - 0x20], xmm0","movaps xmmword [var_28h], xmm0",0f2945e0,sse,mov,False,268435465,0,,,,,,,
16783969,"0x10,rbp,-,[8],rax,=",True,16783760,16784077,4,"mov rax, qword [rbp - 0x10]","mov rax, qword [var_18h]",488b45f0,cpu,mov,False,9,0,,,,,,,
16783973,"0x70,rbp,-,[16],xmm1,=",True,16783760,16784077,4,"movaps xmm1, xmmword [rbp - 0x70]","movaps xmm1, xmmword [var_78h]",0f284d90,sse,mov,False,9,0,,,,,,,
16783977,"0x51,rbp,-,[1],cl,=",True,16783760,16784078,3,"mov cl, byte [rbp - 0x51]","mov cl, byte [var_59h]",8a4daf,cpu,mov,False,9,0,,,,,,,
16783980,"0x30,rbp,-,[16],xmm0,=",True,16783760,16784077,4,"movaps xmm0, xmmword [rbp - 0x30]","movaps xmm0, xmmword [var_38h]",0f2845d0,sse,mov,False,9,0,,,,,,,
16783984,"0x20,rbp,-,[16],xmm3,=",True,16783760,16784077,4,"movaps xmm3, xmmword [rbp - 0x20]","movaps xmm3, xmmword [var_28h]",0f285de0,sse,mov,False,9,0,,,,,,,
16783988,"cl,rcx,=",False,16783760,16784078,3,"movzx ecx, cl","movzx ecx, cl",0fb6c9,cpu,mov,False,9,0,,,,,,,
16783991,"ecx,xmm2l,=",False,16783760,16784077,4,"movd xmm2, ecx","movd xmm2, ecx",660f6ed1,sse,mov,False,9,0,,,,,,,
16783995,,False,16783760,16784076,5,"pshufd xmm2, xmm2, 0","pshufd xmm2, xmm2, 0",660f70d200,sse,null,False,0,0,,,,,,,
16784000,,False,16783760,16784076,5,"pslld xmm2, 2","pslld xmm2, 2",660f72f202,sse,null,False,0,0,,,,,,,
16784005,"0x150c,rip,-,[16],xmm4,=",True,16783760,16784074,7,"movaps xmm4, xmmword [rip - 0x150c]","movaps xmm4, xmmword [data.01000580]",0f2825f4eaffff,sse,mov,False,9,0,,,,16778624.0,,,"[{'addr': 16778624, 'type': 'DATA'}]"
16784012,"xmm4,xmm1,^=,$z,zf,:=,$p,pf,:=,127,$s,sf,:=,0,cf,:=,0,of,:=",False,16783760,16784077,4,"pxor xmm1, xmm4","pxor xmm1, xmm4",660fefcc,sse,xor,False,28,0,,,,,,,
16784016,"0x1507,rip,-,[16],xmm4,=",True,16783760,16784074,7,"movaps xmm4, xmmword [rip - 0x1507]","movaps xmm4, xmmword [data.01000590]",0f2825f9eaffff,sse,mov,False,9,0,,,,16778640.0,,,"[{'addr': 16778640, 'type': 'DATA'}]"
16784023,,False,16783760,16784077,4,"por xmm2, xmm4","por xmm2, xmm4",660febd4,sse,null,False,0,0,,,,,,,
16784027,,False,16783760,16784077,4,"pcmpgtd xmm2, xmm1","pcmpgtd xmm2, xmm1",660f66d1,sse,cmp,False,15,0,,,,,,,
16784031,"xmm2,xmm1,=",False,16783760,16784078,3,"movaps xmm1, xmm2","movaps xmm1, xmm2",0f28ca,sse,mov,False,9,0,,,,,,,
16784034,,False,16783760,16784077,4,"pandn xmm1, xmm3","pandn xmm1, xmm3",660fdfcb,sse,null,False,0,0,,,,,,,
16784038,,False,16783760,16784077,4,"pand xmm0, xmm2","pand xmm0, xmm2",660fdbc2,sse,null,False,0,0,,,,,,,
16784042,,False,16783760,16784077,4,"por xmm0, xmm1","por xmm0, xmm1",660febc1,sse,null,False,0,0,,,,,,,
16784046,,False,16783760,16784076,5,"pshufd xmm2, xmm0, 0xee","pshufd xmm2, xmm0, 0xee",660f70d0ee,sse,null,False,0,0,,,,,,,
16784051,,False,16783760,16784076,5,"pshufd xmm3, xmm0, 0xff","pshufd xmm3, xmm0, 0xff",660f70d8ff,sse,null,False,0,0,,,,,,,
16784056,,False,16783760,16784076,5,"pshufd xmm1, xmm0, 0xf5","pshufd xmm1, xmm0, 0xf5",660f70c8f5,sse,null,False,0,0,,,,,,,
16784061,,False,16783760,16784077,4,"pmuludq xmm1, xmm3","pmuludq xmm1, xmm3",660ff4cb,sse,null,False,0,0,,,,,,,
16784065,,False,16783760,16784077,4,"pmuludq xmm0, xmm2","pmuludq xmm0, xmm2",660ff4c2,sse,null,False,0,0,,,,,,,
16784069,,False,16783760,16784077,4,"pmuludq xmm0, xmm1","pmuludq xmm0, xmm1",660ff4c1,sse,null,False,0,0,,,,,,,
16784073,"xmm0l,ecx,=",False,16783760,16784077,4,"movd ecx, xmm0","movd ecx, xmm0",660f7ec1,sse,mov,False,9,0,,,,,,,
16784077,"ecx,rax,=[4]",True,16783760,16784079,2,"mov dword [rax], ecx","mov dword [rax], ecx",8908,cpu,mov,False,9,0,,,,,,,
16784079,"rsp,[8],8,rsp,+=,rbp,=",False,16783760,16784080,1,pop rbp,pop rbp,5d,cpu,pop,False,14,0,,,,,,,
16784080,"rsp,[8],rip,=,8,rsp,+=",False,16783760,16784080,1,ret,ret,c3,cpu,ret,False,5,0,,,,,,,
