offset,esil,refptr,fcn_addr,fcn_last,size,opcode,disasm,bytes,family,type,reloc,type_num,type2_num,flags,xrefs_to,val,ptr,jump,fail,xrefs_from
16785008,"rbp,8,rsp,-,=[8],8,rsp,-=",False,16785008,16785101,1,push rbp,push rbp,55,cpu,rpush,False,268435468,0,['sym.recursive_logic'],"[{'addr': 16783399, 'type': 'CALL'}, {'addr': 16783555, 'type': 'CALL'}, {'addr': 16785052, 'type': 'CALL'}]",,,,,
16785009,"rsp,rbp,=",False,16785008,16785099,3,"mov rbp, rsp","mov rbp, rsp",4889e5,cpu,mov,False,9,0,,,,,,,
16785012,"32,rsp,-=,32,0x8000000000000000,-,!,63,$o,^,of,:=,63,$s,sf,:=,$z,zf,:=,$p,pf,:=,64,$b,cf,:=,3,$b,af,:=",False,16785008,16785098,4,"sub rsp, 0x20","sub rsp, 0x20",4883ec20,cpu,sub,False,18,0,,,32.0,,,,
16785016,"1,rax,=",False,16785008,16785097,5,"mov eax, 1","mov eax, 1",b801000000,cpu,mov,False,9,0,,,1.0,,,,
16785021,"ecx,rcx,^,0xffffffff,&,rcx,=,$z,zf,:=,$p,pf,:=,31,$s,sf,:=,0,cf,:=,0,of,:=",False,16785008,16785100,2,"xor ecx, ecx","xor ecx, ecx",31c9,cpu,xor,False,28,0,,,,,,,
16785023,"2,edi,==,$z,zf,:=,32,$b,cf,:=,$p,pf,:=,31,$s,sf,:=,2,0x80000000,-,!,31,$o,^,of,:=,3,$b,af,:=",False,16785008,16785099,3,"cmp edi, 2","cmp edi, 2",83ff02,cpu,cmp,False,15,0,,,2.0,2.0,,,
16785026,"edi,0xc,rbp,-,=[4]",True,16785008,16785099,3,"mov dword [rbp - 0xc], edi","mov dword [var_14h], edi",897df4,cpu,mov,False,268435465,0,,,,,,,
16785029,"ecx,0x8,rbp,-,=[4]",True,16785008,16785099,3,"mov dword [rbp - 8], ecx","mov dword [var_10h], ecx",894df8,cpu,mov,False,268435465,0,,,,,,,
16785032,"eax,0x4,rbp,-,=[4]",True,16785008,16785099,3,"mov dword [rbp - 4], eax","mov dword [var_ch], eax",8945fc,cpu,mov,False,268435465,0,,,,,,,
16785035,"of,sf,^,?{,16785093,rip,=,}",False,16785008,16785100,2,jl 0x1001ec5,jl 0x1001ec5,7c38,cpu,cjmp,False,2147483649,0,,,,,16785093.0,16785037.0,
16785037,"0x8,rbp,-,[4],rax,=",True,16785008,16785099,3,"mov eax, dword [rbp - 8]","mov eax, dword [var_10h]",8b45f8,cpu,mov,False,9,0,,,,,,,
16785040,"0xc,rbp,-,[4],rdi,=",True,16785008,16785099,3,"mov edi, dword [rbp - 0xc]","mov edi, dword [var_14h]",8b7df4,cpu,mov,False,9,0,,,,,,,
16785043,"eax,0x18,rbp,-,=[4]",True,16785008,16785099,3,"mov dword [rbp - 0x18], eax","mov dword [var_20h], eax",8945e8,cpu,mov,False,268435465,0,,,,,,,
16785046,"edi,0x14,rbp,-,=[4]",True,16785008,16785099,3,"mov dword [rbp - 0x14], edi","mov dword [var_1ch], edi",897dec,cpu,mov,False,268435465,0,,,,,,,
16785049,"18446744073709551615,edi,+=,31,$o,of,:=,31,$s,sf,:=,$z,zf,:=,31,$c,cf,:=,$p,pf,:=,3,$c,af,:=",False,16785008,16785099,3,"add edi, 0xffffffff","add edi, 0xffffffff",83c7ff,cpu,add,False,17,0,,,,,,,
16785052,"16785008,rip,8,rsp,-=,rsp,=[],rip,=",False,16785008,16785097,5,call 0x1001e70,call sym.recursive_logic,e8cfffffff,cpu,call,False,3,0,,,,,16785008.0,16785057.0,"[{'addr': 16785008, 'type': 'CALL'}]"
16785057,"0x18,rbp,-,[4],rsi,=",True,16785008,16785099,3,"mov esi, dword [rbp - 0x18]","mov esi, dword [var_20h]",8b75e8,cpu,mov,False,9,0,,,,,,,
16785060,"0x14,rbp,-,[4],rdx,=",True,16785008,16785099,3,"mov edx, dword [rbp - 0x14]","mov edx, dword [var_1ch]",8b55ec,cpu,mov,False,9,0,,,,,,,
16785063,"edx,rcx,=",False,16785008,16785100,2,"mov ecx, edx","mov ecx, edx",89d1,cpu,mov,False,9,0,,,,,,,
16785065,"18446744073709551614,ecx,+=,31,$o,of,:=,31,$s,sf,:=,$z,zf,:=,31,$c,cf,:=,$p,pf,:=,3,$c,af,:=",False,16785008,16785099,3,"add ecx, 0xfffffffe","add ecx, 0xfffffffe",83c1fe,cpu,add,False,17,0,,,1.8446744073709552e+19,,,,
16785068,"esi,eax,+=,31,$o,of,:=,31,$s,sf,:=,$z,zf,:=,31,$c,cf,:=,$p,pf,:=,3,$c,af,:=",False,16785008,16785100,2,"add eax, esi","add eax, esi",01f0,cpu,add,False,17,0,,,,,,,
16785070,"eax,0x10,rbp,-,=[4]",True,16785008,16785099,3,"mov dword [rbp - 0x10], eax","mov dword [var_18h], eax",8945f0,cpu,mov,False,268435465,0,,,,,,,
16785073,"4,edx,==,$z,zf,:=,32,$b,cf,:=,$p,pf,:=,31,$s,sf,:=,4,0x80000000,-,!,31,$o,^,of,:=,3,$b,af,:=",False,16785008,16785099,3,"cmp edx, 4","cmp edx, 4",83fa04,cpu,cmp,False,15,0,,,4.0,4.0,,,
16785076,"ecx,0xc,rbp,-,=[4]",True,16785008,16785099,3,"mov dword [rbp - 0xc], ecx","mov dword [var_14h], ecx",894df4,cpu,mov,False,268435465,0,,,,,,,
16785079,"eax,0x8,rbp,-,=[4]",True,16785008,16785099,3,"mov dword [rbp - 8], eax","mov dword [var_10h], eax",8945f8,cpu,mov,False,268435465,0,,,,,,,
16785082,"cf,!,?{,16785037,rip,=,}",False,16785008,16785100,2,jae 0x1001e8d,jae 0x1001e8d,73d1,cpu,cjmp,False,2147483649,0,,,,,16785037.0,16785084.0,
16785084,"0x10,rbp,-,[4],rax,=",True,16785008,16785099,3,"mov eax, dword [rbp - 0x10]","mov eax, dword [var_18h]",8b45f0,cpu,mov,False,9,0,,,,,,,
16785087,"1,eax,+=,31,$o,of,:=,31,$s,sf,:=,$z,zf,:=,31,$c,cf,:=,$p,pf,:=,3,$c,af,:=",False,16785008,16785099,3,"add eax, 1","add eax, 1",83c001,cpu,add,False,17,0,,,1.0,,,,
16785090,"eax,0x4,rbp,-,=[4]",True,16785008,16785099,3,"mov dword [rbp - 4], eax","mov dword [var_ch], eax",8945fc,cpu,mov,False,268435465,0,,,,,,,
16785093,"0x4,rbp,-,[4],rax,=",True,16785008,16785099,3,"mov eax, dword [rbp - 4]","mov eax, dword [var_ch]",8b45fc,cpu,mov,False,9,0,,,,,,,
16785096,"32,rsp,+=,63,$o,of,:=,63,$s,sf,:=,$z,zf,:=,63,$c,cf,:=,$p,pf,:=,3,$c,af,:=",False,16785008,16785098,4,"add rsp, 0x20","add rsp, 0x20",4883c420,cpu,add,False,17,0,,,32.0,,,,
16785100,"rsp,[8],8,rsp,+=,rbp,=",False,16785008,16785101,1,pop rbp,pop rbp,5d,cpu,pop,False,14,0,,,,,,,
16785101,"rsp,[8],rip,=,8,rsp,+=",False,16785008,16785101,1,ret,ret,c3,cpu,ret,False,5,0,,,,,,,
