offset,esil,refptr,fcn_addr,fcn_last,size,opcode,disasm,bytes,family,type,reloc,type_num,type2_num,flags,xrefs_to,val,jump,fail,xrefs_from
16783136,"rbp,8,rsp,-,=[8],8,rsp,-=",False,16783136,16783166,1,push rbp,push rbp,55,cpu,rpush,False,268435468,0,"['main', 'sym.main']","[{'addr': 16783117, 'type': 'DATA'}]",,,,
16783137,"rsp,rbp,=",False,16783136,16783164,3,"mov rbp, rsp","mov rbp, rsp",4889e5,cpu,mov,False,9,0,,,,,,
16783140,"16,rsp,-=,16,0x8000000000000000,-,!,63,$o,^,of,:=,63,$s,sf,:=,$z,zf,:=,$p,pf,:=,64,$b,cf,:=,3,$b,af,:=",False,16783136,16783163,4,"sub rsp, 0x10","sub rsp, 0x10",4883ec10,cpu,sub,False,18,0,,,16.0,,,
16783144,"rsi,0x8,rbp,-,=[8]",True,16783136,16783163,4,"mov qword [rbp - 8], rsi","mov qword [var_10h], rsi",488975f8,cpu,mov,False,268435465,0,,,,,,
16783148,"edi,rax,=",False,16783136,16783165,2,"mov eax, edi","mov eax, edi",89f8,cpu,mov,False,9,0,,,,,,
16783150,"0x8,rbp,-,[8],rdi,=",True,16783136,16783163,4,"mov rdi, qword [rbp - 8]","mov rdi, qword [var_10h]",488b7df8,cpu,mov,False,9,0,,,,,,
16783154,"16783168,rip,8,rsp,-=,rsp,=[],rip,=",False,16783136,16783162,5,call 0x1001740,call sym.process_events,e809000000,cpu,call,False,3,0,,,,16783168.0,16783159.0,"[{'addr': 16783168, 'type': 'CALL'}]"
16783159,"eax,rax,^,0xffffffff,&,rax,=,$z,zf,:=,$p,pf,:=,31,$s,sf,:=,0,cf,:=,0,of,:=",False,16783136,16783165,2,"xor eax, eax","xor eax, eax",31c0,cpu,xor,False,28,0,,,,,,
16783161,"16,rsp,+=,63,$o,of,:=,63,$s,sf,:=,$z,zf,:=,63,$c,cf,:=,$p,pf,:=,3,$c,af,:=",False,16783136,16783163,4,"add rsp, 0x10","add rsp, 0x10",4883c410,cpu,add,False,17,0,,,16.0,,,
16783165,"rsp,[8],8,rsp,+=,rbp,=",False,16783136,16783166,1,pop rbp,pop rbp,5d,cpu,pop,False,14,0,,,,,,
16783166,"rsp,[8],rip,=,8,rsp,+=",False,16783136,16783166,1,ret,ret,c3,cpu,ret,False,5,0,,,,,,
