offset,esil,refptr,fcn_addr,fcn_last,size,opcode,disasm,bytes,family,type,reloc,type_num,type2_num,flags,xrefs_to,val,jump,xrefs_from,ptr,fail
16784272,"rbp,8,rsp,-,=[8],8,rsp,-=",False,16784272,16784652,1,push rbp,push rbp,55,cpu,rpush,False,268435468,0,['sym.complex_math_operations'],"[{'addr': 16783684, 'type': 'CALL'}]",,,,,
16784273,"rsp,rbp,=",False,16784272,16784650,3,"mov rbp, rsp","mov rbp, rsp",4889e5,cpu,mov,False,9,0,,,,,,,
16784276,"112,rsp,-=,112,0x8000000000000000,-,!,63,$o,^,of,:=,63,$s,sf,:=,$z,zf,:=,$p,pf,:=,64,$b,cf,:=,3,$b,af,:=",False,16784272,16784649,4,"sub rsp, 0x70","sub rsp, 0x70",4883ec70,cpu,sub,False,18,0,,,112.0,,,,
16784280,"xmm0,xmm0,^=,$z,zf,:=,$p,pf,:=,127,$s,sf,:=,0,cf,:=,0,of,:=",False,16784272,16784650,3,"xorps xmm0, xmm0","xorps xmm0, xmm0",0f57c0,sse,xor,False,28,0,,,,,,,
16784283,"eax,rax,^,0xffffffff,&,rax,=,$z,zf,:=,$p,pf,:=,31,$s,sf,:=,0,cf,:=,0,of,:=",False,16784272,16784651,2,"xor eax, eax","xor eax, eax",31c0,cpu,xor,False,28,0,,,,,,,
16784285,"xmm0,0x10,rbp,-,=[8]",True,16784272,16784648,5,"movsd qword [rbp - 0x10], xmm0","movsd qword [var_18h], xmm0",f20f1145f0,sse,mov,False,268435465,0,,,,,,,
16784290,"eax,0x4,rbp,-,=[4]",True,16784272,16784650,3,"mov dword [rbp - 4], eax","mov dword [var_ch], eax",8945fc,cpu,mov,False,268435465,0,,,,,,,
16784293,"0x1001bbf,rip,=",False,16784272,16784651,2,jmp 0x1001bbf,jmp 0x1001bbf,eb18,cpu,jmp,False,1,0,,,,16784319.0,"[{'addr': 16784319, 'type': 'CODE'}]",,
16784295,"0x18,rbp,-,[8],xmm0,=",True,16784272,16784648,5,"movsd xmm0, qword [rbp - 0x18]","movsd xmm0, qword [var_20h]",f20f1045e8,sse,mov,False,9,0,,,,,,,
16784300,"0x14c3,rip,-,rdi,=",True,16784272,16784646,7,"lea rdi, [rip - 0x14c3]","lea rdi, str.Complex_math_sum:__.15f",488d3d3debffff,cpu,lea,False,33,0,,,,,"[{'addr': 16778992, 'type': 'DATA'}]",16778992.0,
16784307,"1,al,=",False,16784272,16784651,2,"mov al, 1","mov al, 1",b001,cpu,mov,False,9,0,,,1.0,,,,
16784309,"112,rsp,+=,63,$o,of,:=,63,$s,sf,:=,$z,zf,:=,63,$c,cf,:=,$p,pf,:=,3,$c,af,:=",False,16784272,16784649,4,"add rsp, 0x70","add rsp, 0x70",4883c470,cpu,add,False,17,0,,,112.0,,,,
16784313,"rsp,[8],8,rsp,+=,rbp,=",False,16784272,16784652,1,pop rbp,pop rbp,5d,cpu,pop,False,14,0,,,,,,,
16784314,"0x10021e0,rip,=",False,16784272,16784648,5,jmp 0x10021e0,jmp sym.imp.printf,e921060000,cpu,jmp,False,1,0,,,,16785888.0,"[{'addr': 16785888, 'type': 'CODE'}]",,
16784319,"0x4,rbp,-,[4],rax,=",True,16784272,16784650,3,"mov eax, dword [rbp - 4]","mov eax, dword [var_ch]",8b45fc,cpu,mov,False,9,0,,"[{'addr': 16784293, 'type': 'CODE'}, {'addr': 16784648, 'type': 'CODE'}]",,,,,
16784322,"0x10,rbp,-,[8],xmm0,=",True,16784272,16784648,5,"movsd xmm0, qword [rbp - 0x10]","movsd xmm0, qword [var_18h]",f20f1045f0,sse,mov,False,9,0,,,,,,,
16784327,"eax,0x24,rbp,-,=[4]",True,16784272,16784650,3,"mov dword [rbp - 0x24], eax","mov dword [var_2ch], eax",8945dc,cpu,mov,False,268435465,0,,,,,,,
16784330,"xmm0,0x20,rbp,-,=[8]",True,16784272,16784648,5,"movsd qword [rbp - 0x20], xmm0","movsd qword [var_28h], xmm0",f20f1145e0,sse,mov,False,268435465,0,,,,,,,
16784335,,False,16784272,16784649,4,"cvtsi2sd xmm0, eax","cvtsi2sd xmm0, eax",f20f2ac0,sse,null,False,0,0,,,,,,,
16784339,"0x150b,rip,-,[8],xmm1,=",True,16784272,16784645,8,"movsd xmm1, qword [rip - 0x150b]","movsd xmm1, qword [data.010006d0]",f20f100df5eaffff,sse,mov,False,9,0,,,,,"[{'addr': 16778960, 'type': 'DATA'}]",16778960.0,
16784347,"xmm1,xmm0,*=",False,16784272,16784649,4,"mulsd xmm0, xmm1","mulsd xmm0, xmm1",f20f59c1,sse,mul,False,20,0,,,,,,,
16784351,"0x153f,rip,-,[8],xmm1,=",True,16784272,16784645,8,"movsd xmm1, qword [rip - 0x153f]","movsd xmm1, qword [data.010006a8]",f20f100dc1eaffff,sse,mov,False,9,0,,,,,"[{'addr': 16778920, 'type': 'DATA'}]",16778920.0,
16784359,,False,16784272,16784649,4,"divsd xmm0, xmm1","divsd xmm0, xmm1",f20f5ec1,sse,null,False,0,0,,,,,,,
16784363,"xmm0,0x40,rbp,-,=[8]",True,16784272,16784648,5,"movsd qword [rbp - 0x40], xmm0","movsd qword [var_48h], xmm0",f20f1145c0,sse,mov,False,268435465,0,,,,,,,
16784368,"16785904,rip,8,rsp,-=,rsp,=[],rip,=",False,16784272,16784648,5,call 0x10021f0,call sym.imp.sin,e8fb050000,cpu,call,False,3,0,,,,16785904.0,"[{'addr': 16785904, 'type': 'CALL'}]",,16784373.0
16784373,"xmm0,xmm1,=",False,16784272,16784650,3,"movaps xmm1, xmm0","movaps xmm1, xmm0",0f28c8,sse,mov,False,9,0,,,,,,,
16784376,"0x40,rbp,-,[8],xmm0,=",True,16784272,16784648,5,"movsd xmm0, qword [rbp - 0x40]","movsd xmm0, qword [var_48h]",f20f1045c0,sse,mov,False,9,0,,,,,,,
16784381,"xmm1,0x68,rbp,-,=[8]",True,16784272,16784648,5,"movsd qword [rbp - 0x68], xmm1","movsd qword [var_70h], xmm1",f20f114d98,sse,mov,False,268435465,0,,,,,,,
16784386,"16785920,rip,8,rsp,-=,rsp,=[],rip,=",False,16784272,16784648,5,call 0x1002200,call sym.imp.cos,e8f9050000,cpu,call,False,3,0,,,,16785920.0,"[{'addr': 16785920, 'type': 'CALL'}]",,16784391.0
16784391,"xmm0,xmm1,=",False,16784272,16784650,3,"movaps xmm1, xmm0","movaps xmm1, xmm0",0f28c8,sse,mov,False,9,0,,,,,,,
16784394,"0x40,rbp,-,[8],xmm0,=",True,16784272,16784648,5,"movsd xmm0, qword [rbp - 0x40]","movsd xmm0, qword [var_48h]",f20f1045c0,sse,mov,False,9,0,,,,,,,
16784399,"xmm1,0x60,rbp,-,=[8]",True,16784272,16784648,5,"movsd qword [rbp - 0x60], xmm1","movsd qword [var_68h], xmm1",f20f114da0,sse,mov,False,268435465,0,,,,,,,
16784404,"0x156c,rip,-,[8],xmm1,=",True,16784272,16784645,8,"movsd xmm1, qword [rip - 0x156c]","movsd xmm1, qword [data.010006b0]",f20f100d94eaffff,sse,mov,False,9,0,,,,,"[{'addr': 16778928, 'type': 'DATA'}]",16778928.0,
16784412,"xmm1,xmm0,*=",False,16784272,16784649,4,"mulsd xmm0, xmm1","mulsd xmm0, xmm1",f20f59c1,sse,mul,False,20,0,,,,,,,
16784416,"16785936,rip,8,rsp,-=,rsp,=[],rip,=",False,16784272,16784648,5,call 0x1002210,call sym.imp.tan,e8eb050000,cpu,call,False,3,0,,,,16785936.0,"[{'addr': 16785936, 'type': 'CALL'}]",,16784421.0
16784421,"0x68,rbp,-,[8],xmm1,=",True,16784272,16784648,5,"movsd xmm1, qword [rbp - 0x68]","movsd xmm1, qword [var_70h]",f20f104d98,sse,mov,False,9,0,,,,,,,
16784426,"0x60,rbp,-,[8],xmm3,=",True,16784272,16784648,5,"movsd xmm3, qword [rbp - 0x60]","movsd xmm3, qword [var_68h]",f20f105da0,sse,mov,False,9,0,,,,,,,
16784431,"xmm0,xmm2,=",False,16784272,16784650,3,"movaps xmm2, xmm0","movaps xmm2, xmm0",0f28d0,sse,mov,False,9,0,,,,,,,
16784434,"0x40,rbp,-,[8],xmm0,=",True,16784272,16784648,5,"movsd xmm0, qword [rbp - 0x40]","movsd xmm0, qword [var_48h]",f20f1045c0,sse,mov,False,9,0,,,,,,,
16784439,"xmm3,xmm1,*=",False,16784272,16784649,4,"mulsd xmm1, xmm3","mulsd xmm1, xmm3",f20f59cb,sse,mul,False,20,0,,,,,,,
16784443,"xmm2,xmm1,+=",False,16784272,16784649,4,"addsd xmm1, xmm2","addsd xmm1, xmm2",f20f58ca,sse,add,False,17,0,,,124.0,,,,
16784447,"xmm1,0x58,rbp,-,=[8]",True,16784272,16784648,5,"movsd qword [rbp - 0x58], xmm1","movsd qword [var_60h], xmm1",f20f114da8,sse,mov,False,268435465,0,,,,,,,
16784452,"16785952,rip,8,rsp,-=,rsp,=[],rip,=",False,16784272,16784648,5,call 0x1002220,call sym.imp.atan,e8d7050000,cpu,call,False,3,0,,,,16785952.0,"[{'addr': 16785952, 'type': 'CALL'}]",,16784457.0
16784457,"0x58,rbp,-,[8],xmm1,=",True,16784272,16784648,5,"movsd xmm1, qword [rbp - 0x58]","movsd xmm1, qword [var_60h]",f20f104da8,sse,mov,False,9,0,,,,,,,
16784462,"xmm0,xmm2,=",False,16784272,16784650,3,"movaps xmm2, xmm0","movaps xmm2, xmm0",0f28d0,sse,mov,False,9,0,,,,,,,
16784465,"0x40,rbp,-,[8],xmm0,=",True,16784272,16784648,5,"movsd xmm0, qword [rbp - 0x40]","movsd xmm0, qword [var_48h]",f20f1045c0,sse,mov,False,9,0,,,,,,,
16784470,,False,16784272,16784649,4,"subsd xmm1, xmm2","subsd xmm1, xmm2",f20f5cca,sse,null,False,0,0,,,,,,,
16784474,"xmm1,0x50,rbp,-,=[8]",True,16784272,16784648,5,"movsd qword [rbp - 0x50], xmm1","movsd qword [var_58h], xmm1",f20f114db0,sse,mov,False,268435465,0,,,,,,,
16784479,"16785904,rip,8,rsp,-=,rsp,=[],rip,=",False,16784272,16784648,5,call 0x10021f0,call sym.imp.sin,e88c050000,cpu,call,False,3,0,,,,16785904.0,"[{'addr': 16785904, 'type': 'CALL'}]",,16784484.0
16784484,"0x50,rbp,-,[8],xmm1,=",True,16784272,16784648,5,"movsd xmm1, qword [rbp - 0x50]","movsd xmm1, qword [var_58h]",f20f104db0,sse,mov,False,9,0,,,,,,,
16784489,"xmm0,xmm2,=",False,16784272,16784650,3,"movaps xmm2, xmm0","movaps xmm2, xmm0",0f28d0,sse,mov,False,9,0,,,,,,,
16784492,"0x40,rbp,-,[8],xmm0,=",True,16784272,16784648,5,"movsd xmm0, qword [rbp - 0x40]","movsd xmm0, qword [var_48h]",f20f1045c0,sse,mov,False,9,0,,,,,,,
16784497,"xmm2,xmm2,*=",False,16784272,16784649,4,"mulsd xmm2, xmm2","mulsd xmm2, xmm2",f20f59d2,sse,mul,False,20,0,,,,,,,
16784501,"xmm2,xmm1,+=",False,16784272,16784649,4,"addsd xmm1, xmm2","addsd xmm1, xmm2",f20f58ca,sse,add,False,17,0,,,124.0,,,,
16784505,"xmm1,0x48,rbp,-,=[8]",True,16784272,16784648,5,"movsd qword [rbp - 0x48], xmm1","movsd qword [var_50h], xmm1",f20f114db8,sse,mov,False,268435465,0,,,,,,,
16784510,"16785920,rip,8,rsp,-=,rsp,=[],rip,=",False,16784272,16784648,5,call 0x1002200,call sym.imp.cos,e87d050000,cpu,call,False,3,0,,,,16785920.0,"[{'addr': 16785920, 'type': 'CALL'}]",,16784515.0
16784515,"0x15cb,rip,-,[8],xmm1,=",True,16784272,16784645,8,"movsd xmm1, qword [rip - 0x15cb]","movsd xmm1, qword [data.010006c0]",f20f100d35eaffff,sse,mov,False,9,0,,,,,"[{'addr': 16778944, 'type': 'DATA'}]",16778944.0,
16784523,"16785968,rip,8,rsp,-=,rsp,=[],rip,=",False,16784272,16784648,5,call 0x1002230,call sym.imp.pow,e8a0050000,cpu,call,False,3,0,,,,16785968.0,"[{'addr': 16785968, 'type': 'CALL'}]",,16784528.0
16784528,"0x48,rbp,-,[8],xmm1,=",True,16784272,16784648,5,"movsd xmm1, qword [rbp - 0x48]","movsd xmm1, qword [var_50h]",f20f104db8,sse,mov,False,9,0,,,,,,,
16784533,"xmm0,xmm2,=",False,16784272,16784650,3,"movaps xmm2, xmm0","movaps xmm2, xmm0",0f28d0,sse,mov,False,9,0,,,,,,,
16784536,"0x40,rbp,-,[8],xmm0,=",True,16784272,16784648,5,"movsd xmm0, qword [rbp - 0x40]","movsd xmm0, qword [var_48h]",f20f1045c0,sse,mov,False,9,0,,,,,,,
16784541,"xmm2,xmm1,+=",False,16784272,16784649,4,"addsd xmm1, xmm2","addsd xmm1, xmm2",f20f58ca,sse,add,False,17,0,,,124.0,,,,
16784545,"xmm1,0x30,rbp,-,=[8]",True,16784272,16784648,5,"movsd qword [rbp - 0x30], xmm1","movsd qword [var_38h], xmm1",f20f114dd0,sse,mov,False,268435465,0,,,,,,,
16784550,"16785904,rip,8,rsp,-=,rsp,=[],rip,=",False,16784272,16784648,5,call 0x10021f0,call sym.imp.sin,e845050000,cpu,call,False,3,0,,,,16785904.0,"[{'addr': 16785904, 'type': 'CALL'}]",,16784555.0
16784555,"xmm0,xmm1,=",False,16784272,16784650,3,"movaps xmm1, xmm0","movaps xmm1, xmm0",0f28c8,sse,mov,False,9,0,,,,,,,
16784558,"0x40,rbp,-,[8],xmm0,=",True,16784272,16784648,5,"movsd xmm0, qword [rbp - 0x40]","movsd xmm0, qword [var_48h]",f20f1045c0,sse,mov,False,9,0,,,,,,,
16784563,"xmm1,0x38,rbp,-,=[8]",True,16784272,16784648,5,"movsd qword [rbp - 0x38], xmm1","movsd qword [var_40h], xmm1",f20f114dc8,sse,mov,False,268435465,0,,,,,,,
16784568,"16785920,rip,8,rsp,-=,rsp,=[],rip,=",False,16784272,16784648,5,call 0x1002200,call sym.imp.cos,e843050000,cpu,call,False,3,0,,,,16785920.0,"[{'addr': 16785920, 'type': 'CALL'}]",,16784573.0
16784573,"0x38,rbp,-,[8],xmm2,=",True,16784272,16784648,5,"movsd xmm2, qword [rbp - 0x38]","movsd xmm2, qword [var_40h]",f20f1055c8,sse,mov,False,9,0,,,,,,,
16784578,"0x30,rbp,-,[8],xmm1,=",True,16784272,16784648,5,"movsd xmm1, qword [rbp - 0x30]","movsd xmm1, qword [var_38h]",f20f104dd0,sse,mov,False,9,0,,,,,,,
16784583,"0x24,rbp,-,[4],rax,=",True,16784272,16784650,3,"mov eax, dword [rbp - 0x24]","mov eax, dword [var_2ch]",8b45dc,cpu,mov,False,9,0,,,,,,,
16784586,"xmm0,xmm3,=",False,16784272,16784650,3,"movaps xmm3, xmm0","movaps xmm3, xmm0",0f28d8,sse,mov,False,9,0,,,,,,,
16784589,"0x20,rbp,-,[8],xmm0,=",True,16784272,16784648,5,"movsd xmm0, qword [rbp - 0x20]","movsd xmm0, qword [var_28h]",f20f1045e0,sse,mov,False,9,0,,,,,,,
16784594,"xmm3,xmm2,*=",False,16784272,16784649,4,"mulsd xmm2, xmm3","mulsd xmm2, xmm3",f20f59d3,sse,mul,False,20,0,,,,,,,
16784598,"0x15fd,rip,-,[16],xmm3,=",True,16784272,16784646,7,"movaps xmm3, xmmword [rip - 0x15fd]","movaps xmm3, xmmword [data.010006e0]",0f281d03eaffff,sse,mov,False,9,0,,,,,"[{'addr': 16778976, 'type': 'DATA'}]",16778976.0,
16784605,,False,16784272,16784649,4,"pand xmm2, xmm3","pand xmm2, xmm3",660fdbd3,sse,null,False,0,0,,,,,,,
16784609,,False,16784272,16784649,4,"sqrtsd xmm2, xmm2","sqrtsd xmm2, xmm2",f20f51d2,sse,null,False,0,0,,,,,,,
16784613,,False,16784272,16784649,4,"subsd xmm1, xmm2","subsd xmm1, xmm2",f20f5cca,sse,null,False,0,0,,,,,,,
16784617,"xmm1,xmm0,+=",False,16784272,16784649,4,"addsd xmm0, xmm1","addsd xmm0, xmm1",f20f58c1,sse,add,False,17,0,,,123.0,,,,
16784621,"xmm0,0x18,rbp,-,=[8]",True,16784272,16784648,5,"movsd qword [rbp - 0x18], xmm0","movsd qword [var_20h], xmm0",f20f1145e8,sse,mov,False,268435465,0,,,,,,,
16784626,"1,eax,+=,31,$o,of,:=,31,$s,sf,:=,$z,zf,:=,31,$c,cf,:=,$p,pf,:=,3,$c,af,:=",False,16784272,16784650,3,"add eax, 1","add eax, 1",83c001,cpu,add,False,17,0,,,1.0,,,,
16784629,"10000,eax,==,$z,zf,:=,32,$b,cf,:=,$p,pf,:=,31,$s,sf,:=,10000,0x80000000,-,!,31,$o,^,of,:=,3,$b,af,:=",False,16784272,16784648,5,"cmp eax, 0x2710","cmp eax, 0x2710",3d10270000,cpu,cmp,False,15,0,,,10000.0,,,10000.0,
16784634,"xmm0,0x10,rbp,-,=[8]",True,16784272,16784648,5,"movsd qword [rbp - 0x10], xmm0","movsd qword [var_18h], xmm0",f20f1145f0,sse,mov,False,268435465,0,,,,,,,
16784639,"eax,0x4,rbp,-,=[4]",True,16784272,16784650,3,"mov dword [rbp - 4], eax","mov dword [var_ch], eax",8945fc,cpu,mov,False,268435465,0,,,,,,,
16784642,"zf,?{,16784295,rip,=,}",False,16784272,16784647,6,je 0x1001ba7,je 0x1001ba7,0f849ffeffff,cpu,cjmp,False,2147483649,0,,,,16784295.0,,,16784648.0
16784648,"0x1001bbf,rip,=",False,16784272,16784648,5,jmp 0x1001bbf,jmp 0x1001bbf,e9b2feffff,cpu,jmp,False,1,0,,,,16784319.0,"[{'addr': 16784319, 'type': 'CODE'}]",,
