offset,esil,refptr,fcn_addr,fcn_last,size,opcode,disasm,bytes,family,type,reloc,type_num,type2_num,flags,xrefs_to,jump,xrefs_from,val,ptr,fail
16784080,"rbp,8,rsp,-,=[8],8,rsp,-=",False,16784080,16784263,1,push rbp,push rbp,55,cpu,rpush,False,268435468,0,['sym.mandelbrot'],"[{'addr': 16783925, 'type': 'CALL'}]",,,,,
16784081,"rsp,rbp,=",False,16784080,16784261,3,"mov rbp, rsp","mov rbp, rsp",4889e5,cpu,mov,False,9,0,,,,,,,
16784084,"xmm0,0x30,rbp,-,=[8]",True,16784080,16784259,5,"movsd qword [rbp - 0x30], xmm0","movsd qword [var_38h], xmm0",f20f1145d0,sse,mov,False,268435465,0,,,,,,,
16784089,"xmm1,0x28,rbp,-,=[8]",True,16784080,16784259,5,"movsd qword [rbp - 0x28], xmm1","movsd qword [var_30h], xmm1",f20f114dd8,sse,mov,False,268435465,0,,,,,,,
16784094,"xmm0,xmm0,^=,$z,zf,:=,$p,pf,:=,127,$s,sf,:=,0,cf,:=,0,of,:=",False,16784080,16784261,3,"xorps xmm0, xmm0","xorps xmm0, xmm0",0f57c0,sse,xor,False,28,0,,,,,,,
16784097,"eax,rax,^,0xffffffff,&,rax,=,$z,zf,:=,$p,pf,:=,31,$s,sf,:=,0,cf,:=,0,of,:=",False,16784080,16784262,2,"xor eax, eax","xor eax, eax",31c0,cpu,xor,False,28,0,,,,,,,
16784099,"xmm0,xmm1,=",False,16784080,16784261,3,"movaps xmm1, xmm0","movaps xmm1, xmm0",0f28c8,sse,mov,False,9,0,,,,,,,
16784102,"xmm1,0x20,rbp,-,=[8]",True,16784080,16784259,5,"movsd qword [rbp - 0x20], xmm1","movsd qword [var_28h], xmm1",f20f114de0,sse,mov,False,268435465,0,,,,,,,
16784107,"eax,0x14,rbp,-,=[4]",True,16784080,16784261,3,"mov dword [rbp - 0x14], eax","mov dword [var_1ch], eax",8945ec,cpu,mov,False,268435465,0,,,,,,,
16784110,"xmm0,xmm1,=",False,16784080,16784261,3,"movaps xmm1, xmm0","movaps xmm1, xmm0",0f28c8,sse,mov,False,9,0,,,,,,,
16784113,"xmm1,0x10,rbp,-,=[8]",True,16784080,16784259,5,"movsd qword [rbp - 0x10], xmm1","movsd qword [var_18h], xmm1",f20f114df0,sse,mov,False,268435465,0,,,,,,,
16784118,"xmm0,0x8,rbp,-,=[8]",True,16784080,16784259,5,"movsd qword [rbp - 8], xmm0","movsd qword [var_10h], xmm0",f20f1145f8,sse,mov,False,268435465,0,,,,,,,
16784123,"0x1001afd,rip,=",False,16784080,16784262,2,jmp 0x1001afd,jmp 0x1001afd,eb00,cpu,jmp,False,1,0,,,16784125.0,"[{'addr': 16784125, 'type': 'CODE'}]",,,
16784125,"0x8,rbp,-,[8],xmm3,=",True,16784080,16784259,5,"movsd xmm3, qword [rbp - 8]","movsd xmm3, qword [var_10h]",f20f105df8,sse,mov,False,9,0,,"[{'addr': 16784123, 'type': 'CODE'}]",,,,,
16784130,"0x10,rbp,-,[8],xmm0,=",True,16784080,16784259,5,"movsd xmm0, qword [rbp - 0x10]","movsd xmm0, qword [var_18h]",f20f1045f0,sse,mov,False,9,0,,,,,,,
16784135,"0x14,rbp,-,[4],rdx,=",True,16784080,16784261,3,"mov edx, dword [rbp - 0x14]","mov edx, dword [var_1ch]",8b55ec,cpu,mov,False,9,0,,,,,,,
16784138,"0x20,rbp,-,[8],xmm5,=",True,16784080,16784259,5,"movsd xmm5, qword [rbp - 0x20]","movsd xmm5, qword [var_28h]",f20f106de0,sse,mov,False,9,0,,,,,,,
16784143,"0x28,rbp,-,[8],xmm2,=",True,16784080,16784259,5,"movsd xmm2, qword [rbp - 0x28]","movsd xmm2, qword [var_30h]",f20f1055d8,sse,mov,False,9,0,,,,,,,
16784148,"0x30,rbp,-,[8],xmm4,=",True,16784080,16784259,5,"movsd xmm4, qword [rbp - 0x30]","movsd xmm4, qword [var_38h]",f20f1065d0,sse,mov,False,9,0,,,,,,,
16784153,"xmm0,xmm1,=",False,16784080,16784261,3,"movaps xmm1, xmm0","movaps xmm1, xmm0",0f28c8,sse,mov,False,9,0,,,,,,,
16784156,"xmm1,xmm1,*=",False,16784080,16784260,4,"mulsd xmm1, xmm1","mulsd xmm1, xmm1",f20f59c9,sse,mul,False,20,0,,,,,,,
16784160,,False,16784080,16784260,4,"subsd xmm1, xmm5","subsd xmm1, xmm5",f20f5ccd,sse,null,False,0,0,,,,,,,
16784164,"xmm4,xmm1,+=",False,16784080,16784260,4,"addsd xmm1, xmm4","addsd xmm1, xmm4",f20f58cc,sse,add,False,17,0,,,,,126.0,,
16784168,"xmm0,xmm0,+=",False,16784080,16784260,4,"addsd xmm0, xmm0","addsd xmm0, xmm0",f20f58c0,sse,add,False,17,0,,,,,122.0,,
16784172,"xmm3,xmm0,*=",False,16784080,16784260,4,"mulsd xmm0, xmm3","mulsd xmm0, xmm3",f20f59c3,sse,mul,False,20,0,,,,,,,
16784176,"xmm2,xmm0,+=",False,16784080,16784260,4,"addsd xmm0, xmm2","addsd xmm0, xmm2",f20f58c2,sse,add,False,17,0,,,,,124.0,,
16784180,"edx,rax,=",False,16784080,16784262,2,"mov eax, edx","mov eax, edx",89d0,cpu,mov,False,9,0,,,,,,,
16784182,"1,eax,+=,31,$o,of,:=,31,$s,sf,:=,$z,zf,:=,31,$c,cf,:=,$p,pf,:=,3,$c,af,:=",False,16784080,16784261,3,"add eax, 1","add eax, 1",83c001,cpu,add,False,17,0,,,,,1.0,,
16784185,"eax,0x34,rbp,-,=[4]",True,16784080,16784261,3,"mov dword [rbp - 0x34], eax","mov dword [var_3ch], eax",8945cc,cpu,mov,False,268435465,0,,,,,,,
16784188,"xmm0,xmm2,=",False,16784080,16784261,3,"movaps xmm2, xmm0","movaps xmm2, xmm0",0f28d0,sse,mov,False,9,0,,,,,,,
16784191,"xmm2,xmm2,*=",False,16784080,16784260,4,"mulsd xmm2, xmm2","mulsd xmm2, xmm2",f20f59d2,sse,mul,False,20,0,,,,,,,
16784195,"xmm1,xmm4,=",False,16784080,16784261,3,"movaps xmm4, xmm1","movaps xmm4, xmm1",0f28e1,sse,mov,False,9,0,,,,,,,
16784198,"xmm4,xmm4,*=",False,16784080,16784260,4,"mulsd xmm4, xmm4","mulsd xmm4, xmm4",f20f59e4,sse,mul,False,20,0,,,,,,,
16784202,"xmm2,xmm4,+=",False,16784080,16784260,4,"addsd xmm4, xmm2","addsd xmm4, xmm2",f20f58e2,sse,add,False,17,0,,,,,124.0,,
16784206,"0x14de,rip,-,[8],xmm3,=",True,16784080,16784256,8,"movsd xmm3, qword [rip - 0x14de]","movsd xmm3, qword [data.01000678]",f20f101d22ebffff,sse,mov,False,9,0,,,,"[{'addr': 16778872, 'type': 'DATA'}]",,16778872.0,
16784214,,False,16784080,16784260,4,"ucomisd xmm3, xmm4","ucomisd xmm3, xmm4",660f2edc,sse,null,False,0,0,,,,,,,
16784218,"cf,!,cl,=",False,16784080,16784261,3,setae cl,setae cl,0f93c1,cpu,cmov,False,2147483657,0,,,,,,,
16784221,"99999,edx,-=,99999,0x80000000,-,!,31,$o,^,of,:=,31,$s,sf,:=,$z,zf,:=,$p,pf,:=,32,$b,cf,:=,3,$b,af,:=",False,16784080,16784258,6,"sub edx, 0x1869f","sub edx, 0x1869f",81ea9f860100,cpu,sub,False,18,0,,,,,99999.0,99999.0,
16784227,"cf,dl,=",False,16784080,16784261,3,setb dl,setb dl,0f92c2,cpu,cmov,False,2147483657,0,,,,,,,
16784230,"dl,cl,&=,$z,zf,:=,$p,pf,:=,7,$s,sf,:=,0,cf,:=,0,of,:=",False,16784080,16784262,2,"and cl, dl","and cl, dl",20d1,cpu,and,False,27,0,,,,,,,
16784232,"0,1,cl,&,==,$z,zf,:=,$p,pf,:=,7,$s,sf,:=,0,cf,:=,0,of,:=",False,16784080,16784261,3,"test cl, 1","test cl, 1",f6c101,cpu,acmp,False,16,0,,,,,1.0,1.0,
16784235,"xmm2,0x20,rbp,-,=[8]",True,16784080,16784259,5,"movsd qword [rbp - 0x20], xmm2","movsd qword [var_28h], xmm2",f20f1155e0,sse,mov,False,268435465,0,,,,,,,
16784240,"eax,0x14,rbp,-,=[4]",True,16784080,16784261,3,"mov dword [rbp - 0x14], eax","mov dword [var_1ch], eax",8945ec,cpu,mov,False,268435465,0,,,,,,,
16784243,"xmm1,0x10,rbp,-,=[8]",True,16784080,16784259,5,"movsd qword [rbp - 0x10], xmm1","movsd qword [var_18h], xmm1",f20f114df0,sse,mov,False,268435465,0,,,,,,,
16784248,"xmm0,0x8,rbp,-,=[8]",True,16784080,16784259,5,"movsd qword [rbp - 8], xmm0","movsd qword [var_10h], xmm0",f20f1145f8,sse,mov,False,268435465,0,,,,,,,
16784253,"zf,!,?{,16784125,rip,=,}",False,16784080,16784258,6,jne 0x1001afd,jne 0x1001afd,0f857affffff,cpu,cjmp,False,2147483649,0,,,16784125.0,,,,16784259.0
16784259,"0x34,rbp,-,[4],rax,=",True,16784080,16784261,3,"mov eax, dword [rbp - 0x34]","mov eax, dword [var_3ch]",8b45cc,cpu,mov,False,9,0,,,,,,,
16784262,"rsp,[8],8,rsp,+=,rbp,=",False,16784080,16784263,1,pop rbp,pop rbp,5d,cpu,pop,False,14,0,,,,,,,
16784263,"rsp,[8],rip,=,8,rsp,+=",False,16784080,16784263,1,ret,ret,c3,cpu,ret,False,5,0,,,,,,,
