offset,esil,refptr,fcn_addr,fcn_last,size,opcode,disasm,bytes,family,type,reloc,type_num,type2_num,flags,xrefs_to,val,jump,fail,ptr,xrefs_from,comment
16786608,"rbp,8,rsp,-,=[8],8,rsp,-=",False,16786608,16786979,1,push rbp,push rbp,55,cpu,rpush,False,268435468,0,['sym.analyze_sequences'],"[{'addr': 16784370, 'type': 'CALL'}]",,,,,,
16786609,"rsp,rbp,=",False,16786608,16786977,3,"mov rbp, rsp","mov rbp, rsp",4889e5,cpu,mov,False,9,0,,,,,,,,
16786612,"rdi,0x38,rbp,-,=[8]",True,16786608,16786976,4,"mov qword [rbp - 0x38], rdi","mov qword [var_40h], rdi",48897dc8,cpu,mov,False,268435465,0,,,,,,,,
16786616,"rsi,0x30,rbp,-,=[8]",True,16786608,16786976,4,"mov qword [rbp - 0x30], rsi","mov qword [var_38h], rsi",488975d0,cpu,mov,False,268435465,0,,,,,,,,
16786620,"0,0x24,rbp,-,=[4]",True,16786608,16786973,7,"mov dword [rbp - 0x24], 0","mov dword [var_2ch], 0",c745dc00000000,cpu,mov,False,268435465,0,,,0.0,,,,,
16786627,"0,0x8,rbp,-,=[8]",True,16786608,16786972,8,"mov qword [rbp - 8], 0","mov qword [var_10h], 0",48c745f800000000,cpu,mov,False,268435465,0,,,0.0,,,,,
16786635,"0x24,rbp,-,[4],rax,=",True,16786608,16786977,3,"mov eax, dword [rbp - 0x24]","mov eax, dword [var_2ch]",8b45dc,cpu,mov,False,9,0,,"[{'addr': 16786670, 'type': 'CODE'}]",,,,,,
16786638,"rax,0x40,rbp,-,=[8]",True,16786608,16786976,4,"mov qword [rbp - 0x40], rax","mov qword [var_48h], rax",488945c0,cpu,mov,False,268435465,0,,,,,,,,
16786642,"6,rax,-=,6,0x8000000000000000,-,!,63,$o,^,of,:=,63,$s,sf,:=,$z,zf,:=,$p,pf,:=,64,$b,cf,:=,3,$b,af,:=",False,16786608,16786976,4,"sub rax, 6","sub rax, 6",4883e806,cpu,sub,False,18,0,,,6.0,,,,,
16786646,"cf,zf,|,!,?{,16786668,rip,=,}",False,16786608,16786978,2,ja 0x10024ec,ja 0x10024ec,7714,cpu,cjmp,False,2147483649,0,,,,16786668.0,16786648.0,,,
16786648,"0x40,rbp,-,[8],rax,=",True,16786608,16786976,4,"mov rax, qword [rbp - 0x40]","mov rax, qword [var_48h]",488b45c0,cpu,mov,False,9,0,,,,,,,,
16786652,"0x1f5f,rip,-,rcx,=",True,16786608,16786973,7,"lea rcx, [rip - 0x1f5f]","lea rcx, data.01000584",488d0da1e0ffff,cpu,lea,False,33,0,,,,,,16778628.0,"[{'addr': 16778628, 'type': 'DATA'}]",
16786659,"32,rax,4,*,rcx,+,[4],~,rax,=",True,16786608,16786976,4,"movsxd rax, dword [rcx + rax*4]","movsxd rax, dword [rcx + rax*4]",48630481,cpu,mov,False,9,0,,,,,,,,
16786663,"rcx,rax,+=,63,$o,of,:=,63,$s,sf,:=,$z,zf,:=,63,$c,cf,:=,$p,pf,:=,3,$c,af,:=",False,16786608,16786977,3,"add rax, rcx","add rax, rcx",4801c8,cpu,add,False,17,0,,,,,,,,
16786666,"rax,rip,=",False,16786608,16786978,2,jmp rax,jmp rax,ffe0,cpu,rjmp,False,268435458,0,['switch.0x010024ea'],,,,,,"[{'addr': 16786672, 'type': 'CODE'}, {'addr': 16786819, 'type': 'CODE'}, {'addr': 16786821, 'type': 'CODE'}, {'addr': 16786848, 'type': 'CODE'}, {'addr': 16786902, 'type': 'CODE'}, {'addr': 16786924, 'type': 'CODE'}, {'addr': 16786946, 'type': 'CODE'}]",c3dpdGNoIHRhYmxlICg3IGNhc2VzKSBhdCAweDEwMDA1ODQ=
16786668,"0x10024ee,rip,=",False,16786608,16786978,2,jmp 0x10024ee,jmp 0x10024ee,eb00,cpu,jmp,False,1,0,,,,16786670.0,,,"[{'addr': 16786670, 'type': 'CODE'}]",
16786670,"0x10024cb,rip,=",False,16786608,16786978,2,jmp 0x10024cb,jmp 0x10024cb,ebdb,cpu,jmp,False,1,0,,"[{'addr': 16786668, 'type': 'CODE'}, {'addr': 16786814, 'type': 'CODE'}, {'addr': 16786843, 'type': 'CODE'}, {'addr': 16786897, 'type': 'CODE'}, {'addr': 16786919, 'type': 'CODE'}, {'addr': 16786941, 'type': 'CODE'}, {'addr': 16786975, 'type': 'CODE'}]",,16786635.0,,,"[{'addr': 16786635, 'type': 'CODE'}]",
16786672,"0x38,rbp,-,[8],rax,=",True,16786608,16786976,4,"mov rax, qword [rbp - 0x38]","mov rax, qword [var_40h]",488b45c8,cpu,mov,False,9,0,['case.0x10024ea.0'],"[{'addr': 16786666, 'type': 'CODE'}]",,,,,,
16786676,"0x8,rbp,-,[8],rcx,=",True,16786608,16786976,4,"mov rcx, qword [rbp - 8]","mov rcx, qword [var_10h]",488b4df8,cpu,mov,False,9,0,,,,,,,,
16786680,"rcx,0x20,rbp,-,=[8]",True,16786608,16786976,4,"mov qword [rbp - 0x20], rcx","mov qword [var_28h], rcx",48894de0,cpu,mov,False,268435465,0,,,,,,,,
16786684,"0x20,rbp,-,[8],rcx,=",True,16786608,16786976,4,"mov rcx, qword [rbp - 0x20]","mov rcx, qword [var_28h]",488b4de0,cpu,mov,False,9,0,,,,,,,,
16786688,"0,5,!,!,?{,1,5,-,rcx,<<,0x8000000000000000,&,!,!,^,},5,rcx,<<=,$z,zf,:=,$p,pf,:=,63,$s,sf,:=,cf,=",False,16786608,16786976,4,"shl rcx, 5","shl rcx, 5",48c1e105,cpu,shl,False,23,0,,,,,,,,
16786692,"rcx,rax,+,[16],xmm2,=",True,16786608,16786976,4,"movups xmm2, xmmword [rax + rcx]","movups xmm2, xmmword [rax + rcx]",0f101408,sse,mov,False,9,0,,,,,,,,
16786696,"0x10,rcx,rax,+,+,[16],xmm3,=",True,16786608,16786975,5,"movups xmm3, xmmword [rax + rcx + 0x10]","movups xmm3, xmmword [rax + rcx + 0x10]",0f105c0810,sse,mov,False,9,0,,,,,,,,
16786701,"0x1dc4,rip,-,[16],xmm4,=",True,16786608,16786973,7,"movaps xmm4, xmmword [rip - 0x1dc4]","movaps xmm4, xmmword [data.01000750]",0f28253ce2ffff,sse,mov,False,9,0,,,,,,16779088.0,"[{'addr': 16779088, 'type': 'DATA'}]",
16786708,"xmm3,xmm1,=",False,16786608,16786977,3,"movaps xmm1, xmm3","movaps xmm1, xmm3",0f28cb,sse,mov,False,9,0,,,,,,,,
16786711,,False,16786608,16786976,4,"pandn xmm1, xmm4","pandn xmm1, xmm4",660fdfcc,sse,null,False,0,0,,,,,,,,
16786715,"xmm2,xmm0,=",False,16786608,16786977,3,"movaps xmm0, xmm2","movaps xmm0, xmm2",0f28c2,sse,mov,False,9,0,,,,,,,,
16786718,,False,16786608,16786976,4,"pandn xmm0, xmm4","pandn xmm0, xmm4",660fdfc4,sse,null,False,0,0,,,,,,,,
16786722,,False,16786608,16786976,4,"paddd xmm2, xmm3","paddd xmm2, xmm3",660ffed3,sse,add,False,17,0,,,,,,,,
16786726,,False,16786608,16786975,5,"pshufd xmm3, xmm2, 0xee","pshufd xmm3, xmm2, 0xee",660f70daee,sse,null,False,0,0,,,,,,,,
16786731,,False,16786608,16786976,4,"paddd xmm2, xmm3","paddd xmm2, xmm3",660ffed3,sse,add,False,17,0,,,,,,,,
16786735,,False,16786608,16786975,5,"pshufd xmm3, xmm2, 0x55","pshufd xmm3, xmm2, 0x55",660f70da55,sse,null,False,0,0,,,,,,,,
16786740,,False,16786608,16786976,4,"paddd xmm2, xmm3","paddd xmm2, xmm3",660ffed3,sse,add,False,17,0,,,,,,,,
16786744,"xmm2l,0x14,rbp,-,=[4]",True,16786608,16786975,5,"movd dword [rbp - 0x14], xmm2","movd dword [var_1ch], xmm2",660f7e55ec,sse,mov,False,268435465,0,,,,,,,,
16786749,,False,16786608,16786976,4,"paddd xmm0, xmm1","paddd xmm0, xmm1",660ffec1,sse,add,False,17,0,,,,,,,,
16786753,,False,16786608,16786975,5,"pshufd xmm1, xmm0, 0xee","pshufd xmm1, xmm0, 0xee",660f70c8ee,sse,null,False,0,0,,,,,,,,
16786758,,False,16786608,16786976,4,"paddd xmm0, xmm1","paddd xmm0, xmm1",660ffec1,sse,add,False,17,0,,,,,,,,
16786762,,False,16786608,16786975,5,"pshufd xmm1, xmm0, 0x55","pshufd xmm1, xmm0, 0x55",660f70c855,sse,null,False,0,0,,,,,,,,
16786767,,False,16786608,16786976,4,"paddd xmm0, xmm1","paddd xmm0, xmm1",660ffec1,sse,add,False,17,0,,,,,,,,
16786771,"xmm0l,eax,=",False,16786608,16786976,4,"movd eax, xmm0","movd eax, xmm0",660f7ec0,sse,mov,False,9,0,,,,,,,,
16786775,"0x14,rbp,-,[4],rcx,=",True,16786608,16786977,3,"mov ecx, dword [rbp - 0x14]","mov ecx, dword [var_1ch]",8b4dec,cpu,mov,False,9,0,,,,,,,,
16786778,"301,ecx,-=,301,0x80000000,-,!,31,$o,^,of,:=,31,$s,sf,:=,$z,zf,:=,$p,pf,:=,32,$b,cf,:=,3,$b,af,:=",False,16786608,16786974,6,"sub ecx, 0x12d","sub ecx, 0x12d",81e92d010000,cpu,sub,False,18,0,,,301.0,,,301.0,,
16786784,"sf,of,^,!,dl,=",False,16786608,16786977,3,setge dl,setge dl,0f9dc2,cpu,cmov,False,2147483657,0,,,,,,,,
16786787,"5,eax,-=,5,0x80000000,-,!,31,$o,^,of,:=,31,$s,sf,:=,$z,zf,:=,$p,pf,:=,32,$b,cf,:=,3,$b,af,:=",False,16786608,16786977,3,"sub eax, 5","sub eax, 5",83e805,cpu,sub,False,18,0,,,5.0,,,,,
16786790,"cf,!,al,=",False,16786608,16786977,3,setae al,setae al,0f93c0,cpu,cmov,False,2147483657,0,,,,,,,,
16786793,"al,dl,&=,$z,zf,:=,$p,pf,:=,7,$s,sf,:=,0,cf,:=,0,of,:=",False,16786608,16786978,2,"and dl, al","and dl, al",20c2,cpu,and,False,27,0,,,,,,,,
16786795,"3,rax,=",False,16786608,16786975,5,"mov eax, 3","mov eax, 3",b803000000,cpu,mov,False,9,0,,,3.0,,,,,
16786800,"2,rcx,=",False,16786608,16786975,5,"mov ecx, 2","mov ecx, 2",b902000000,cpu,mov,False,9,0,,,2.0,,,,,
16786805,"0,1,dl,&,==,$z,zf,:=,$p,pf,:=,7,$s,sf,:=,0,cf,:=,0,of,:=",False,16786608,16786977,3,"test dl, 1","test dl, 1",f6c201,cpu,acmp,False,16,0,,,1.0,,,1.0,,
16786808,"zf,!,?{,ecx,eax,=,}",False,16786608,16786977,3,"cmovne eax, ecx","cmovne eax, ecx",0f45c1,cpu,cmov,False,2147483657,0,,,,,,,,
16786811,"eax,0x24,rbp,-,=[4]",True,16786608,16786977,3,"mov dword [rbp - 0x24], eax","mov dword [var_2ch], eax",8945dc,cpu,mov,False,268435465,0,,,,,,,,
16786814,"0x10024ee,rip,=",False,16786608,16786975,5,jmp 0x10024ee,jmp 0x10024ee,e96bffffff,cpu,jmp,False,1,0,,,,16786670.0,,,"[{'addr': 16786670, 'type': 'CODE'}]",
16786819,"rsp,[8],8,rsp,+=,rbp,=",False,16786608,16786979,1,pop rbp,pop rbp,5d,cpu,pop,False,14,0,['case.0x10024ea.1'],"[{'addr': 16786666, 'type': 'CODE'}]",,,,,,
16786820,"rsp,[8],rip,=,8,rsp,+=",False,16786608,16786979,1,ret,ret,c3,cpu,ret,False,5,0,,,,,,,,
16786821,"0x30,rbp,-,[8],rax,=",True,16786608,16786976,4,"mov rax, qword [rbp - 0x30]","mov rax, qword [var_38h]",488b45d0,cpu,mov,False,9,0,['case.0x10024ea.2'],"[{'addr': 16786666, 'type': 'CODE'}]",,,,,,
16786825,"0x20,rbp,-,[8],rcx,=",True,16786608,16786976,4,"mov rcx, qword [rbp - 0x20]","mov rcx, qword [var_28h]",488b4de0,cpu,mov,False,9,0,,,,,,,,
16786829,"1,rcx,4,*,rax,+,=[4]",True,16786608,16786973,7,"mov dword [rax + rcx*4], 1","mov dword [rax + rcx*4], 1",c7048801000000,cpu,mov,False,9,0,,,1.0,,,,,
16786836,"6,0x24,rbp,-,=[4]",True,16786608,16786973,7,"mov dword [rbp - 0x24], 6","mov dword [var_2ch], 6",c745dc06000000,cpu,mov,False,268435465,0,,,6.0,,,,,
16786843,"0x10024ee,rip,=",False,16786608,16786975,5,jmp 0x10024ee,jmp 0x10024ee,e94effffff,cpu,jmp,False,1,0,,,,16786670.0,,,"[{'addr': 16786670, 'type': 'CODE'}]",
16786848,"0x14,rbp,-,[4],rax,=",True,16786608,16786977,3,"mov eax, dword [rbp - 0x14]","mov eax, dword [var_1ch]",8b45ec,cpu,mov,False,9,0,['case.0x10024ea.3'],"[{'addr': 16786666, 'type': 'CODE'}]",,,,,,
16786851,"7,rcx,=",False,16786608,16786975,5,"mov ecx, 7","mov ecx, 7",b907000000,cpu,mov,False,9,0,,,7.0,,,,,
16786856,"0,edx,=,31,eax,>>,?{,0xffffffff,edx,=,}",False,16786608,16786979,1,cdq,cdq,99,cpu,null,False,0,0,,,,,,,,
16786857,"32,ecx,~,32,edx,<<,eax,+,~%,32,ecx,~,32,edx,<<,eax,+,~/,eax,=,edx,=",False,16786608,16786978,2,idiv ecx,idiv ecx,f7f9,cpu,div,False,21,0,,,,,,,,
16786859,"0x30,rbp,-,[8],rax,=",True,16786608,16786976,4,"mov rax, qword [rbp - 0x30]","mov rax, qword [var_38h]",488b45d0,cpu,mov,False,9,0,,,,,,,,
16786863,"0x20,rbp,-,[8],rcx,=",True,16786608,16786976,4,"mov rcx, qword [rbp - 0x20]","mov rcx, qword [var_28h]",488b4de0,cpu,mov,False,9,0,,,,,,,,
16786867,"0,2,!,!,?{,1,2,-,rcx,<<,0x8000000000000000,&,!,!,^,},2,rcx,<<=,$z,zf,:=,$p,pf,:=,63,$s,sf,:=,cf,=",False,16786608,16786976,4,"shl rcx, 2","shl rcx, 2",48c1e102,cpu,shl,False,23,0,,,,,,,,
16786871,"rcx,rax,+=,63,$o,of,:=,63,$s,sf,:=,$z,zf,:=,63,$c,cf,:=,$p,pf,:=,3,$c,af,:=",False,16786608,16786977,3,"add rax, rcx","add rax, rcx",4801c8,cpu,add,False,17,0,,,,,,,,
16786874,"rax,0x10,rbp,-,=[8]",True,16786608,16786976,4,"mov qword [rbp - 0x10], rax","mov qword [var_18h], rax",488945f0,cpu,mov,False,268435465,0,,,,,,,,
16786878,"5,rax,=",False,16786608,16786975,5,"mov eax, 5","mov eax, 5",b805000000,cpu,mov,False,9,0,,,5.0,,,,,
16786883,"4,rcx,=",False,16786608,16786975,5,"mov ecx, 4","mov ecx, 4",b904000000,cpu,mov,False,9,0,,,4.0,,,,,
16786888,"0,edx,==,$z,zf,:=,32,$b,cf,:=,$p,pf,:=,31,$s,sf,:=,0,0x80000000,-,!,31,$o,^,of,:=,3,$b,af,:=",False,16786608,16786977,3,"cmp edx, 0","cmp edx, 0",83fa00,cpu,cmp,False,15,0,,,0.0,,,0.0,,
16786891,"zf,?{,ecx,eax,=,}",False,16786608,16786977,3,"cmove eax, ecx","cmove eax, ecx",0f44c1,cpu,cmov,False,2147483657,0,,,,,,,,
16786894,"eax,0x24,rbp,-,=[4]",True,16786608,16786977,3,"mov dword [rbp - 0x24], eax","mov dword [var_2ch], eax",8945dc,cpu,mov,False,268435465,0,,,,,,,,
16786897,"0x10024ee,rip,=",False,16786608,16786975,5,jmp 0x10024ee,jmp 0x10024ee,e918ffffff,cpu,jmp,False,1,0,,,,16786670.0,,,"[{'addr': 16786670, 'type': 'CODE'}]",
16786902,"0x10,rbp,-,[8],rax,=",True,16786608,16786976,4,"mov rax, qword [rbp - 0x10]","mov rax, qword [var_18h]",488b45f0,cpu,mov,False,9,0,['case.0x10024ea.4'],"[{'addr': 16786666, 'type': 'CODE'}]",,,,,,
16786906,"2,rax,=[4]",True,16786608,16786974,6,"mov dword [rax], 2","mov dword [rax], 2",c70002000000,cpu,mov,False,9,0,,,2.0,,,,,
16786912,"6,0x24,rbp,-,=[4]",True,16786608,16786973,7,"mov dword [rbp - 0x24], 6","mov dword [var_2ch], 6",c745dc06000000,cpu,mov,False,268435465,0,,,6.0,,,,,
16786919,"0x10024ee,rip,=",False,16786608,16786975,5,jmp 0x10024ee,jmp 0x10024ee,e902ffffff,cpu,jmp,False,1,0,,,,16786670.0,,,"[{'addr': 16786670, 'type': 'CODE'}]",
16786924,"0x10,rbp,-,[8],rax,=",True,16786608,16786976,4,"mov rax, qword [rbp - 0x10]","mov rax, qword [var_18h]",488b45f0,cpu,mov,False,9,0,['case.0x10024ea.5'],"[{'addr': 16786666, 'type': 'CODE'}]",,,,,,
16786928,"0,rax,=[4]",True,16786608,16786974,6,"mov dword [rax], 0","mov dword [rax], 0",c70000000000,cpu,mov,False,9,0,,,0.0,,,,,
16786934,"6,0x24,rbp,-,=[4]",True,16786608,16786973,7,"mov dword [rbp - 0x24], 6","mov dword [var_2ch], 6",c745dc06000000,cpu,mov,False,268435465,0,,,6.0,,,,,
16786941,"0x10024ee,rip,=",False,16786608,16786975,5,jmp 0x10024ee,jmp 0x10024ee,e9ecfeffff,cpu,jmp,False,1,0,,,,16786670.0,,,"[{'addr': 16786670, 'type': 'CODE'}]",
16786946,"0x20,rbp,-,[8],rax,=",True,16786608,16786976,4,"mov rax, qword [rbp - 0x20]","mov rax, qword [var_28h]",488b45e0,cpu,mov,False,9,0,['case.0x10024ea.6'],"[{'addr': 16786666, 'type': 'CODE'}]",,,,,,
16786950,"1,rax,+=,63,$o,of,:=,63,$s,sf,:=,$z,zf,:=,63,$c,cf,:=,$p,pf,:=,3,$c,af,:=",False,16786608,16786976,4,"add rax, 1","add rax, 1",4883c001,cpu,add,False,17,0,,,1.0,,,,,
16786954,"ecx,rcx,^,0xffffffff,&,rcx,=,$z,zf,:=,$p,pf,:=,31,$s,sf,:=,0,cf,:=,0,of,:=",False,16786608,16786978,2,"xor ecx, ecx","xor ecx, ecx",31c9,cpu,xor,False,28,0,,,,,,,,
16786956,"1,rdx,=",False,16786608,16786975,5,"mov edx, 1","mov edx, 1",ba01000000,cpu,mov,False,9,0,,,1.0,,,,,
16786961,"8,rax,==,$z,zf,:=,64,$b,cf,:=,$p,pf,:=,63,$s,sf,:=,8,0x8000000000000000,-,!,63,$o,^,of,:=,3,$b,af,:=",False,16786608,16786976,4,"cmp rax, 8","cmp rax, 8",4883f808,cpu,cmp,False,15,0,,,8.0,,,8.0,,
16786965,"zf,?{,edx,ecx,=,}",False,16786608,16786977,3,"cmove ecx, edx","cmove ecx, edx",0f44ca,cpu,cmov,False,2147483657,0,,,,,,,,
16786968,"ecx,0x24,rbp,-,=[4]",True,16786608,16786977,3,"mov dword [rbp - 0x24], ecx","mov dword [var_2ch], ecx",894ddc,cpu,mov,False,268435465,0,,,,,,,,
16786971,"rax,0x8,rbp,-,=[8]",True,16786608,16786976,4,"mov qword [rbp - 8], rax","mov qword [var_10h], rax",488945f8,cpu,mov,False,268435465,0,,,,,,,,
16786975,"0x10024ee,rip,=",False,16786608,16786975,5,jmp 0x10024ee,jmp 0x10024ee,e9cafeffff,cpu,jmp,False,1,0,,,,16786670.0,,,"[{'addr': 16786670, 'type': 'CODE'}]",
