offset,esil,refptr,fcn_addr,fcn_last,size,opcode,disasm,bytes,family,type,reloc,type_num,type2_num,flags,xrefs_to,val,jump,fail,xrefs_from,ptr
16784032,"rbp,8,rsp,-,=[8],8,rsp,-=",False,16784032,16784559,1,push rbp,push rbp,55,cpu,rpush,False,268435468,0,['sym.run'],"[{'addr': 16784020, 'type': 'CALL'}]",,,,,
16784033,"rsp,rbp,=",False,16784032,16784557,3,"mov rbp, rsp","mov rbp, rsp",4889e5,cpu,mov,False,9,0,,,,,,,
16784036,"416,rsp,-=,416,0x8000000000000000,-,!,63,$o,^,of,:=,63,$s,sf,:=,$z,zf,:=,$p,pf,:=,64,$b,cf,:=,3,$b,af,:=",False,16784032,16784553,7,"sub rsp, 0x1a0","sub rsp, 0x1a0",4881eca0010000,cpu,sub,False,18,0,,,416.0,,,,
16784043,"edi,0x15c,rbp,-,=[4]",True,16784032,16784554,6,"mov dword [rbp - 0x15c], edi","mov dword [var_164h], edi",89bda4feffff,cpu,mov,False,268435465,0,,,,,,,
16784049,"rsi,0x158,rbp,-,=[8]",True,16784032,16784553,7,"mov qword [rbp - 0x158], rsi","mov qword [endptr], rsi",4889b5a8feffff,cpu,mov,False,268435465,0,,,,,,,
16784056,"0,0x4,rbp,-,=[4]",True,16784032,16784553,7,"mov dword [rbp - 4], 0","mov dword [var_ch], 0",c745fc00000000,cpu,mov,False,268435465,0,,,0.0,,,,
16784063,"0x4,rbp,-,[4],rax,=",True,16784032,16784557,3,"mov eax, dword [rbp - 4]","mov eax, dword [var_ch]",8b45fc,cpu,mov,False,9,0,,"[{'addr': 16784106, 'type': 'CODE'}]",,,,,
16784066,"eax,0x160,rbp,-,=[4]",True,16784032,16784554,6,"mov dword [rbp - 0x160], eax","mov dword [var_168h], eax",8985a0feffff,cpu,mov,False,268435465,0,,,,,,,
16784072,"0,eax,eax,&,==,$z,zf,:=,$p,pf,:=,31,$s,sf,:=,0,cf,:=,0,of,:=",False,16784032,16784558,2,"test eax, eax","test eax, eax",85c0,cpu,acmp,False,16,0,,,,,,,
16784074,"zf,?{,16784108,rip,=,}",False,16784032,16784558,2,je 0x1001aec,je 0x1001aec,7420,cpu,cjmp,False,2147483649,0,,,,16784108.0,16784076.0,,
16784076,"0x1001ace,rip,=",False,16784032,16784558,2,jmp 0x1001ace,jmp 0x1001ace,eb00,cpu,jmp,False,1,0,,,,16784078.0,,"[{'addr': 16784078, 'type': 'CODE'}]",
16784078,"0x160,rbp,-,[4],rax,=",True,16784032,16784554,6,"mov eax, dword [rbp - 0x160]","mov eax, dword [var_168h]",8b85a0feffff,cpu,mov,False,9,0,,"[{'addr': 16784076, 'type': 'CODE'}]",,,,,
16784084,"1,eax,-=,1,0x80000000,-,!,31,$o,^,of,:=,31,$s,sf,:=,$z,zf,:=,$p,pf,:=,32,$b,cf,:=,3,$b,af,:=",False,16784032,16784557,3,"sub eax, 1","sub eax, 1",83e801,cpu,sub,False,18,0,,,1.0,,,,
16784087,"zf,?{,16784135,rip,=,}",False,16784032,16784558,2,je 0x1001b07,je 0x1001b07,742e,cpu,cjmp,False,2147483649,0,,,,16784135.0,16784089.0,,
16784089,"0x1001adb,rip,=",False,16784032,16784558,2,jmp 0x1001adb,jmp 0x1001adb,eb00,cpu,jmp,False,1,0,,,,16784091.0,,"[{'addr': 16784091, 'type': 'CODE'}]",
16784091,"0x160,rbp,-,[4],rax,=",True,16784032,16784554,6,"mov eax, dword [rbp - 0x160]","mov eax, dword [var_168h]",8b85a0feffff,cpu,mov,False,9,0,,"[{'addr': 16784089, 'type': 'CODE'}]",,,,,
16784097,"2,eax,-=,2,0x80000000,-,!,31,$o,^,of,:=,31,$s,sf,:=,$z,zf,:=,$p,pf,:=,32,$b,cf,:=,3,$b,af,:=",False,16784032,16784557,3,"sub eax, 2","sub eax, 2",83e802,cpu,sub,False,18,0,,,2.0,,,,
16784100,"zf,?{,16784166,rip,=,}",False,16784032,16784558,2,je 0x1001b26,je 0x1001b26,7440,cpu,cjmp,False,2147483649,0,,,,16784166.0,16784102.0,,
16784102,"0x1001ae8,rip,=",False,16784032,16784558,2,jmp 0x1001ae8,jmp 0x1001ae8,eb00,cpu,jmp,False,1,0,,,,16784104.0,,"[{'addr': 16784104, 'type': 'CODE'}]",
16784104,"0x1001aea,rip,=",False,16784032,16784558,2,jmp 0x1001aea,jmp 0x1001aea,eb00,cpu,jmp,False,1,0,,"[{'addr': 16784102, 'type': 'CODE'}]",,16784106.0,,"[{'addr': 16784106, 'type': 'CODE'}]",
16784106,"0x1001abf,rip,=",False,16784032,16784558,2,jmp 0x1001abf,jmp 0x1001abf,ebd3,cpu,jmp,False,1,0,,"[{'addr': 16784104, 'type': 'CODE'}, {'addr': 16784133, 'type': 'CODE'}]",,16784063.0,,"[{'addr': 16784063, 'type': 'CODE'}]",
16784108,"0x15c,rbp,-,[4],rdx,=",True,16784032,16784554,6,"mov edx, dword [rbp - 0x15c]","mov edx, dword [var_164h]",8b95a4feffff,cpu,mov,False,9,0,,,,,,,
16784114,"1,rax,=",False,16784032,16784555,5,"mov eax, 1","mov eax, 1",b801000000,cpu,mov,False,9,0,,,1.0,,,,
16784119,"2,rcx,=",False,16784032,16784555,5,"mov ecx, 2","mov ecx, 2",b902000000,cpu,mov,False,9,0,,,2.0,,,,
16784124,"5,edx,==,$z,zf,:=,32,$b,cf,:=,$p,pf,:=,31,$s,sf,:=,5,0x80000000,-,!,31,$o,^,of,:=,3,$b,af,:=",False,16784032,16784557,3,"cmp edx, 5","cmp edx, 5",83fa05,cpu,cmp,False,15,0,,,5.0,,,,5.0
16784127,"zf,?{,ecx,eax,=,}",False,16784032,16784557,3,"cmove eax, ecx","cmove eax, ecx",0f44c1,cpu,cmov,False,2147483657,0,,,,,,,
16784130,"eax,0x4,rbp,-,=[4]",True,16784032,16784557,3,"mov dword [rbp - 4], eax","mov dword [var_ch], eax",8945fc,cpu,mov,False,268435465,0,,,,,,,
16784133,"0x1001aea,rip,=",False,16784032,16784558,2,jmp 0x1001aea,jmp 0x1001aea,ebe3,cpu,jmp,False,1,0,,,,16784106.0,,"[{'addr': 16784106, 'type': 'CODE'}]",
16784135,"0x158,rbp,-,[8],rax,=",True,16784032,16784553,7,"mov rax, qword [rbp - 0x158]","mov rax, qword [endptr]",488b85a8feffff,cpu,mov,False,9,0,,,,,,,
16784142,"rax,[8],rsi,=",True,16784032,16784557,3,"mov rsi, qword [rax]","mov rsi, qword [rax]",488b30,cpu,mov,False,9,0,,,,,,,
16784145,"0x1328,rip,-,rdi,=",True,16784032,16784553,7,"lea rdi, [rip - 0x1328]","lea rdi, str.Usage:__s__int1___int2___int3___int4",488d3dd8ecffff,cpu,lea,False,33,0,,,,,,"[{'addr': 16779248, 'type': 'DATA'}]",16779248.0
16784152,"0,al,=",False,16784032,16784558,2,"mov al, 0","mov al, 0",b000,cpu,mov,False,9,0,,,0.0,,,,
16784154,"16792128,rip,8,rsp,-=,rsp,=[],rip,=",False,16784032,16784555,5,call 0x1003a40,call sym.imp.printf,e8211f0000,cpu,call,False,3,0,,,,16792128.0,16784159.0,"[{'addr': 16792128, 'type': 'CALL'}]",
16784159,"edi,rdi,^,0xffffffff,&,rdi,=,$z,zf,:=,$p,pf,:=,31,$s,sf,:=,0,cf,:=,0,of,:=",False,16784032,16784558,2,"xor edi, edi","xor edi, edi",31ff,cpu,xor,False,28,0,,,,,,,
16784161,"16792144,rip,8,rsp,-=,rsp,=[],rip,=",False,16784032,16784555,5,call 0x1003a50,call sym.imp.exit,e82a1f0000,cpu,call,False,3,0,,,,16792144.0,16784166.0,"[{'addr': 16792144, 'type': 'CALL'}]",
16784166,"0x158,rbp,-,[8],rax,=",True,16784032,16784553,7,"mov rax, qword [rbp - 0x158]","mov rax, qword [endptr]",488b85a8feffff,cpu,mov,False,9,0,,,,,,,
16784173,"0x8,rax,+,[8],rdi,=",True,16784032,16784556,4,"mov rdi, qword [rax + 8]","mov rdi, qword [rax + 8]",488b7808,cpu,mov,False,9,0,,,,,,,
16784177,"eax,rax,^,0xffffffff,&,rax,=,$z,zf,:=,$p,pf,:=,31,$s,sf,:=,0,cf,:=,0,of,:=",False,16784032,16784558,2,"xor eax, eax","xor eax, eax",31c0,cpu,xor,False,28,0,,,,,,,
16784179,"eax,rsi,=",False,16784032,16784558,2,"mov esi, eax","mov esi, eax",89c6,cpu,mov,False,9,0,,,,,,,
16784181,"rsi,0x1a0,rbp,-,=[8]",True,16784032,16784553,7,"mov qword [rbp - 0x1a0], rsi","mov qword [var_1a8h], rsi",4889b560feffff,cpu,mov,False,268435465,0,,,,,,,
16784188,"10,rdx,=",False,16784032,16784555,5,"mov edx, 0xa","mov edx, 0xa",ba0a000000,cpu,mov,False,9,0,,,10.0,,,,
16784193,"edx,0x194,rbp,-,=[4]",True,16784032,16784554,6,"mov dword [rbp - 0x194], edx","mov dword [base], edx",89956cfeffff,cpu,mov,False,268435465,0,,,,,,,
16784199,"16792160,rip,8,rsp,-=,rsp,=[],rip,=",False,16784032,16784555,5,call 0x1003a60,call sym.imp.strtol,e8141f0000,cpu,call,False,3,0,,,,16792160.0,16784204.0,"[{'addr': 16792160, 'type': 'CALL'}]",
16784204,"0x1a0,rbp,-,[8],rsi,=",True,16784032,16784553,7,"mov rsi, qword [rbp - 0x1a0]","mov rsi, qword [var_1a8h]",488bb560feffff,cpu,mov,False,9,0,,,,,,,
16784211,"0x194,rbp,-,[4],rdx,=",True,16784032,16784554,6,"mov edx, dword [rbp - 0x194]","mov edx, dword [base]",8b956cfeffff,cpu,mov,False,9,0,,,,,,,
16784217,"rax,rcx,=",False,16784032,16784557,3,"mov rcx, rax","mov rcx, rax",4889c1,cpu,mov,False,9,0,,,,,,,
16784220,"0x158,rbp,-,[8],rax,=",True,16784032,16784553,7,"mov rax, qword [rbp - 0x158]","mov rax, qword [endptr]",488b85a8feffff,cpu,mov,False,9,0,,,,,,,
16784227,"ecx,0x190,rbp,-,=[4]",True,16784032,16784554,6,"mov dword [rbp - 0x190], ecx","mov dword [base + 0x4], ecx",898d70feffff,cpu,mov,False,268435465,0,,,,,,,
16784233,"0x10,rax,+,[8],rdi,=",True,16784032,16784556,4,"mov rdi, qword [rax + 0x10]","mov rdi, qword [rax + 0x10]",488b7810,cpu,mov,False,9,0,,,,,,,
16784237,"16792160,rip,8,rsp,-=,rsp,=[],rip,=",False,16784032,16784555,5,call 0x1003a60,call sym.imp.strtol,e8ee1e0000,cpu,call,False,3,0,,,,16792160.0,16784242.0,"[{'addr': 16792160, 'type': 'CALL'}]",
16784242,"0x1a0,rbp,-,[8],rsi,=",True,16784032,16784553,7,"mov rsi, qword [rbp - 0x1a0]","mov rsi, qword [var_1a8h]",488bb560feffff,cpu,mov,False,9,0,,,,,,,
16784249,"0x194,rbp,-,[4],rdx,=",True,16784032,16784554,6,"mov edx, dword [rbp - 0x194]","mov edx, dword [base]",8b956cfeffff,cpu,mov,False,9,0,,,,,,,
16784255,"rax,rcx,=",False,16784032,16784557,3,"mov rcx, rax","mov rcx, rax",4889c1,cpu,mov,False,9,0,,,,,,,
16784258,"0x158,rbp,-,[8],rax,=",True,16784032,16784553,7,"mov rax, qword [rbp - 0x158]","mov rax, qword [endptr]",488b85a8feffff,cpu,mov,False,9,0,,,,,,,
16784265,"ecx,0x18c,rbp,-,=[4]",True,16784032,16784554,6,"mov dword [rbp - 0x18c], ecx","mov dword [var_194h], ecx",898d74feffff,cpu,mov,False,268435465,0,,,,,,,
16784271,"0x18,rax,+,[8],rdi,=",True,16784032,16784556,4,"mov rdi, qword [rax + 0x18]","mov rdi, qword [rax + 0x18]",488b7818,cpu,mov,False,9,0,,,,,,,
16784275,"16792160,rip,8,rsp,-=,rsp,=[],rip,=",False,16784032,16784555,5,call 0x1003a60,call sym.imp.strtol,e8c81e0000,cpu,call,False,3,0,,,,16792160.0,16784280.0,"[{'addr': 16792160, 'type': 'CALL'}]",
16784280,"0x1a0,rbp,-,[8],rsi,=",True,16784032,16784553,7,"mov rsi, qword [rbp - 0x1a0]","mov rsi, qword [var_1a8h]",488bb560feffff,cpu,mov,False,9,0,,,,,,,
16784287,"0x194,rbp,-,[4],rdx,=",True,16784032,16784554,6,"mov edx, dword [rbp - 0x194]","mov edx, dword [base]",8b956cfeffff,cpu,mov,False,9,0,,,,,,,
16784293,"rax,rcx,=",False,16784032,16784557,3,"mov rcx, rax","mov rcx, rax",4889c1,cpu,mov,False,9,0,,,,,,,
16784296,"0x158,rbp,-,[8],rax,=",True,16784032,16784553,7,"mov rax, qword [rbp - 0x158]","mov rax, qword [endptr]",488b85a8feffff,cpu,mov,False,9,0,,,,,,,
16784303,"ecx,0x188,rbp,-,=[4]",True,16784032,16784554,6,"mov dword [rbp - 0x188], ecx","mov dword [var_190h], ecx",898d78feffff,cpu,mov,False,268435465,0,,,,,,,
16784309,"0x20,rax,+,[8],rdi,=",True,16784032,16784556,4,"mov rdi, qword [rax + 0x20]","mov rdi, qword [rax + 0x20]",488b7820,cpu,mov,False,9,0,,,,,,,
16784313,"16792160,rip,8,rsp,-=,rsp,=[],rip,=",False,16784032,16784555,5,call 0x1003a60,call sym.imp.strtol,e8a21e0000,cpu,call,False,3,0,,,,16792160.0,16784318.0,"[{'addr': 16792160, 'type': 'CALL'}]",
16784318,"0x190,rbp,-,[4],rsi,=",True,16784032,16784554,6,"mov esi, dword [rbp - 0x190]","mov esi, dword [base + 0x4]",8bb570feffff,cpu,mov,False,9,0,,,,,,,
16784324,"eax,0x184,rbp,-,=[4]",True,16784032,16784554,6,"mov dword [rbp - 0x184], eax","mov dword [var_18ch], eax",89857cfeffff,cpu,mov,False,268435465,0,,,,,,,
16784330,"0x110,rbp,-,rdi,=",True,16784032,16784553,7,"lea rdi, [rbp - 0x110]","lea rdi, [var_118h]",488dbdf0feffff,cpu,lea,False,33,0,,,,,,,
16784337,"rdi,0x180,rbp,-,=[8]",True,16784032,16784553,7,"mov qword [rbp - 0x180], rdi","mov qword [var_188h], rdi",4889bd80feffff,cpu,mov,False,268435465,0,,,,,,,
16784344,"16784560,rip,8,rsp,-=,rsp,=[],rip,=",False,16784032,16784555,5,call 0x1001cb0,call sym.compute_matrix,e8d3000000,cpu,call,False,3,0,,,,16784560.0,16784349.0,"[{'addr': 16784560, 'type': 'CALL'}]",
16784349,"0x180,rbp,-,[8],rdi,=",True,16784032,16784553,7,"mov rdi, qword [rbp - 0x180]","mov rdi, qword [var_188h]",488bbd80feffff,cpu,mov,False,9,0,,,,,,,
16784356,"0x130,rbp,-,rsi,=",True,16784032,16784553,7,"lea rsi, [rbp - 0x130]","lea rsi, [var_138h]",488db5d0feffff,cpu,lea,False,33,0,,,,,,,
16784363,"rsi,0x178,rbp,-,=[8]",True,16784032,16784553,7,"mov qword [rbp - 0x178], rsi","mov qword [var_180h], rsi",4889b588feffff,cpu,mov,False,268435465,0,,,,,,,
16784370,"16786608,rip,8,rsp,-=,rsp,=[],rip,=",False,16784032,16784555,5,call 0x10024b0,call sym.analyze_sequences,e8b9080000,cpu,call,False,3,0,,,,16786608.0,16784375.0,"[{'addr': 16786608, 'type': 'CALL'}]",
16784375,"0x18c,rbp,-,[4],rsi,=",True,16784032,16784554,6,"mov esi, dword [rbp - 0x18c]","mov esi, dword [var_194h]",8bb574feffff,cpu,mov,False,9,0,,,,,,,
16784381,"0x180,rbp,-,[8],rdi,=",True,16784032,16784553,7,"mov rdi, qword [rbp - 0x180]","mov rdi, qword [var_188h]",488bbd80feffff,cpu,mov,False,9,0,,,,,,,
16784388,"16786992,rip,8,rsp,-=,rsp,=[],rip,=",False,16784032,16784555,5,call 0x1002630,call sym.scramble_data,e8270a0000,cpu,call,False,3,0,,,,16786992.0,16784393.0,"[{'addr': 16786992, 'type': 'CALL'}]",
16784393,"0x188,rbp,-,[4],rsi,=",True,16784032,16784554,6,"mov esi, dword [rbp - 0x188]","mov esi, dword [var_190h]",8bb578feffff,cpu,mov,False,9,0,,,,,,,
16784399,"0x178,rbp,-,[8],rdi,=",True,16784032,16784553,7,"mov rdi, qword [rbp - 0x178]","mov rdi, qword [var_180h]",488bbd88feffff,cpu,mov,False,9,0,,,,,,,
16784406,"16787536,rip,8,rsp,-=,rsp,=[],rip,=",False,16784032,16784555,5,call 0x1002850,call sym.mutate_flags,e8350c0000,cpu,call,False,3,0,,,,16787536.0,16784411.0,"[{'addr': 16787536, 'type': 'CALL'}]",
16784411,"0x184,rbp,-,[4],rsi,=",True,16784032,16784554,6,"mov esi, dword [rbp - 0x184]","mov esi, dword [var_18ch]",8bb57cfeffff,cpu,mov,False,9,0,,,,,,,
16784417,"0x180,rbp,-,[8],rdi,=",True,16784032,16784553,7,"mov rdi, qword [rbp - 0x180]","mov rdi, qword [var_188h]",488bbd80feffff,cpu,mov,False,9,0,,,,,,,
16784424,"16789056,rip,8,rsp,-=,rsp,=[],rip,=",False,16784032,16784555,5,call 0x1002e40,call sym.shift_values,e813120000,cpu,call,False,3,0,,,,16789056.0,16784429.0,"[{'addr': 16789056, 'type': 'CALL'}]",
16784429,"0x180,rbp,-,[8],rdi,=",True,16784032,16784553,7,"mov rdi, qword [rbp - 0x180]","mov rdi, qword [var_188h]",488bbd80feffff,cpu,mov,False,9,0,,,,,,,
16784436,"0x150,rbp,-,rsi,=",True,16784032,16784553,7,"lea rsi, [rbp - 0x150]","lea rsi, [var_158h]",488db5b0feffff,cpu,lea,False,33,0,,,,,,,
16784443,"rsi,0x170,rbp,-,=[8]",True,16784032,16784553,7,"mov qword [rbp - 0x170], rsi","mov qword [var_178h], rsi",4889b590feffff,cpu,mov,False,268435465,0,,,,,,,
16784450,"16789904,rip,8,rsp,-=,rsp,=[],rip,=",False,16784032,16784555,5,call 0x1003190,call sym.aggregate_columns,e849150000,cpu,call,False,3,0,,,,16789904.0,16784455.0,"[{'addr': 16789904, 'type': 'CALL'}]",
16784455,"0x178,rbp,-,[8],rdi,=",True,16784032,16784553,7,"mov rdi, qword [rbp - 0x178]","mov rdi, qword [var_180h]",488bbd88feffff,cpu,mov,False,9,0,,,,,,,
16784462,"0x170,rbp,-,[8],rsi,=",True,16784032,16784553,7,"mov rsi, qword [rbp - 0x170]","mov rsi, qword [var_178h]",488bb590feffff,cpu,mov,False,9,0,,,,,,,
16784469,"8,rdx,=",False,16784032,16784555,5,"mov edx, 8","mov edx, 8",ba08000000,cpu,mov,False,9,0,,,8.0,,,,
16784474,"edx,0x168,rbp,-,=[4]",True,16784032,16784554,6,"mov dword [rbp - 0x168], edx","mov dword [var_170h], edx",899598feffff,cpu,mov,False,268435465,0,,,,,,,
16784480,"16790288,rip,8,rsp,-=,rsp,=[],rip,=",False,16784032,16784555,5,call 0x1003310,call sym.deep_compare,e8ab160000,cpu,call,False,3,0,,,,16790288.0,16784485.0,"[{'addr': 16790288, 'type': 'CALL'}]",
16784485,"0x170,rbp,-,[8],rdi,=",True,16784032,16784553,7,"mov rdi, qword [rbp - 0x170]","mov rdi, qword [var_178h]",488bbd90feffff,cpu,mov,False,9,0,,,,,,,
16784492,"0x168,rbp,-,[4],rsi,=",True,16784032,16784554,6,"mov esi, dword [rbp - 0x168]","mov esi, dword [var_170h]",8bb598feffff,cpu,mov,False,9,0,,,,,,,
16784498,"eax,0x164,rbp,-,=[4]",True,16784032,16784554,6,"mov dword [rbp - 0x164], eax","mov dword [var_16ch], eax",89859cfeffff,cpu,mov,False,268435465,0,,,,,,,
16784504,"3,rdx,=",False,16784032,16784555,5,"mov edx, 3","mov edx, 3",ba03000000,cpu,mov,False,9,0,,,3.0,,,,
16784509,"16790576,rip,8,rsp,-=,rsp,=[],rip,=",False,16784032,16784555,5,call 0x1003430,call sym.recursive_map,e8ae170000,cpu,call,False,3,0,,,,16790576.0,16784514.0,"[{'addr': 16790576, 'type': 'CALL'}]",
16784514,"0x170,rbp,-,[8],rdi,=",True,16784032,16784553,7,"mov rdi, qword [rbp - 0x170]","mov rdi, qword [var_178h]",488bbd90feffff,cpu,mov,False,9,0,,,,,,,
16784521,"0x168,rbp,-,[4],rsi,=",True,16784032,16784554,6,"mov esi, dword [rbp - 0x168]","mov esi, dword [var_170h]",8bb598feffff,cpu,mov,False,9,0,,,,,,,
16784527,"16791776,rip,8,rsp,-=,rsp,=[],rip,=",False,16784032,16784555,5,call 0x10038e0,call sym.summarize_output,e84c1c0000,cpu,call,False,3,0,,,,16791776.0,16784532.0,"[{'addr': 16791776, 'type': 'CALL'}]",
16784532,"0x164,rbp,-,[4],rsi,=",True,16784032,16784554,6,"mov esi, dword [rbp - 0x164]","mov esi, dword [var_16ch]",8bb59cfeffff,cpu,mov,False,9,0,,,,,,,
16784538,"0x148a,rip,-,rdi,=",True,16784032,16784553,7,"lea rdi, [rip - 0x148a]","lea rdi, str.Comparison_Result:__d",488d3d76ebffff,cpu,lea,False,33,0,,,,,,"[{'addr': 16779287, 'type': 'DATA'}]",16779287.0
16784545,"eax,rax,^,0xffffffff,&,rax,=,$z,zf,:=,$p,pf,:=,31,$s,sf,:=,0,cf,:=,0,of,:=",False,16784032,16784558,2,"xor eax, eax","xor eax, eax",31c0,cpu,xor,False,28,0,,,,,,,
16784547,"416,rsp,+=,63,$o,of,:=,63,$s,sf,:=,$z,zf,:=,63,$c,cf,:=,$p,pf,:=,3,$c,af,:=",False,16784032,16784553,7,"add rsp, 0x1a0","add rsp, 0x1a0",4881c4a0010000,cpu,add,False,17,0,,,416.0,,,,
16784554,"rsp,[8],8,rsp,+=,rbp,=",False,16784032,16784559,1,pop rbp,pop rbp,5d,cpu,pop,False,14,0,,,,,,,
16784555,"0x1003a40,rip,=",False,16784032,16784555,5,jmp 0x1003a40,jmp sym.imp.printf,e9901d0000,cpu,jmp,False,1,0,,,,16792128.0,,"[{'addr': 16792128, 'type': 'CODE'}]",
