offset,esil,refptr,fcn_addr,fcn_last,size,opcode,disasm,bytes,family,type,reloc,type_num,type2_num,flags,xrefs_to,val,ptr,xrefs_from,jump,fail,comment
16791776,"rbp,8,rsp,-,=[8],8,rsp,-=",False,16791776,16791977,1,push rbp,push rbp,55,cpu,rpush,False,268435468,0,['sym.summarize_output'],"[{'addr': 16784527, 'type': 'CALL'}]",,,,,,
16791777,"rsp,rbp,=",False,16791776,16791975,3,"mov rbp, rsp","mov rbp, rsp",4889e5,cpu,mov,False,9,0,,,,,,,,
16791780,"48,rsp,-=,48,0x8000000000000000,-,!,63,$o,^,of,:=,63,$s,sf,:=,$z,zf,:=,$p,pf,:=,64,$b,cf,:=,3,$b,af,:=",False,16791776,16791974,4,"sub rsp, 0x30","sub rsp, 0x30",4883ec30,cpu,sub,False,18,0,,,48.0,,,,,
16791784,"rdi,0x20,rbp,-,=[8]",True,16791776,16791974,4,"mov qword [rbp - 0x20], rdi","mov qword [var_28h], rdi",48897de0,cpu,mov,False,268435465,0,,,,,,,,
16791788,"esi,0x18,rbp,-,=[4]",True,16791776,16791975,3,"mov dword [rbp - 0x18], esi","mov dword [var_20h], esi",8975e8,cpu,mov,False,268435465,0,,,,,,,,
16791791,"0x30c4,rip,-,rdi,=",True,16791776,16791971,7,"lea rdi, [rip - 0x30c4]","lea rdi, str.Column_Summary:",488d3d3ccfffff,cpu,lea,False,33,0,,,,16779314.0,"[{'addr': 16779314, 'type': 'DATA'}]",,,
16791798,"16792176,rip,8,rsp,-=,rsp,=[],rip,=",False,16791776,16791973,5,call 0x1003a70,call sym.imp.puts,e875010000,cpu,call,False,3,0,,,,,"[{'addr': 16792176, 'type': 'CALL'}]",16792176.0,16791803.0,
16791803,"0,0x14,rbp,-,=[4]",True,16791776,16791971,7,"mov dword [rbp - 0x14], 0","mov dword [var_1ch], 0",c745ec00000000,cpu,mov,False,268435465,0,,,0.0,,,,,
16791810,"0x14,rbp,-,[4],rax,=",True,16791776,16791975,3,"mov eax, dword [rbp - 0x14]","mov eax, dword [var_1ch]",8b45ec,cpu,mov,False,9,0,,"[{'addr': 16791845, 'type': 'CODE'}]",,,,,,
16791813,"rax,0x28,rbp,-,=[8]",True,16791776,16791974,4,"mov qword [rbp - 0x28], rax","mov qword [var_30h], rax",488945d8,cpu,mov,False,268435465,0,,,,,,,,
16791817,"3,rax,-=,3,0x8000000000000000,-,!,63,$o,^,of,:=,63,$s,sf,:=,$z,zf,:=,$p,pf,:=,64,$b,cf,:=,3,$b,af,:=",False,16791776,16791974,4,"sub rax, 3","sub rax, 3",4883e803,cpu,sub,False,18,0,,,3.0,,,,,
16791821,"cf,zf,|,!,?{,16791843,rip,=,}",False,16791776,16791976,2,ja 0x1003923,ja 0x1003923,7714,cpu,cjmp,False,2147483649,0,,,,,,16791843.0,16791823.0,
16791823,"0x28,rbp,-,[8],rax,=",True,16791776,16791974,4,"mov rax, qword [rbp - 0x28]","mov rax, qword [var_30h]",488b45d8,cpu,mov,False,9,0,,,,,,,,
16791827,"0x329e,rip,-,rcx,=",True,16791776,16791971,7,"lea rcx, [rip - 0x329e]","lea rcx, data.0100067c",488d0d62cdffff,cpu,lea,False,33,0,,,,16778876.0,"[{'addr': 16778876, 'type': 'DATA'}]",,,
16791834,"32,rax,4,*,rcx,+,[4],~,rax,=",True,16791776,16791974,4,"movsxd rax, dword [rcx + rax*4]","movsxd rax, dword [rcx + rax*4]",48630481,cpu,mov,False,9,0,,,,,,,,
16791838,"rcx,rax,+=,63,$o,of,:=,63,$s,sf,:=,$z,zf,:=,63,$c,cf,:=,$p,pf,:=,3,$c,af,:=",False,16791776,16791975,3,"add rax, rcx","add rax, rcx",4801c8,cpu,add,False,17,0,,,,,,,,
16791841,"rax,rip,=",False,16791776,16791976,2,jmp rax,jmp rax,ffe0,cpu,rjmp,False,268435458,0,['switch.0x01003921'],,,,"[{'addr': 16791847, 'type': 'CODE'}, {'addr': 16791871, 'type': 'CODE'}, {'addr': 16791897, 'type': 'CODE'}, {'addr': 16791912, 'type': 'CODE'}]",,,c3dpdGNoIHRhYmxlICg0IGNhc2VzKSBhdCAweDEwMDA2N2M=
16791843,"0x1003925,rip,=",False,16791776,16791976,2,jmp 0x1003925,jmp 0x1003925,eb00,cpu,jmp,False,1,0,,,,,"[{'addr': 16791845, 'type': 'CODE'}]",16791845.0,,
16791845,"0x1003902,rip,=",False,16791776,16791976,2,jmp 0x1003902,jmp 0x1003902,ebdb,cpu,jmp,False,1,0,,"[{'addr': 16791843, 'type': 'CODE'}, {'addr': 16791869, 'type': 'CODE'}, {'addr': 16791895, 'type': 'CODE'}, {'addr': 16791973, 'type': 'CODE'}]",,,"[{'addr': 16791810, 'type': 'CODE'}]",16791810.0,,
16791847,"0x18,rbp,-,[4],rdx,=",True,16791776,16791975,3,"mov edx, dword [rbp - 0x18]","mov edx, dword [var_20h]",8b55e8,cpu,mov,False,9,0,['case.0x1003921.0'],"[{'addr': 16791841, 'type': 'CODE'}]",,,,,,
16791850,"2,rax,=",False,16791776,16791973,5,"mov eax, 2","mov eax, 2",b802000000,cpu,mov,False,9,0,,,2.0,,,,,
16791855,"1,rcx,=",False,16791776,16791973,5,"mov ecx, 1","mov ecx, 1",b901000000,cpu,mov,False,9,0,,,1.0,,,,,
16791860,"0,edx,==,$z,zf,:=,32,$b,cf,:=,$p,pf,:=,31,$s,sf,:=,0,0x80000000,-,!,31,$o,^,of,:=,3,$b,af,:=",False,16791776,16791975,3,"cmp edx, 0","cmp edx, 0",83fa00,cpu,cmp,False,15,0,,,0.0,0.0,,,,
16791863,"zf,!,sf,of,^,!,&,?{,ecx,eax,=,}",False,16791776,16791975,3,"cmovg eax, ecx","cmovg eax, ecx",0f4fc1,cpu,cmov,False,2147483657,0,,,,,,,,
16791866,"eax,0x14,rbp,-,=[4]",True,16791776,16791975,3,"mov dword [rbp - 0x14], eax","mov dword [var_1ch], eax",8945ec,cpu,mov,False,268435465,0,,,,,,,,
16791869,"0x1003925,rip,=",False,16791776,16791976,2,jmp 0x1003925,jmp 0x1003925,ebe6,cpu,jmp,False,1,0,,,,,"[{'addr': 16791845, 'type': 'CODE'}]",16791845.0,,
16791871,"0x18,rbp,-,[4],rax,=",True,16791776,16791975,3,"mov eax, dword [rbp - 0x18]","mov eax, dword [var_20h]",8b45e8,cpu,mov,False,9,0,['case.0x1003921.1'],"[{'addr': 16791841, 'type': 'CODE'}]",,,,,,
16791874,"eax,rax,=",False,16791776,16791976,2,"mov eax, eax","mov eax, eax",89c0,cpu,mov,False,9,0,,,,,,,,
16791876,"rax,0x10,rbp,-,=[8]",True,16791776,16791974,4,"mov qword [rbp - 0x10], rax","mov qword [var_18h], rax",488945f0,cpu,mov,False,268435465,0,,,,,,,,
16791880,"3,0x14,rbp,-,=[4]",True,16791776,16791971,7,"mov dword [rbp - 0x14], 3","mov dword [var_1ch], 3",c745ec03000000,cpu,mov,False,268435465,0,,,3.0,,,,,
16791887,"0,0x8,rbp,-,=[8]",True,16791776,16791970,8,"mov qword [rbp - 8], 0","mov qword [var_10h], 0",48c745f800000000,cpu,mov,False,268435465,0,,,0.0,,,,,
16791895,"0x1003925,rip,=",False,16791776,16791976,2,jmp 0x1003925,jmp 0x1003925,ebcc,cpu,jmp,False,1,0,,,,,"[{'addr': 16791845, 'type': 'CODE'}]",16791845.0,,
16791897,"10,rdi,=",False,16791776,16791973,5,"mov edi, 0xa","mov edi, 0xa",bf0a000000,cpu,mov,False,9,0,['case.0x1003921.2'],"[{'addr': 16791841, 'type': 'CODE'}]",10.0,,,,,
16791902,"48,rsp,+=,63,$o,of,:=,63,$s,sf,:=,$z,zf,:=,63,$c,cf,:=,$p,pf,:=,3,$c,af,:=",False,16791776,16791974,4,"add rsp, 0x30","add rsp, 0x30",4883c430,cpu,add,False,17,0,,,48.0,,,,,
16791906,"rsp,[8],8,rsp,+=,rbp,=",False,16791776,16791977,1,pop rbp,pop rbp,5d,cpu,pop,False,14,0,,,,,,,,
16791907,"0x1003a80,rip,=",False,16791776,16791973,5,jmp 0x1003a80,jmp sym.imp.putchar,e918010000,cpu,jmp,False,1,0,,,,,"[{'addr': 16792192, 'type': 'CODE'}]",16792192.0,,
16791912,"0x20,rbp,-,[8],rax,=",True,16791776,16791974,4,"mov rax, qword [rbp - 0x20]","mov rax, qword [var_28h]",488b45e0,cpu,mov,False,9,0,['case.0x1003921.3'],"[{'addr': 16791841, 'type': 'CODE'}]",,,,,,
16791916,"0x8,rbp,-,[8],rcx,=",True,16791776,16791974,4,"mov rcx, qword [rbp - 8]","mov rcx, qword [var_10h]",488b4df8,cpu,mov,False,9,0,,,,,,,,
16791920,"rcx,0x30,rbp,-,=[8]",True,16791776,16791974,4,"mov qword [rbp - 0x30], rcx","mov qword [var_38h], rcx",48894dd0,cpu,mov,False,268435465,0,,,,,,,,
16791924,"rcx,4,*,rax,+,[4],rsi,=",True,16791776,16791975,3,"mov esi, dword [rax + rcx*4]","mov esi, dword [rax + rcx*4]",8b3488,cpu,mov,False,9,0,,,,,,,,
16791927,"0x3150,rip,-,rdi,=",True,16791776,16791971,7,"lea rdi, [rip - 0x3150]","lea rdi, data.0100082e",488d3db0ceffff,cpu,lea,False,33,0,,,,16779310.0,"[{'addr': 16779310, 'type': 'DATA'}]",,,
16791934,"0,al,=",False,16791776,16791976,2,"mov al, 0","mov al, 0",b000,cpu,mov,False,9,0,,,0.0,,,,,
16791936,"16792128,rip,8,rsp,-=,rsp,=[],rip,=",False,16791776,16791973,5,call 0x1003a40,call sym.imp.printf,e8bb000000,cpu,call,False,3,0,,,,,"[{'addr': 16792128, 'type': 'CALL'}]",16792128.0,16791941.0,
16791941,"0x30,rbp,-,[8],rax,=",True,16791776,16791974,4,"mov rax, qword [rbp - 0x30]","mov rax, qword [var_38h]",488b45d0,cpu,mov,False,9,0,,,,,,,,
16791945,"1,rax,+=,63,$o,of,:=,63,$s,sf,:=,$z,zf,:=,63,$c,cf,:=,$p,pf,:=,3,$c,af,:=",False,16791776,16791974,4,"add rax, 1","add rax, 1",4883c001,cpu,add,False,17,0,,,1.0,,,,,
16791949,"3,rcx,=",False,16791776,16791973,5,"mov ecx, 3","mov ecx, 3",b903000000,cpu,mov,False,9,0,,,3.0,,,,,
16791954,"2,rdx,=",False,16791776,16791973,5,"mov edx, 2","mov edx, 2",ba02000000,cpu,mov,False,9,0,,,2.0,,,,,
16791959,"0x10,rbp,-,[8],rax,==,$z,zf,:=,64,$b,cf,:=,$p,pf,:=,63,$s,sf,:=,0x10,rbp,-,[8],0x8000000000000000,-,!,63,$o,^,of,:=,3,$b,af,:=",True,16791776,16791974,4,"cmp rax, qword [rbp - 0x10]","cmp rax, qword [var_18h]",483b45f0,cpu,cmp,False,268435471,0,,,,,,,,
16791963,"zf,?{,edx,ecx,=,}",False,16791776,16791975,3,"cmove ecx, edx","cmove ecx, edx",0f44ca,cpu,cmov,False,2147483657,0,,,,,,,,
16791966,"ecx,0x14,rbp,-,=[4]",True,16791776,16791975,3,"mov dword [rbp - 0x14], ecx","mov dword [var_1ch], ecx",894dec,cpu,mov,False,268435465,0,,,,,,,,
16791969,"rax,0x8,rbp,-,=[8]",True,16791776,16791974,4,"mov qword [rbp - 8], rax","mov qword [var_10h], rax",488945f8,cpu,mov,False,268435465,0,,,,,,,,
16791973,"0x1003925,rip,=",False,16791776,16791973,5,jmp 0x1003925,jmp 0x1003925,e97bffffff,cpu,jmp,False,1,0,,,,,"[{'addr': 16791845, 'type': 'CODE'}]",16791845.0,,
