offset,esil,refptr,fcn_addr,fcn_last,size,opcode,disasm,bytes,family,type,reloc,type_num,type2_num,flags,xrefs_to,val,jump,fail,ptr,xrefs_from,comment
16790288,"rbp,8,rsp,-,=[8],8,rsp,-=",False,16790288,16790573,1,push rbp,push rbp,55,cpu,rpush,False,268435468,0,['sym.deep_compare'],"[{'addr': 16784480, 'type': 'CALL'}]",,,,,,
16790289,"rsp,rbp,=",False,16790288,16790571,3,"mov rbp, rsp","mov rbp, rsp",4889e5,cpu,mov,False,9,0,,,,,,,,
16790292,"rdi,0x48,rbp,-,=[8]",True,16790288,16790570,4,"mov qword [rbp - 0x48], rdi","mov qword [var_50h], rdi",48897db8,cpu,mov,False,268435465,0,,,,,,,,
16790296,"rsi,0x40,rbp,-,=[8]",True,16790288,16790570,4,"mov qword [rbp - 0x40], rsi","mov qword [var_48h], rsi",488975c0,cpu,mov,False,268435465,0,,,,,,,,
16790300,"edx,0x38,rbp,-,=[4]",True,16790288,16790571,3,"mov dword [rbp - 0x38], edx","mov dword [var_40h], edx",8955c8,cpu,mov,False,268435465,0,,,,,,,,
16790303,"0,0x34,rbp,-,=[4]",True,16790288,16790567,7,"mov dword [rbp - 0x34], 0","mov dword [var_3ch], 0",c745cc00000000,cpu,mov,False,268435465,0,,,0.0,,,,,
16790310,"0x34,rbp,-,[4],rax,=",True,16790288,16790571,3,"mov eax, dword [rbp - 0x34]","mov eax, dword [var_3ch]",8b45cc,cpu,mov,False,9,0,,"[{'addr': 16790345, 'type': 'CODE'}]",,,,,,
16790313,"rax,0x50,rbp,-,=[8]",True,16790288,16790570,4,"mov qword [rbp - 0x50], rax","mov qword [var_58h], rax",488945b0,cpu,mov,False,268435465,0,,,,,,,,
16790317,"5,rax,-=,5,0x8000000000000000,-,!,63,$o,^,of,:=,63,$s,sf,:=,$z,zf,:=,$p,pf,:=,64,$b,cf,:=,3,$b,af,:=",False,16790288,16790570,4,"sub rax, 5","sub rax, 5",4883e805,cpu,sub,False,18,0,,,5.0,,,,,
16790321,"cf,zf,|,!,?{,16790343,rip,=,}",False,16790288,16790572,2,ja 0x1003347,ja 0x1003347,7714,cpu,cjmp,False,2147483649,0,,,,16790343.0,16790323.0,,,
16790323,"0x50,rbp,-,[8],rax,=",True,16790288,16790570,4,"mov rax, qword [rbp - 0x50]","mov rax, qword [var_58h]",488b45b0,cpu,mov,False,9,0,,,,,,,,
16790327,"0x2d0e,rip,-,rcx,=",True,16790288,16790567,7,"lea rcx, [rip - 0x2d0e]","lea rcx, data.01000630",488d0df2d2ffff,cpu,lea,False,33,0,,,,,,16778800.0,"[{'addr': 16778800, 'type': 'DATA'}]",
16790334,"32,rax,4,*,rcx,+,[4],~,rax,=",True,16790288,16790570,4,"movsxd rax, dword [rcx + rax*4]","movsxd rax, dword [rcx + rax*4]",48630481,cpu,mov,False,9,0,,,,,,,,
16790338,"rcx,rax,+=,63,$o,of,:=,63,$s,sf,:=,$z,zf,:=,63,$c,cf,:=,$p,pf,:=,3,$c,af,:=",False,16790288,16790571,3,"add rax, rcx","add rax, rcx",4801c8,cpu,add,False,17,0,,,,,,,,
16790341,"rax,rip,=",False,16790288,16790572,2,jmp rax,jmp rax,ffe0,cpu,rjmp,False,268435458,0,['switch.0x01003345'],,,,,,"[{'addr': 16790347, 'type': 'CODE'}, {'addr': 16790378, 'type': 'CODE'}, {'addr': 16790411, 'type': 'CODE'}, {'addr': 16790416, 'type': 'CODE'}, {'addr': 16790495, 'type': 'CODE'}, {'addr': 16790525, 'type': 'CODE'}]",c3dpdGNoIHRhYmxlICg2IGNhc2VzKSBhdCAweDEwMDA2MzA=
16790343,"0x1003349,rip,=",False,16790288,16790572,2,jmp 0x1003349,jmp 0x1003349,eb00,cpu,jmp,False,1,0,,,,16790345.0,,,"[{'addr': 16790345, 'type': 'CODE'}]",
16790345,"0x1003326,rip,=",False,16790288,16790572,2,jmp 0x1003326,jmp 0x1003326,ebdb,cpu,jmp,False,1,0,,"[{'addr': 16790343, 'type': 'CODE'}, {'addr': 16790376, 'type': 'CODE'}, {'addr': 16790409, 'type': 'CODE'}, {'addr': 16790490, 'type': 'CODE'}, {'addr': 16790520, 'type': 'CODE'}, {'addr': 16790569, 'type': 'CODE'}]",,16790310.0,,,"[{'addr': 16790310, 'type': 'CODE'}]",
16790347,"0x38,rbp,-,[4],rdx,=",True,16790288,16790571,3,"mov edx, dword [rbp - 0x38]","mov edx, dword [var_40h]",8b55c8,cpu,mov,False,9,0,['case.0x1003345.0'],"[{'addr': 16790341, 'type': 'CODE'}]",,,,,,
16790350,"2,rax,=",False,16790288,16790569,5,"mov eax, 2","mov eax, 2",b802000000,cpu,mov,False,9,0,,,2.0,,,,,
16790355,"1,rcx,=",False,16790288,16790569,5,"mov ecx, 1","mov ecx, 1",b901000000,cpu,mov,False,9,0,,,1.0,,,,,
16790360,"0,edx,==,$z,zf,:=,32,$b,cf,:=,$p,pf,:=,31,$s,sf,:=,0,0x80000000,-,!,31,$o,^,of,:=,3,$b,af,:=",False,16790288,16790571,3,"cmp edx, 0","cmp edx, 0",83fa00,cpu,cmp,False,15,0,,,0.0,,,0.0,,
16790363,"zf,!,sf,of,^,!,&,?{,ecx,eax,=,}",False,16790288,16790571,3,"cmovg eax, ecx","cmovg eax, ecx",0f4fc1,cpu,cmov,False,2147483657,0,,,,,,,,
16790366,"eax,0x34,rbp,-,=[4]",True,16790288,16790571,3,"mov dword [rbp - 0x34], eax","mov dword [var_3ch], eax",8945cc,cpu,mov,False,268435465,0,,,,,,,,
16790369,"0,0x14,rbp,-,=[4]",True,16790288,16790567,7,"mov dword [rbp - 0x14], 0","mov dword [var_1ch], 0",c745ec00000000,cpu,mov,False,268435465,0,,,0.0,,,,,
16790376,"0x1003349,rip,=",False,16790288,16790572,2,jmp 0x1003349,jmp 0x1003349,ebdf,cpu,jmp,False,1,0,,,,16790345.0,,,"[{'addr': 16790345, 'type': 'CODE'}]",
16790378,"0x38,rbp,-,[4],rax,=",True,16790288,16790571,3,"mov eax, dword [rbp - 0x38]","mov eax, dword [var_40h]",8b45c8,cpu,mov,False,9,0,['case.0x1003345.1'],"[{'addr': 16790341, 'type': 'CODE'}]",,,,,,
16790381,"eax,rax,=",False,16790288,16790572,2,"mov eax, eax","mov eax, eax",89c0,cpu,mov,False,9,0,,,,,,,,
16790383,"rax,0x30,rbp,-,=[8]",True,16790288,16790570,4,"mov qword [rbp - 0x30], rax","mov qword [var_38h], rax",488945d0,cpu,mov,False,268435465,0,,,,,,,,
16790387,"3,0x34,rbp,-,=[4]",True,16790288,16790567,7,"mov dword [rbp - 0x34], 3","mov dword [var_3ch], 3",c745cc03000000,cpu,mov,False,268435465,0,,,3.0,,,,,
16790394,"0,0x10,rbp,-,=[8]",True,16790288,16790566,8,"mov qword [rbp - 0x10], 0","mov qword [var_18h], 0",48c745f000000000,cpu,mov,False,268435465,0,,,0.0,,,,,
16790402,"0,0x8,rbp,-,=[4]",True,16790288,16790567,7,"mov dword [rbp - 8], 0","mov dword [var_10h], 0",c745f800000000,cpu,mov,False,268435465,0,,,0.0,,,,,
16790409,"0x1003349,rip,=",False,16790288,16790572,2,jmp 0x1003349,jmp 0x1003349,ebbe,cpu,jmp,False,1,0,,,,16790345.0,,,"[{'addr': 16790345, 'type': 'CODE'}]",
16790411,"0x14,rbp,-,[4],rax,=",True,16790288,16790571,3,"mov eax, dword [rbp - 0x14]","mov eax, dword [var_1ch]",8b45ec,cpu,mov,False,9,0,['case.0x1003345.2'],"[{'addr': 16790341, 'type': 'CODE'}]",,,,,,
16790414,"rsp,[8],8,rsp,+=,rbp,=",False,16790288,16790573,1,pop rbp,pop rbp,5d,cpu,pop,False,14,0,,,,,,,,
16790415,"rsp,[8],rip,=,8,rsp,+=",False,16790288,16790573,1,ret,ret,c3,cpu,ret,False,5,0,,,,,,,,
16790416,"0x40,rbp,-,[8],rcx,=",True,16790288,16790570,4,"mov rcx, qword [rbp - 0x40]","mov rcx, qword [var_48h]",488b4dc0,cpu,mov,False,9,0,['case.0x1003345.3'],"[{'addr': 16790341, 'type': 'CODE'}]",,,,,,
16790420,"0x48,rbp,-,[8],rax,=",True,16790288,16790570,4,"mov rax, qword [rbp - 0x48]","mov rax, qword [var_50h]",488b45b8,cpu,mov,False,9,0,,,,,,,,
16790424,"0x8,rbp,-,[4],rsi,=",True,16790288,16790571,3,"mov esi, dword [rbp - 8]","mov esi, dword [var_10h]",8b75f8,cpu,mov,False,9,0,,,,,,,,
16790427,"0x10,rbp,-,[8],rdx,=",True,16790288,16790570,4,"mov rdx, qword [rbp - 0x10]","mov rdx, qword [var_18h]",488b55f0,cpu,mov,False,9,0,,,,,,,,
16790431,"esi,0x1c,rbp,-,=[4]",True,16790288,16790571,3,"mov dword [rbp - 0x1c], esi","mov dword [var_24h], esi",8975e4,cpu,mov,False,268435465,0,,,,,,,,
16790434,"rdx,0x28,rbp,-,=[8]",True,16790288,16790570,4,"mov qword [rbp - 0x28], rdx","mov qword [var_30h], rdx",488955d8,cpu,mov,False,268435465,0,,,,,,,,
16790438,"0x28,rbp,-,[8],rdx,=",True,16790288,16790570,4,"mov rdx, qword [rbp - 0x28]","mov rdx, qword [var_30h]",488b55d8,cpu,mov,False,9,0,,,,,,,,
16790442,"rdx,4,*,rax,+,[4],rax,=",True,16790288,16790571,3,"mov eax, dword [rax + rdx*4]","mov eax, dword [rax + rdx*4]",8b0490,cpu,mov,False,9,0,,,,,,,,
16790445,"0x28,rbp,-,[8],rdx,=",True,16790288,16790570,4,"mov rdx, qword [rbp - 0x28]","mov rdx, qword [var_30h]",488b55d8,cpu,mov,False,9,0,,,,,,,,
16790449,"rdx,4,*,rcx,+,[4],eax,-=,rdx,4,*,rcx,+,[4],0x80000000,-,!,31,$o,^,of,:=,31,$s,sf,:=,$z,zf,:=,$p,pf,:=,32,$b,cf,:=,3,$b,af,:=",True,16790288,16790571,3,"sub eax, dword [rcx + rdx*4]","sub eax, dword [rcx + rdx*4]",2b0491,cpu,sub,False,18,0,,,,,,,,
16790452,"5,rcx,=",False,16790288,16790569,5,"mov ecx, 5","mov ecx, 5",b905000000,cpu,mov,False,9,0,,,5.0,,,,,
16790457,"0,edx,=,31,eax,>>,?{,0xffffffff,edx,=,}",False,16790288,16790573,1,cdq,cdq,99,cpu,null,False,0,0,,,,,,,,
16790458,"32,ecx,~,32,edx,<<,eax,+,~%,32,ecx,~,32,edx,<<,eax,+,~/,eax,=,edx,=",False,16790288,16790572,2,idiv ecx,idiv ecx,f7f9,cpu,div,False,21,0,,,,,,,,
16790460,"edx,0x18,rbp,-,=[4]",True,16790288,16790571,3,"mov dword [rbp - 0x18], edx","mov dword [var_20h], edx",8955e8,cpu,mov,False,268435465,0,,,,,,,,
16790463,"5,rax,=",False,16790288,16790569,5,"mov eax, 5","mov eax, 5",b805000000,cpu,mov,False,9,0,,,5.0,,,,,
16790468,"4,rcx,=",False,16790288,16790569,5,"mov ecx, 4","mov ecx, 4",b904000000,cpu,mov,False,9,0,,,4.0,,,,,
16790473,"4,0x18,rbp,-,[4],==,$z,zf,:=,32,$b,cf,:=,$p,pf,:=,31,$s,sf,:=,4,0x80000000,-,!,31,$o,^,of,:=,3,$b,af,:=",True,16790288,16790570,4,"cmp dword [rbp - 0x18], 4","cmp dword [var_20h], 4",837de804,cpu,cmp,False,268435471,0,,,4.0,,,,,
16790477,"cf,?{,ecx,eax,=,}",False,16790288,16790571,3,"cmovb eax, ecx","cmovb eax, ecx",0f42c1,cpu,cmov,False,2147483657,0,,,,,,,,
16790480,"eax,0x34,rbp,-,=[4]",True,16790288,16790571,3,"mov dword [rbp - 0x34], eax","mov dword [var_3ch], eax",8945cc,cpu,mov,False,268435465,0,,,,,,,,
16790483,"4294967295,0x4,rbp,-,=[4]",True,16790288,16790567,7,"mov dword [rbp - 4], 0xffffffff","mov dword [var_ch], 0xffffffff",c745fcffffffff,cpu,mov,False,268435465,0,,,4294967295.0,,,4294967295.0,,
16790490,"0x1003349,rip,=",False,16790288,16790569,5,jmp 0x1003349,jmp 0x1003349,e96affffff,cpu,jmp,False,1,0,,,,16790345.0,,,"[{'addr': 16790345, 'type': 'CODE'}]",
16790495,"0x18,rbp,-,[4],rax,=",True,16790288,16790571,3,"mov eax, dword [rbp - 0x18]","mov eax, dword [var_20h]",8b45e8,cpu,mov,False,9,0,['case.0x1003345.4'],"[{'addr': 16790341, 'type': 'CODE'}]",,,,,,
16790498,"eax,rcx,=",False,16790288,16790572,2,"mov ecx, eax","mov ecx, eax",89c1,cpu,mov,False,9,0,,,,,,,,
16790500,"0x2cfb,rip,-,rax,=",True,16790288,16790567,7,"lea rax, [rip - 0x2cfb]","lea rax, data.010006f0",488d0505d3ffff,cpu,lea,False,33,0,,,,,,16778992.0,"[{'addr': 16778992, 'type': 'DATA'}]",
16790507,"rcx,4,*,rax,+,[4],rax,=",True,16790288,16790571,3,"mov eax, dword [rax + rcx*4]","mov eax, dword [rax + rcx*4]",8b0488,cpu,mov,False,9,0,,,,,,,,
16790510,"5,0x34,rbp,-,=[4]",True,16790288,16790567,7,"mov dword [rbp - 0x34], 5","mov dword [var_3ch], 5",c745cc05000000,cpu,mov,False,268435465,0,,,5.0,,,,,
16790517,"eax,0x4,rbp,-,=[4]",True,16790288,16790571,3,"mov dword [rbp - 4], eax","mov dword [var_ch], eax",8945fc,cpu,mov,False,268435465,0,,,,,,,,
16790520,"0x1003349,rip,=",False,16790288,16790569,5,jmp 0x1003349,jmp 0x1003349,e94cffffff,cpu,jmp,False,1,0,,,,16790345.0,,,"[{'addr': 16790345, 'type': 'CODE'}]",
16790525,"0x4,rbp,-,[4],rax,=",True,16790288,16790571,3,"mov eax, dword [rbp - 4]","mov eax, dword [var_ch]",8b45fc,cpu,mov,False,9,0,['case.0x1003345.5'],"[{'addr': 16790341, 'type': 'CODE'}]",,,,,,
16790528,"0x1c,rbp,-,[4],eax,+=,31,$o,of,:=,31,$s,sf,:=,$z,zf,:=,31,$c,cf,:=,$p,pf,:=,3,$c,af,:=",True,16790288,16790571,3,"add eax, dword [rbp - 0x1c]","add eax, dword [var_24h]",0345e4,cpu,add,False,17,0,,,,,,,,
16790531,"0x28,rbp,-,[8],rcx,=",True,16790288,16790570,4,"mov rcx, qword [rbp - 0x28]","mov rcx, qword [var_30h]",488b4dd8,cpu,mov,False,9,0,,,,,,,,
16790535,"1,rcx,+=,63,$o,of,:=,63,$s,sf,:=,$z,zf,:=,63,$c,cf,:=,$p,pf,:=,3,$c,af,:=",False,16790288,16790570,4,"add rcx, 1","add rcx, 1",4883c101,cpu,add,False,17,0,,,1.0,,,,,
16790539,"3,rdx,=",False,16790288,16790569,5,"mov edx, 3","mov edx, 3",ba03000000,cpu,mov,False,9,0,,,3.0,,,,,
16790544,"2,rsi,=",False,16790288,16790569,5,"mov esi, 2","mov esi, 2",be02000000,cpu,mov,False,9,0,,,2.0,,,,,
16790549,"0x30,rbp,-,[8],rcx,==,$z,zf,:=,64,$b,cf,:=,$p,pf,:=,63,$s,sf,:=,0x30,rbp,-,[8],0x8000000000000000,-,!,63,$o,^,of,:=,3,$b,af,:=",True,16790288,16790570,4,"cmp rcx, qword [rbp - 0x30]","cmp rcx, qword [var_38h]",483b4dd0,cpu,cmp,False,268435471,0,,,,,,,,
16790553,"zf,?{,esi,edx,=,}",False,16790288,16790571,3,"cmove edx, esi","cmove edx, esi",0f44d6,cpu,cmov,False,2147483657,0,,,,,,,,
16790556,"edx,0x34,rbp,-,=[4]",True,16790288,16790571,3,"mov dword [rbp - 0x34], edx","mov dword [var_3ch], edx",8955cc,cpu,mov,False,268435465,0,,,,,,,,
16790559,"eax,0x14,rbp,-,=[4]",True,16790288,16790571,3,"mov dword [rbp - 0x14], eax","mov dword [var_1ch], eax",8945ec,cpu,mov,False,268435465,0,,,,,,,,
16790562,"rcx,0x10,rbp,-,=[8]",True,16790288,16790570,4,"mov qword [rbp - 0x10], rcx","mov qword [var_18h], rcx",48894df0,cpu,mov,False,268435465,0,,,,,,,,
16790566,"eax,0x8,rbp,-,=[4]",True,16790288,16790571,3,"mov dword [rbp - 8], eax","mov dword [var_10h], eax",8945f8,cpu,mov,False,268435465,0,,,,,,,,
16790569,"0x1003349,rip,=",False,16790288,16790569,5,jmp 0x1003349,jmp 0x1003349,e91bffffff,cpu,jmp,False,1,0,,,,16790345.0,,,"[{'addr': 16790345, 'type': 'CODE'}]",
