offset,esil,refptr,fcn_addr,fcn_last,size,opcode,disasm,bytes,family,type,reloc,type_num,type2_num,flags,xrefs_to,val,jump,fail,ptr,xrefs_from,comment
16782768,"rbp,8,rsp,-,=[8],8,rsp,-=",False,16782768,16782920,1,push rbp,push rbp,55,cpu,rpush,False,268435468,0,"['sym.lcm', 'dbg.lcm']","[{'addr': 16782992, 'type': 'CALL'}]",,,,,,
16782769,"rsp,rbp,=",False,16782768,16782918,3,"mov rbp, rsp","mov rbp, rsp",4889e5,cpu,mov,False,9,0,,,,,,,,
16782772,"edi,0x14,rbp,-,=[4]",True,16782768,16782918,3,"mov dword [rbp - 0x14], edi","mov dword [var_1ch], edi",897dec,cpu,mov,False,268435465,0,,,,,,,,
16782775,"esi,0x10,rbp,-,=[4]",True,16782768,16782918,3,"mov dword [rbp - 0x10], esi","mov dword [var_18h], esi",8975f0,cpu,mov,False,268435465,0,,,,,,,,
16782778,"edi,rax,=",False,16782768,16782919,2,"mov eax, edi","mov eax, edi",89f8,cpu,mov,False,9,0,,,,,,,,
16782780,"esi,eax,-=,esi,0x80000000,-,!,31,$o,^,of,:=,31,$s,sf,:=,$z,zf,:=,$p,pf,:=,32,$b,cf,:=,3,$b,af,:=",False,16782768,16782919,2,"sub eax, esi","sub eax, esi",29f0,cpu,sub,False,18,0,,,,,,,,
16782782,"zf,!,sf,of,^,!,&,?{,edi,esi,=,}",False,16782768,16782918,3,"cmovg esi, edi","cmovg esi, edi",0f4ff7,cpu,cmov,False,2147483657,0,,,,,,,,
16782785,"0,0xc,rbp,-,=[4]",True,16782768,16782914,7,"mov dword [rbp - 0xc], 0","mov dword [var_14h], 0",c745f400000000,cpu,mov,False,268435465,0,,,0.0,,,,,
16782792,"esi,0x4,rbp,-,=[4]",True,16782768,16782918,3,"mov dword [rbp - 4], esi","mov dword [var_ch], esi",8975fc,cpu,mov,False,268435465,0,,,,,,,,
16782795,"0xc,rbp,-,[4],rax,=",True,16782768,16782918,3,"mov eax, dword [rbp - 0xc]","mov eax, dword [var_14h]",8b45f4,cpu,mov,False,9,0,,"[{'addr': 16782830, 'type': 'CODE'}]",,,,,,
16782798,"rax,0x20,rbp,-,=[8]",True,16782768,16782917,4,"mov qword [rbp - 0x20], rax","mov qword [var_28h], rax",488945e0,cpu,mov,False,268435465,0,,,,,,,,
16782802,"3,rax,-=,3,0x8000000000000000,-,!,63,$o,^,of,:=,63,$s,sf,:=,$z,zf,:=,$p,pf,:=,64,$b,cf,:=,3,$b,af,:=",False,16782768,16782917,4,"sub rax, 3","sub rax, 3",4883e803,cpu,sub,False,18,0,,,3.0,,,,,
16782806,"cf,zf,|,!,?{,16782828,rip,=,}",False,16782768,16782919,2,ja 0x10015ec,ja 0x10015ec,7714,cpu,cjmp,False,2147483649,0,,,,16782828.0,16782808.0,,,
16782808,"0x20,rbp,-,[8],rax,=",True,16782768,16782917,4,"mov rax, qword [rbp - 0x20]","mov rax, qword [var_28h]",488b45e0,cpu,mov,False,9,0,,,,,,,,
16782812,"0x1167,rip,-,rcx,=",True,16782768,16782914,7,"lea rcx, [rip - 0x1167]","lea rcx, data.0100047c",488d0d99eeffff,cpu,lea,False,33,0,,,,,,16778364.0,"[{'addr': 16778364, 'type': 'DATA'}]",
16782819,"32,rax,4,*,rcx,+,[4],~,rax,=",True,16782768,16782917,4,"movsxd rax, dword [rcx + rax*4]","movsxd rax, dword [rcx + rax*4]",48630481,cpu,mov,False,9,0,,,,,,,,
16782823,"rcx,rax,+=,63,$o,of,:=,63,$s,sf,:=,$z,zf,:=,63,$c,cf,:=,$p,pf,:=,3,$c,af,:=",False,16782768,16782918,3,"add rax, rcx","add rax, rcx",4801c8,cpu,add,False,17,0,,,,,,,,
16782826,"rax,rip,=",False,16782768,16782919,2,jmp rax,jmp rax,ffe0,cpu,rjmp,False,268435458,0,['switch.0x010015ea'],,,,,,"[{'addr': 16782832, 'type': 'CODE'}, {'addr': 16782868, 'type': 'CODE'}, {'addr': 16782898, 'type': 'CODE'}, {'addr': 16782903, 'type': 'CODE'}]",c3dpdGNoIHRhYmxlICg0IGNhc2VzKSBhdCAweDEwMDA0N2M=
16782828,"0x10015ee,rip,=",False,16782768,16782919,2,jmp 0x10015ee,jmp 0x10015ee,eb00,cpu,jmp,False,1,0,,,,16782830.0,,,"[{'addr': 16782830, 'type': 'CODE'}]",
16782830,"0x10015cb,rip,=",False,16782768,16782919,2,jmp 0x10015cb,jmp 0x10015cb,ebdb,cpu,jmp,False,1,0,,"[{'addr': 16782828, 'type': 'CODE'}, {'addr': 16782866, 'type': 'CODE'}, {'addr': 16782896, 'type': 'CODE'}, {'addr': 16782919, 'type': 'CODE'}]",,16782795.0,,,"[{'addr': 16782795, 'type': 'CODE'}]",
16782832,"0x14,rbp,-,[4],rcx,=",True,16782768,16782918,3,"mov ecx, dword [rbp - 0x14]","mov ecx, dword [var_1ch]",8b4dec,cpu,mov,False,9,0,['case.0x10015ea.0'],"[{'addr': 16782826, 'type': 'CODE'}]",,,,,,
16782835,"0x4,rbp,-,[4],rax,=",True,16782768,16782918,3,"mov eax, dword [rbp - 4]","mov eax, dword [var_ch]",8b45fc,cpu,mov,False,9,0,,,,,,,,
16782838,"eax,0x8,rbp,-,=[4]",True,16782768,16782918,3,"mov dword [rbp - 8], eax","mov dword [var_10h], eax",8945f8,cpu,mov,False,268435465,0,,,,,,,,
16782841,"0x8,rbp,-,[4],rax,=",True,16782768,16782918,3,"mov eax, dword [rbp - 8]","mov eax, dword [var_10h]",8b45f8,cpu,mov,False,9,0,,,,,,,,
16782844,"0,edx,=,31,eax,>>,?{,0xffffffff,edx,=,}",False,16782768,16782920,1,cdq,cdq,99,cpu,null,False,0,0,,,,,,,,
16782845,"32,ecx,~,32,edx,<<,eax,+,~%,32,ecx,~,32,edx,<<,eax,+,~/,eax,=,edx,=",False,16782768,16782919,2,idiv ecx,idiv ecx,f7f9,cpu,div,False,21,0,,,,,,,,
16782847,"3,rax,=",False,16782768,16782916,5,"mov eax, 3","mov eax, 3",b803000000,cpu,mov,False,9,0,,,3.0,,,,,
16782852,"1,rcx,=",False,16782768,16782916,5,"mov ecx, 1","mov ecx, 1",b901000000,cpu,mov,False,9,0,,,1.0,,,,,
16782857,"0,edx,==,$z,zf,:=,32,$b,cf,:=,$p,pf,:=,31,$s,sf,:=,0,0x80000000,-,!,31,$o,^,of,:=,3,$b,af,:=",False,16782768,16782918,3,"cmp edx, 0","cmp edx, 0",83fa00,cpu,cmp,False,15,0,,,0.0,,,0.0,,
16782860,"zf,?{,ecx,eax,=,}",False,16782768,16782918,3,"cmove eax, ecx","cmove eax, ecx",0f44c1,cpu,cmov,False,2147483657,0,,,,,,,,
16782863,"eax,0xc,rbp,-,=[4]",True,16782768,16782918,3,"mov dword [rbp - 0xc], eax","mov dword [var_14h], eax",8945f4,cpu,mov,False,268435465,0,,,,,,,,
16782866,"0x10015ee,rip,=",False,16782768,16782919,2,jmp 0x10015ee,jmp 0x10015ee,ebda,cpu,jmp,False,1,0,,,,16782830.0,,,"[{'addr': 16782830, 'type': 'CODE'}]",
16782868,"0x10,rbp,-,[4],rcx,=",True,16782768,16782918,3,"mov ecx, dword [rbp - 0x10]","mov ecx, dword [var_18h]",8b4df0,cpu,mov,False,9,0,['case.0x10015ea.1'],"[{'addr': 16782826, 'type': 'CODE'}]",,,,,,
16782871,"0x8,rbp,-,[4],rax,=",True,16782768,16782918,3,"mov eax, dword [rbp - 8]","mov eax, dword [var_10h]",8b45f8,cpu,mov,False,9,0,,,,,,,,
16782874,"0,edx,=,31,eax,>>,?{,0xffffffff,edx,=,}",False,16782768,16782920,1,cdq,cdq,99,cpu,null,False,0,0,,,,,,,,
16782875,"32,ecx,~,32,edx,<<,eax,+,~%,32,ecx,~,32,edx,<<,eax,+,~/,eax,=,edx,=",False,16782768,16782919,2,idiv ecx,idiv ecx,f7f9,cpu,div,False,21,0,,,,,,,,
16782877,"3,rax,=",False,16782768,16782916,5,"mov eax, 3","mov eax, 3",b803000000,cpu,mov,False,9,0,,,3.0,,,,,
16782882,"2,rcx,=",False,16782768,16782916,5,"mov ecx, 2","mov ecx, 2",b902000000,cpu,mov,False,9,0,,,2.0,,,,,
16782887,"0,edx,==,$z,zf,:=,32,$b,cf,:=,$p,pf,:=,31,$s,sf,:=,0,0x80000000,-,!,31,$o,^,of,:=,3,$b,af,:=",False,16782768,16782918,3,"cmp edx, 0","cmp edx, 0",83fa00,cpu,cmp,False,15,0,,,0.0,,,0.0,,
16782890,"zf,?{,ecx,eax,=,}",False,16782768,16782918,3,"cmove eax, ecx","cmove eax, ecx",0f44c1,cpu,cmov,False,2147483657,0,,,,,,,,
16782893,"eax,0xc,rbp,-,=[4]",True,16782768,16782918,3,"mov dword [rbp - 0xc], eax","mov dword [var_14h], eax",8945f4,cpu,mov,False,268435465,0,,,,,,,,
16782896,"0x10015ee,rip,=",False,16782768,16782919,2,jmp 0x10015ee,jmp 0x10015ee,ebbc,cpu,jmp,False,1,0,,,,16782830.0,,,"[{'addr': 16782830, 'type': 'CODE'}]",
16782898,"0x8,rbp,-,[4],rax,=",True,16782768,16782918,3,"mov eax, dword [rbp - 8]","mov eax, dword [var_10h]",8b45f8,cpu,mov,False,9,0,['case.0x10015ea.2'],"[{'addr': 16782826, 'type': 'CODE'}]",,,,,,
16782901,"rsp,[8],8,rsp,+=,rbp,=",False,16782768,16782920,1,pop rbp,pop rbp,5d,cpu,pop,False,14,0,,,,,,,,
16782902,"rsp,[8],rip,=,8,rsp,+=",False,16782768,16782920,1,ret,ret,c3,cpu,ret,False,5,0,,,,,,,,
16782903,"0x8,rbp,-,[4],rax,=",True,16782768,16782918,3,"mov eax, dword [rbp - 8]","mov eax, dword [var_10h]",8b45f8,cpu,mov,False,9,0,['case.0x10015ea.3'],"[{'addr': 16782826, 'type': 'CODE'}]",,,,,,
16782906,"1,eax,+=,31,$o,of,:=,31,$s,sf,:=,$z,zf,:=,31,$c,cf,:=,$p,pf,:=,3,$c,af,:=",False,16782768,16782918,3,"add eax, 1","add eax, 1",83c001,cpu,add,False,17,0,,,1.0,,,,,
16782909,"0,0xc,rbp,-,=[4]",True,16782768,16782914,7,"mov dword [rbp - 0xc], 0","mov dword [var_14h], 0",c745f400000000,cpu,mov,False,268435465,0,,,0.0,,,,,
16782916,"eax,0x4,rbp,-,=[4]",True,16782768,16782918,3,"mov dword [rbp - 4], eax","mov dword [var_ch], eax",8945fc,cpu,mov,False,268435465,0,,,,,,,,
16782919,"0x10015ee,rip,=",False,16782768,16782919,2,jmp 0x10015ee,jmp 0x10015ee,eba5,cpu,jmp,False,1,0,,,,16782830.0,,,"[{'addr': 16782830, 'type': 'CODE'}]",
