offset,esil,refptr,fcn_addr,fcn_last,size,opcode,disasm,bytes,family,type,reloc,type_num,type2_num,flags,xrefs_to,val
16784528,"rbp,8,rsp,-,=[8],8,rsp,-=",False,16784528,16784579,1,push rbp,push rbp,55,cpu,rpush,False,268435468,0,['sym.apply_gate'],"[{'addr': 16783588, 'type': 'CALL'}, {'addr': 16783662, 'type': 'CALL'}, {'addr': 16783775, 'type': 'CALL'}, {'addr': 16783849, 'type': 'CALL'}]",
16784529,"rsp,rbp,=",False,16784528,16784577,3,"mov rbp, rsp","mov rbp, rsp",4889e5,cpu,mov,False,9,0,,,
16784532,"esi,rax,=",False,16784528,16784578,2,"mov eax, esi","mov eax, esi",89f0,cpu,mov,False,9,0,,,
16784534,"32,eax,~,32,0x4,rdi,+,[4],~,*,DUP,eax,=,eax,-,?{,1,1,}{,0,0,},cf,:=,of,:=",False,16784528,16784576,4,"imul eax, dword [rdi + 4]","imul eax, dword [rdi + 4]",0faf4704,cpu,mul,False,20,0,,,
16784538,"32,3,~,32,0x8,rdi,+,[4],~,*,DUP,ecx,=,ecx,-,?{,1,1,}{,0,0,},cf,:=,of,:=",False,16784528,16784576,4,"imul ecx, dword [rdi + 8], 3","imul ecx, dword [rdi + 8], 3",6b4f0803,cpu,mul,False,20,0,,,
16784542,"ecx,rdx,=",False,16784528,16784578,2,"mov edx, ecx","mov edx, ecx",89ca,cpu,mov,False,9,0,,,
16784544,"eax,rdx,&,0xffffffff,&,rdx,=,$z,zf,:=,$p,pf,:=,31,$s,sf,:=,0,cf,:=,0,of,:=",False,16784528,16784578,2,"and edx, eax","and edx, eax",21c2,cpu,and,False,27,0,,,
16784546,"ecx,eax,|=,31,$s,sf,:=,$z,zf,:=,$p,pf,:=,0,of,:=,0,cf,:=",False,16784528,16784578,2,"or eax, ecx","or eax, ecx",09c8,cpu,or,False,26,0,,,
16784548,"eax,edx,+=,31,$o,of,:=,31,$s,sf,:=,$z,zf,:=,31,$c,cf,:=,$p,pf,:=,3,$c,af,:=",False,16784528,16784578,2,"add edx, eax","add edx, eax",01c2,cpu,add,False,17,0,,,
16784550,"0xc,rdi,+,[4],rcx,=",True,16784528,16784577,3,"mov ecx, dword [rdi + 0xc]","mov ecx, dword [rdi + 0xc]",8b4f0c,cpu,mov,False,9,0,,,
16784553,"edx,rax,=",False,16784528,16784578,2,"mov eax, edx","mov eax, edx",89d0,cpu,mov,False,9,0,,,
16784555,"ecx,rax,&,0xffffffff,&,rax,=,$z,zf,:=,$p,pf,:=,31,$s,sf,:=,0,cf,:=,0,of,:=",False,16784528,16784578,2,"and eax, ecx","and eax, ecx",21c8,cpu,and,False,27,0,,,
16784557,"edx,ecx,|=,31,$s,sf,:=,$z,zf,:=,$p,pf,:=,0,of,:=,0,cf,:=",False,16784528,16784578,2,"or ecx, edx","or ecx, edx",09d1,cpu,or,False,26,0,,,
16784559,"ecx,eax,+=,31,$o,of,:=,31,$s,sf,:=,$z,zf,:=,31,$c,cf,:=,$p,pf,:=,3,$c,af,:=",False,16784528,16784578,2,"add eax, ecx","add eax, ecx",01c8,cpu,add,False,17,0,,,
16784561,"9,rcx,=",False,16784528,16784575,5,"mov ecx, 9","mov ecx, 9",b909000000,cpu,mov,False,9,0,,,9.0
16784566,"0,edx,=,31,eax,>>,?{,0xffffffff,edx,=,}",False,16784528,16784579,1,cdq,cdq,99,cpu,null,False,0,0,,,
16784567,"32,ecx,~,32,edx,<<,eax,+,~%,32,ecx,~,32,edx,<<,eax,+,~/,eax,=,edx,=",False,16784528,16784578,2,idiv ecx,idiv ecx,f7f9,cpu,div,False,21,0,,,
16784569,"edx,rax,=",False,16784528,16784578,2,"mov eax, edx","mov eax, edx",89d0,cpu,mov,False,9,0,,,
16784571,"eax,rdx,=",False,16784528,16784578,2,"mov edx, eax","mov edx, eax",89c2,cpu,mov,False,9,0,,,
16784573,"edx,!,!,cf,:=,edx,0xffffffff,^,1,+,edx,=,$z,zf,:=,0,of,:=,31,$s,sf,:=,31,$o,pf,:=",False,16784528,16784578,2,neg edx,neg edx,f7da,cpu,sub,False,18,0,,,
16784575,"sf,!,?{,edx,eax,=,}",False,16784528,16784577,3,"cmovns eax, edx","cmovns eax, edx",0f49c2,cpu,cmov,False,2147483657,0,,,
16784578,"rsp,[8],8,rsp,+=,rbp,=",False,16784528,16784579,1,pop rbp,pop rbp,5d,cpu,pop,False,14,0,,,
16784579,"rsp,[8],rip,=,8,rsp,+=",False,16784528,16784579,1,ret,ret,c3,cpu,ret,False,5,0,,,
