offset,esil,refptr,fcn_addr,fcn_last,size,opcode,disasm,bytes,family,type,reloc,type_num,type2_num,flags,xrefs_to,val,ptr,jump,fail,xrefs_from
16782976,"rbp,8,rsp,-,=[8],8,rsp,-=",False,16782976,16783163,1,push rbp,push rbp,55,cpu,rpush,False,268435468,0,"['main', 'sym.main']","[{'addr': 16782957, 'type': 'DATA'}]",,,,,
16782977,"rsp,rbp,=",False,16782976,16783161,3,"mov rbp, rsp","mov rbp, rsp",4889e5,cpu,mov,False,9,0,,,,,,,
16782980,"32,rsp,-=,32,0x8000000000000000,-,!,63,$o,^,of,:=,63,$s,sf,:=,$z,zf,:=,$p,pf,:=,64,$b,cf,:=,3,$b,af,:=",False,16782976,16783160,4,"sub rsp, 0x20","sub rsp, 0x20",4883ec20,cpu,sub,False,18,0,,,32.0,,,,
16782984,"rsi,0x18,rbp,-,=[8]",True,16782976,16783160,4,"mov qword [rbp - 0x18], rsi","mov qword [endptr], rsi",488975e8,cpu,mov,False,268435465,0,,,,,,,
16782988,"5,edi,==,$z,zf,:=,32,$b,cf,:=,$p,pf,:=,31,$s,sf,:=,5,0x80000000,-,!,31,$o,^,of,:=,3,$b,af,:=",False,16782976,16783161,3,"cmp edi, 5","cmp edi, 5",83ff05,cpu,cmp,False,15,0,,,5.0,5.0,,,
16782991,"zf,?{,16783027,rip,=,}",False,16782976,16783162,2,je 0x10016b3,je 0x10016b3,7422,cpu,cjmp,False,2147483649,0,,,,,16783027.0,16782993.0,
16782993,"0x18,rbp,-,[8],rax,=",True,16782976,16783160,4,"mov rax, qword [rbp - 0x18]","mov rax, qword [endptr]",488b45e8,cpu,mov,False,9,0,,,,,,,
16782997,"rax,[8],rsi,=",True,16782976,16783161,3,"mov rsi, qword [rax]","mov rsi, qword [rax]",488b30,cpu,mov,False,9,0,,,,,,,
16783000,"0x1263,rip,-,rdi,=",True,16782976,16783157,7,"lea rdi, [rip - 0x1263]","lea rdi, str.Usage:__s__int1___int2___int3___int4",488d3d9dedffff,cpu,lea,False,33,0,,,,16778300.0,,,"[{'addr': 16778300, 'type': 'DATA'}]"
16783007,"0,al,=",False,16782976,16783162,2,"mov al, 0","mov al, 0",b000,cpu,mov,False,9,0,,,0.0,,,,
16783009,"16784736,rip,8,rsp,-=,rsp,=[],rip,=",False,16782976,16783159,5,call 0x1001d60,call sym.imp.printf,e8ba060000,cpu,call,False,3,0,,,,,16784736.0,16783014.0,"[{'addr': 16784736, 'type': 'CALL'}]"
16783014,"1,rax,=",False,16782976,16783159,5,"mov eax, 1","mov eax, 1",b801000000,cpu,mov,False,9,0,,,1.0,,,,
16783019,"eax,0x1c,rbp,-,=[4]",True,16782976,16783161,3,"mov dword [rbp - 0x1c], eax","mov dword [var_24h], eax",8945e4,cpu,mov,False,268435465,0,,,,,,,
16783022,"0x1001733,rip,=",False,16782976,16783159,5,jmp 0x1001733,jmp 0x1001733,e980000000,cpu,jmp,False,1,0,,,,,16783155.0,,"[{'addr': 16783155, 'type': 'CODE'}]"
16783027,"0x18,rbp,-,[8],rax,=",True,16782976,16783160,4,"mov rax, qword [rbp - 0x18]","mov rax, qword [endptr]",488b45e8,cpu,mov,False,9,0,,,,,,,
16783031,"0x8,rax,+,[8],rdi,=",True,16782976,16783160,4,"mov rdi, qword [rax + 8]","mov rdi, qword [rax + 8]",488b7808,cpu,mov,False,9,0,,,,,,,
16783035,"eax,rax,^,0xffffffff,&,rax,=,$z,zf,:=,$p,pf,:=,31,$s,sf,:=,0,cf,:=,0,of,:=",False,16782976,16783162,2,"xor eax, eax","xor eax, eax",31c0,cpu,xor,False,28,0,,,,,,,
16783037,"eax,rsi,=",False,16782976,16783162,2,"mov esi, eax","mov esi, eax",89c6,cpu,mov,False,9,0,,,,,,,
16783039,"10,rdx,=",False,16782976,16783159,5,"mov edx, 0xa","mov edx, 0xa",ba0a000000,cpu,mov,False,9,0,,,10.0,,,,
16783044,"16784752,rip,8,rsp,-=,rsp,=[],rip,=",False,16782976,16783159,5,call 0x1001d70,call sym.imp.strtol,e8a7060000,cpu,call,False,3,0,,,,,16784752.0,16783049.0,"[{'addr': 16784752, 'type': 'CALL'}]"
16783049,"rax,rcx,=",False,16782976,16783161,3,"mov rcx, rax","mov rcx, rax",4889c1,cpu,mov,False,9,0,,,,,,,
16783052,"0x18,rbp,-,[8],rax,=",True,16782976,16783160,4,"mov rax, qword [rbp - 0x18]","mov rax, qword [endptr]",488b45e8,cpu,mov,False,9,0,,,,,,,
16783056,"ecx,0x10,rbp,-,=[4]",True,16782976,16783161,3,"mov dword [rbp - 0x10], ecx","mov dword [var_18h], ecx",894df0,cpu,mov,False,268435465,0,,,,,,,
16783059,"0x10,rax,+,[8],rdi,=",True,16782976,16783160,4,"mov rdi, qword [rax + 0x10]","mov rdi, qword [rax + 0x10]",488b7810,cpu,mov,False,9,0,,,,,,,
16783063,"eax,rax,^,0xffffffff,&,rax,=,$z,zf,:=,$p,pf,:=,31,$s,sf,:=,0,cf,:=,0,of,:=",False,16782976,16783162,2,"xor eax, eax","xor eax, eax",31c0,cpu,xor,False,28,0,,,,,,,
16783065,"eax,rsi,=",False,16782976,16783162,2,"mov esi, eax","mov esi, eax",89c6,cpu,mov,False,9,0,,,,,,,
16783067,"10,rdx,=",False,16782976,16783159,5,"mov edx, 0xa","mov edx, 0xa",ba0a000000,cpu,mov,False,9,0,,,10.0,,,,
16783072,"16784752,rip,8,rsp,-=,rsp,=[],rip,=",False,16782976,16783159,5,call 0x1001d70,call sym.imp.strtol,e88b060000,cpu,call,False,3,0,,,,,16784752.0,16783077.0,"[{'addr': 16784752, 'type': 'CALL'}]"
16783077,"rax,rcx,=",False,16782976,16783161,3,"mov rcx, rax","mov rcx, rax",4889c1,cpu,mov,False,9,0,,,,,,,
16783080,"0x18,rbp,-,[8],rax,=",True,16782976,16783160,4,"mov rax, qword [rbp - 0x18]","mov rax, qword [endptr]",488b45e8,cpu,mov,False,9,0,,,,,,,
16783084,"ecx,0xc,rbp,-,=[4]",True,16782976,16783161,3,"mov dword [rbp - 0xc], ecx","mov dword [var_14h], ecx",894df4,cpu,mov,False,268435465,0,,,,,,,
16783087,"0x18,rax,+,[8],rdi,=",True,16782976,16783160,4,"mov rdi, qword [rax + 0x18]","mov rdi, qword [rax + 0x18]",488b7818,cpu,mov,False,9,0,,,,,,,
16783091,"eax,rax,^,0xffffffff,&,rax,=,$z,zf,:=,$p,pf,:=,31,$s,sf,:=,0,cf,:=,0,of,:=",False,16782976,16783162,2,"xor eax, eax","xor eax, eax",31c0,cpu,xor,False,28,0,,,,,,,
16783093,"eax,rsi,=",False,16782976,16783162,2,"mov esi, eax","mov esi, eax",89c6,cpu,mov,False,9,0,,,,,,,
16783095,"10,rdx,=",False,16782976,16783159,5,"mov edx, 0xa","mov edx, 0xa",ba0a000000,cpu,mov,False,9,0,,,10.0,,,,
16783100,"16784752,rip,8,rsp,-=,rsp,=[],rip,=",False,16782976,16783159,5,call 0x1001d70,call sym.imp.strtol,e86f060000,cpu,call,False,3,0,,,,,16784752.0,16783105.0,"[{'addr': 16784752, 'type': 'CALL'}]"
16783105,"rax,rcx,=",False,16782976,16783161,3,"mov rcx, rax","mov rcx, rax",4889c1,cpu,mov,False,9,0,,,,,,,
16783108,"0x18,rbp,-,[8],rax,=",True,16782976,16783160,4,"mov rax, qword [rbp - 0x18]","mov rax, qword [endptr]",488b45e8,cpu,mov,False,9,0,,,,,,,
16783112,"ecx,0x8,rbp,-,=[4]",True,16782976,16783161,3,"mov dword [rbp - 8], ecx","mov dword [var_10h], ecx",894df8,cpu,mov,False,268435465,0,,,,,,,
16783115,"0x20,rax,+,[8],rdi,=",True,16782976,16783160,4,"mov rdi, qword [rax + 0x20]","mov rdi, qword [rax + 0x20]",488b7820,cpu,mov,False,9,0,,,,,,,
16783119,"eax,rax,^,0xffffffff,&,rax,=,$z,zf,:=,$p,pf,:=,31,$s,sf,:=,0,cf,:=,0,of,:=",False,16782976,16783162,2,"xor eax, eax","xor eax, eax",31c0,cpu,xor,False,28,0,,,,,,,
16783121,"eax,rsi,=",False,16782976,16783162,2,"mov esi, eax","mov esi, eax",89c6,cpu,mov,False,9,0,,,,,,,
16783123,"10,rdx,=",False,16782976,16783159,5,"mov edx, 0xa","mov edx, 0xa",ba0a000000,cpu,mov,False,9,0,,,10.0,,,,
16783128,"16784752,rip,8,rsp,-=,rsp,=[],rip,=",False,16782976,16783159,5,call 0x1001d70,call sym.imp.strtol,e853060000,cpu,call,False,3,0,,,,,16784752.0,16783133.0,"[{'addr': 16784752, 'type': 'CALL'}]"
16783133,"eax,0x4,rbp,-,=[4]",True,16782976,16783161,3,"mov dword [rbp - 4], eax","mov dword [var_ch], eax",8945fc,cpu,mov,False,268435465,0,,,,,,,
16783136,"0x10,rbp,-,rdi,=",True,16782976,16783160,4,"lea rdi, [rbp - 0x10]","lea rdi, [var_18h]",488d7df0,cpu,lea,False,33,0,,,,,,,
16783140,"4,rsi,=",False,16782976,16783159,5,"mov esi, 4","mov esi, 4",be04000000,cpu,mov,False,9,0,,,4.0,,,,
16783145,"16783168,rip,8,rsp,-=,rsp,=[],rip,=",False,16782976,16783159,5,call 0x1001740,call sym.recursive_flow,e812000000,cpu,call,False,3,0,,,,,16783168.0,16783150.0,"[{'addr': 16783168, 'type': 'CALL'}]"
16783150,"eax,rax,^,0xffffffff,&,rax,=,$z,zf,:=,$p,pf,:=,31,$s,sf,:=,0,cf,:=,0,of,:=",False,16782976,16783162,2,"xor eax, eax","xor eax, eax",31c0,cpu,xor,False,28,0,,,,,,,
16783152,"eax,0x1c,rbp,-,=[4]",True,16782976,16783161,3,"mov dword [rbp - 0x1c], eax","mov dword [var_24h], eax",8945e4,cpu,mov,False,268435465,0,,,,,,,
16783155,"0x1c,rbp,-,[4],rax,=",True,16782976,16783161,3,"mov eax, dword [rbp - 0x1c]","mov eax, dword [var_24h]",8b45e4,cpu,mov,False,9,0,,"[{'addr': 16783022, 'type': 'CODE'}]",,,,,
16783158,"32,rsp,+=,63,$o,of,:=,63,$s,sf,:=,$z,zf,:=,63,$c,cf,:=,$p,pf,:=,3,$c,af,:=",False,16782976,16783160,4,"add rsp, 0x20","add rsp, 0x20",4883c420,cpu,add,False,17,0,,,32.0,,,,
16783162,"rsp,[8],8,rsp,+=,rbp,=",False,16782976,16783163,1,pop rbp,pop rbp,5d,cpu,pop,False,14,0,,,,,,,
16783163,"rsp,[8],rip,=,8,rsp,+=",False,16782976,16783163,1,ret,ret,c3,cpu,ret,False,5,0,,,,,,,
