offset,esil,refptr,fcn_addr,fcn_last,size,opcode,disasm,bytes,family,type,reloc,type_num,type2_num,flags,xrefs_to,ptr,val,jump,xrefs_from
16783168,"rbp,8,rsp,-,=[8],8,rsp,-=",False,16783168,16783197,1,push rbp,push rbp,55,cpu,rpush,False,268435468,0,['sym.recursive_flow'],"[{'addr': 16783145, 'type': 'CALL'}]",,,,
16783169,"rsp,rbp,=",False,16783168,16783195,3,"mov rbp, rsp","mov rbp, rsp",4889e5,cpu,mov,False,9,0,,,,,,
16783172,"esi,r8,=",False,16783168,16783195,3,"mov r8d, esi","mov r8d, esi",4189f0,cpu,mov,False,9,0,,,,,,
16783175,"rdi,rdx,=",False,16783168,16783195,3,"mov rdx, rdi","mov rdx, rdi",4889fa,cpu,mov,False,9,0,,,,,,
16783178,"4294967296,rdi,=",False,16783168,16783188,10,"movabs rdi, 0x100000000","movabs rdi, 0x100000000",48bf0000000001000000,cpu,mov,False,9,0,,,4294967296.0,4294967296.0,,
16783188,"1,rsi,=",False,16783168,16783193,5,"mov esi, 1","mov esi, 1",be01000000,cpu,mov,False,9,0,,,,1.0,,
16783193,"ecx,rcx,^,0xffffffff,&,rcx,=,$z,zf,:=,$p,pf,:=,31,$s,sf,:=,0,cf,:=,0,of,:=",False,16783168,16783196,2,"xor ecx, ecx","xor ecx, ecx",31c9,cpu,xor,False,28,0,,,,,,
16783195,"rsp,[8],8,rsp,+=,rbp,=",False,16783168,16783197,1,pop rbp,pop rbp,5d,cpu,pop,False,14,0,,,,,,
16783196,"0x1001760,rip,=",False,16783168,16783196,2,jmp 0x1001760,jmp sym.process_layer,eb02,cpu,jmp,False,1,0,,,,,16783200.0,"[{'addr': 16783200, 'type': 'CODE'}]"
