offset,esil,refptr,fcn_addr,fcn_last,size,opcode,disasm,bytes,family,type,reloc,type_num,type2_num,flags,xrefs_to,val,ptr,jump,fail,xrefs_from
16784016,"rbp,8,rsp,-,=[8],8,rsp,-=",False,16784016,16784212,1,push rbp,push rbp,55,cpu,rpush,False,268435468,0,['sym.transform_state'],"[{'addr': 16783345, 'type': 'CALL'}]",,,,,
16784017,"rsp,rbp,=",False,16784016,16784210,3,"mov rbp, rsp","mov rbp, rsp",4889e5,cpu,mov,False,9,0,,,,,,,
16784020,"esi,rax,=",False,16784016,16784211,2,"mov eax, esi","mov eax, esi",89f0,cpu,mov,False,9,0,,,,,,,
16784022,"rdi,0x10,rbp,-,=[8]",True,16784016,16784209,4,"mov qword [rbp - 0x10], rdi","mov qword [var_18h], rdi",48897df0,cpu,mov,False,268435465,0,,,,,,,
16784026,"eax,0x4,rbp,-,=[4]",True,16784016,16784210,3,"mov dword [rbp - 4], eax","mov dword [var_ch], eax",8945fc,cpu,mov,False,268435465,0,,,,,,,
16784029,"1,rax,&,0xffffffff,&,rax,=,$z,zf,:=,$p,pf,:=,31,$s,sf,:=,0,cf,:=,0,of,:=",False,16784016,16784210,3,"and eax, 1","and eax, 1",83e001,cpu,and,False,27,0,,,1.0,,,,
16784032,"56,rax,^,0xffffffff,&,rax,=,$z,zf,:=,$p,pf,:=,31,$s,sf,:=,0,cf,:=,0,of,:=",False,16784016,16784210,3,"xor eax, 0x38","xor eax, 0x38",83f038,cpu,xor,False,28,0,,,56.0,56.0,,,
16784035,"72,rax,^,0xffffffff,&,rax,=,$z,zf,:=,$p,pf,:=,31,$s,sf,:=,0,cf,:=,0,of,:=",False,16784016,16784210,3,"xor eax, 0x48","xor eax, 0x48",83f048,cpu,xor,False,28,0,,,72.0,72.0,,,
16784038,"112,eax,==,$z,zf,:=,32,$b,cf,:=,$p,pf,:=,31,$s,sf,:=,112,0x80000000,-,!,31,$o,^,of,:=,3,$b,af,:=",False,16784016,16784210,3,"cmp eax, 0x70","cmp eax, 0x70",83f870,cpu,cmp,False,15,0,,,112.0,112.0,,,
16784041,"zf,!,?{,16784084,rip,=,}",False,16784016,16784211,2,jne 0x1001ad4,jne 0x1001ad4,7529,cpu,cjmp,False,2147483649,0,,,,,16784084.0,16784043.0,
16784043,"0x10,rbp,-,[8],rcx,=",True,16784016,16784209,4,"mov rcx, qword [rbp - 0x10]","mov rcx, qword [var_18h]",488b4df0,cpu,mov,False,9,0,,,,,,,
16784047,"0x4,rbp,-,[4],rax,=",True,16784016,16784210,3,"mov eax, dword [rbp - 4]","mov eax, dword [var_ch]",8b45fc,cpu,mov,False,9,0,,,,,,,
16784050,"32,eax,~,32,0x8,rcx,+,[4],~,*,DUP,eax,=,eax,-,?{,1,1,}{,0,0,},cf,:=,of,:=",False,16784016,16784209,4,"imul eax, dword [rcx + 8]","imul eax, dword [rcx + 8]",0faf4108,cpu,mul,False,20,0,,,,,,,
16784054,"0x4,rcx,+,[4],rsi,=",True,16784016,16784210,3,"mov esi, dword [rcx + 4]","mov esi, dword [rcx + 4]",8b7104,cpu,mov,False,9,0,,,,,,,
16784057,"eax,rdi,=",False,16784016,16784211,2,"mov edi, eax","mov edi, eax",89c7,cpu,mov,False,9,0,,,,,,,
16784059,"4294967295,rdi,^,0xffffffff,&,rdi,=,$z,zf,:=,$p,pf,:=,31,$s,sf,:=,0,cf,:=,0,of,:=",False,16784016,16784210,3,"xor edi, 0xffffffff","xor edi, 0xffffffff",83f7ff,cpu,xor,False,28,0,,,4294967295.0,4294967295.0,,,
16784062,"eax,rdx,=",False,16784016,16784211,2,"mov edx, eax","mov edx, eax",89c2,cpu,mov,False,9,0,,,,,,,
16784064,"esi,rdx,&,0xffffffff,&,rdx,=,$z,zf,:=,$p,pf,:=,31,$s,sf,:=,0,cf,:=,0,of,:=",False,16784016,16784211,2,"and edx, esi","and edx, esi",21f2,cpu,and,False,27,0,,,,,,,
16784066,"edi,rdx,^,0xffffffff,&,rdx,=,$z,zf,:=,$p,pf,:=,31,$s,sf,:=,0,cf,:=,0,of,:=",False,16784016,16784211,2,"xor edx, edi","xor edx, edi",31fa,cpu,xor,False,28,0,,,,,,,
16784068,"eax,rsi,^,0xffffffff,&,rsi,=,$z,zf,:=,$p,pf,:=,31,$s,sf,:=,0,cf,:=,0,of,:=",False,16784016,16784211,2,"xor esi, eax","xor esi, eax",31c6,cpu,xor,False,28,0,,,,,,,
16784070,"eax,rsi,^,0xffffffff,&,rsi,=,$z,zf,:=,$p,pf,:=,31,$s,sf,:=,0,cf,:=,0,of,:=",False,16784016,16784211,2,"xor esi, eax","xor esi, eax",31c6,cpu,xor,False,28,0,,,,,,,
16784072,"esi,rdx,&,0xffffffff,&,rdx,=,$z,zf,:=,$p,pf,:=,31,$s,sf,:=,0,cf,:=,0,of,:=",False,16784016,16784211,2,"and edx, esi","and edx, esi",21f2,cpu,and,False,27,0,,,,,,,
16784074,"edx,eax,+=,31,$o,of,:=,31,$s,sf,:=,$z,zf,:=,31,$c,cf,:=,$p,pf,:=,3,$c,af,:=",False,16784016,16784211,2,"add eax, edx","add eax, edx",01d0,cpu,add,False,17,0,,,,,,,
16784076,"eax,0x4,rcx,+,=[4]",True,16784016,16784210,3,"mov dword [rcx + 4], eax","mov dword [rcx + 4], eax",894104,cpu,mov,False,9,0,,,,,,,
16784079,"eax,0x14,rbp,-,=[4]",True,16784016,16784210,3,"mov dword [rbp - 0x14], eax","mov dword [var_1ch], eax",8945ec,cpu,mov,False,268435465,0,,,,,,,
16784082,"0x1001af2,rip,=",False,16784016,16784211,2,jmp 0x1001af2,jmp 0x1001af2,eb1e,cpu,jmp,False,1,0,,,,,16784114.0,,"[{'addr': 16784114, 'type': 'CODE'}]"
16784084,"0x10,rbp,-,[8],rcx,=",True,16784016,16784209,4,"mov rcx, qword [rbp - 0x10]","mov rcx, qword [var_18h]",488b4df0,cpu,mov,False,9,0,,,,,,,
16784088,"0x4,rbp,-,[4],rdi,=",True,16784016,16784210,3,"mov edi, dword [rbp - 4]","mov edi, dword [var_ch]",8b7dfc,cpu,mov,False,9,0,,,,,,,
16784091,"rcx,[4],rsi,=",True,16784016,16784211,2,"mov esi, dword [rcx]","mov esi, dword [rcx]",8b31,cpu,mov,False,9,0,,,,,,,
16784093,"0x4,rcx,+,[4],rax,=",True,16784016,16784210,3,"mov eax, dword [rcx + 4]","mov eax, dword [rcx + 4]",8b4104,cpu,mov,False,9,0,,,,,,,
16784096,"edi,rdx,=",False,16784016,16784211,2,"mov edx, edi","mov edx, edi",89fa,cpu,mov,False,9,0,,,,,,,
16784098,"esi,edx,|=,31,$s,sf,:=,$z,zf,:=,$p,pf,:=,0,of,:=,0,cf,:=",False,16784016,16784211,2,"or edx, esi","or edx, esi",09f2,cpu,or,False,26,0,,,,,,,
16784100,"edi,edi,|=,31,$s,sf,:=,$z,zf,:=,$p,pf,:=,0,of,:=,0,cf,:=",False,16784016,16784211,2,"or edi, edi","or edi, edi",09ff,cpu,or,False,26,0,,,,,,,
16784102,"edi,rdx,&,0xffffffff,&,rdx,=,$z,zf,:=,$p,pf,:=,31,$s,sf,:=,0,cf,:=,0,of,:=",False,16784016,16784211,2,"and edx, edi","and edx, edi",21fa,cpu,and,False,27,0,,,,,,,
16784104,"esi,edx,+=,31,$o,of,:=,31,$s,sf,:=,$z,zf,:=,31,$c,cf,:=,$p,pf,:=,3,$c,af,:=",False,16784016,16784211,2,"add edx, esi","add edx, esi",01f2,cpu,add,False,17,0,,,,,,,
16784106,"edx,eax,-=,edx,0x80000000,-,!,31,$o,^,of,:=,31,$s,sf,:=,$z,zf,:=,$p,pf,:=,32,$b,cf,:=,3,$b,af,:=",False,16784016,16784211,2,"sub eax, edx","sub eax, edx",29d0,cpu,sub,False,18,0,,,,,,,
16784108,"eax,0x4,rcx,+,=[4]",True,16784016,16784210,3,"mov dword [rcx + 4], eax","mov dword [rcx + 4], eax",894104,cpu,mov,False,9,0,,,,,,,
16784111,"eax,0x14,rbp,-,=[4]",True,16784016,16784210,3,"mov dword [rbp - 0x14], eax","mov dword [var_1ch], eax",8945ec,cpu,mov,False,268435465,0,,,,,,,
16784114,"0x14,rbp,-,[4],rcx,=",True,16784016,16784210,3,"mov ecx, dword [rbp - 0x14]","mov ecx, dword [var_1ch]",8b4dec,cpu,mov,False,9,0,,"[{'addr': 16784082, 'type': 'CODE'}]",,,,,
16784117,"ecx,0x20,rbp,-,=[4]",True,16784016,16784210,3,"mov dword [rbp - 0x20], ecx","mov dword [var_28h], ecx",894de0,cpu,mov,False,268435465,0,,,,,,,
16784120,"1,rax,=",False,16784016,16784208,5,"mov eax, 1","mov eax, 1",b801000000,cpu,mov,False,9,0,,,1.0,,,,
16784125,"1000,ecx,==,$z,zf,:=,32,$b,cf,:=,$p,pf,:=,31,$s,sf,:=,1000,0x80000000,-,!,31,$o,^,of,:=,3,$b,af,:=",False,16784016,16784207,6,"cmp ecx, 0x3e8","cmp ecx, 0x3e8",81f9e8030000,cpu,cmp,False,15,0,,,1000.0,1000.0,,,
16784131,"eax,rcx,=",False,16784016,16784211,2,"mov ecx, eax","mov ecx, eax",89c1,cpu,mov,False,9,0,,,,,,,
16784133,"ecx,0x1c,rbp,-,=[4]",True,16784016,16784210,3,"mov dword [rbp - 0x1c], ecx","mov dword [var_24h], ecx",894de4,cpu,mov,False,268435465,0,,,,,,,
16784136,"eax,0x18,rbp,-,=[4]",True,16784016,16784210,3,"mov dword [rbp - 0x18], eax","mov dword [var_20h], eax",8945e8,cpu,mov,False,268435465,0,,,,,,,
16784139,"sf,of,!,^,zf,!,&,?{,16784173,rip,=,}",False,16784016,16784211,2,jg 0x1001b2d,jg 0x1001b2d,7f20,cpu,cjmp,False,2147483649,0,,,,,16784173.0,16784141.0,
16784141,"0x20,rbp,-,[4],rsi,=",True,16784016,16784210,3,"mov esi, dword [rbp - 0x20]","mov esi, dword [var_28h]",8b75e0,cpu,mov,False,9,0,,,,,,,
16784144,"4294967294,rdx,=",False,16784016,16784208,5,"mov edx, 0xfffffffe","mov edx, 0xfffffffe",bafeffffff,cpu,mov,False,9,0,,,4294967294.0,4294967294.0,,,
16784149,"4294967295,rcx,=",False,16784016,16784208,5,"mov ecx, 0xffffffff","mov ecx, 0xffffffff",b9ffffffff,cpu,mov,False,9,0,,,4294967295.0,4294967295.0,,,
16784154,"eax,rax,^,0xffffffff,&,rax,=,$z,zf,:=,$p,pf,:=,31,$s,sf,:=,0,cf,:=,0,of,:=",False,16784016,16784211,2,"xor eax, eax","xor eax, eax",31c0,cpu,xor,False,28,0,,,,,,,
16784156,"4294966796,esi,==,$z,zf,:=,32,$b,cf,:=,$p,pf,:=,31,$s,sf,:=,4294966796,0x80000000,-,!,31,$o,^,of,:=,3,$b,af,:=",False,16784016,16784207,6,"cmp esi, 0xfffffe0c","cmp esi, 0xfffffe0c",81fe0cfeffff,cpu,cmp,False,15,0,,,4294966796.0,4294966796.0,,,
16784162,"edx,0x1c,rbp,-,=[4]",True,16784016,16784210,3,"mov dword [rbp - 0x1c], edx","mov dword [var_24h], edx",8955e4,cpu,mov,False,268435465,0,,,,,,,
16784165,"ecx,0x18,rbp,-,=[4]",True,16784016,16784210,3,"mov dword [rbp - 0x18], ecx","mov dword [var_20h], ecx",894de8,cpu,mov,False,268435465,0,,,,,,,
16784168,"eax,0x24,rbp,-,=[4]",True,16784016,16784210,3,"mov dword [rbp - 0x24], eax","mov dword [var_2ch], eax",8945dc,cpu,mov,False,268435465,0,,,,,,,
16784171,"of,!,sf,^,?{,16784208,rip,=,}",False,16784016,16784211,2,jge 0x1001b50,jge 0x1001b50,7d23,cpu,cjmp,False,2147483649,0,,,,,16784208.0,16784173.0,
16784173,"0x10,rbp,-,[8],rcx,=",True,16784016,16784209,4,"mov rcx, qword [rbp - 0x10]","mov rcx, qword [var_18h]",488b4df0,cpu,mov,False,9,0,,,,,,,
16784177,"0x1c,rbp,-,[4],rsi,=",True,16784016,16784210,3,"mov esi, dword [rbp - 0x1c]","mov esi, dword [var_24h]",8b75e4,cpu,mov,False,9,0,,,,,,,
16784180,"0x18,rbp,-,[4],rax,=",True,16784016,16784210,3,"mov eax, dword [rbp - 0x18]","mov eax, dword [var_20h]",8b45e8,cpu,mov,False,9,0,,,,,,,
16784183,"0x8,rcx,+,[4],rdi,=",True,16784016,16784210,3,"mov edi, dword [rcx + 8]","mov edi, dword [rcx + 8]",8b7908,cpu,mov,False,9,0,,,,,,,
16784186,"esi,rdx,=",False,16784016,16784211,2,"mov edx, esi","mov edx, esi",89f2,cpu,mov,False,9,0,,,,,,,
16784188,"edx,edx,|=,31,$s,sf,:=,$z,zf,:=,$p,pf,:=,0,of,:=,0,cf,:=",False,16784016,16784211,2,"or edx, edx","or edx, edx",09d2,cpu,or,False,26,0,,,,,,,
16784190,"4294967295,rdx,^,0xffffffff,&,rdx,=,$z,zf,:=,$p,pf,:=,31,$s,sf,:=,0,cf,:=,0,of,:=",False,16784016,16784210,3,"xor edx, 0xffffffff","xor edx, 0xffffffff",83f2ff,cpu,xor,False,28,0,,,4294967295.0,4294967295.0,,,
16784193,"4294967295,rdi,^,0xffffffff,&,rdi,=,$z,zf,:=,$p,pf,:=,31,$s,sf,:=,0,cf,:=,0,of,:=",False,16784016,16784210,3,"xor edi, 0xffffffff","xor edi, 0xffffffff",83f7ff,cpu,xor,False,28,0,,,4294967295.0,4294967295.0,,,
16784196,"esi,rdx,^,0xffffffff,&,rdx,=,$z,zf,:=,$p,pf,:=,31,$s,sf,:=,0,cf,:=,0,of,:=",False,16784016,16784211,2,"xor edx, esi","xor edx, esi",31f2,cpu,xor,False,28,0,,,,,,,
16784198,"edi,rdx,^,0xffffffff,&,rdx,=,$z,zf,:=,$p,pf,:=,31,$s,sf,:=,0,cf,:=,0,of,:=",False,16784016,16784211,2,"xor edx, edi","xor edx, edi",31fa,cpu,xor,False,28,0,,,,,,,
16784200,"esi,edx,+=,31,$o,of,:=,31,$s,sf,:=,$z,zf,:=,31,$c,cf,:=,$p,pf,:=,3,$c,af,:=",False,16784016,16784211,2,"add edx, esi","add edx, esi",01f2,cpu,add,False,17,0,,,,,,,
16784202,"edx,0x8,rcx,+,=[4]",True,16784016,16784210,3,"mov dword [rcx + 8], edx","mov dword [rcx + 8], edx",895108,cpu,mov,False,9,0,,,,,,,
16784205,"eax,0x24,rbp,-,=[4]",True,16784016,16784210,3,"mov dword [rbp - 0x24], eax","mov dword [var_2ch], eax",8945dc,cpu,mov,False,268435465,0,,,,,,,
16784208,"0x24,rbp,-,[4],rax,=",True,16784016,16784210,3,"mov eax, dword [rbp - 0x24]","mov eax, dword [var_2ch]",8b45dc,cpu,mov,False,9,0,,,,,,,
16784211,"rsp,[8],8,rsp,+=,rbp,=",False,16784016,16784212,1,pop rbp,pop rbp,5d,cpu,pop,False,14,0,,,,,,,
16784212,"rsp,[8],rip,=,8,rsp,+=",False,16784016,16784212,1,ret,ret,c3,cpu,ret,False,5,0,,,,,,,
