offset,esil,refptr,fcn_addr,fcn_last,size,opcode,disasm,bytes,family,type,reloc,type_num,type2_num,flags,xrefs_to,ptr,val,jump,fail,xrefs_from
16784224,"rbp,8,rsp,-,=[8],8,rsp,-=",False,16784224,16784462,1,push rbp,push rbp,55,cpu,rpush,False,268435468,0,['sym.mutate_state'],"[{'addr': 16783357, 'type': 'CALL'}]",,,,,
16784225,"rsp,rbp,=",False,16784224,16784460,3,"mov rbp, rsp","mov rbp, rsp",4889e5,cpu,mov,False,9,0,,,,,,,
16784228,"esi,rcx,=",False,16784224,16784461,2,"mov ecx, esi","mov ecx, esi",89f1,cpu,mov,False,9,0,,,,,,,
16784230,"rdi,0x10,rbp,-,=[8]",True,16784224,16784459,4,"mov qword [rbp - 0x10], rdi","mov qword [var_18h], rdi",48897df0,cpu,mov,False,268435465,0,,,,,,,
16784234,"ecx,0x8,rbp,-,=[4]",True,16784224,16784460,3,"mov dword [rbp - 8], ecx","mov dword [var_10h], ecx",894df8,cpu,mov,False,268435465,0,,,,,,,
16784237,"0x4,rdi,+,[4],rsi,=",True,16784224,16784460,3,"mov esi, dword [rdi + 4]","mov esi, dword [rdi + 4]",8b7704,cpu,mov,False,9,0,,,,,,,
16784240,"0x8,rdi,+,[4],rdx,=",True,16784224,16784460,3,"mov edx, dword [rdi + 8]","mov edx, dword [rdi + 8]",8b5708,cpu,mov,False,9,0,,,,,,,
16784243,"edx,0x4,rbp,-,=[4]",True,16784224,16784460,3,"mov dword [rbp - 4], edx","mov dword [var_ch], edx",8955fc,cpu,mov,False,268435465,0,,,,,,,
16784246,"esi,rax,=",False,16784224,16784461,2,"mov eax, esi","mov eax, esi",89f0,cpu,mov,False,9,0,,,,,,,
16784248,"edx,eax,|=,31,$s,sf,:=,$z,zf,:=,$p,pf,:=,0,of,:=,0,cf,:=",False,16784224,16784461,2,"or eax, edx","or eax, edx",09d0,cpu,or,False,26,0,,,,,,,
16784250,"esi,esi,|=,31,$s,sf,:=,$z,zf,:=,$p,pf,:=,0,of,:=,0,cf,:=",False,16784224,16784461,2,"or esi, esi","or esi, esi",09f6,cpu,or,False,26,0,,,,,,,
16784252,"esi,rax,&,0xffffffff,&,rax,=,$z,zf,:=,$p,pf,:=,31,$s,sf,:=,0,cf,:=,0,of,:=",False,16784224,16784461,2,"and eax, esi","and eax, esi",21f0,cpu,and,False,27,0,,,,,,,
16784254,"edx,eax,+=,31,$o,of,:=,31,$s,sf,:=,$z,zf,:=,31,$c,cf,:=,$p,pf,:=,3,$c,af,:=",False,16784224,16784461,2,"add eax, edx","add eax, edx",01d0,cpu,add,False,17,0,,,,,,,
16784256,"4294967295,rcx,^,0xffffffff,&,rcx,=,$z,zf,:=,$p,pf,:=,31,$s,sf,:=,0,cf,:=,0,of,:=",False,16784224,16784460,3,"xor ecx, 0xffffffff","xor ecx, 0xffffffff",83f1ff,cpu,xor,False,28,0,,,4294967295.0,4294967295.0,,,
16784259,"4294967295,rcx,^,0xffffffff,&,rcx,=,$z,zf,:=,$p,pf,:=,31,$s,sf,:=,0,cf,:=,0,of,:=",False,16784224,16784457,6,"xor ecx, 0xffffffff","xor ecx, 0xffffffff",81f1ffffffff,cpu,xor,False,28,0,,,4294967295.0,4294967295.0,,,
16784265,"2,ecx,+=,31,$o,of,:=,31,$s,sf,:=,$z,zf,:=,31,$c,cf,:=,$p,pf,:=,3,$c,af,:=",False,16784224,16784460,3,"add ecx, 2","add ecx, 2",83c102,cpu,add,False,17,0,,,,2.0,,,
16784268,"0,edx,=,31,eax,>>,?{,0xffffffff,edx,=,}",False,16784224,16784462,1,cdq,cdq,99,cpu,null,False,0,0,,,,,,,
16784269,"32,ecx,~,32,edx,<<,eax,+,~%,32,ecx,~,32,edx,<<,eax,+,~/,eax,=,edx,=",False,16784224,16784461,2,idiv ecx,idiv ecx,f7f9,cpu,div,False,21,0,,,,,,,
16784271,"edx,rax,=",False,16784224,16784461,2,"mov eax, edx","mov eax, edx",89d0,cpu,mov,False,9,0,,,,,,,
16784273,"0,1,!,!,?{,1,1,-,eax,<<,0x80000000,&,!,!,^,},1,eax,<<=,$z,zf,:=,$p,pf,:=,31,$s,sf,:=,cf,=",False,16784224,16784461,2,"shl eax, 1","shl eax, 1",d1e0,cpu,shl,False,23,0,,,,,,,
16784275,"edx,rax,^,0xffffffff,&,rax,=,$z,zf,:=,$p,pf,:=,31,$s,sf,:=,0,cf,:=,0,of,:=",False,16784224,16784461,2,"xor eax, edx","xor eax, edx",31d0,cpu,xor,False,28,0,,,,,,,
16784277,"0,eax,==,$z,zf,:=,32,$b,cf,:=,$p,pf,:=,31,$s,sf,:=,0,0x80000000,-,!,31,$o,^,of,:=,3,$b,af,:=",False,16784224,16784460,3,"cmp eax, 0","cmp eax, 0",83f800,cpu,cmp,False,15,0,,,0.0,0.0,,,
16784280,"zf,!,?{,16784306,rip,=,}",False,16784224,16784461,2,jne 0x1001bb2,jne 0x1001bb2,7518,cpu,cjmp,False,2147483649,0,,,,,16784306.0,16784282.0,
16784282,"0x10,rbp,-,[8],rcx,=",True,16784224,16784459,4,"mov rcx, qword [rbp - 0x10]","mov rcx, qword [var_18h]",488b4df0,cpu,mov,False,9,0,,,,,,,
16784286,"0x8,rbp,-,[4],rax,=",True,16784224,16784460,3,"mov eax, dword [rbp - 8]","mov eax, dword [var_10h]",8b45f8,cpu,mov,False,9,0,,,,,,,
16784289,"32,3,~,32,eax,~,*,DUP,eax,=,eax,-,?{,1,1,}{,0,0,},cf,:=,of,:=",False,16784224,16784460,3,"imul eax, eax, 3","imul eax, eax, 3",6bc003,cpu,mul,False,20,0,,,,,,,
16784292,"0xc,rcx,+,[4],rax,^,0xffffffff,&,rax,=,$z,zf,:=,$p,pf,:=,31,$s,sf,:=,0,cf,:=,0,of,:=",True,16784224,16784460,3,"xor eax, dword [rcx + 0xc]","xor eax, dword [rcx + 0xc]",33410c,cpu,xor,False,28,0,,,,,,,
16784295,"eax,0xc,rcx,+,=[4]",True,16784224,16784460,3,"mov dword [rcx + 0xc], eax","mov dword [rcx + 0xc], eax",89410c,cpu,mov,False,9,0,,,,,,,
16784298,"eax,0x14,rbp,-,=[4]",True,16784224,16784460,3,"mov dword [rbp - 0x14], eax","mov dword [var_1ch], eax",8945ec,cpu,mov,False,268435465,0,,,,,,,
16784301,"0x1001c35,rip,=",False,16784224,16784458,5,jmp 0x1001c35,jmp 0x1001c35,e983000000,cpu,jmp,False,1,0,,,,,16784437.0,,"[{'addr': 16784437, 'type': 'CODE'}]"
16784306,"0x10,rbp,-,[8],rcx,=",True,16784224,16784459,4,"mov rcx, qword [rbp - 0x10]","mov rcx, qword [var_18h]",488b4df0,cpu,mov,False,9,0,,,,,,,
16784310,"0x8,rbp,-,[4],rsi,=",True,16784224,16784460,3,"mov esi, dword [rbp - 8]","mov esi, dword [var_10h]",8b75f8,cpu,mov,False,9,0,,,,,,,
16784313,"0x4,rbp,-,[4],rax,=",True,16784224,16784460,3,"mov eax, dword [rbp - 4]","mov eax, dword [var_ch]",8b45fc,cpu,mov,False,9,0,,,,,,,
16784316,"32,eax,~,32,rcx,[4],~,*,DUP,eax,=,eax,-,?{,1,1,}{,0,0,},cf,:=,of,:=",False,16784224,16784460,3,"imul eax, dword [rcx]","imul eax, dword [rcx]",0faf01,cpu,mul,False,20,0,,,,,,,
16784319,"esi,r8,=",False,16784224,16784460,3,"mov r8d, esi","mov r8d, esi",4189f0,cpu,mov,False,9,0,,,,,,,
16784322,"4294967295,r8,^,0xffffffff,&,r8,=,$z,zf,:=,$p,pf,:=,31,$s,sf,:=,0,cf,:=,0,of,:=",False,16784224,16784459,4,"xor r8d, 0xffffffff","xor r8d, 0xffffffff",4183f0ff,cpu,xor,False,28,0,,,4294967295.0,4294967295.0,,,
16784326,"r8d,rdi,=",False,16784224,16784460,3,"mov edi, r8d","mov edi, r8d",4489c7,cpu,mov,False,9,0,,,,,,,
16784329,"edi,edi,|=,31,$s,sf,:=,$z,zf,:=,$p,pf,:=,0,of,:=,0,cf,:=",False,16784224,16784461,2,"or edi, edi","or edi, edi",09ff,cpu,or,False,26,0,,,,,,,
16784331,"0,rdi,&,0xffffffff,&,rdi,=,$z,zf,:=,$p,pf,:=,31,$s,sf,:=,0,cf,:=,0,of,:=",False,16784224,16784460,3,"and edi, 0","and edi, 0",83e700,cpu,and,False,27,0,,,,0.0,,,
16784334,"esi,rdi,^,0xffffffff,&,rdi,=,$z,zf,:=,$p,pf,:=,31,$s,sf,:=,0,cf,:=,0,of,:=",False,16784224,16784461,2,"xor edi, esi","xor edi, esi",31f7,cpu,xor,False,28,0,,,,,,,
16784336,"esi,rdx,=",False,16784224,16784461,2,"mov edx, esi","mov edx, esi",89f2,cpu,mov,False,9,0,,,,,,,
16784338,"5,edx,|=,31,$s,sf,:=,$z,zf,:=,$p,pf,:=,0,of,:=,0,cf,:=",False,16784224,16784460,3,"or edx, 5","or edx, 5",83ca05,cpu,or,False,26,0,,,,5.0,,,
16784341,"edx,r8,^,0xffffffff,&,r8,=,$z,zf,:=,$p,pf,:=,31,$s,sf,:=,0,cf,:=,0,of,:=",False,16784224,16784460,3,"xor r8d, edx","xor r8d, edx",4131d0,cpu,xor,False,28,0,,,,,,,
16784344,"esi,rdx,=",False,16784224,16784461,2,"mov edx, esi","mov edx, esi",89f2,cpu,mov,False,9,0,,,,,,,
16784346,"r8d,rdx,&,0xffffffff,&,rdx,=,$z,zf,:=,$p,pf,:=,31,$s,sf,:=,0,cf,:=,0,of,:=",False,16784224,16784460,3,"and edx, r8d","and edx, r8d",4421c2,cpu,and,False,27,0,,,,,,,
16784349,"edi,esi,|=,31,$s,sf,:=,$z,zf,:=,$p,pf,:=,0,of,:=,0,cf,:=",False,16784224,16784461,2,"or esi, edi","or esi, edi",09fe,cpu,or,False,26,0,,,,,,,
16784351,"edx,esi,|=,31,$s,sf,:=,$z,zf,:=,$p,pf,:=,0,of,:=,0,cf,:=",False,16784224,16784461,2,"or esi, edx","or esi, edx",09d6,cpu,or,False,26,0,,,,,,,
16784353,"5,esi,+=,31,$o,of,:=,31,$s,sf,:=,$z,zf,:=,31,$c,cf,:=,$p,pf,:=,3,$c,af,:=",False,16784224,16784460,3,"add esi, 5","add esi, 5",83c605,cpu,add,False,17,0,,,,5.0,,,
16784356,"0,edx,=,31,eax,>>,?{,0xffffffff,edx,=,}",False,16784224,16784462,1,cdq,cdq,99,cpu,null,False,0,0,,,,,,,
16784357,"32,esi,~,32,edx,<<,eax,+,~%,32,esi,~,32,edx,<<,eax,+,~/,eax,=,edx,=",False,16784224,16784461,2,idiv esi,idiv esi,f7fe,cpu,div,False,21,0,,,,,,,
16784359,"edx,rdi,=",False,16784224,16784461,2,"mov edi, edx","mov edi, edx",89d7,cpu,mov,False,9,0,,,,,,,
16784361,"0xc,rcx,+,[4],rsi,=",True,16784224,16784460,3,"mov esi, dword [rcx + 0xc]","mov esi, dword [rcx + 0xc]",8b710c,cpu,mov,False,9,0,,,,,,,
16784364,"esi,0x18,rbp,-,=[4]",True,16784224,16784460,3,"mov dword [rbp - 0x18], esi","mov dword [var_20h], esi",8975e8,cpu,mov,False,268435465,0,,,,,,,
16784367,"edi,rax,=",False,16784224,16784461,2,"mov eax, edi","mov eax, edi",89f8,cpu,mov,False,9,0,,,,,,,
16784369,"4294967295,rax,^,0xffffffff,&,rax,=,$z,zf,:=,$p,pf,:=,31,$s,sf,:=,0,cf,:=,0,of,:=",False,16784224,16784460,3,"xor eax, 0xffffffff","xor eax, 0xffffffff",83f0ff,cpu,xor,False,28,0,,,4294967295.0,4294967295.0,,,
16784372,"esi,rdx,=",False,16784224,16784461,2,"mov edx, esi","mov edx, esi",89f2,cpu,mov,False,9,0,,,,,,,
16784374,"4294967295,rdx,^,0xffffffff,&,rdx,=,$z,zf,:=,$p,pf,:=,31,$s,sf,:=,0,cf,:=,0,of,:=",False,16784224,16784460,3,"xor edx, 0xffffffff","xor edx, 0xffffffff",83f2ff,cpu,xor,False,28,0,,,4294967295.0,4294967295.0,,,
16784377,"edi,r8,=",False,16784224,16784460,3,"mov r8d, edi","mov r8d, edi",4189f8,cpu,mov,False,9,0,,,,,,,
16784380,"r8d,r8,&,0xffffffff,&,r8,=,$z,zf,:=,$p,pf,:=,31,$s,sf,:=,0,cf,:=,0,of,:=",False,16784224,16784460,3,"and r8d, r8d","and r8d, r8d",4521c0,cpu,and,False,27,0,,,,,,,
16784383,"esi,rax,^,0xffffffff,&,rax,=,$z,zf,:=,$p,pf,:=,31,$s,sf,:=,0,cf,:=,0,of,:=",False,16784224,16784461,2,"xor eax, esi","xor eax, esi",31f0,cpu,xor,False,28,0,,,,,,,
16784385,"r8d,rax,^,0xffffffff,&,rax,=,$z,zf,:=,$p,pf,:=,31,$s,sf,:=,0,cf,:=,0,of,:=",False,16784224,16784460,3,"xor eax, r8d","xor eax, r8d",4431c0,cpu,xor,False,28,0,,,,,,,
16784388,"esi,r8,=",False,16784224,16784460,3,"mov r8d, esi","mov r8d, esi",4189f0,cpu,mov,False,9,0,,,,,,,
16784391,"r8d,r8d,|=,31,$s,sf,:=,$z,zf,:=,$p,pf,:=,0,of,:=,0,cf,:=",False,16784224,16784460,3,"or r8d, r8d","or r8d, r8d",4509c0,cpu,or,False,26,0,,,,,,,
16784394,"edi,r9,=",False,16784224,16784460,3,"mov r9d, edi","mov r9d, edi",4189f9,cpu,mov,False,9,0,,,,,,,
16784397,"esi,r9,&,0xffffffff,&,r9,=,$z,zf,:=,$p,pf,:=,31,$s,sf,:=,0,cf,:=,0,of,:=",False,16784224,16784460,3,"and r9d, esi","and r9d, esi",4121f1,cpu,and,False,27,0,,,,,,,
16784400,"esi,r10,=",False,16784224,16784460,3,"mov r10d, esi","mov r10d, esi",4189f2,cpu,mov,False,9,0,,,,,,,
16784403,"r10d,r10,^,0xffffffff,&,r10,=,$z,zf,:=,$p,pf,:=,31,$s,sf,:=,0,cf,:=,0,of,:=",False,16784224,16784460,3,"xor r10d, r10d","xor r10d, r10d",4531d2,cpu,xor,False,28,0,,,,,,,
16784406,"r10d,r9d,|=,31,$s,sf,:=,$z,zf,:=,$p,pf,:=,0,of,:=,0,cf,:=",False,16784224,16784460,3,"or r9d, r10d","or r9d, r10d",4509d1,cpu,or,False,26,0,,,,,,,
16784409,"4294967295,r9,^,0xffffffff,&,r9,=,$z,zf,:=,$p,pf,:=,31,$s,sf,:=,0,cf,:=,0,of,:=",False,16784224,16784459,4,"xor r9d, 0xffffffff","xor r9d, 0xffffffff",4183f1ff,cpu,xor,False,28,0,,,4294967295.0,4294967295.0,,,
16784413,"r9d,r8,^,0xffffffff,&,r8,=,$z,zf,:=,$p,pf,:=,31,$s,sf,:=,0,cf,:=,0,of,:=",False,16784224,16784460,3,"xor r8d, r9d","xor r8d, r9d",4531c8,cpu,xor,False,28,0,,,,,,,
16784416,"r8d,rax,^,0xffffffff,&,rax,=,$z,zf,:=,$p,pf,:=,31,$s,sf,:=,0,cf,:=,0,of,:=",False,16784224,16784460,3,"xor eax, r8d","xor eax, r8d",4431c0,cpu,xor,False,28,0,,,,,,,
16784419,"edx,rdx,^,0xffffffff,&,rdx,=,$z,zf,:=,$p,pf,:=,31,$s,sf,:=,0,cf,:=,0,of,:=",False,16784224,16784461,2,"xor edx, edx","xor edx, edx",31d2,cpu,xor,False,28,0,,,,,,,
16784421,"edi,edx,|=,31,$s,sf,:=,$z,zf,:=,$p,pf,:=,0,of,:=,0,cf,:=",False,16784224,16784461,2,"or edx, edi","or edx, edi",09fa,cpu,or,False,26,0,,,,,,,
16784423,"esi,edx,|=,31,$s,sf,:=,$z,zf,:=,$p,pf,:=,0,of,:=,0,cf,:=",False,16784224,16784461,2,"or edx, esi","or edx, esi",09f2,cpu,or,False,26,0,,,,,,,
16784425,"esi,edx,|=,31,$s,sf,:=,$z,zf,:=,$p,pf,:=,0,of,:=,0,cf,:=",False,16784224,16784461,2,"or edx, esi","or edx, esi",09f2,cpu,or,False,26,0,,,,,,,
16784427,"esi,edx,|=,31,$s,sf,:=,$z,zf,:=,$p,pf,:=,0,of,:=,0,cf,:=",False,16784224,16784461,2,"or edx, esi","or edx, esi",09f2,cpu,or,False,26,0,,,,,,,
16784429,"edx,eax,+=,31,$o,of,:=,31,$s,sf,:=,$z,zf,:=,31,$c,cf,:=,$p,pf,:=,3,$c,af,:=",False,16784224,16784461,2,"add eax, edx","add eax, edx",01d0,cpu,add,False,17,0,,,,,,,
16784431,"eax,0xc,rcx,+,=[4]",True,16784224,16784460,3,"mov dword [rcx + 0xc], eax","mov dword [rcx + 0xc], eax",89410c,cpu,mov,False,9,0,,,,,,,
16784434,"eax,0x14,rbp,-,=[4]",True,16784224,16784460,3,"mov dword [rbp - 0x14], eax","mov dword [var_1ch], eax",8945ec,cpu,mov,False,268435465,0,,,,,,,
16784437,"0x14,rbp,-,[4],rax,=",True,16784224,16784460,3,"mov eax, dword [rbp - 0x14]","mov eax, dword [var_1ch]",8b45ec,cpu,mov,False,9,0,,"[{'addr': 16784301, 'type': 'CODE'}]",,,,,
16784440,"eax,0x1c,rbp,-,=[4]",True,16784224,16784460,3,"mov dword [rbp - 0x1c], eax","mov dword [var_24h], eax",8945e4,cpu,mov,False,268435465,0,,,,,,,
16784443,"0,eax,==,$z,zf,:=,32,$b,cf,:=,$p,pf,:=,31,$s,sf,:=,0,0x80000000,-,!,31,$o,^,of,:=,3,$b,af,:=",False,16784224,16784460,3,"cmp eax, 0","cmp eax, 0",83f800,cpu,cmp,False,15,0,,,0.0,0.0,,,
16784446,"of,!,sf,^,?{,16784461,rip,=,}",False,16784224,16784461,2,jge 0x1001c4d,jge 0x1001c4d,7d0d,cpu,cjmp,False,2147483649,0,,,,,16784461.0,16784448.0,
16784448,"0x10,rbp,-,[8],rax,=",True,16784224,16784459,4,"mov rax, qword [rbp - 0x10]","mov rax, qword [var_18h]",488b45f0,cpu,mov,False,9,0,,,,,,,
16784452,"0x1c,rbp,-,[4],rcx,=",True,16784224,16784460,3,"mov ecx, dword [rbp - 0x1c]","mov ecx, dword [var_24h]",8b4de4,cpu,mov,False,9,0,,,,,,,
16784455,"4294967295,rcx,^,0xffffffff,&,rcx,=,$z,zf,:=,$p,pf,:=,31,$s,sf,:=,0,cf,:=,0,of,:=",False,16784224,16784460,3,"xor ecx, 0xffffffff","xor ecx, 0xffffffff",83f1ff,cpu,xor,False,28,0,,,4294967295.0,4294967295.0,,,
16784458,"ecx,0xc,rax,+,=[4]",True,16784224,16784460,3,"mov dword [rax + 0xc], ecx","mov dword [rax + 0xc], ecx",89480c,cpu,mov,False,9,0,,,,,,,
16784461,"rsp,[8],8,rsp,+=,rbp,=",False,16784224,16784462,1,pop rbp,pop rbp,5d,cpu,pop,False,14,0,,,,,,,
16784462,"rsp,[8],rip,=,8,rsp,+=",False,16784224,16784462,1,ret,ret,c3,cpu,ret,False,5,0,,,,,,,
