offset,esil,refptr,fcn_addr,fcn_last,size,opcode,disasm,bytes,family,type,reloc,type_num,type2_num,flags,xrefs_to,val,ptr,jump,fail,xrefs_from
16785296,"rbp,8,rsp,-,=[8],8,rsp,-=",False,16785296,16785499,1,push rbp,push rbp,55,cpu,rpush,False,268435468,0,['sym.compute_fibonacci'],"[{'addr': 16784721, 'type': 'CALL'}, {'addr': 16785346, 'type': 'CALL'}]",,,,,
16785297,"rsp,rbp,=",False,16785296,16785497,3,"mov rbp, rsp","mov rbp, rsp",4889e5,cpu,mov,False,9,0,,,,,,,
16785300,"32,rsp,-=,32,0x8000000000000000,-,!,63,$o,^,of,:=,63,$s,sf,:=,$z,zf,:=,$p,pf,:=,64,$b,cf,:=,3,$b,af,:=",False,16785296,16785496,4,"sub rsp, 0x20","sub rsp, 0x20",4883ec20,cpu,sub,False,18,0,,,32.0,,,,
16785304,"eax,rax,^,0xffffffff,&,rax,=,$z,zf,:=,$p,pf,:=,31,$s,sf,:=,0,cf,:=,0,of,:=",False,16785296,16785498,2,"xor eax, eax","xor eax, eax",31c0,cpu,xor,False,28,0,,,,,,,
16785306,"2,edi,==,$z,zf,:=,32,$b,cf,:=,$p,pf,:=,31,$s,sf,:=,2,0x80000000,-,!,31,$o,^,of,:=,3,$b,af,:=",False,16785296,16785497,3,"cmp edi, 2","cmp edi, 2",83ff02,cpu,cmp,False,15,0,,,2.0,2.0,,,
16785309,"edi,0x8,rbp,-,=[4]",True,16785296,16785497,3,"mov dword [rbp - 8], edi","mov dword [var_10h], edi",897df8,cpu,mov,False,268435465,0,,,,,,,
16785312,"eax,0x4,rbp,-,=[4]",True,16785296,16785497,3,"mov dword [rbp - 4], eax","mov dword [var_ch], eax",8945fc,cpu,mov,False,268435465,0,,,,,,,
16785315,"of,sf,^,?{,16785480,rip,=,}",False,16785296,16785494,6,jl 0x1002048,jl 0x1002048,0f8c9f000000,cpu,cjmp,False,2147483649,0,,,,,16785480.0,16785321.0,
16785321,"0x4,rbp,-,[4],rcx,=",True,16785296,16785497,3,"mov ecx, dword [rbp - 4]","mov ecx, dword [var_ch]",8b4dfc,cpu,mov,False,9,0,,,,,,,
16785324,"0x8,rbp,-,[4],rax,=",True,16785296,16785497,3,"mov eax, dword [rbp - 8]","mov eax, dword [var_10h]",8b45f8,cpu,mov,False,9,0,,,,,,,
16785327,"ecx,0x14,rbp,-,=[4]",True,16785296,16785497,3,"mov dword [rbp - 0x14], ecx","mov dword [var_1ch], ecx",894dec,cpu,mov,False,268435465,0,,,,,,,
16785330,"eax,0x10,rbp,-,=[4]",True,16785296,16785497,3,"mov dword [rbp - 0x10], eax","mov dword [var_18h], eax",8945f0,cpu,mov,False,268435465,0,,,,,,,
16785333,"eax,rdi,=",False,16785296,16785498,2,"mov edi, eax","mov edi, eax",89c7,cpu,mov,False,9,0,,,,,,,
16785335,"4294967295,edi,|=,31,$s,sf,:=,$z,zf,:=,$p,pf,:=,0,of,:=,0,cf,:=",False,16785296,16785494,6,"or edi, 0xffffffff","or edi, 0xffffffff",81cfffffffff,cpu,or,False,26,0,,,4294967295.0,4294967295.0,,,
16785341,"4294967295,rdi,&,0xffffffff,&,rdi,=,$z,zf,:=,$p,pf,:=,31,$s,sf,:=,0,cf,:=,0,of,:=",False,16785296,16785497,3,"and edi, 0xffffffff","and edi, 0xffffffff",83e7ff,cpu,and,False,27,0,,,4294967295.0,4294967295.0,,,
16785344,"eax,edi,+=,31,$o,of,:=,31,$s,sf,:=,$z,zf,:=,31,$c,cf,:=,$p,pf,:=,3,$c,af,:=",False,16785296,16785498,2,"add edi, eax","add edi, eax",01c7,cpu,add,False,17,0,,,,,,,
16785346,"16785296,rip,8,rsp,-=,rsp,=[],rip,=",False,16785296,16785495,5,call 0x1001f90,call sym.compute_fibonacci,e8c9ffffff,cpu,call,False,3,0,,,,,16785296.0,16785351.0,"[{'addr': 16785296, 'type': 'CALL'}]"
16785351,"0x14,rbp,-,[4],r8,=",True,16785296,16785496,4,"mov r8d, dword [rbp - 0x14]","mov r8d, dword [var_1ch]",448b45ec,cpu,mov,False,9,0,,,,,,,
16785355,"0x10,rbp,-,[4],rdx,=",True,16785296,16785497,3,"mov edx, dword [rbp - 0x10]","mov edx, dword [var_18h]",8b55f0,cpu,mov,False,9,0,,,,,,,
16785358,"eax,rdi,=",False,16785296,16785498,2,"mov edi, eax","mov edi, eax",89c7,cpu,mov,False,9,0,,,,,,,
16785360,"edi,0xc,rbp,-,=[4]",True,16785296,16785497,3,"mov dword [rbp - 0xc], edi","mov dword [var_14h], edi",897df4,cpu,mov,False,268435465,0,,,,,,,
16785363,"edx,rcx,=",False,16785296,16785498,2,"mov ecx, edx","mov ecx, edx",89d1,cpu,mov,False,9,0,,,,,,,
16785365,"4294967295,rcx,^,0xffffffff,&,rcx,=,$z,zf,:=,$p,pf,:=,31,$s,sf,:=,0,cf,:=,0,of,:=",False,16785296,16785497,3,"xor ecx, 0xffffffff","xor ecx, 0xffffffff",83f1ff,cpu,xor,False,28,0,,,4294967295.0,4294967295.0,,,
16785368,"ecx,rsi,=",False,16785296,16785498,2,"mov esi, ecx","mov esi, ecx",89ce,cpu,mov,False,9,0,,,,,,,
16785370,"esi,esi,|=,31,$s,sf,:=,$z,zf,:=,$p,pf,:=,0,of,:=,0,cf,:=",False,16785296,16785498,2,"or esi, esi","or esi, esi",09f6,cpu,or,False,26,0,,,,,,,
16785372,"0,rsi,&,0xffffffff,&,rsi,=,$z,zf,:=,$p,pf,:=,31,$s,sf,:=,0,cf,:=,0,of,:=",False,16785296,16785497,3,"and esi, 0","and esi, 0",83e600,cpu,and,False,27,0,,,0.0,,,,
16785375,"edx,rsi,^,0xffffffff,&,rsi,=,$z,zf,:=,$p,pf,:=,31,$s,sf,:=,0,cf,:=,0,of,:=",False,16785296,16785498,2,"xor esi, edx","xor esi, edx",31d6,cpu,xor,False,28,0,,,,,,,
16785377,"edx,rax,=",False,16785296,16785498,2,"mov eax, edx","mov eax, edx",89d0,cpu,mov,False,9,0,,,,,,,
16785379,"4294967294,eax,|=,31,$s,sf,:=,$z,zf,:=,$p,pf,:=,0,of,:=,0,cf,:=",False,16785296,16785495,5,"or eax, 0xfffffffe","or eax, 0xfffffffe",0dfeffffff,cpu,or,False,26,0,,,4294967294.0,4294967294.0,,,
16785384,"eax,rcx,^,0xffffffff,&,rcx,=,$z,zf,:=,$p,pf,:=,31,$s,sf,:=,0,cf,:=,0,of,:=",False,16785296,16785498,2,"xor ecx, eax","xor ecx, eax",31c1,cpu,xor,False,28,0,,,,,,,
16785386,"edx,rax,=",False,16785296,16785498,2,"mov eax, edx","mov eax, edx",89d0,cpu,mov,False,9,0,,,,,,,
16785388,"ecx,rax,&,0xffffffff,&,rax,=,$z,zf,:=,$p,pf,:=,31,$s,sf,:=,0,cf,:=,0,of,:=",False,16785296,16785498,2,"and eax, ecx","and eax, ecx",21c8,cpu,and,False,27,0,,,,,,,
16785390,"edx,rcx,=",False,16785296,16785498,2,"mov ecx, edx","mov ecx, edx",89d1,cpu,mov,False,9,0,,,,,,,
16785392,"esi,ecx,|=,31,$s,sf,:=,$z,zf,:=,$p,pf,:=,0,of,:=,0,cf,:=",False,16785296,16785498,2,"or ecx, esi","or ecx, esi",09f1,cpu,or,False,26,0,,,,,,,
16785394,"eax,ecx,|=,31,$s,sf,:=,$z,zf,:=,$p,pf,:=,0,of,:=,0,cf,:=",False,16785296,16785498,2,"or ecx, eax","or ecx, eax",09c1,cpu,or,False,26,0,,,,,,,
16785396,"18446744073709551614,ecx,+=,31,$o,of,:=,31,$s,sf,:=,$z,zf,:=,31,$c,cf,:=,$p,pf,:=,3,$c,af,:=",False,16785296,16785497,3,"add ecx, 0xfffffffe","add ecx, 0xfffffffe",83c1fe,cpu,add,False,17,0,,,1.8446744073709552e+19,,,,
16785399,"r8d,rax,=",False,16785296,16785497,3,"mov eax, r8d","mov eax, r8d",4489c0,cpu,mov,False,9,0,,,,,,,
16785402,"4294967295,rax,^,0xffffffff,&,rax,=,$z,zf,:=,$p,pf,:=,31,$s,sf,:=,0,cf,:=,0,of,:=",False,16785296,16785497,3,"xor eax, 0xffffffff","xor eax, 0xffffffff",83f0ff,cpu,xor,False,28,0,,,4294967295.0,4294967295.0,,,
16785405,"edi,rsi,=",False,16785296,16785498,2,"mov esi, edi","mov esi, edi",89fe,cpu,mov,False,9,0,,,,,,,
16785407,"4294967295,rsi,^,0xffffffff,&,rsi,=,$z,zf,:=,$p,pf,:=,31,$s,sf,:=,0,cf,:=,0,of,:=",False,16785296,16785497,3,"xor esi, 0xffffffff","xor esi, 0xffffffff",83f6ff,cpu,xor,False,28,0,,,4294967295.0,4294967295.0,,,
16785410,"r8d,r9,=",False,16785296,16785497,3,"mov r9d, r8d","mov r9d, r8d",4589c1,cpu,mov,False,9,0,,,,,,,
16785413,"r9d,r9,&,0xffffffff,&,r9,=,$z,zf,:=,$p,pf,:=,31,$s,sf,:=,0,cf,:=,0,of,:=",False,16785296,16785497,3,"and r9d, r9d","and r9d, r9d",4521c9,cpu,and,False,27,0,,,,,,,
16785416,"edi,rax,^,0xffffffff,&,rax,=,$z,zf,:=,$p,pf,:=,31,$s,sf,:=,0,cf,:=,0,of,:=",False,16785296,16785498,2,"xor eax, edi","xor eax, edi",31f8,cpu,xor,False,28,0,,,,,,,
16785418,"r9d,rax,^,0xffffffff,&,rax,=,$z,zf,:=,$p,pf,:=,31,$s,sf,:=,0,cf,:=,0,of,:=",False,16785296,16785497,3,"xor eax, r9d","xor eax, r9d",4431c8,cpu,xor,False,28,0,,,,,,,
16785421,"edi,r9,=",False,16785296,16785497,3,"mov r9d, edi","mov r9d, edi",4189f9,cpu,mov,False,9,0,,,,,,,
16785424,"r9d,r9d,|=,31,$s,sf,:=,$z,zf,:=,$p,pf,:=,0,of,:=,0,cf,:=",False,16785296,16785497,3,"or r9d, r9d","or r9d, r9d",4509c9,cpu,or,False,26,0,,,,,,,
16785427,"r8d,r10,=",False,16785296,16785497,3,"mov r10d, r8d","mov r10d, r8d",4589c2,cpu,mov,False,9,0,,,,,,,
16785430,"edi,r10,&,0xffffffff,&,r10,=,$z,zf,:=,$p,pf,:=,31,$s,sf,:=,0,cf,:=,0,of,:=",False,16785296,16785497,3,"and r10d, edi","and r10d, edi",4121fa,cpu,and,False,27,0,,,,,,,
16785433,"edi,r11,=",False,16785296,16785497,3,"mov r11d, edi","mov r11d, edi",4189fb,cpu,mov,False,9,0,,,,,,,
16785436,"r11d,r11,^,0xffffffff,&,r11,=,$z,zf,:=,$p,pf,:=,31,$s,sf,:=,0,cf,:=,0,of,:=",False,16785296,16785497,3,"xor r11d, r11d","xor r11d, r11d",4531db,cpu,xor,False,28,0,,,,,,,
16785439,"r11d,r10d,|=,31,$s,sf,:=,$z,zf,:=,$p,pf,:=,0,of,:=,0,cf,:=",False,16785296,16785497,3,"or r10d, r11d","or r10d, r11d",4509da,cpu,or,False,26,0,,,,,,,
16785442,"4294967295,r10,^,0xffffffff,&,r10,=,$z,zf,:=,$p,pf,:=,31,$s,sf,:=,0,cf,:=,0,of,:=",False,16785296,16785496,4,"xor r10d, 0xffffffff","xor r10d, 0xffffffff",4183f2ff,cpu,xor,False,28,0,,,4294967295.0,4294967295.0,,,
16785446,"r10d,r9,^,0xffffffff,&,r9,=,$z,zf,:=,$p,pf,:=,31,$s,sf,:=,0,cf,:=,0,of,:=",False,16785296,16785497,3,"xor r9d, r10d","xor r9d, r10d",4531d1,cpu,xor,False,28,0,,,,,,,
16785449,"r9d,rax,^,0xffffffff,&,rax,=,$z,zf,:=,$p,pf,:=,31,$s,sf,:=,0,cf,:=,0,of,:=",False,16785296,16785497,3,"xor eax, r9d","xor eax, r9d",4431c8,cpu,xor,False,28,0,,,,,,,
16785452,"esi,rsi,^,0xffffffff,&,rsi,=,$z,zf,:=,$p,pf,:=,31,$s,sf,:=,0,cf,:=,0,of,:=",False,16785296,16785498,2,"xor esi, esi","xor esi, esi",31f6,cpu,xor,False,28,0,,,,,,,
16785454,"r8d,esi,|=,31,$s,sf,:=,$z,zf,:=,$p,pf,:=,0,of,:=,0,cf,:=",False,16785296,16785497,3,"or esi, r8d","or esi, r8d",4409c6,cpu,or,False,26,0,,,,,,,
16785457,"edi,esi,|=,31,$s,sf,:=,$z,zf,:=,$p,pf,:=,0,of,:=,0,cf,:=",False,16785296,16785498,2,"or esi, edi","or esi, edi",09fe,cpu,or,False,26,0,,,,,,,
16785459,"edi,esi,|=,31,$s,sf,:=,$z,zf,:=,$p,pf,:=,0,of,:=,0,cf,:=",False,16785296,16785498,2,"or esi, edi","or esi, edi",09fe,cpu,or,False,26,0,,,,,,,
16785461,"edi,esi,|=,31,$s,sf,:=,$z,zf,:=,$p,pf,:=,0,of,:=,0,cf,:=",False,16785296,16785498,2,"or esi, edi","or esi, edi",09fe,cpu,or,False,26,0,,,,,,,
16785463,"esi,eax,+=,31,$o,of,:=,31,$s,sf,:=,$z,zf,:=,31,$c,cf,:=,$p,pf,:=,3,$c,af,:=",False,16785296,16785498,2,"add eax, esi","add eax, esi",01f0,cpu,add,False,17,0,,,,,,,
16785465,"4,edx,==,$z,zf,:=,32,$b,cf,:=,$p,pf,:=,31,$s,sf,:=,4,0x80000000,-,!,31,$o,^,of,:=,3,$b,af,:=",False,16785296,16785497,3,"cmp edx, 4","cmp edx, 4",83fa04,cpu,cmp,False,15,0,,,4.0,4.0,,,
16785468,"ecx,0x8,rbp,-,=[4]",True,16785296,16785497,3,"mov dword [rbp - 8], ecx","mov dword [var_10h], ecx",894df8,cpu,mov,False,268435465,0,,,,,,,
16785471,"eax,0x4,rbp,-,=[4]",True,16785296,16785497,3,"mov dword [rbp - 4], eax","mov dword [var_ch], eax",8945fc,cpu,mov,False,268435465,0,,,,,,,
16785474,"cf,!,?{,16785321,rip,=,}",False,16785296,16785494,6,jae 0x1001fa9,jae 0x1001fa9,0f8361ffffff,cpu,cjmp,False,2147483649,0,,,,,16785321.0,16785480.0,
16785480,"0x4,rbp,-,[4],rcx,=",True,16785296,16785497,3,"mov ecx, dword [rbp - 4]","mov ecx, dword [var_ch]",8b4dfc,cpu,mov,False,9,0,,,,,,,
16785483,"0x8,rbp,-,[4],rdx,=",True,16785296,16785497,3,"mov edx, dword [rbp - 8]","mov edx, dword [var_10h]",8b55f8,cpu,mov,False,9,0,,,,,,,
16785486,"edx,rax,=",False,16785296,16785498,2,"mov eax, edx","mov eax, edx",89d0,cpu,mov,False,9,0,,,,,,,
16785488,"ecx,rax,&,0xffffffff,&,rax,=,$z,zf,:=,$p,pf,:=,31,$s,sf,:=,0,cf,:=,0,of,:=",False,16785296,16785498,2,"and eax, ecx","and eax, ecx",21c8,cpu,and,False,27,0,,,,,,,
16785490,"edx,ecx,|=,31,$s,sf,:=,$z,zf,:=,$p,pf,:=,0,of,:=,0,cf,:=",False,16785296,16785498,2,"or ecx, edx","or ecx, edx",09d1,cpu,or,False,26,0,,,,,,,
16785492,"ecx,eax,+=,31,$o,of,:=,31,$s,sf,:=,$z,zf,:=,31,$c,cf,:=,$p,pf,:=,3,$c,af,:=",False,16785296,16785498,2,"add eax, ecx","add eax, ecx",01c8,cpu,add,False,17,0,,,,,,,
16785494,"32,rsp,+=,63,$o,of,:=,63,$s,sf,:=,$z,zf,:=,63,$c,cf,:=,$p,pf,:=,3,$c,af,:=",False,16785296,16785496,4,"add rsp, 0x20","add rsp, 0x20",4883c420,cpu,add,False,17,0,,,32.0,,,,
16785498,"rsp,[8],8,rsp,+=,rbp,=",False,16785296,16785499,1,pop rbp,pop rbp,5d,cpu,pop,False,14,0,,,,,,,
16785499,"rsp,[8],rip,=,8,rsp,+=",False,16785296,16785499,1,ret,ret,c3,cpu,ret,False,5,0,,,,,,,
