offset,esil,refptr,fcn_addr,fcn_last,size,opcode,disasm,bytes,family,type,reloc,type_num,type2_num,flags,xrefs_to,val,jump,xrefs_from,ptr,fail
16784976,"rbp,8,rsp,-,=[8],8,rsp,-=",False,16784976,16785250,1,push rbp,push rbp,55,cpu,rpush,False,268435468,0,['sym.analyze_sequence'],"[{'addr': 16783524, 'type': 'CALL'}]",,,,,
16784977,"rsp,rbp,=",False,16784976,16785248,3,"mov rbp, rsp","mov rbp, rsp",4889e5,cpu,mov,False,9,0,,,,,,,
16784980,"rdi,0x38,rbp,-,=[8]",True,16784976,16785247,4,"mov qword [rbp - 0x38], rdi","mov qword [var_40h], rdi",48897dc8,cpu,mov,False,268435465,0,,,,,,,
16784984,"rsi,0x30,rbp,-,=[8]",True,16784976,16785247,4,"mov qword [rbp - 0x30], rsi","mov qword [var_38h], rsi",488975d0,cpu,mov,False,268435465,0,,,,,,,
16784988,"0,rsi,=[4]",True,16784976,16785245,6,"mov dword [rsi], 0","mov dword [rsi], 0",c70600000000,cpu,mov,False,9,0,,,0.0,,,,
16784994,"rdi,[4],rax,=",True,16784976,16785249,2,"mov eax, dword [rdi]","mov eax, dword [rdi]",8b07,cpu,mov,False,9,0,,,,,,,
16784996,"rsi,rcx,=",False,16784976,16785248,3,"mov rcx, rsi","mov rcx, rsi",4889f1,cpu,mov,False,9,0,,,,,,,
16784999,"4,rcx,+=,63,$o,of,:=,63,$s,sf,:=,$z,zf,:=,63,$c,cf,:=,$p,pf,:=,3,$c,af,:=",False,16784976,16785247,4,"add rcx, 4","add rcx, 4",4883c104,cpu,add,False,17,0,,,4.0,,,,
16785003,"rcx,0x28,rbp,-,=[8]",True,16784976,16785247,4,"mov qword [rbp - 0x28], rcx","mov qword [var_30h], rcx",48894dd8,cpu,mov,False,268435465,0,,,,,,,
16785007,"eax,0x4,rsi,+,=[4]",True,16784976,16785248,3,"mov dword [rsi + 4], eax","mov dword [rsi + 4], eax",894604,cpu,mov,False,9,0,,,,,,,
16785010,"rsi,rcx,=",False,16784976,16785248,3,"mov rcx, rsi","mov rcx, rsi",4889f1,cpu,mov,False,9,0,,,,,,,
16785013,"8,rcx,+=,63,$o,of,:=,63,$s,sf,:=,$z,zf,:=,63,$c,cf,:=,$p,pf,:=,3,$c,af,:=",False,16784976,16785247,4,"add rcx, 8","add rcx, 8",4883c108,cpu,add,False,17,0,,,8.0,,,,
16785017,"rcx,0x20,rbp,-,=[8]",True,16784976,16785247,4,"mov qword [rbp - 0x20], rcx","mov qword [var_28h], rcx",48894de0,cpu,mov,False,268435465,0,,,,,,,
16785021,"eax,0x8,rsi,+,=[4]",True,16784976,16785248,3,"mov dword [rsi + 8], eax","mov dword [rsi + 8], eax",894608,cpu,mov,False,9,0,,,,,,,
16785024,"ecx,rcx,^,0xffffffff,&,rcx,=,$z,zf,:=,$p,pf,:=,31,$s,sf,:=,0,cf,:=,0,of,:=",False,16784976,16785249,2,"xor ecx, ecx","xor ecx, ecx",31c9,cpu,xor,False,28,0,,,,,,,
16785026,"ecx,rdx,=",False,16784976,16785249,2,"mov edx, ecx","mov edx, ecx",89ca,cpu,mov,False,9,0,,,,,,,
16785028,"ecx,rcx,^,0xffffffff,&,rcx,=,$z,zf,:=,$p,pf,:=,31,$s,sf,:=,0,cf,:=,0,of,:=",False,16784976,16785249,2,"xor ecx, ecx","xor ecx, ecx",31c9,cpu,xor,False,28,0,,,,,,,
16785030,"rdx,0x18,rbp,-,=[8]",True,16784976,16785247,4,"mov qword [rbp - 0x18], rdx","mov qword [var_20h], rdx",488955e8,cpu,mov,False,268435465,0,,,,,,,
16785034,"ecx,0xc,rbp,-,=[4]",True,16784976,16785248,3,"mov dword [rbp - 0xc], ecx","mov dword [var_14h], ecx",894df4,cpu,mov,False,268435465,0,,,,,,,
16785037,"eax,rcx,=",False,16784976,16785249,2,"mov ecx, eax","mov ecx, eax",89c1,cpu,mov,False,9,0,,,,,,,
16785039,"ecx,0x8,rbp,-,=[4]",True,16784976,16785248,3,"mov dword [rbp - 8], ecx","mov dword [var_10h], ecx",894df8,cpu,mov,False,268435465,0,,,,,,,
16785042,"eax,0x4,rbp,-,=[4]",True,16784976,16785248,3,"mov dword [rbp - 4], eax","mov dword [var_ch], eax",8945fc,cpu,mov,False,268435465,0,,,,,,,
16785045,"0x1001e99,rip,=",False,16784976,16785249,2,jmp 0x1001e99,jmp 0x1001e99,eb02,cpu,jmp,False,1,0,,,,16785049.0,"[{'addr': 16785049, 'type': 'CODE'}]",,
16785047,"rsp,[8],8,rsp,+=,rbp,=",False,16784976,16785250,1,pop rbp,pop rbp,5d,cpu,pop,False,14,0,,,,,,,
16785048,"rsp,[8],rip,=,8,rsp,+=",False,16784976,16785250,1,ret,ret,c3,cpu,ret,False,5,0,,,,,,,
16785049,"0x38,rbp,-,[8],rcx,=",True,16784976,16785247,4,"mov rcx, qword [rbp - 0x38]","mov rcx, qword [var_40h]",488b4dc8,cpu,mov,False,9,0,,"[{'addr': 16785045, 'type': 'CODE'}, {'addr': 16785246, 'type': 'CODE'}]",,,,,
16785053,"0x30,rbp,-,[8],rsi,=",True,16784976,16785247,4,"mov rsi, qword [rbp - 0x30]","mov rsi, qword [var_38h]",488b75d0,cpu,mov,False,9,0,,,,,,,
16785057,"0x18,rbp,-,[8],rdx,=",True,16784976,16785247,4,"mov rdx, qword [rbp - 0x18]","mov rdx, qword [var_20h]",488b55e8,cpu,mov,False,9,0,,,,,,,
16785061,"0xc,rbp,-,[4],r9,=",True,16784976,16785247,4,"mov r9d, dword [rbp - 0xc]","mov r9d, dword [var_14h]",448b4df4,cpu,mov,False,9,0,,,,,,,
16785065,"0x8,rbp,-,[4],rax,=",True,16784976,16785248,3,"mov eax, dword [rbp - 8]","mov eax, dword [var_10h]",8b45f8,cpu,mov,False,9,0,,,,,,,
16785068,"0x4,rbp,-,[4],rdi,=",True,16784976,16785248,3,"mov edi, dword [rbp - 4]","mov edi, dword [var_ch]",8b7dfc,cpu,mov,False,9,0,,,,,,,
16785071,"edi,0x5c,rbp,-,=[4]",True,16784976,16785248,3,"mov dword [rbp - 0x5c], edi","mov dword [var_64h], edi",897da4,cpu,mov,False,268435465,0,,,,,,,
16785074,"rdx,0x58,rbp,-,=[8]",True,16784976,16785247,4,"mov qword [rbp - 0x58], rdx","mov qword [var_60h], rdx",488955a8,cpu,mov,False,268435465,0,,,,,,,
16785078,"rdx,r8,=",False,16784976,16785248,3,"mov r8, rdx","mov r8, rdx",4989d0,cpu,mov,False,9,0,,,,,,,
16785081,"0,2,!,!,?{,1,2,-,r8,<<,0x8000000000000000,&,!,!,^,},2,r8,<<=,$z,zf,:=,$p,pf,:=,63,$s,sf,:=,cf,=",False,16784976,16785247,4,"shl r8, 2","shl r8, 2",49c1e002,cpu,shl,False,23,0,,,,,,,
16785085,"rcx,rdi,=",False,16784976,16785248,3,"mov rdi, rcx","mov rdi, rcx",4889cf,cpu,mov,False,9,0,,,,,,,
16785088,"r8,rdi,+=,63,$o,of,:=,63,$s,sf,:=,$z,zf,:=,63,$c,cf,:=,$p,pf,:=,3,$c,af,:=",False,16784976,16785248,3,"add rdi, r8","add rdi, r8",4c01c7,cpu,add,False,17,0,,,,,,,
16785091,"rdi,0x50,rbp,-,=[8]",True,16784976,16785247,4,"mov qword [rbp - 0x50], rdi","mov qword [var_58h], rdi",48897db0,cpu,mov,False,268435465,0,,,,,,,
16785095,"rdx,4,*,rcx,+,[4],r8,=",True,16784976,16785247,4,"mov r8d, dword [rcx + rdx*4]","mov r8d, dword [rcx + rdx*4]",448b0491,cpu,mov,False,9,0,,,,,,,
16785099,"r8d,rdi,=",False,16784976,16785248,3,"mov edi, r8d","mov edi, r8d",4489c7,cpu,mov,False,9,0,,,,,,,
16785102,"edi,edi,|=,31,$s,sf,:=,$z,zf,:=,$p,pf,:=,0,of,:=,0,cf,:=",False,16784976,16785249,2,"or edi, edi","or edi, edi",09ff,cpu,or,False,26,0,,,,,,,
16785104,"4294967295,rdi,^,0xffffffff,&,rdi,=,$z,zf,:=,$p,pf,:=,31,$s,sf,:=,0,cf,:=,0,of,:=",False,16784976,16785248,3,"xor edi, 0xffffffff","xor edi, 0xffffffff",83f7ff,cpu,xor,False,28,0,,,4294967295.0,,,4294967295.0,
16785107,"4294967295,r9,^,0xffffffff,&,r9,=,$z,zf,:=,$p,pf,:=,31,$s,sf,:=,0,cf,:=,0,of,:=",False,16784976,16785247,4,"xor r9d, 0xffffffff","xor r9d, 0xffffffff",4183f1ff,cpu,xor,False,28,0,,,4294967295.0,,,4294967295.0,
16785111,"r8d,rdi,^,0xffffffff,&,rdi,=,$z,zf,:=,$p,pf,:=,31,$s,sf,:=,0,cf,:=,0,of,:=",False,16784976,16785248,3,"xor edi, r8d","xor edi, r8d",4431c7,cpu,xor,False,28,0,,,,,,,
16785114,"r9d,rdi,^,0xffffffff,&,rdi,=,$z,zf,:=,$p,pf,:=,31,$s,sf,:=,0,cf,:=,0,of,:=",False,16784976,16785248,3,"xor edi, r9d","xor edi, r9d",4431cf,cpu,xor,False,28,0,,,,,,,
16785117,"r8d,edi,+=,31,$o,of,:=,31,$s,sf,:=,$z,zf,:=,31,$c,cf,:=,$p,pf,:=,3,$c,af,:=",False,16784976,16785248,3,"add edi, r8d","add edi, r8d",4401c7,cpu,add,False,17,0,,,,,,,
16785120,"edi,0x48,rbp,-,=[4]",True,16784976,16785248,3,"mov dword [rbp - 0x48], edi","mov dword [var_50h], edi",897db8,cpu,mov,False,268435465,0,,,,,,,
16785123,"edi,rsi,=[4]",True,16784976,16785249,2,"mov dword [rsi], edi","mov dword [rsi], edi",893e,cpu,mov,False,9,0,,,,,,,
16785125,"rdx,4,*,rcx,+,[4],rcx,=",True,16784976,16785248,3,"mov ecx, dword [rcx + rdx*4]","mov ecx, dword [rcx + rdx*4]",8b0c91,cpu,mov,False,9,0,,,,,,,
16785128,"ecx,0x44,rbp,-,=[4]",True,16784976,16785248,3,"mov dword [rbp - 0x44], ecx","mov dword [var_4ch], ecx",894dbc,cpu,mov,False,268435465,0,,,,,,,
16785131,"eax,ecx,==,$z,zf,:=,32,$b,cf,:=,$p,pf,:=,31,$s,sf,:=,eax,0x80000000,-,!,31,$o,^,of,:=,3,$b,af,:=",False,16784976,16785249,2,"cmp ecx, eax","cmp ecx, eax",39c1,cpu,cmp,False,15,0,,,,,,,
16785133,"ecx,0x40,rbp,-,=[4]",True,16784976,16785248,3,"mov dword [rbp - 0x40], ecx","mov dword [var_48h], ecx",894dc0,cpu,mov,False,268435465,0,,,,,,,
16785136,"eax,0x3c,rbp,-,=[4]",True,16784976,16785248,3,"mov dword [rbp - 0x3c], eax","mov dword [var_44h], eax",8945c4,cpu,mov,False,268435465,0,,,,,,,
16785139,"of,!,sf,^,?{,16785162,rip,=,}",False,16784976,16785249,2,jge 0x1001f0a,jge 0x1001f0a,7d15,cpu,cjmp,False,2147483649,0,,,,16785162.0,,,16785141.0
16785141,"0x44,rbp,-,[4],rax,=",True,16784976,16785248,3,"mov eax, dword [rbp - 0x44]","mov eax, dword [var_4ch]",8b45bc,cpu,mov,False,9,0,,,,,,,
16785144,"0x50,rbp,-,[8],rcx,=",True,16784976,16785247,4,"mov rcx, qword [rbp - 0x50]","mov rcx, qword [var_58h]",488b4db0,cpu,mov,False,9,0,,,,,,,
16785148,"0x28,rbp,-,[8],rdx,=",True,16784976,16785247,4,"mov rdx, qword [rbp - 0x28]","mov rdx, qword [var_30h]",488b55d8,cpu,mov,False,9,0,,,,,,,
16785152,"eax,rdx,=[4]",True,16784976,16785249,2,"mov dword [rdx], eax","mov dword [rdx], eax",8902,cpu,mov,False,9,0,,,,,,,
16785154,"rcx,[4],rcx,=",True,16784976,16785249,2,"mov ecx, dword [rcx]","mov ecx, dword [rcx]",8b09,cpu,mov,False,9,0,,,,,,,
16785156,"ecx,0x40,rbp,-,=[4]",True,16784976,16785248,3,"mov dword [rbp - 0x40], ecx","mov dword [var_48h], ecx",894dc0,cpu,mov,False,268435465,0,,,,,,,
16785159,"eax,0x3c,rbp,-,=[4]",True,16784976,16785248,3,"mov dword [rbp - 0x3c], eax","mov dword [var_44h], eax",8945c4,cpu,mov,False,268435465,0,,,,,,,
16785162,"0x5c,rbp,-,[4],rax,=",True,16784976,16785248,3,"mov eax, dword [rbp - 0x5c]","mov eax, dword [var_64h]",8b45a4,cpu,mov,False,9,0,,,,,,,
16785165,"0x40,rbp,-,[4],rcx,=",True,16784976,16785248,3,"mov ecx, dword [rbp - 0x40]","mov ecx, dword [var_48h]",8b4dc0,cpu,mov,False,9,0,,,,,,,
16785168,"0x3c,rbp,-,[4],rdx,=",True,16784976,16785248,3,"mov edx, dword [rbp - 0x3c]","mov edx, dword [var_44h]",8b55c4,cpu,mov,False,9,0,,,,,,,
16785171,"edx,0x68,rbp,-,=[4]",True,16784976,16785248,3,"mov dword [rbp - 0x68], edx","mov dword [var_70h], edx",895598,cpu,mov,False,268435465,0,,,,,,,
16785174,"ecx,0x64,rbp,-,=[4]",True,16784976,16785248,3,"mov dword [rbp - 0x64], ecx","mov dword [var_6ch], ecx",894d9c,cpu,mov,False,268435465,0,,,,,,,
16785177,"eax,ecx,==,$z,zf,:=,32,$b,cf,:=,$p,pf,:=,31,$s,sf,:=,eax,0x80000000,-,!,31,$o,^,of,:=,3,$b,af,:=",False,16784976,16785249,2,"cmp ecx, eax","cmp ecx, eax",39c1,cpu,cmp,False,15,0,,,,,,,
16785179,"eax,0x60,rbp,-,=[4]",True,16784976,16785248,3,"mov dword [rbp - 0x60], eax","mov dword [var_68h], eax",8945a0,cpu,mov,False,268435465,0,,,,,,,
16785182,"of,sf,^,zf,|,?{,16785196,rip,=,}",False,16784976,16785249,2,jle 0x1001f2c,jle 0x1001f2c,7e0c,cpu,cjmp,False,2147483649,0,,,,16785196.0,,,16785184.0
16785184,"0x64,rbp,-,[4],rax,=",True,16784976,16785248,3,"mov eax, dword [rbp - 0x64]","mov eax, dword [var_6ch]",8b459c,cpu,mov,False,9,0,,,,,,,
16785187,"0x20,rbp,-,[8],rcx,=",True,16784976,16785247,4,"mov rcx, qword [rbp - 0x20]","mov rcx, qword [var_28h]",488b4de0,cpu,mov,False,9,0,,,,,,,
16785191,"eax,rcx,=[4]",True,16784976,16785249,2,"mov dword [rcx], eax","mov dword [rcx], eax",8901,cpu,mov,False,9,0,,,,,,,
16785193,"eax,0x60,rbp,-,=[4]",True,16784976,16785248,3,"mov dword [rbp - 0x60], eax","mov dword [var_68h], eax",8945a0,cpu,mov,False,268435465,0,,,,,,,
16785196,"0x68,rbp,-,[4],rcx,=",True,16784976,16785248,3,"mov ecx, dword [rbp - 0x68]","mov ecx, dword [var_70h]",8b4d98,cpu,mov,False,9,0,,,,,,,
16785199,"0x48,rbp,-,[4],rdx,=",True,16784976,16785248,3,"mov edx, dword [rbp - 0x48]","mov edx, dword [var_50h]",8b55b8,cpu,mov,False,9,0,,,,,,,
16785202,"0x58,rbp,-,[8],rdi,=",True,16784976,16785247,4,"mov rdi, qword [rbp - 0x58]","mov rdi, qword [var_60h]",488b7da8,cpu,mov,False,9,0,,,,,,,
16785206,"0x60,rbp,-,[4],rax,=",True,16784976,16785248,3,"mov eax, dword [rbp - 0x60]","mov eax, dword [var_68h]",8b45a0,cpu,mov,False,9,0,,,,,,,
16785209,"rdi,rsi,=",False,16784976,16785248,3,"mov rsi, rdi","mov rsi, rdi",4889fe,cpu,mov,False,9,0,,,,,,,
16785212,"1,rsi,|=,63,$s,sf,:=,$z,zf,:=,$p,pf,:=,0,of,:=,0,cf,:=",False,16784976,16785247,4,"or rsi, 1","or rsi, 1",4883ce01,cpu,or,False,26,0,,,1.0,,,,
16785216,"1,rsi,&=,$z,zf,:=,$p,pf,:=,63,$s,sf,:=,0,cf,:=,0,of,:=",False,16784976,16785247,4,"and rsi, 1","and rsi, 1",4883e601,cpu,and,False,27,0,,,1.0,,,,
16785220,"rdi,rsi,+=,63,$o,of,:=,63,$s,sf,:=,$z,zf,:=,63,$c,cf,:=,$p,pf,:=,3,$c,af,:=",False,16784976,16785248,3,"add rsi, rdi","add rsi, rdi",4801fe,cpu,add,False,17,0,,,,,,,
16785223,"20,rsi,==,$z,zf,:=,64,$b,cf,:=,$p,pf,:=,63,$s,sf,:=,20,0x8000000000000000,-,!,63,$o,^,of,:=,3,$b,af,:=",False,16784976,16785247,4,"cmp rsi, 0x14","cmp rsi, 0x14",4883fe14,cpu,cmp,False,15,0,,,20.0,,,20.0,
16785227,"rsi,0x18,rbp,-,=[8]",True,16784976,16785247,4,"mov qword [rbp - 0x18], rsi","mov qword [var_20h], rsi",488975e8,cpu,mov,False,268435465,0,,,,,,,
16785231,"edx,0xc,rbp,-,=[4]",True,16784976,16785248,3,"mov dword [rbp - 0xc], edx","mov dword [var_14h], edx",8955f4,cpu,mov,False,268435465,0,,,,,,,
16785234,"ecx,0x8,rbp,-,=[4]",True,16784976,16785248,3,"mov dword [rbp - 8], ecx","mov dword [var_10h], ecx",894df8,cpu,mov,False,268435465,0,,,,,,,
16785237,"eax,0x4,rbp,-,=[4]",True,16784976,16785248,3,"mov dword [rbp - 4], eax","mov dword [var_ch], eax",8945fc,cpu,mov,False,268435465,0,,,,,,,
16785240,"zf,?{,16785047,rip,=,}",False,16784976,16785245,6,je 0x1001e97,je 0x1001e97,0f8439ffffff,cpu,cjmp,False,2147483649,0,,,,16785047.0,,,16785246.0
16785246,"0x1001e99,rip,=",False,16784976,16785246,5,jmp 0x1001e99,jmp 0x1001e99,e936ffffff,cpu,jmp,False,1,0,,,,16785049.0,"[{'addr': 16785049, 'type': 'CODE'}]",,
