offset,esil,refptr,fcn_addr,fcn_last,size,opcode,disasm,bytes,family,type,reloc,type_num,type2_num,flags,xrefs_to,val,ptr,jump,fail,xrefs_from
16783248,"rbp,8,rsp,-,=[8],8,rsp,-=",False,16783248,16783453,1,push rbp,push rbp,55,cpu,rpush,False,268435468,0,"['main', 'sym.main']","[{'addr': 16783229, 'type': 'DATA'}]",,,,,
16783249,"rsp,rbp,=",False,16783248,16783451,3,"mov rbp, rsp","mov rbp, rsp",4889e5,cpu,mov,False,9,0,,,,,,,
16783252,"32,rsp,-=,32,0x8000000000000000,-,!,63,$o,^,of,:=,63,$s,sf,:=,$z,zf,:=,$p,pf,:=,64,$b,cf,:=,3,$b,af,:=",False,16783248,16783450,4,"sub rsp, 0x20","sub rsp, 0x20",4883ec20,cpu,sub,False,18,0,,,32.0,,,,
16783256,"rsi,0x18,rbp,-,=[8]",True,16783248,16783450,4,"mov qword [rbp - 0x18], rsi","mov qword [endptr], rsi",488975e8,cpu,mov,False,268435465,0,,,,,,,
16783260,"5,edi,==,$z,zf,:=,32,$b,cf,:=,$p,pf,:=,31,$s,sf,:=,5,0x80000000,-,!,31,$o,^,of,:=,3,$b,af,:=",False,16783248,16783451,3,"cmp edi, 5","cmp edi, 5",83ff05,cpu,cmp,False,15,0,,,5.0,5.0,,,
16783263,"zf,?{,16783299,rip,=,}",False,16783248,16783452,2,je 0x10017c3,je 0x10017c3,7422,cpu,cjmp,False,2147483649,0,,,,,16783299.0,16783265.0,
16783265,"0x18,rbp,-,[8],rax,=",True,16783248,16783450,4,"mov rax, qword [rbp - 0x18]","mov rax, qword [endptr]",488b45e8,cpu,mov,False,9,0,,,,,,,
16783269,"rax,[8],rsi,=",True,16783248,16783451,3,"mov rsi, qword [rax]","mov rsi, qword [rax]",488b30,cpu,mov,False,9,0,,,,,,,
16783272,"0x128f,rip,-,rdi,=",True,16783248,16783447,7,"lea rdi, [rip - 0x128f]","lea rdi, str.Usage:__s__int1___int2___int3___int4",488d3d71edffff,cpu,lea,False,33,0,,,,16778528.0,,,"[{'addr': 16778528, 'type': 'DATA'}]"
16783279,"0,al,=",False,16783248,16783452,2,"mov al, 0","mov al, 0",b000,cpu,mov,False,9,0,,,0.0,,,,
16783281,"16786560,rip,8,rsp,-=,rsp,=[],rip,=",False,16783248,16783449,5,call 0x1002480,call sym.imp.printf,e8ca0c0000,cpu,call,False,3,0,,,,,16786560.0,16783286.0,"[{'addr': 16786560, 'type': 'CALL'}]"
16783286,"1,rax,=",False,16783248,16783449,5,"mov eax, 1","mov eax, 1",b801000000,cpu,mov,False,9,0,,,1.0,,,,
16783291,"eax,0x1c,rbp,-,=[4]",True,16783248,16783451,3,"mov dword [rbp - 0x1c], eax","mov dword [var_24h], eax",8945e4,cpu,mov,False,268435465,0,,,,,,,
16783294,"0x1001855,rip,=",False,16783248,16783449,5,jmp 0x1001855,jmp 0x1001855,e992000000,cpu,jmp,False,1,0,,,,,16783445.0,,"[{'addr': 16783445, 'type': 'CODE'}]"
16783299,"0x18,rbp,-,[8],rax,=",True,16783248,16783450,4,"mov rax, qword [rbp - 0x18]","mov rax, qword [endptr]",488b45e8,cpu,mov,False,9,0,,,,,,,
16783303,"0x8,rax,+,[8],rdi,=",True,16783248,16783450,4,"mov rdi, qword [rax + 8]","mov rdi, qword [rax + 8]",488b7808,cpu,mov,False,9,0,,,,,,,
16783307,"eax,rax,^,0xffffffff,&,rax,=,$z,zf,:=,$p,pf,:=,31,$s,sf,:=,0,cf,:=,0,of,:=",False,16783248,16783452,2,"xor eax, eax","xor eax, eax",31c0,cpu,xor,False,28,0,,,,,,,
16783309,"eax,rsi,=",False,16783248,16783452,2,"mov esi, eax","mov esi, eax",89c6,cpu,mov,False,9,0,,,,,,,
16783311,"10,rdx,=",False,16783248,16783449,5,"mov edx, 0xa","mov edx, 0xa",ba0a000000,cpu,mov,False,9,0,,,10.0,,,,
16783316,"16786576,rip,8,rsp,-=,rsp,=[],rip,=",False,16783248,16783449,5,call 0x1002490,call sym.imp.strtol,e8b70c0000,cpu,call,False,3,0,,,,,16786576.0,16783321.0,"[{'addr': 16786576, 'type': 'CALL'}]"
16783321,"40,rcx,=",False,16783248,16783449,5,"mov ecx, 0x28","mov ecx, 0x28",b928000000,cpu,mov,False,9,0,,,40.0,40.0,,,
16783326,"0,edx,=,31,eax,>>,?{,0xffffffff,edx,=,}",False,16783248,16783453,1,cdq,cdq,99,cpu,null,False,0,0,,,,,,,
16783327,"32,ecx,~,32,edx,<<,eax,+,~%,32,ecx,~,32,edx,<<,eax,+,~/,eax,=,edx,=",False,16783248,16783452,2,idiv ecx,idiv ecx,f7f9,cpu,div,False,21,0,,,,,,,
16783329,"0x18,rbp,-,[8],rax,=",True,16783248,16783450,4,"mov rax, qword [rbp - 0x18]","mov rax, qword [endptr]",488b45e8,cpu,mov,False,9,0,,,,,,,
16783333,"edx,0x10,rbp,-,=[4]",True,16783248,16783451,3,"mov dword [rbp - 0x10], edx","mov dword [var_18h], edx",8955f0,cpu,mov,False,268435465,0,,,,,,,
16783336,"0x10,rax,+,[8],rdi,=",True,16783248,16783450,4,"mov rdi, qword [rax + 0x10]","mov rdi, qword [rax + 0x10]",488b7810,cpu,mov,False,9,0,,,,,,,
16783340,"eax,rax,^,0xffffffff,&,rax,=,$z,zf,:=,$p,pf,:=,31,$s,sf,:=,0,cf,:=,0,of,:=",False,16783248,16783452,2,"xor eax, eax","xor eax, eax",31c0,cpu,xor,False,28,0,,,,,,,
16783342,"eax,rsi,=",False,16783248,16783452,2,"mov esi, eax","mov esi, eax",89c6,cpu,mov,False,9,0,,,,,,,
16783344,"10,rdx,=",False,16783248,16783449,5,"mov edx, 0xa","mov edx, 0xa",ba0a000000,cpu,mov,False,9,0,,,10.0,,,,
16783349,"16786576,rip,8,rsp,-=,rsp,=[],rip,=",False,16783248,16783449,5,call 0x1002490,call sym.imp.strtol,e8960c0000,cpu,call,False,3,0,,,,,16786576.0,16783354.0,"[{'addr': 16786576, 'type': 'CALL'}]"
16783354,"40,rcx,=",False,16783248,16783449,5,"mov ecx, 0x28","mov ecx, 0x28",b928000000,cpu,mov,False,9,0,,,40.0,40.0,,,
16783359,"0,edx,=,31,eax,>>,?{,0xffffffff,edx,=,}",False,16783248,16783453,1,cdq,cdq,99,cpu,null,False,0,0,,,,,,,
16783360,"32,ecx,~,32,edx,<<,eax,+,~%,32,ecx,~,32,edx,<<,eax,+,~/,eax,=,edx,=",False,16783248,16783452,2,idiv ecx,idiv ecx,f7f9,cpu,div,False,21,0,,,,,,,
16783362,"0x18,rbp,-,[8],rax,=",True,16783248,16783450,4,"mov rax, qword [rbp - 0x18]","mov rax, qword [endptr]",488b45e8,cpu,mov,False,9,0,,,,,,,
16783366,"edx,0xc,rbp,-,=[4]",True,16783248,16783451,3,"mov dword [rbp - 0xc], edx","mov dword [var_14h], edx",8955f4,cpu,mov,False,268435465,0,,,,,,,
16783369,"0x18,rax,+,[8],rdi,=",True,16783248,16783450,4,"mov rdi, qword [rax + 0x18]","mov rdi, qword [rax + 0x18]",488b7818,cpu,mov,False,9,0,,,,,,,
16783373,"eax,rax,^,0xffffffff,&,rax,=,$z,zf,:=,$p,pf,:=,31,$s,sf,:=,0,cf,:=,0,of,:=",False,16783248,16783452,2,"xor eax, eax","xor eax, eax",31c0,cpu,xor,False,28,0,,,,,,,
16783375,"eax,rsi,=",False,16783248,16783452,2,"mov esi, eax","mov esi, eax",89c6,cpu,mov,False,9,0,,,,,,,
16783377,"10,rdx,=",False,16783248,16783449,5,"mov edx, 0xa","mov edx, 0xa",ba0a000000,cpu,mov,False,9,0,,,10.0,,,,
16783382,"16786576,rip,8,rsp,-=,rsp,=[],rip,=",False,16783248,16783449,5,call 0x1002490,call sym.imp.strtol,e8750c0000,cpu,call,False,3,0,,,,,16786576.0,16783387.0,"[{'addr': 16786576, 'type': 'CALL'}]"
16783387,"40,rcx,=",False,16783248,16783449,5,"mov ecx, 0x28","mov ecx, 0x28",b928000000,cpu,mov,False,9,0,,,40.0,40.0,,,
16783392,"0,edx,=,31,eax,>>,?{,0xffffffff,edx,=,}",False,16783248,16783453,1,cdq,cdq,99,cpu,null,False,0,0,,,,,,,
16783393,"32,ecx,~,32,edx,<<,eax,+,~%,32,ecx,~,32,edx,<<,eax,+,~/,eax,=,edx,=",False,16783248,16783452,2,idiv ecx,idiv ecx,f7f9,cpu,div,False,21,0,,,,,,,
16783395,"0x18,rbp,-,[8],rax,=",True,16783248,16783450,4,"mov rax, qword [rbp - 0x18]","mov rax, qword [endptr]",488b45e8,cpu,mov,False,9,0,,,,,,,
16783399,"edx,0x8,rbp,-,=[4]",True,16783248,16783451,3,"mov dword [rbp - 8], edx","mov dword [var_10h], edx",8955f8,cpu,mov,False,268435465,0,,,,,,,
16783402,"0x20,rax,+,[8],rdi,=",True,16783248,16783450,4,"mov rdi, qword [rax + 0x20]","mov rdi, qword [rax + 0x20]",488b7820,cpu,mov,False,9,0,,,,,,,
16783406,"eax,rax,^,0xffffffff,&,rax,=,$z,zf,:=,$p,pf,:=,31,$s,sf,:=,0,cf,:=,0,of,:=",False,16783248,16783452,2,"xor eax, eax","xor eax, eax",31c0,cpu,xor,False,28,0,,,,,,,
16783408,"eax,rsi,=",False,16783248,16783452,2,"mov esi, eax","mov esi, eax",89c6,cpu,mov,False,9,0,,,,,,,
16783410,"10,rdx,=",False,16783248,16783449,5,"mov edx, 0xa","mov edx, 0xa",ba0a000000,cpu,mov,False,9,0,,,10.0,,,,
16783415,"16786576,rip,8,rsp,-=,rsp,=[],rip,=",False,16783248,16783449,5,call 0x1002490,call sym.imp.strtol,e8540c0000,cpu,call,False,3,0,,,,,16786576.0,16783420.0,"[{'addr': 16786576, 'type': 'CALL'}]"
16783420,"40,rcx,=",False,16783248,16783449,5,"mov ecx, 0x28","mov ecx, 0x28",b928000000,cpu,mov,False,9,0,,,40.0,40.0,,,
16783425,"0,edx,=,31,eax,>>,?{,0xffffffff,edx,=,}",False,16783248,16783453,1,cdq,cdq,99,cpu,null,False,0,0,,,,,,,
16783426,"32,ecx,~,32,edx,<<,eax,+,~%,32,ecx,~,32,edx,<<,eax,+,~/,eax,=,edx,=",False,16783248,16783452,2,idiv ecx,idiv ecx,f7f9,cpu,div,False,21,0,,,,,,,
16783428,"edx,0x4,rbp,-,=[4]",True,16783248,16783451,3,"mov dword [rbp - 4], edx","mov dword [var_ch], edx",8955fc,cpu,mov,False,268435465,0,,,,,,,
16783431,"0x10,rbp,-,rdi,=",True,16783248,16783450,4,"lea rdi, [rbp - 0x10]","lea rdi, [var_18h]",488d7df0,cpu,lea,False,33,0,,,,,,,
16783435,"16783456,rip,8,rsp,-=,rsp,=[],rip,=",False,16783248,16783449,5,call 0x1001860,call sym.process_sequence,e810000000,cpu,call,False,3,0,,,,,16783456.0,16783440.0,"[{'addr': 16783456, 'type': 'CALL'}]"
16783440,"eax,rax,^,0xffffffff,&,rax,=,$z,zf,:=,$p,pf,:=,31,$s,sf,:=,0,cf,:=,0,of,:=",False,16783248,16783452,2,"xor eax, eax","xor eax, eax",31c0,cpu,xor,False,28,0,,,,,,,
16783442,"eax,0x1c,rbp,-,=[4]",True,16783248,16783451,3,"mov dword [rbp - 0x1c], eax","mov dword [var_24h], eax",8945e4,cpu,mov,False,268435465,0,,,,,,,
16783445,"0x1c,rbp,-,[4],rax,=",True,16783248,16783451,3,"mov eax, dword [rbp - 0x1c]","mov eax, dword [var_24h]",8b45e4,cpu,mov,False,9,0,,"[{'addr': 16783294, 'type': 'CODE'}]",,,,,
16783448,"32,rsp,+=,63,$o,of,:=,63,$s,sf,:=,$z,zf,:=,63,$c,cf,:=,$p,pf,:=,3,$c,af,:=",False,16783248,16783450,4,"add rsp, 0x20","add rsp, 0x20",4883c420,cpu,add,False,17,0,,,32.0,,,,
16783452,"rsp,[8],8,rsp,+=,rbp,=",False,16783248,16783453,1,pop rbp,pop rbp,5d,cpu,pop,False,14,0,,,,,,,
16783453,"rsp,[8],rip,=,8,rsp,+=",False,16783248,16783453,1,ret,ret,c3,cpu,ret,False,5,0,,,,,,,
