offset,esil,refptr,fcn_addr,fcn_last,size,opcode,disasm,bytes,family,type,reloc,type_num,type2_num,flags,xrefs_to,val,ptr,jump,fail,xrefs_from
16783328,"rbp,8,rsp,-,=[8],8,rsp,-=",False,16783328,16783581,1,push rbp,push rbp,55,cpu,rpush,False,268435468,0,['sym.evaluate_event'],"[{'addr': 16783228, 'type': 'CALL'}]",,,,,
16783329,"rsp,rbp,=",False,16783328,16783579,3,"mov rbp, rsp","mov rbp, rsp",4889e5,cpu,mov,False,9,0,,,,,,,
16783332,"48,rsp,-=,48,0x8000000000000000,-,!,63,$o,^,of,:=,63,$s,sf,:=,$z,zf,:=,$p,pf,:=,64,$b,cf,:=,3,$b,af,:=",False,16783328,16783578,4,"sub rsp, 0x30","sub rsp, 0x30",4883ec30,cpu,sub,False,18,0,,,48.0,,,,
16783336,"esi,rax,=",False,16783328,16783580,2,"mov eax, esi","mov eax, esi",89f0,cpu,mov,False,9,0,,,,,,,
16783338,"edi,0xc,rbp,-,=[4]",True,16783328,16783579,3,"mov dword [rbp - 0xc], edi","mov dword [var_14h], edi",897df4,cpu,mov,False,268435465,0,,,,,,,
16783341,"7,rcx,=",False,16783328,16783577,5,"mov ecx, 7","mov ecx, 7",b907000000,cpu,mov,False,9,0,,,7.0,,,,
16783346,"0,edx,=,31,eax,>>,?{,0xffffffff,edx,=,}",False,16783328,16783581,1,cdq,cdq,99,cpu,null,False,0,0,,,,,,,
16783347,"32,ecx,~,32,edx,<<,eax,+,~%,32,ecx,~,32,edx,<<,eax,+,~/,eax,=,edx,=",False,16783328,16783580,2,idiv ecx,idiv ecx,f7f9,cpu,div,False,21,0,,,,,,,
16783349,"edx,0x8,rbp,-,=[4]",True,16783328,16783579,3,"mov dword [rbp - 8], edx","mov dword [var_10h], edx",8955f8,cpu,mov,False,268435465,0,,,,,,,
16783352,"eax,rax,^,0xffffffff,&,rax,=,$z,zf,:=,$p,pf,:=,31,$s,sf,:=,0,cf,:=,0,of,:=",False,16783328,16783580,2,"xor eax, eax","xor eax, eax",31c0,cpu,xor,False,28,0,,,,,,,
16783354,"18446744073709551613,edx,==,$z,zf,:=,32,$b,cf,:=,$p,pf,:=,31,$s,sf,:=,18446744073709551613,0x80000000,-,!,31,$o,^,of,:=,3,$b,af,:=",False,16783328,16783579,3,"cmp edx, 0xfffffffd","cmp edx, 0xfffffffd",83fafd,cpu,cmp,False,15,0,,,1.8446744073709552e+19,1.8446744073709552e+19,,,
16783357,"eax,0x4,rbp,-,=[4]",True,16783328,16783579,3,"mov dword [rbp - 4], eax","mov dword [var_ch], eax",8945fc,cpu,mov,False,268435465,0,,,,,,,
16783360,"of,sf,^,zf,|,?{,16783573,rip,=,}",False,16783328,16783576,6,jle 0x10018d5,jle 0x10018d5,0f8ecf000000,cpu,cjmp,False,2147483649,0,,,,,16783573.0,16783366.0,
16783366,"0x8,rbp,-,[4],rdx,=",True,16783328,16783579,3,"mov edx, dword [rbp - 8]","mov edx, dword [var_10h]",8b55f8,cpu,mov,False,9,0,,,,,,,
16783369,"edx,rcx,=",False,16783328,16783580,2,"mov ecx, edx","mov ecx, edx",89d1,cpu,mov,False,9,0,,,,,,,
16783371,"4294967295,rcx,^,0xffffffff,&,rcx,=,$z,zf,:=,$p,pf,:=,31,$s,sf,:=,0,cf,:=,0,of,:=",False,16783328,16783579,3,"xor ecx, 0xffffffff","xor ecx, 0xffffffff",83f1ff,cpu,xor,False,28,0,,,4294967295.0,4294967295.0,,,
16783374,"edx,rax,=",False,16783328,16783580,2,"mov eax, edx","mov eax, edx",89d0,cpu,mov,False,9,0,,,,,,,
16783376,"4294967293,rax,^,0xffffffff,&,rax,=,$z,zf,:=,$p,pf,:=,31,$s,sf,:=,0,cf,:=,0,of,:=",False,16783328,16783577,5,"xor eax, 0xfffffffd","xor eax, 0xfffffffd",35fdffffff,cpu,xor,False,28,0,,,4294967293.0,4294967293.0,,,
16783381,"2,rax,^,0xffffffff,&,rax,=,$z,zf,:=,$p,pf,:=,31,$s,sf,:=,0,cf,:=,0,of,:=",False,16783328,16783579,3,"xor eax, 2","xor eax, 2",83f002,cpu,xor,False,28,0,,,2.0,,,,
16783384,"edx,rsi,=",False,16783328,16783580,2,"mov esi, edx","mov esi, edx",89d6,cpu,mov,False,9,0,,,,,,,
16783386,"esi,esi,|=,31,$s,sf,:=,$z,zf,:=,$p,pf,:=,0,of,:=,0,cf,:=",False,16783328,16783580,2,"or esi, esi","or esi, esi",09f6,cpu,or,False,26,0,,,,,,,
16783388,"edx,rdi,=",False,16783328,16783580,2,"mov edi, edx","mov edi, edx",89d7,cpu,mov,False,9,0,,,,,,,
16783390,"2,rdi,&,0xffffffff,&,rdi,=,$z,zf,:=,$p,pf,:=,31,$s,sf,:=,0,cf,:=,0,of,:=",False,16783328,16783579,3,"and edi, 2","and edi, 2",83e702,cpu,and,False,27,0,,,2.0,,,,
16783393,"edx,r8,=",False,16783328,16783579,3,"mov r8d, edx","mov r8d, edx",4189d0,cpu,mov,False,9,0,,,,,,,
16783396,"r8d,r8,^,0xffffffff,&,r8,=,$z,zf,:=,$p,pf,:=,31,$s,sf,:=,0,cf,:=,0,of,:=",False,16783328,16783579,3,"xor r8d, r8d","xor r8d, r8d",4531c0,cpu,xor,False,28,0,,,,,,,
16783399,"r8d,edi,|=,31,$s,sf,:=,$z,zf,:=,$p,pf,:=,0,of,:=,0,cf,:=",False,16783328,16783579,3,"or edi, r8d","or edi, r8d",4409c7,cpu,or,False,26,0,,,,,,,
16783402,"4294967295,rdi,^,0xffffffff,&,rdi,=,$z,zf,:=,$p,pf,:=,31,$s,sf,:=,0,cf,:=,0,of,:=",False,16783328,16783579,3,"xor edi, 0xffffffff","xor edi, 0xffffffff",83f7ff,cpu,xor,False,28,0,,,4294967295.0,4294967295.0,,,
16783405,"edi,rsi,^,0xffffffff,&,rsi,=,$z,zf,:=,$p,pf,:=,31,$s,sf,:=,0,cf,:=,0,of,:=",False,16783328,16783580,2,"xor esi, edi","xor esi, edi",31fe,cpu,xor,False,28,0,,,,,,,
16783407,"esi,rax,^,0xffffffff,&,rax,=,$z,zf,:=,$p,pf,:=,31,$s,sf,:=,0,cf,:=,0,of,:=",False,16783328,16783580,2,"xor eax, esi","xor eax, esi",31f0,cpu,xor,False,28,0,,,,,,,
16783409,"ecx,rcx,^,0xffffffff,&,rcx,=,$z,zf,:=,$p,pf,:=,31,$s,sf,:=,0,cf,:=,0,of,:=",False,16783328,16783580,2,"xor ecx, ecx","xor ecx, ecx",31c9,cpu,xor,False,28,0,,,,,,,
16783411,"2,ecx,|=,31,$s,sf,:=,$z,zf,:=,$p,pf,:=,0,of,:=,0,cf,:=",False,16783328,16783579,3,"or ecx, 2","or ecx, 2",83c902,cpu,or,False,26,0,,,2.0,,,,
16783414,"edx,ecx,|=,31,$s,sf,:=,$z,zf,:=,$p,pf,:=,0,of,:=,0,cf,:=",False,16783328,16783580,2,"or ecx, edx","or ecx, edx",09d1,cpu,or,False,26,0,,,,,,,
16783416,"edx,ecx,|=,31,$s,sf,:=,$z,zf,:=,$p,pf,:=,0,of,:=,0,cf,:=",False,16783328,16783580,2,"or ecx, edx","or ecx, edx",09d1,cpu,or,False,26,0,,,,,,,
16783418,"edx,ecx,|=,31,$s,sf,:=,$z,zf,:=,$p,pf,:=,0,of,:=,0,cf,:=",False,16783328,16783580,2,"or ecx, edx","or ecx, edx",09d1,cpu,or,False,26,0,,,,,,,
16783420,"ecx,eax,+=,31,$o,of,:=,31,$s,sf,:=,$z,zf,:=,31,$c,cf,:=,$p,pf,:=,3,$c,af,:=",False,16783328,16783580,2,"add eax, ecx","add eax, ecx",01c8,cpu,add,False,17,0,,,,,,,
16783422,"eax,0x18,rbp,-,=[4]",True,16783328,16783579,3,"mov dword [rbp - 0x18], eax","mov dword [var_20h], eax",8945e8,cpu,mov,False,268435465,0,,,,,,,
16783425,"eax,rax,^,0xffffffff,&,rax,=,$z,zf,:=,$p,pf,:=,31,$s,sf,:=,0,cf,:=,0,of,:=",False,16783328,16783580,2,"xor eax, eax","xor eax, eax",31c0,cpu,xor,False,28,0,,,,,,,
16783427,"eax,rcx,=",False,16783328,16783580,2,"mov ecx, eax","mov ecx, eax",89c1,cpu,mov,False,9,0,,,,,,,
16783429,"ecx,0x14,rbp,-,=[4]",True,16783328,16783579,3,"mov dword [rbp - 0x14], ecx","mov dword [var_1ch], ecx",894dec,cpu,mov,False,268435465,0,,,,,,,
16783432,"eax,0x10,rbp,-,=[4]",True,16783328,16783579,3,"mov dword [rbp - 0x10], eax","mov dword [var_18h], eax",8945f0,cpu,mov,False,268435465,0,,,,,,,
16783435,"0xc,rbp,-,[4],rax,=",True,16783328,16783579,3,"mov eax, dword [rbp - 0xc]","mov eax, dword [var_14h]",8b45f4,cpu,mov,False,9,0,,"[{'addr': 16783568, 'type': 'CODE'}]",,,,,
16783438,"0x14,rbp,-,[4],rdx,=",True,16783328,16783579,3,"mov edx, dword [rbp - 0x14]","mov edx, dword [var_1ch]",8b55ec,cpu,mov,False,9,0,,,,,,,
16783441,"0x10,rbp,-,[4],rcx,=",True,16783328,16783579,3,"mov ecx, dword [rbp - 0x10]","mov ecx, dword [var_18h]",8b4df0,cpu,mov,False,9,0,,,,,,,
16783444,"ecx,0x20,rbp,-,=[4]",True,16783328,16783579,3,"mov dword [rbp - 0x20], ecx","mov dword [var_28h], ecx",894de0,cpu,mov,False,268435465,0,,,,,,,
16783447,"edx,0x1c,rbp,-,=[4]",True,16783328,16783579,3,"mov dword [rbp - 0x1c], edx","mov dword [var_24h], edx",8955e4,cpu,mov,False,268435465,0,,,,,,,
16783450,"eax,rsi,=",False,16783328,16783580,2,"mov esi, eax","mov esi, eax",89c6,cpu,mov,False,9,0,,,,,,,
16783452,"4294967295,rsi,^,0xffffffff,&,rsi,=,$z,zf,:=,$p,pf,:=,31,$s,sf,:=,0,cf,:=,0,of,:=",False,16783328,16783579,3,"xor esi, 0xffffffff","xor esi, 0xffffffff",83f6ff,cpu,xor,False,28,0,,,4294967295.0,4294967295.0,,,
16783455,"eax,rcx,=",False,16783328,16783580,2,"mov ecx, eax","mov ecx, eax",89c1,cpu,mov,False,9,0,,,,,,,
16783457,"edx,rcx,&,0xffffffff,&,rcx,=,$z,zf,:=,$p,pf,:=,31,$s,sf,:=,0,cf,:=,0,of,:=",False,16783328,16783580,2,"and ecx, edx","and ecx, edx",21d1,cpu,and,False,27,0,,,,,,,
16783459,"esi,rcx,^,0xffffffff,&,rcx,=,$z,zf,:=,$p,pf,:=,31,$s,sf,:=,0,cf,:=,0,of,:=",False,16783328,16783580,2,"xor ecx, esi","xor ecx, esi",31f1,cpu,xor,False,28,0,,,,,,,
16783461,"eax,rdx,^,0xffffffff,&,rdx,=,$z,zf,:=,$p,pf,:=,31,$s,sf,:=,0,cf,:=,0,of,:=",False,16783328,16783580,2,"xor edx, eax","xor edx, eax",31c2,cpu,xor,False,28,0,,,,,,,
16783463,"eax,rdx,^,0xffffffff,&,rdx,=,$z,zf,:=,$p,pf,:=,31,$s,sf,:=,0,cf,:=,0,of,:=",False,16783328,16783580,2,"xor edx, eax","xor edx, eax",31c2,cpu,xor,False,28,0,,,,,,,
16783465,"edx,rcx,&,0xffffffff,&,rcx,=,$z,zf,:=,$p,pf,:=,31,$s,sf,:=,0,cf,:=,0,of,:=",False,16783328,16783580,2,"and ecx, edx","and ecx, edx",21d1,cpu,and,False,27,0,,,,,,,
16783467,"ecx,eax,+=,31,$o,of,:=,31,$s,sf,:=,$z,zf,:=,31,$c,cf,:=,$p,pf,:=,3,$c,af,:=",False,16783328,16783580,2,"add eax, ecx","add eax, ecx",01c8,cpu,add,False,17,0,,,,,,,
16783469,"3,rcx,=",False,16783328,16783577,5,"mov ecx, 3","mov ecx, 3",b903000000,cpu,mov,False,9,0,,,3.0,,,,
16783474,"0,edx,=,31,eax,>>,?{,0xffffffff,edx,=,}",False,16783328,16783581,1,cdq,cdq,99,cpu,null,False,0,0,,,,,,,
16783475,"32,ecx,~,32,edx,<<,eax,+,~%,32,ecx,~,32,edx,<<,eax,+,~/,eax,=,edx,=",False,16783328,16783580,2,idiv ecx,idiv ecx,f7f9,cpu,div,False,21,0,,,,,,,
16783477,"edx,rax,=",False,16783328,16783580,2,"mov eax, edx","mov eax, edx",89d0,cpu,mov,False,9,0,,,,,,,
16783479,"0,1,!,!,?{,1,1,-,eax,<<,0x80000000,&,!,!,^,},1,eax,<<=,$z,zf,:=,$p,pf,:=,31,$s,sf,:=,cf,=",False,16783328,16783580,2,"shl eax, 1","shl eax, 1",d1e0,cpu,shl,False,23,0,,,,,,,
16783481,"edx,rax,^,0xffffffff,&,rax,=,$z,zf,:=,$p,pf,:=,31,$s,sf,:=,0,cf,:=,0,of,:=",False,16783328,16783580,2,"xor eax, edx","xor eax, edx",31d0,cpu,xor,False,28,0,,,,,,,
16783483,"0,eax,==,$z,zf,:=,32,$b,cf,:=,$p,pf,:=,31,$s,sf,:=,0,0x80000000,-,!,31,$o,^,of,:=,3,$b,af,:=",False,16783328,16783579,3,"cmp eax, 0","cmp eax, 0",83f800,cpu,cmp,False,15,0,,,0.0,0.0,,,
16783486,"zf,!,?{,16783504,rip,=,}",False,16783328,16783580,2,jne 0x1001890,jne 0x1001890,7510,cpu,cjmp,False,2147483649,0,,,,,16783504.0,16783488.0,
16783488,"0x1c,rbp,-,[4],rsi,=",True,16783328,16783579,3,"mov esi, dword [rbp - 0x1c]","mov esi, dword [var_24h]",8b75e4,cpu,mov,False,9,0,,,,,,,
16783491,"0xc,rbp,-,[4],rdi,=",True,16783328,16783579,3,"mov edi, dword [rbp - 0xc]","mov edi, dword [var_14h]",8b7df4,cpu,mov,False,9,0,,,,,,,
16783494,"16783584,rip,8,rsp,-=,rsp,=[],rip,=",False,16783328,16783577,5,call 0x10018e0,call sym.complex_rule,e855000000,cpu,call,False,3,0,,,,,16783584.0,16783499.0,"[{'addr': 16783584, 'type': 'CALL'}]"
16783499,"eax,0x24,rbp,-,=[4]",True,16783328,16783579,3,"mov dword [rbp - 0x24], eax","mov dword [var_2ch], eax",8945dc,cpu,mov,False,268435465,0,,,,,,,
16783502,"0x100189c,rip,=",False,16783328,16783580,2,jmp 0x100189c,jmp 0x100189c,eb0c,cpu,jmp,False,1,0,,,,,16783516.0,,"[{'addr': 16783516, 'type': 'CODE'}]"
16783504,"0xc,rbp,-,[4],rcx,=",True,16783328,16783579,3,"mov ecx, dword [rbp - 0xc]","mov ecx, dword [var_14h]",8b4df4,cpu,mov,False,9,0,,,,,,,
16783507,"0x1c,rbp,-,[4],rax,=",True,16783328,16783579,3,"mov eax, dword [rbp - 0x1c]","mov eax, dword [var_24h]",8b45e4,cpu,mov,False,9,0,,,,,,,
16783510,"32,eax,~,32,ecx,~,*,DUP,eax,=,eax,-,?{,1,1,}{,0,0,},cf,:=,of,:=",False,16783328,16783579,3,"imul eax, ecx","imul eax, ecx",0fafc1,cpu,mul,False,20,0,,,,,,,
16783513,"eax,0x24,rbp,-,=[4]",True,16783328,16783579,3,"mov dword [rbp - 0x24], eax","mov dword [var_2ch], eax",8945dc,cpu,mov,False,268435465,0,,,,,,,
16783516,"0x18,rbp,-,[4],rdi,=",True,16783328,16783579,3,"mov edi, dword [rbp - 0x18]","mov edi, dword [var_20h]",8b7de8,cpu,mov,False,9,0,,"[{'addr': 16783502, 'type': 'CODE'}]",,,,,
16783519,"0x1c,rbp,-,[4],rsi,=",True,16783328,16783579,3,"mov esi, dword [rbp - 0x1c]","mov esi, dword [var_24h]",8b75e4,cpu,mov,False,9,0,,,,,,,
16783522,"0x20,rbp,-,[4],rcx,=",True,16783328,16783579,3,"mov ecx, dword [rbp - 0x20]","mov ecx, dword [var_28h]",8b4de0,cpu,mov,False,9,0,,,,,,,
16783525,"0x24,rbp,-,[4],rax,=",True,16783328,16783579,3,"mov eax, dword [rbp - 0x24]","mov eax, dword [var_2ch]",8b45dc,cpu,mov,False,9,0,,,,,,,
16783528,"ecx,eax,+=,31,$o,of,:=,31,$s,sf,:=,$z,zf,:=,31,$c,cf,:=,$p,pf,:=,3,$c,af,:=",False,16783328,16783580,2,"add eax, ecx","add eax, ecx",01c8,cpu,add,False,17,0,,,,,,,
16783530,"eax,rcx,=",False,16783328,16783580,2,"mov ecx, eax","mov ecx, eax",89c1,cpu,mov,False,9,0,,,,,,,
16783532,"121,ecx,-=,121,0x80000000,-,!,31,$o,^,of,:=,31,$s,sf,:=,$z,zf,:=,$p,pf,:=,32,$b,cf,:=,3,$b,af,:=",False,16783328,16783579,3,"sub ecx, 0x79","sub ecx, 0x79",83e979,cpu,sub,False,18,0,,,121.0,121.0,,,
16783535,"sf,of,^,!,dl,=",False,16783328,16783579,3,setge dl,setge dl,0f9dc2,cpu,cmov,False,2147483657,0,,,,,,,
16783538,"esi,rcx,=",False,16783328,16783580,2,"mov ecx, esi","mov ecx, esi",89f1,cpu,mov,False,9,0,,,,,,,
16783540,"1,ecx,+=,31,$o,of,:=,31,$s,sf,:=,$z,zf,:=,31,$c,cf,:=,$p,pf,:=,3,$c,af,:=",False,16783328,16783579,3,"add ecx, 1","add ecx, 1",83c101,cpu,add,False,17,0,,,1.0,,,,
16783543,"edi,esi,-=,edi,0x80000000,-,!,31,$o,^,of,:=,31,$s,sf,:=,$z,zf,:=,$p,pf,:=,32,$b,cf,:=,3,$b,af,:=",False,16783328,16783580,2,"sub esi, edi","sub esi, edi",29fe,cpu,sub,False,18,0,,,,,,,
16783545,"zf,sil,=",False,16783328,16783578,4,sete sil,sete sil,400f94c6,cpu,cmov,False,2147483657,0,,,,,,,
16783549,"sil,dl,|=,7,$s,sf,:=,$z,zf,:=,$p,pf,:=,0,of,:=,0,cf,:=",False,16783328,16783579,3,"or dl, sil","or dl, sil",4008f2,cpu,or,False,26,0,,,,,,,
16783552,"0,1,dl,&,==,$z,zf,:=,$p,pf,:=,7,$s,sf,:=,0,cf,:=,0,of,:=",False,16783328,16783579,3,"test dl, 1","test dl, 1",f6c201,cpu,acmp,False,16,0,,,1.0,1.0,,,
16783555,"ecx,0x14,rbp,-,=[4]",True,16783328,16783579,3,"mov dword [rbp - 0x14], ecx","mov dword [var_1ch], ecx",894dec,cpu,mov,False,268435465,0,,,,,,,
16783558,"eax,rcx,=",False,16783328,16783580,2,"mov ecx, eax","mov ecx, eax",89c1,cpu,mov,False,9,0,,,,,,,
16783560,"ecx,0x10,rbp,-,=[4]",True,16783328,16783579,3,"mov dword [rbp - 0x10], ecx","mov dword [var_18h], ecx",894df0,cpu,mov,False,268435465,0,,,,,,,
16783563,"eax,0x4,rbp,-,=[4]",True,16783328,16783579,3,"mov dword [rbp - 4], eax","mov dword [var_ch], eax",8945fc,cpu,mov,False,268435465,0,,,,,,,
16783566,"zf,!,?{,16783573,rip,=,}",False,16783328,16783580,2,jne 0x10018d5,jne 0x10018d5,7505,cpu,cjmp,False,2147483649,0,,,,,16783573.0,16783568.0,
16783568,"0x100184b,rip,=",False,16783328,16783577,5,jmp 0x100184b,jmp 0x100184b,e976ffffff,cpu,jmp,False,1,0,,,,,16783435.0,,"[{'addr': 16783435, 'type': 'CODE'}]"
16783573,"0x4,rbp,-,[4],rax,=",True,16783328,16783579,3,"mov eax, dword [rbp - 4]","mov eax, dword [var_ch]",8b45fc,cpu,mov,False,9,0,,,,,,,
16783576,"48,rsp,+=,63,$o,of,:=,63,$s,sf,:=,$z,zf,:=,63,$c,cf,:=,$p,pf,:=,3,$c,af,:=",False,16783328,16783578,4,"add rsp, 0x30","add rsp, 0x30",4883c430,cpu,add,False,17,0,,,48.0,,,,
16783580,"rsp,[8],8,rsp,+=,rbp,=",False,16783328,16783581,1,pop rbp,pop rbp,5d,cpu,pop,False,14,0,,,,,,,
16783581,"rsp,[8],rip,=,8,rsp,+=",False,16783328,16783581,1,ret,ret,c3,cpu,ret,False,5,0,,,,,,,
