offset,esil,refptr,fcn_addr,fcn_last,size,opcode,disasm,bytes,family,type,reloc,type_num,type2_num,flags,xrefs_to,val,jump,fail,xrefs_from
16782912,"rbp,8,rsp,-,=[8],8,rsp,-=",False,16782912,16782942,1,push rbp,push rbp,55,cpu,rpush,False,268435468,0,"['main', 'sym.main']","[{'addr': 16782893, 'type': 'DATA'}]",,,,
16782913,"rsp,rbp,=",False,16782912,16782940,3,"mov rbp, rsp","mov rbp, rsp",4889e5,cpu,mov,False,9,0,,,,,,
16782916,"16,rsp,-=,16,0x8000000000000000,-,!,63,$o,^,of,:=,63,$s,sf,:=,$z,zf,:=,$p,pf,:=,64,$b,cf,:=,3,$b,af,:=",False,16782912,16782939,4,"sub rsp, 0x10","sub rsp, 0x10",4883ec10,cpu,sub,False,18,0,,,16.0,,,
16782920,"rsi,0x8,rbp,-,=[8]",True,16782912,16782939,4,"mov qword [rbp - 8], rsi","mov qword [var_10h], rsi",488975f8,cpu,mov,False,268435465,0,,,,,,
16782924,"edi,rax,=",False,16782912,16782941,2,"mov eax, edi","mov eax, edi",89f8,cpu,mov,False,9,0,,,,,,
16782926,"0x8,rbp,-,[8],rdi,=",True,16782912,16782939,4,"mov rdi, qword [rbp - 8]","mov rdi, qword [var_10h]",488b7df8,cpu,mov,False,9,0,,,,,,
16782930,"16782944,rip,8,rsp,-=,rsp,=[],rip,=",False,16782912,16782938,5,call 0x1001660,call sym.process_events,e809000000,cpu,call,False,3,0,,,,16782944.0,16782935.0,"[{'addr': 16782944, 'type': 'CALL'}]"
16782935,"eax,rax,^,0xffffffff,&,rax,=,$z,zf,:=,$p,pf,:=,31,$s,sf,:=,0,cf,:=,0,of,:=",False,16782912,16782941,2,"xor eax, eax","xor eax, eax",31c0,cpu,xor,False,28,0,,,,,,
16782937,"16,rsp,+=,63,$o,of,:=,63,$s,sf,:=,$z,zf,:=,63,$c,cf,:=,$p,pf,:=,3,$c,af,:=",False,16782912,16782939,4,"add rsp, 0x10","add rsp, 0x10",4883c410,cpu,add,False,17,0,,,16.0,,,
16782941,"rsp,[8],8,rsp,+=,rbp,=",False,16782912,16782942,1,pop rbp,pop rbp,5d,cpu,pop,False,14,0,,,,,,
16782942,"rsp,[8],rip,=,8,rsp,+=",False,16782912,16782942,1,ret,ret,c3,cpu,ret,False,5,0,,,,,,
