offset,esil,refptr,fcn_addr,fcn_last,size,opcode,disasm,bytes,family,type,reloc,type_num,type2_num,flags,xrefs_to,val,jump,fail,xrefs_from,ptr
16782944,"rbp,8,rsp,-,=[8],8,rsp,-=",False,16782944,16783179,1,push rbp,push rbp,55,cpu,rpush,False,268435468,0,['sym.process_events'],"[{'addr': 16782930, 'type': 'CALL'}]",,,,,
16782945,"rsp,rbp,=",False,16782944,16783177,3,"mov rbp, rsp","mov rbp, rsp",4889e5,cpu,mov,False,9,0,,,,,,,
16782948,"16,rsp,-=,16,0x8000000000000000,-,!,63,$o,^,of,:=,63,$s,sf,:=,$z,zf,:=,$p,pf,:=,64,$b,cf,:=,3,$b,af,:=",False,16782944,16783176,4,"sub rsp, 0x10","sub rsp, 0x10",4883ec10,cpu,sub,False,18,0,,,16.0,,,,
16782952,"0x8,rdi,+,[8],rdi,=",True,16782944,16783176,4,"mov rdi, qword [rdi + 8]","mov rdi, qword [rdi + 8]",488b7f08,cpu,mov,False,9,0,,,,,,,
16782956,"eax,rax,^,0xffffffff,&,rax,=,$z,zf,:=,$p,pf,:=,31,$s,sf,:=,0,cf,:=,0,of,:=",False,16782944,16783178,2,"xor eax, eax","xor eax, eax",31c0,cpu,xor,False,28,0,,,,,,,
16782958,"eax,rsi,=",False,16782944,16783178,2,"mov esi, eax","mov esi, eax",89c6,cpu,mov,False,9,0,,,,,,,
16782960,"10,rdx,=",False,16782944,16783175,5,"mov edx, 0xa","mov edx, 0xa",ba0a000000,cpu,mov,False,9,0,,,10.0,,,,
16782965,"16784128,rip,8,rsp,-=,rsp,=[],rip,=",False,16782944,16783175,5,call 0x1001b00,call sym.imp.strtol,e886040000,cpu,call,False,3,0,,,,16784128.0,16782970.0,"[{'addr': 16784128, 'type': 'CALL'}]",
16782970,"100,rcx,=",False,16782944,16783175,5,"mov ecx, 0x64","mov ecx, 0x64",b964000000,cpu,mov,False,9,0,,,100.0,,,,100.0
16782975,"0,edx,=,31,eax,>>,?{,0xffffffff,edx,=,}",False,16782944,16783179,1,cdq,cdq,99,cpu,null,False,0,0,,,,,,,
16782976,"32,ecx,~,32,edx,<<,eax,+,~%,32,ecx,~,32,edx,<<,eax,+,~/,eax,=,edx,=",False,16782944,16783178,2,idiv ecx,idiv ecx,f7f9,cpu,div,False,21,0,,,,,,,
16782978,"edx,0x4,rbp,-,=[4]",True,16782944,16783177,3,"mov dword [rbp - 4], edx","mov dword [var_ch], edx",8955fc,cpu,mov,False,268435465,0,,,,,,,
16782981,"dl,al,=",False,16782944,16783178,2,"mov al, dl","mov al, dl",88d0,cpu,mov,False,9,0,,,,,,,
16782983,"5,cl,=",False,16782944,16783178,2,"mov cl, 5","mov cl, 5",b105,cpu,mov,False,9,0,,,5.0,,,,
16782985,"al,ax,=,7,ax,>>,?{,0xff00,ax,|=,}",False,16782944,16783178,2,cbw,cbw,6698,cpu,null,False,0,0,,,,,,,
16782987,"8,cl,~,8,ah,<<,ax,+,~%,8,cl,~,8,ah,<<,ax,+,~/,al,=,ah,=",False,16782944,16783178,2,idiv cl,idiv cl,f6f9,cpu,div,False,21,0,,,,,,,
16782989,"0,cf,:=,1,8,-,1,<<,ax,&,?{,1,cf,:=,},8,ax,>>,ax,=,$z,zf,:=,$p,pf,:=,15,$s,sf,:=",False,16782944,16783176,4,"shr ax, 8","shr ax, 8",66c1e808,cpu,shr,False,22,0,,,8.0,,,,
16782993,"al,cl,=",False,16782944,16783178,2,"mov cl, al","mov cl, al",88c1,cpu,mov,False,9,0,,,,,,,
16782995,"cl,al,=",False,16782944,16783178,2,"mov al, cl","mov al, cl",88c8,cpu,mov,False,9,0,,,,,,,
16782997,"0,1,!,!,?{,1,1,-,al,<<,0x80,&,!,!,^,},1,al,<<=,$z,zf,:=,$p,pf,:=,7,$s,sf,:=,cf,=",False,16782944,16783178,2,"shl al, 1","shl al, 1",d0e0,cpu,shl,False,23,0,,,,,,,
16782999,"cl,al,^=,$z,zf,:=,$p,pf,:=,7,$s,sf,:=,0,cf,:=,0,of,:=",False,16782944,16783178,2,"xor al, cl","xor al, cl",30c8,cpu,xor,False,28,0,,,,,,,
16783001,"0,al,==,$z,zf,:=,8,$b,cf,:=,$p,pf,:=,7,$s,sf,:=,0,0x80,-,!,7,$o,^,of,:=,3,$b,af,:=",False,16782944,16783178,2,"cmp al, 0","cmp al, 0",3c00,cpu,cmp,False,15,0,,,0.0,,,,0.0
16783003,"zf,?{,16783174,rip,=,}",False,16782944,16783174,6,je 0x1001746,je 0x1001746,0f84a5000000,cpu,cjmp,False,2147483649,0,,,,16783174.0,16783009.0,,
16783009,"0x4,rbp,-,[4],rax,=",True,16782944,16783177,3,"mov eax, dword [rbp - 4]","mov eax, dword [var_ch]",8b45fc,cpu,mov,False,9,0,,,,,,,
16783012,"80,eax,==,$z,zf,:=,32,$b,cf,:=,$p,pf,:=,31,$s,sf,:=,80,0x80000000,-,!,31,$o,^,of,:=,3,$b,af,:=",False,16782944,16783177,3,"cmp eax, 0x50","cmp eax, 0x50",83f850,cpu,cmp,False,15,0,,,80.0,,,,80.0
16783015,"sf,of,!,^,zf,!,&,?{,16783081,rip,=,}",False,16782944,16783178,2,jg 0x10016e9,jg 0x10016e9,7f40,cpu,cjmp,False,2147483649,0,,,,16783081.0,16783017.0,,
16783017,"0x4,rbp,-,[4],rsi,=",True,16782944,16783177,3,"mov esi, dword [rbp - 4]","mov esi, dword [var_ch]",8b75fc,cpu,mov,False,9,0,,,,,,,
16783020,"edi,rdi,^,0xffffffff,&,rdi,=,$z,zf,:=,$p,pf,:=,31,$s,sf,:=,0,cf,:=,0,of,:=",False,16782944,16783178,2,"xor edi, edi","xor edi, edi",31ff,cpu,xor,False,28,0,,,,,,,
16783022,"16783184,rip,8,rsp,-=,rsp,=[],rip,=",False,16782944,16783175,5,call 0x1001750,call sym.handle_event,e89d000000,cpu,call,False,3,0,,,,16783184.0,16783027.0,"[{'addr': 16783184, 'type': 'CALL'}]",
16783027,"0x4,rbp,-,[4],rsi,=",True,16782944,16783177,3,"mov esi, dword [rbp - 4]","mov esi, dword [var_ch]",8b75fc,cpu,mov,False,9,0,,,,,,,
16783030,"1,rdi,=",False,16782944,16783175,5,"mov edi, 1","mov edi, 1",bf01000000,cpu,mov,False,9,0,,,1.0,,,,
16783035,"16783184,rip,8,rsp,-=,rsp,=[],rip,=",False,16782944,16783175,5,call 0x1001750,call sym.handle_event,e890000000,cpu,call,False,3,0,,,,16783184.0,16783040.0,"[{'addr': 16783184, 'type': 'CALL'}]",
16783040,"0x4,rbp,-,[4],rsi,=",True,16782944,16783177,3,"mov esi, dword [rbp - 4]","mov esi, dword [var_ch]",8b75fc,cpu,mov,False,9,0,,,,,,,
16783043,"2,rdi,=",False,16782944,16783175,5,"mov edi, 2","mov edi, 2",bf02000000,cpu,mov,False,9,0,,,2.0,,,,
16783048,"16783184,rip,8,rsp,-=,rsp,=[],rip,=",False,16782944,16783175,5,call 0x1001750,call sym.handle_event,e883000000,cpu,call,False,3,0,,,,16783184.0,16783053.0,"[{'addr': 16783184, 'type': 'CALL'}]",
16783053,"0x4,rbp,-,[4],rsi,=",True,16782944,16783177,3,"mov esi, dword [rbp - 4]","mov esi, dword [var_ch]",8b75fc,cpu,mov,False,9,0,,,,,,,
16783056,"3,rdi,=",False,16782944,16783175,5,"mov edi, 3","mov edi, 3",bf03000000,cpu,mov,False,9,0,,,3.0,,,,
16783061,"16783184,rip,8,rsp,-=,rsp,=[],rip,=",False,16782944,16783175,5,call 0x1001750,call sym.handle_event,e876000000,cpu,call,False,3,0,,,,16783184.0,16783066.0,"[{'addr': 16783184, 'type': 'CALL'}]",
16783066,"0x4,rbp,-,[4],rsi,=",True,16782944,16783177,3,"mov esi, dword [rbp - 4]","mov esi, dword [var_ch]",8b75fc,cpu,mov,False,9,0,,,,,,,
16783069,"4,rdi,=",False,16782944,16783175,5,"mov edi, 4","mov edi, 4",bf04000000,cpu,mov,False,9,0,,,4.0,,,,
16783074,"16783184,rip,8,rsp,-=,rsp,=[],rip,=",False,16782944,16783175,5,call 0x1001750,call sym.handle_event,e869000000,cpu,call,False,3,0,,,,16783184.0,16783079.0,"[{'addr': 16783184, 'type': 'CALL'}]",
16783079,"0x1001739,rip,=",False,16782944,16783178,2,jmp 0x1001739,jmp 0x1001739,eb50,cpu,jmp,False,1,0,,,,16783161.0,,"[{'addr': 16783161, 'type': 'CODE'}]",
16783081,"0x124e,rip,-,rdi,=",True,16782944,16783173,7,"lea rdi, [rip - 0x124e]","lea rdi, str.High_priority_event_skipped:__d",488d3db2edffff,cpu,lea,False,33,0,,,,,,"[{'addr': 16778402, 'type': 'DATA'}]",16778402.0
16783088,"esi,rsi,^,0xffffffff,&,rsi,=,$z,zf,:=,$p,pf,:=,31,$s,sf,:=,0,cf,:=,0,of,:=",False,16782944,16783178,2,"xor esi, esi","xor esi, esi",31f6,cpu,xor,False,28,0,,,,,,,
16783090,"0,al,=",False,16782944,16783178,2,"mov al, 0","mov al, 0",b000,cpu,mov,False,9,0,,,0.0,,,,
16783092,"16784144,rip,8,rsp,-=,rsp,=[],rip,=",False,16782944,16783175,5,call 0x1001b10,call sym.imp.printf,e817040000,cpu,call,False,3,0,,,,16784144.0,16783097.0,"[{'addr': 16784144, 'type': 'CALL'}]",
16783097,"0x4,rbp,-,[4],rsi,=",True,16782944,16783177,3,"mov esi, dword [rbp - 4]","mov esi, dword [var_ch]",8b75fc,cpu,mov,False,9,0,,,,,,,
16783100,"1,rdi,=",False,16782944,16783175,5,"mov edi, 1","mov edi, 1",bf01000000,cpu,mov,False,9,0,,,1.0,,,,
16783105,"16783184,rip,8,rsp,-=,rsp,=[],rip,=",False,16782944,16783175,5,call 0x1001750,call sym.handle_event,e84a000000,cpu,call,False,3,0,,,,16783184.0,16783110.0,"[{'addr': 16783184, 'type': 'CALL'}]",
16783110,"0x126b,rip,-,rdi,=",True,16782944,16783173,7,"lea rdi, [rip - 0x126b]","lea rdi, str.High_priority_event_skipped:__d",488d3d95edffff,cpu,lea,False,33,0,,,,,,"[{'addr': 16778402, 'type': 'DATA'}]",16778402.0
16783117,"2,rsi,=",False,16782944,16783175,5,"mov esi, 2","mov esi, 2",be02000000,cpu,mov,False,9,0,,,2.0,,,,
16783122,"0,al,=",False,16782944,16783178,2,"mov al, 0","mov al, 0",b000,cpu,mov,False,9,0,,,0.0,,,,
16783124,"16784144,rip,8,rsp,-=,rsp,=[],rip,=",False,16782944,16783175,5,call 0x1001b10,call sym.imp.printf,e8f7030000,cpu,call,False,3,0,,,,16784144.0,16783129.0,"[{'addr': 16784144, 'type': 'CALL'}]",
16783129,"0x4,rbp,-,[4],rsi,=",True,16782944,16783177,3,"mov esi, dword [rbp - 4]","mov esi, dword [var_ch]",8b75fc,cpu,mov,False,9,0,,,,,,,
16783132,"3,rdi,=",False,16782944,16783175,5,"mov edi, 3","mov edi, 3",bf03000000,cpu,mov,False,9,0,,,3.0,,,,
16783137,"16783184,rip,8,rsp,-=,rsp,=[],rip,=",False,16782944,16783175,5,call 0x1001750,call sym.handle_event,e82a000000,cpu,call,False,3,0,,,,16783184.0,16783142.0,"[{'addr': 16783184, 'type': 'CALL'}]",
16783142,"0x128b,rip,-,rdi,=",True,16782944,16783173,7,"lea rdi, [rip - 0x128b]","lea rdi, str.High_priority_event_skipped:__d",488d3d75edffff,cpu,lea,False,33,0,,,,,,"[{'addr': 16778402, 'type': 'DATA'}]",16778402.0
16783149,"4,rsi,=",False,16782944,16783175,5,"mov esi, 4","mov esi, 4",be04000000,cpu,mov,False,9,0,,,4.0,,,,
16783154,"0,al,=",False,16782944,16783178,2,"mov al, 0","mov al, 0",b000,cpu,mov,False,9,0,,,0.0,,,,
16783156,"16784144,rip,8,rsp,-=,rsp,=[],rip,=",False,16782944,16783175,5,call 0x1001b10,call sym.imp.printf,e8d7030000,cpu,call,False,3,0,,,,16784144.0,16783161.0,"[{'addr': 16784144, 'type': 'CALL'}]",
16783161,"0x4,rbp,-,[4],rsi,=",True,16782944,16783177,3,"mov esi, dword [rbp - 4]","mov esi, dword [var_ch]",8b75fc,cpu,mov,False,9,0,,"[{'addr': 16783079, 'type': 'CODE'}]",,,,,
16783164,"5,rdi,=",False,16782944,16783175,5,"mov edi, 5","mov edi, 5",bf05000000,cpu,mov,False,9,0,,,5.0,,,,
16783169,"16783184,rip,8,rsp,-=,rsp,=[],rip,=",False,16782944,16783175,5,call 0x1001750,call sym.handle_event,e80a000000,cpu,call,False,3,0,,,,16783184.0,16783174.0,"[{'addr': 16783184, 'type': 'CALL'}]",
16783174,"16,rsp,+=,63,$o,of,:=,63,$s,sf,:=,$z,zf,:=,63,$c,cf,:=,$p,pf,:=,3,$c,af,:=",False,16782944,16783176,4,"add rsp, 0x10","add rsp, 0x10",4883c410,cpu,add,False,17,0,,,16.0,,,,
16783178,"rsp,[8],8,rsp,+=,rbp,=",False,16782944,16783179,1,pop rbp,pop rbp,5d,cpu,pop,False,14,0,,,,,,,
16783179,"rsp,[8],rip,=,8,rsp,+=",False,16782944,16783179,1,ret,ret,c3,cpu,ret,False,5,0,,,,,,,
