offset,esil,refptr,fcn_addr,fcn_last,size,opcode,disasm,bytes,family,type,reloc,type_num,type2_num,flags,xrefs_to,val,ptr,jump,fail,xrefs_from
16783584,"rbp,8,rsp,-,=[8],8,rsp,-=",False,16783584,16783782,1,push rbp,push rbp,55,cpu,rpush,False,268435468,0,['sym.analyze_path'],"[{'addr': 16783071, 'type': 'CALL'}]",,,,,
16783585,"rsp,rbp,=",False,16783584,16783780,3,"mov rbp, rsp","mov rbp, rsp",4889e5,cpu,mov,False,9,0,,,,,,,
16783588,"32,rsp,-=,32,0x8000000000000000,-,!,63,$o,^,of,:=,63,$s,sf,:=,$z,zf,:=,$p,pf,:=,64,$b,cf,:=,3,$b,af,:=",False,16783584,16783779,4,"sub rsp, 0x20","sub rsp, 0x20",4883ec20,cpu,sub,False,18,0,,,32.0,,,,
16783592,"rdi,0x10,rbp,-,=[8]",True,16783584,16783779,4,"mov qword [rbp - 0x10], rdi","mov qword [var_18h], rdi",48897df0,cpu,mov,False,268435465,0,,,,,,,
16783596,"esi,0x8,rbp,-,=[4]",True,16783584,16783780,3,"mov dword [rbp - 8], esi","mov dword [var_10h], esi",8975f8,cpu,mov,False,268435465,0,,,,,,,
16783599,"edx,0x4,rbp,-,=[4]",True,16783584,16783780,3,"mov dword [rbp - 4], edx","mov dword [var_ch], edx",8955fc,cpu,mov,False,268435465,0,,,,,,,
16783602,"4,esi,==,$z,zf,:=,32,$b,cf,:=,$p,pf,:=,31,$s,sf,:=,4,0x80000000,-,!,31,$o,^,of,:=,3,$b,af,:=",False,16783584,16783780,3,"cmp esi, 4","cmp esi, 4",83fe04,cpu,cmp,False,15,0,,,4.0,4.0,,,
16783605,"cf,zf,|,!,al,=",False,16783584,16783780,3,seta al,seta al,0f97c0,cpu,cmov,False,2147483657,0,,,,,,,
16783608,"4,edx,==,$z,zf,:=,32,$b,cf,:=,$p,pf,:=,31,$s,sf,:=,4,0x80000000,-,!,31,$o,^,of,:=,3,$b,af,:=",False,16783584,16783780,3,"cmp edx, 4","cmp edx, 4",83fa04,cpu,cmp,False,15,0,,,4.0,4.0,,,
16783611,"cf,zf,|,!,cl,=",False,16783584,16783780,3,seta cl,seta cl,0f97c1,cpu,cmov,False,2147483657,0,,,,,,,
16783614,"cl,al,|=,7,$s,sf,:=,$z,zf,:=,$p,pf,:=,0,of,:=,0,cf,:=",False,16783584,16783781,2,"or al, cl","or al, cl",08c8,cpu,or,False,26,0,,,,,,,
16783616,"0,1,al,&,==,$z,zf,:=,$p,pf,:=,7,$s,sf,:=,0,cf,:=,0,of,:=",False,16783584,16783781,2,"test al, 1","test al, 1",a801,cpu,acmp,False,16,0,,,1.0,1.0,,,
16783618,"zf,!,?{,16783622,rip,=,}",False,16783584,16783781,2,jne 0x1001906,jne 0x1001906,7502,cpu,cjmp,False,2147483649,0,,,,,16783622.0,16783620.0,
16783620,"0x1001917,rip,=",False,16783584,16783781,2,jmp 0x1001917,jmp 0x1001917,eb11,cpu,jmp,False,1,0,,,,,16783639.0,,"[{'addr': 16783639, 'type': 'CODE'}]"
16783622,"0x13eb,rip,-,rdi,=",True,16783584,16783776,7,"lea rdi, [rip - 0x13eb]","lea rdi, str.Out_of_bounds",488d3d15ecffff,cpu,lea,False,33,0,,,,16778530.0,,,"[{'addr': 16778530, 'type': 'DATA'}]"
16783629,"16784416,rip,8,rsp,-=,rsp,=[],rip,=",False,16783584,16783778,5,call 0x1001c20,call sym.imp.puts,e80e030000,cpu,call,False,3,0,,,,,16784416.0,16783634.0,"[{'addr': 16784416, 'type': 'CALL'}]"
16783634,"0x10019a1,rip,=",False,16783584,16783778,5,jmp 0x10019a1,jmp 0x10019a1,e98a000000,cpu,jmp,False,1,0,,,,,16783777.0,,"[{'addr': 16783777, 'type': 'CODE'}]"
16783639,"0x10,rbp,-,[8],rax,=",True,16783584,16783779,4,"mov rax, qword [rbp - 0x10]","mov rax, qword [var_18h]",488b45f0,cpu,mov,False,9,0,,"[{'addr': 16783620, 'type': 'CODE'}]",,,,,
16783643,"0x4,rbp,-,[4],rcx,=",True,16783584,16783780,3,"mov ecx, dword [rbp - 4]","mov ecx, dword [var_ch]",8b4dfc,cpu,mov,False,9,0,,,,,,,
16783646,"0x8,rbp,-,[4],rdx,=",True,16783584,16783780,3,"mov edx, dword [rbp - 8]","mov edx, dword [var_10h]",8b55f8,cpu,mov,False,9,0,,,,,,,
16783649,"edx,rdx,=",False,16783584,16783781,2,"mov edx, edx","mov edx, edx",89d2,cpu,mov,False,9,0,,,,,,,
16783651,"ecx,rcx,=",False,16783584,16783781,2,"mov ecx, ecx","mov ecx, ecx",89c9,cpu,mov,False,9,0,,,,,,,
16783653,"64,20,~,64,rdx,~,*,DUP,rdx,=,rdx,-,?{,1,1,}{,0,0,},cf,:=,of,:=",False,16783584,16783779,4,"imul rdx, rdx, 0x14","imul rdx, rdx, 0x14",486bd214,cpu,mul,False,20,0,,,,,,,
16783657,"rdx,rax,+=,63,$o,of,:=,63,$s,sf,:=,$z,zf,:=,63,$c,cf,:=,$p,pf,:=,3,$c,af,:=",False,16783584,16783780,3,"add rax, rdx","add rax, rdx",4801d0,cpu,add,False,17,0,,,,,,,
16783660,"0,2,!,!,?{,1,2,-,rcx,<<,0x8000000000000000,&,!,!,^,},2,rcx,<<=,$z,zf,:=,$p,pf,:=,63,$s,sf,:=,cf,=",False,16783584,16783779,4,"shl rcx, 2","shl rcx, 2",48c1e102,cpu,shl,False,23,0,,,,,,,
16783664,"rcx,rax,+=,63,$o,of,:=,63,$s,sf,:=,$z,zf,:=,63,$c,cf,:=,$p,pf,:=,3,$c,af,:=",False,16783584,16783780,3,"add rax, rcx","add rax, rcx",4801c8,cpu,add,False,17,0,,,,,,,
16783667,"rax,[4],rcx,=",True,16783584,16783781,2,"mov ecx, dword [rax]","mov ecx, dword [rax]",8b08,cpu,mov,False,9,0,,,,,,,
16783669,"ecx,0x1c,rbp,-,=[4]",True,16783584,16783780,3,"mov dword [rbp - 0x1c], ecx","mov dword [var_24h], ecx",894de4,cpu,mov,False,268435465,0,,,,,,,
16783672,"32,7,~,32,ecx,~,*,DUP,eax,=,eax,-,?{,1,1,}{,0,0,},cf,:=,of,:=",False,16783584,16783780,3,"imul eax, ecx, 7","imul eax, ecx, 7",6bc107,cpu,mul,False,20,0,,,,,,,
16783675,"eax,0x18,rbp,-,=[4]",True,16783584,16783780,3,"mov dword [rbp - 0x18], eax","mov dword [var_20h], eax",8945e8,cpu,mov,False,268435465,0,,,,,,,
16783678,"ecx,rax,=",False,16783584,16783781,2,"mov eax, ecx","mov eax, ecx",89c8,cpu,mov,False,9,0,,,,,,,
16783680,"0,1,!,!,?{,1,1,-,eax,<<,0x80000000,&,!,!,^,},1,eax,<<=,$z,zf,:=,$p,pf,:=,31,$s,sf,:=,cf,=",False,16783584,16783781,2,"shl eax, 1","shl eax, 1",d1e0,cpu,shl,False,23,0,,,,,,,
16783682,"500,ecx,==,$z,zf,:=,32,$b,cf,:=,$p,pf,:=,31,$s,sf,:=,500,0x80000000,-,!,31,$o,^,of,:=,3,$b,af,:=",False,16783584,16783777,6,"cmp ecx, 0x1f4","cmp ecx, 0x1f4",81f9f4010000,cpu,cmp,False,15,0,,,500.0,500.0,,,
16783688,"eax,0x14,rbp,-,=[4]",True,16783584,16783780,3,"mov dword [rbp - 0x14], eax","mov dword [var_1ch], eax",8945ec,cpu,mov,False,268435465,0,,,,,,,
16783691,"sf,of,!,^,zf,!,&,?{,16783729,rip,=,}",False,16783584,16783781,2,jg 0x1001971,jg 0x1001971,7f24,cpu,cjmp,False,2147483649,0,,,,,16783729.0,16783693.0,
16783693,"0x1c,rbp,-,[4],rcx,=",True,16783584,16783780,3,"mov ecx, dword [rbp - 0x1c]","mov ecx, dword [var_24h]",8b4de4,cpu,mov,False,9,0,,,,,,,
16783696,"ecx,rax,=",False,16783584,16783781,2,"mov eax, ecx","mov eax, ecx",89c8,cpu,mov,False,9,0,,,,,,,
16783698,"0,2,!,!,?{,1,2,-,eax,<<,0x80000000,&,!,!,^,},2,eax,<<=,$z,zf,:=,$p,pf,:=,31,$s,sf,:=,cf,=",False,16783584,16783780,3,"shl eax, 2","shl eax, 2",c1e002,cpu,shl,False,23,0,,,,,,,
16783701,"250,ecx,==,$z,zf,:=,32,$b,cf,:=,$p,pf,:=,31,$s,sf,:=,250,0x80000000,-,!,31,$o,^,of,:=,3,$b,af,:=",False,16783584,16783777,6,"cmp ecx, 0xfa","cmp ecx, 0xfa",81f9fa000000,cpu,cmp,False,15,0,,,250.0,250.0,,,
16783707,"eax,0x14,rbp,-,=[4]",True,16783584,16783780,3,"mov dword [rbp - 0x14], eax","mov dword [var_1ch], eax",8945ec,cpu,mov,False,268435465,0,,,,,,,
16783710,"sf,of,!,^,zf,!,&,?{,16783729,rip,=,}",False,16783584,16783781,2,jg 0x1001971,jg 0x1001971,7f11,cpu,cjmp,False,2147483649,0,,,,,16783729.0,16783712.0,
16783712,"0x1c,rbp,-,[4],rcx,=",True,16783584,16783780,3,"mov ecx, dword [rbp - 0x1c]","mov ecx, dword [var_24h]",8b4de4,cpu,mov,False,9,0,,,,,,,
16783715,"32,7,~,32,ecx,~,*,DUP,eax,=,eax,-,?{,1,1,}{,0,0,},cf,:=,of,:=",False,16783584,16783780,3,"imul eax, ecx, 7","imul eax, ecx, 7",6bc107,cpu,mul,False,20,0,,,,,,,
16783718,"142,ecx,==,$z,zf,:=,32,$b,cf,:=,$p,pf,:=,31,$s,sf,:=,142,0x80000000,-,!,31,$o,^,of,:=,3,$b,af,:=",False,16783584,16783777,6,"cmp ecx, 0x8e","cmp ecx, 0x8e",81f98e000000,cpu,cmp,False,15,0,,,142.0,142.0,,,
16783724,"eax,0x14,rbp,-,=[4]",True,16783584,16783780,3,"mov dword [rbp - 0x14], eax","mov dword [var_1ch], eax",8945ec,cpu,mov,False,268435465,0,,,,,,,
16783727,"of,sf,^,zf,|,?{,16783754,rip,=,}",False,16783584,16783781,2,jle 0x100198a,jle 0x100198a,7e19,cpu,cjmp,False,2147483649,0,,,,,16783754.0,16783729.0,
16783729,"0x4,rbp,-,[4],rdx,=",True,16783584,16783780,3,"mov edx, dword [rbp - 4]","mov edx, dword [var_ch]",8b55fc,cpu,mov,False,9,0,,,,,,,
16783732,"0x8,rbp,-,[4],rsi,=",True,16783584,16783780,3,"mov esi, dword [rbp - 8]","mov esi, dword [var_10h]",8b75f8,cpu,mov,False,9,0,,,,,,,
16783735,"0x14,rbp,-,[4],rcx,=",True,16783584,16783780,3,"mov ecx, dword [rbp - 0x14]","mov ecx, dword [var_1ch]",8b4dec,cpu,mov,False,9,0,,,,,,,
16783738,"0x148d,rip,-,rdi,=",True,16783584,16783776,7,"lea rdi, [rip - 0x148d]","lea rdi, data.010004f4",488d3d73ebffff,cpu,lea,False,33,0,,,,16778484.0,,,"[{'addr': 16778484, 'type': 'DATA'}]"
16783745,"0,al,=",False,16783584,16783781,2,"mov al, 0","mov al, 0",b000,cpu,mov,False,9,0,,,0.0,,,,
16783747,"16784384,rip,8,rsp,-=,rsp,=[],rip,=",False,16783584,16783778,5,call 0x1001c00,call sym.imp.printf,e878020000,cpu,call,False,3,0,,,,,16784384.0,16783752.0,"[{'addr': 16784384, 'type': 'CALL'}]"
16783752,"0x10019a1,rip,=",False,16783584,16783781,2,jmp 0x10019a1,jmp 0x10019a1,eb17,cpu,jmp,False,1,0,,,,,16783777.0,,"[{'addr': 16783777, 'type': 'CODE'}]"
16783754,"0x18,rbp,-,[4],rcx,=",True,16783584,16783780,3,"mov ecx, dword [rbp - 0x18]","mov ecx, dword [var_20h]",8b4de8,cpu,mov,False,9,0,,,,,,,
16783757,"0x4,rbp,-,[4],rdx,=",True,16783584,16783780,3,"mov edx, dword [rbp - 4]","mov edx, dword [var_ch]",8b55fc,cpu,mov,False,9,0,,,,,,,
16783760,"0x8,rbp,-,[4],rsi,=",True,16783584,16783780,3,"mov esi, dword [rbp - 8]","mov esi, dword [var_10h]",8b75f8,cpu,mov,False,9,0,,,,,,,
16783763,"0x14c5,rip,-,rdi,=",True,16783584,16783776,7,"lea rdi, [rip - 0x14c5]","lea rdi, str.Path_complete_at___d___d_:__d",488d3d3bebffff,cpu,lea,False,33,0,,,,16778453.0,,,"[{'addr': 16778453, 'type': 'DATA'}]"
16783770,"0,al,=",False,16783584,16783781,2,"mov al, 0","mov al, 0",b000,cpu,mov,False,9,0,,,0.0,,,,
16783772,"16784384,rip,8,rsp,-=,rsp,=[],rip,=",False,16783584,16783778,5,call 0x1001c00,call sym.imp.printf,e85f020000,cpu,call,False,3,0,,,,,16784384.0,16783777.0,"[{'addr': 16784384, 'type': 'CALL'}]"
16783777,"32,rsp,+=,63,$o,of,:=,63,$s,sf,:=,$z,zf,:=,63,$c,cf,:=,$p,pf,:=,3,$c,af,:=",False,16783584,16783779,4,"add rsp, 0x20","add rsp, 0x20",4883c420,cpu,add,False,17,0,,"[{'addr': 16783634, 'type': 'CODE'}, {'addr': 16783752, 'type': 'CODE'}]",32.0,,,,
16783781,"rsp,[8],8,rsp,+=,rbp,=",False,16783584,16783782,1,pop rbp,pop rbp,5d,cpu,pop,False,14,0,,,,,,,
16783782,"rsp,[8],rip,=,8,rsp,+=",False,16783584,16783782,1,ret,ret,c3,cpu,ret,False,5,0,,,,,,,
