offset,esil,refptr,fcn_addr,fcn_last,size,opcode,disasm,bytes,family,type,reloc,type_num,type2_num,flags,xrefs_to,val,jump,fail,ptr,xrefs_from,comment
16785296,"rbp,8,rsp,-,=[8],8,rsp,-=",False,16785296,16785671,1,push rbp,push rbp,55,cpu,rpush,False,268435468,0,['sym.analyze_sequence'],"[{'addr': 16783763, 'type': 'CALL'}]",,,,,,
16785297,"rsp,rbp,=",False,16785296,16785669,3,"mov rbp, rsp","mov rbp, rsp",4889e5,cpu,mov,False,9,0,,,,,,,,
16785300,"rdi,0x70,rbp,-,=[8]",True,16785296,16785668,4,"mov qword [rbp - 0x70], rdi","mov qword [var_78h], rdi",48897d90,cpu,mov,False,268435465,0,,,,,,,,
16785304,"rsi,0x68,rbp,-,=[8]",True,16785296,16785668,4,"mov qword [rbp - 0x68], rsi","mov qword [var_70h], rsi",48897598,cpu,mov,False,268435465,0,,,,,,,,
16785308,"0,rsi,=[4]",True,16785296,16785666,6,"mov dword [rsi], 0","mov dword [rsi], 0",c70600000000,cpu,mov,False,9,0,,,0.0,,,,,
16785314,"rdi,[4],rax,=",True,16785296,16785670,2,"mov eax, dword [rdi]","mov eax, dword [rdi]",8b07,cpu,mov,False,9,0,,,,,,,,
16785316,"rsi,rcx,=",False,16785296,16785669,3,"mov rcx, rsi","mov rcx, rsi",4889f1,cpu,mov,False,9,0,,,,,,,,
16785319,"4,rcx,+=,63,$o,of,:=,63,$s,sf,:=,$z,zf,:=,63,$c,cf,:=,$p,pf,:=,3,$c,af,:=",False,16785296,16785668,4,"add rcx, 4","add rcx, 4",4883c104,cpu,add,False,17,0,,,4.0,,,,,
16785323,"rcx,0x58,rbp,-,=[8]",True,16785296,16785668,4,"mov qword [rbp - 0x58], rcx","mov qword [var_60h], rcx",48894da8,cpu,mov,False,268435465,0,,,,,,,,
16785327,"0x58,rbp,-,[8],rcx,=",True,16785296,16785668,4,"mov rcx, qword [rbp - 0x58]","mov rcx, qword [var_60h]",488b4da8,cpu,mov,False,9,0,,,,,,,,
16785331,"eax,rcx,=[4]",True,16785296,16785670,2,"mov dword [rcx], eax","mov dword [rcx], eax",8901,cpu,mov,False,9,0,,,,,,,,
16785333,"8,rsi,+=,63,$o,of,:=,63,$s,sf,:=,$z,zf,:=,63,$c,cf,:=,$p,pf,:=,3,$c,af,:=",False,16785296,16785668,4,"add rsi, 8","add rsi, 8",4883c608,cpu,add,False,17,0,,,8.0,,,,,
16785337,"rsi,0x50,rbp,-,=[8]",True,16785296,16785668,4,"mov qword [rbp - 0x50], rsi","mov qword [var_58h], rsi",488975b0,cpu,mov,False,268435465,0,,,,,,,,
16785341,"0x50,rbp,-,[8],rcx,=",True,16785296,16785668,4,"mov rcx, qword [rbp - 0x50]","mov rcx, qword [var_58h]",488b4db0,cpu,mov,False,9,0,,,,,,,,
16785345,"eax,rcx,=[4]",True,16785296,16785670,2,"mov dword [rcx], eax","mov dword [rcx], eax",8901,cpu,mov,False,9,0,,,,,,,,
16785347,"1,0x5c,rbp,-,=[4]",True,16785296,16785665,7,"mov dword [rbp - 0x5c], 1","mov dword [var_64h], 1",c745a401000000,cpu,mov,False,268435465,0,,,1.0,,,,,
16785354,"0,0x20,rbp,-,=[8]",True,16785296,16785664,8,"mov qword [rbp - 0x20], 0","mov qword [var_28h], 0",48c745e000000000,cpu,mov,False,268435465,0,,,0.0,,,,,
16785362,"0,0x18,rbp,-,=[4]",True,16785296,16785665,7,"mov dword [rbp - 0x18], 0","mov dword [var_20h], 0",c745e800000000,cpu,mov,False,268435465,0,,,0.0,,,,,
16785369,"eax,0x14,rbp,-,=[4]",True,16785296,16785669,3,"mov dword [rbp - 0x14], eax","mov dword [var_1ch], eax",8945ec,cpu,mov,False,268435465,0,,,,,,,,
16785372,"eax,0x10,rbp,-,=[4]",True,16785296,16785669,3,"mov dword [rbp - 0x10], eax","mov dword [var_18h], eax",8945f0,cpu,mov,False,268435465,0,,,,,,,,
16785375,"0x5c,rbp,-,[4],rax,=",True,16785296,16785669,3,"mov eax, dword [rbp - 0x5c]","mov eax, dword [var_64h]",8b45a4,cpu,mov,False,9,0,,"[{'addr': 16785410, 'type': 'CODE'}]",,,,,,
16785378,"rax,0x78,rbp,-,=[8]",True,16785296,16785668,4,"mov qword [rbp - 0x78], rax","mov qword [var_80h], rax",48894588,cpu,mov,False,268435465,0,,,,,,,,
16785382,"5,rax,-=,5,0x8000000000000000,-,!,63,$o,^,of,:=,63,$s,sf,:=,$z,zf,:=,$p,pf,:=,64,$b,cf,:=,3,$b,af,:=",False,16785296,16785668,4,"sub rax, 5","sub rax, 5",4883e805,cpu,sub,False,18,0,,,5.0,,,,,
16785386,"cf,zf,|,!,?{,16785408,rip,=,}",False,16785296,16785670,2,ja 0x1002000,ja 0x1002000,7714,cpu,cjmp,False,2147483649,0,,,,16785408.0,16785388.0,,,
16785388,"0x78,rbp,-,[8],rax,=",True,16785296,16785668,4,"mov rax, qword [rbp - 0x78]","mov rax, qword [var_80h]",488b4588,cpu,mov,False,9,0,,,,,,,,
16785392,"0x1b27,rip,-,rcx,=",True,16785296,16785665,7,"lea rcx, [rip - 0x1b27]","lea rcx, data.010004d0",488d0dd9e4ffff,cpu,lea,False,33,0,,,,,,16778448.0,"[{'addr': 16778448, 'type': 'DATA'}]",
16785399,"32,rax,4,*,rcx,+,[4],~,rax,=",True,16785296,16785668,4,"movsxd rax, dword [rcx + rax*4]","movsxd rax, dword [rcx + rax*4]",48630481,cpu,mov,False,9,0,,,,,,,,
16785403,"rcx,rax,+=,63,$o,of,:=,63,$s,sf,:=,$z,zf,:=,63,$c,cf,:=,$p,pf,:=,3,$c,af,:=",False,16785296,16785669,3,"add rax, rcx","add rax, rcx",4801c8,cpu,add,False,17,0,,,,,,,,
16785406,"rax,rip,=",False,16785296,16785670,2,jmp rax,jmp rax,ffe0,cpu,rjmp,False,268435458,0,['switch.0x01001ffe'],,,,,,"[{'addr': 16785412, 'type': 'CODE'}, {'addr': 16785414, 'type': 'CODE'}, {'addr': 16785512, 'type': 'CODE'}, {'addr': 16785548, 'type': 'CODE'}, {'addr': 16785593, 'type': 'CODE'}, {'addr': 16785620, 'type': 'CODE'}]",c3dpdGNoIHRhYmxlICg2IGNhc2VzKSBhdCAweDEwMDA0ZDA=
16785408,"0x1002002,rip,=",False,16785296,16785670,2,jmp 0x1002002,jmp 0x1002002,eb00,cpu,jmp,False,1,0,,,,16785410.0,,,"[{'addr': 16785410, 'type': 'CODE'}]",
16785410,"0x1001fdf,rip,=",False,16785296,16785670,2,jmp 0x1001fdf,jmp 0x1001fdf,ebdb,cpu,jmp,False,1,0,,"[{'addr': 16785408, 'type': 'CODE'}, {'addr': 16785510, 'type': 'CODE'}, {'addr': 16785543, 'type': 'CODE'}, {'addr': 16785588, 'type': 'CODE'}, {'addr': 16785615, 'type': 'CODE'}, {'addr': 16785667, 'type': 'CODE'}]",,16785375.0,,,"[{'addr': 16785375, 'type': 'CODE'}]",
16785412,"rsp,[8],8,rsp,+=,rbp,=",False,16785296,16785671,1,pop rbp,pop rbp,5d,cpu,pop,False,14,0,['case.0x1001ffe.0'],"[{'addr': 16785406, 'type': 'CODE'}]",,,,,,
16785413,"rsp,[8],rip,=,8,rsp,+=",False,16785296,16785671,1,ret,ret,c3,cpu,ret,False,5,0,,,,,,,,
16785414,"0x68,rbp,-,[8],rcx,=",True,16785296,16785668,4,"mov rcx, qword [rbp - 0x68]","mov rcx, qword [var_70h]",488b4d98,cpu,mov,False,9,0,['case.0x1001ffe.1'],"[{'addr': 16785406, 'type': 'CODE'}]",,,,,,
16785418,"0x70,rbp,-,[8],rsi,=",True,16785296,16785668,4,"mov rsi, qword [rbp - 0x70]","mov rsi, qword [var_78h]",488b7590,cpu,mov,False,9,0,,,,,,,,
16785422,"0x10,rbp,-,[4],r8,=",True,16785296,16785668,4,"mov r8d, dword [rbp - 0x10]","mov r8d, dword [var_18h]",448b45f0,cpu,mov,False,9,0,,,,,,,,
16785426,"0x14,rbp,-,[4],rax,=",True,16785296,16785669,3,"mov eax, dword [rbp - 0x14]","mov eax, dword [var_1ch]",8b45ec,cpu,mov,False,9,0,,,,,,,,
16785429,"0x18,rbp,-,[4],rdx,=",True,16785296,16785669,3,"mov edx, dword [rbp - 0x18]","mov edx, dword [var_20h]",8b55e8,cpu,mov,False,9,0,,,,,,,,
16785432,"0x20,rbp,-,[8],rdi,=",True,16785296,16785668,4,"mov rdi, qword [rbp - 0x20]","mov rdi, qword [var_28h]",488b7de0,cpu,mov,False,9,0,,,,,,,,
16785436,"r8d,0x3c,rbp,-,=[4]",True,16785296,16785668,4,"mov dword [rbp - 0x3c], r8d","mov dword [var_44h], r8d",448945c4,cpu,mov,False,268435465,0,,,,,,,,
16785440,"rdi,0x48,rbp,-,=[8]",True,16785296,16785668,4,"mov qword [rbp - 0x48], rdi","mov qword [var_50h], rdi",48897db8,cpu,mov,False,268435465,0,,,,,,,,
16785444,"0x48,rbp,-,[8],rdi,=",True,16785296,16785668,4,"mov rdi, qword [rbp - 0x48]","mov rdi, qword [var_50h]",488b7db8,cpu,mov,False,9,0,,,,,,,,
16785448,"0,2,!,!,?{,1,2,-,rdi,<<,0x8000000000000000,&,!,!,^,},2,rdi,<<=,$z,zf,:=,$p,pf,:=,63,$s,sf,:=,cf,=",False,16785296,16785668,4,"shl rdi, 2","shl rdi, 2",48c1e702,cpu,shl,False,23,0,,,,,,,,
16785452,"rdi,rsi,+=,63,$o,of,:=,63,$s,sf,:=,$z,zf,:=,63,$c,cf,:=,$p,pf,:=,3,$c,af,:=",False,16785296,16785669,3,"add rsi, rdi","add rsi, rdi",4801fe,cpu,add,False,17,0,,,,,,,,
16785455,"rsi,0x38,rbp,-,=[8]",True,16785296,16785668,4,"mov qword [rbp - 0x38], rsi","mov qword [var_40h], rsi",488975c8,cpu,mov,False,268435465,0,,,,,,,,
16785459,"0x38,rbp,-,[8],rsi,=",True,16785296,16785668,4,"mov rsi, qword [rbp - 0x38]","mov rsi, qword [var_40h]",488b75c8,cpu,mov,False,9,0,,,,,,,,
16785463,"rsi,[4],edx,+=,31,$o,of,:=,31,$s,sf,:=,$z,zf,:=,31,$c,cf,:=,$p,pf,:=,3,$c,af,:=",True,16785296,16785670,2,"add edx, dword [rsi]","add edx, dword [rsi]",0316,cpu,add,False,17,0,,,,,,,,
16785465,"edx,0x30,rbp,-,=[4]",True,16785296,16785669,3,"mov dword [rbp - 0x30], edx","mov dword [var_38h], edx",8955d0,cpu,mov,False,268435465,0,,,,,,,,
16785468,"0x30,rbp,-,[4],rdx,=",True,16785296,16785669,3,"mov edx, dword [rbp - 0x30]","mov edx, dword [var_38h]",8b55d0,cpu,mov,False,9,0,,,,,,,,
16785471,"edx,rcx,=[4]",True,16785296,16785670,2,"mov dword [rcx], edx","mov dword [rcx], edx",8911,cpu,mov,False,9,0,,,,,,,,
16785473,"0x38,rbp,-,[8],rcx,=",True,16785296,16785668,4,"mov rcx, qword [rbp - 0x38]","mov rcx, qword [var_40h]",488b4dc8,cpu,mov,False,9,0,,,,,,,,
16785477,"rcx,[4],rcx,=",True,16785296,16785670,2,"mov ecx, dword [rcx]","mov ecx, dword [rcx]",8b09,cpu,mov,False,9,0,,,,,,,,
16785479,"ecx,0x2c,rbp,-,=[4]",True,16785296,16785669,3,"mov dword [rbp - 0x2c], ecx","mov dword [var_34h], ecx",894dd4,cpu,mov,False,268435465,0,,,,,,,,
16785482,"3,rcx,=",False,16785296,16785667,5,"mov ecx, 3","mov ecx, 3",b903000000,cpu,mov,False,9,0,,,3.0,,,,,
16785487,"2,rdx,=",False,16785296,16785667,5,"mov edx, 2","mov edx, 2",ba02000000,cpu,mov,False,9,0,,,2.0,,,,,
16785492,"eax,0x2c,rbp,-,[4],==,$z,zf,:=,32,$b,cf,:=,$p,pf,:=,31,$s,sf,:=,eax,0x80000000,-,!,31,$o,^,of,:=,3,$b,af,:=",True,16785296,16785669,3,"cmp dword [rbp - 0x2c], eax","cmp dword [var_34h], eax",3945d4,cpu,cmp,False,268435471,0,,,,,,,,
16785495,"sf,of,^,?{,edx,ecx,=,}",False,16785296,16785669,3,"cmovl ecx, edx","cmovl ecx, edx",0f4cca,cpu,cmov,False,2147483657,0,,,,,,,,
16785498,"ecx,0x5c,rbp,-,=[4]",True,16785296,16785669,3,"mov dword [rbp - 0x5c], ecx","mov dword [var_64h], ecx",894da4,cpu,mov,False,268435465,0,,,,,,,,
16785501,"0x2c,rbp,-,[4],rcx,=",True,16785296,16785669,3,"mov ecx, dword [rbp - 0x2c]","mov ecx, dword [var_34h]",8b4dd4,cpu,mov,False,9,0,,,,,,,,
16785504,"ecx,0xc,rbp,-,=[4]",True,16785296,16785669,3,"mov dword [rbp - 0xc], ecx","mov dword [var_14h], ecx",894df4,cpu,mov,False,268435465,0,,,,,,,,
16785507,"eax,0x8,rbp,-,=[4]",True,16785296,16785669,3,"mov dword [rbp - 8], eax","mov dword [var_10h], eax",8945f8,cpu,mov,False,268435465,0,,,,,,,,
16785510,"0x1002002,rip,=",False,16785296,16785670,2,jmp 0x1002002,jmp 0x1002002,eb9a,cpu,jmp,False,1,0,,,,16785410.0,,,"[{'addr': 16785410, 'type': 'CODE'}]",
16785512,"0x58,rbp,-,[8],rax,=",True,16785296,16785668,4,"mov rax, qword [rbp - 0x58]","mov rax, qword [var_60h]",488b45a8,cpu,mov,False,9,0,['case.0x1001ffe.2'],"[{'addr': 16785406, 'type': 'CODE'}]",,,,,,
16785516,"0x2c,rbp,-,[4],rcx,=",True,16785296,16785669,3,"mov ecx, dword [rbp - 0x2c]","mov ecx, dword [var_34h]",8b4dd4,cpu,mov,False,9,0,,,,,,,,
16785519,"ecx,rax,=[4]",True,16785296,16785670,2,"mov dword [rax], ecx","mov dword [rax], ecx",8908,cpu,mov,False,9,0,,,,,,,,
16785521,"0x38,rbp,-,[8],rax,=",True,16785296,16785668,4,"mov rax, qword [rbp - 0x38]","mov rax, qword [var_40h]",488b45c8,cpu,mov,False,9,0,,,,,,,,
16785525,"rax,[4],rcx,=",True,16785296,16785670,2,"mov ecx, dword [rax]","mov ecx, dword [rax]",8b08,cpu,mov,False,9,0,,,,,,,,
16785527,"3,0x5c,rbp,-,=[4]",True,16785296,16785665,7,"mov dword [rbp - 0x5c], 3","mov dword [var_64h], 3",c745a403000000,cpu,mov,False,268435465,0,,,3.0,,,,,
16785534,"0x2c,rbp,-,[4],rax,=",True,16785296,16785669,3,"mov eax, dword [rbp - 0x2c]","mov eax, dword [var_34h]",8b45d4,cpu,mov,False,9,0,,,,,,,,
16785537,"ecx,0xc,rbp,-,=[4]",True,16785296,16785669,3,"mov dword [rbp - 0xc], ecx","mov dword [var_14h], ecx",894df4,cpu,mov,False,268435465,0,,,,,,,,
16785540,"eax,0x8,rbp,-,=[4]",True,16785296,16785669,3,"mov dword [rbp - 8], eax","mov dword [var_10h], eax",8945f8,cpu,mov,False,268435465,0,,,,,,,,
16785543,"0x1002002,rip,=",False,16785296,16785667,5,jmp 0x1002002,jmp 0x1002002,e976ffffff,cpu,jmp,False,1,0,,,,16785410.0,,,"[{'addr': 16785410, 'type': 'CODE'}]",
16785548,"0x8,rbp,-,[4],rcx,=",True,16785296,16785669,3,"mov ecx, dword [rbp - 8]","mov ecx, dword [var_10h]",8b4df8,cpu,mov,False,9,0,['case.0x1001ffe.3'],"[{'addr': 16785406, 'type': 'CODE'}]",,,,,,
16785551,"0xc,rbp,-,[4],rax,=",True,16785296,16785669,3,"mov eax, dword [rbp - 0xc]","mov eax, dword [var_14h]",8b45f4,cpu,mov,False,9,0,,,,,,,,
16785554,"ecx,0x24,rbp,-,=[4]",True,16785296,16785669,3,"mov dword [rbp - 0x24], ecx","mov dword [var_2ch], ecx",894ddc,cpu,mov,False,268435465,0,,,,,,,,
16785557,"eax,0x28,rbp,-,=[4]",True,16785296,16785669,3,"mov dword [rbp - 0x28], eax","mov dword [var_30h], eax",8945d8,cpu,mov,False,268435465,0,,,,,,,,
16785560,"0x3c,rbp,-,[4],rdx,=",True,16785296,16785669,3,"mov edx, dword [rbp - 0x3c]","mov edx, dword [var_44h]",8b55c4,cpu,mov,False,9,0,,,,,,,,
16785563,"5,rax,=",False,16785296,16785667,5,"mov eax, 5","mov eax, 5",b805000000,cpu,mov,False,9,0,,,5.0,,,,,
16785568,"4,rcx,=",False,16785296,16785667,5,"mov ecx, 4","mov ecx, 4",b904000000,cpu,mov,False,9,0,,,4.0,,,,,
16785573,"edx,0x28,rbp,-,[4],==,$z,zf,:=,32,$b,cf,:=,$p,pf,:=,31,$s,sf,:=,edx,0x80000000,-,!,31,$o,^,of,:=,3,$b,af,:=",True,16785296,16785669,3,"cmp dword [rbp - 0x28], edx","cmp dword [var_30h], edx",3955d8,cpu,cmp,False,268435471,0,,,,,,,,
16785576,"zf,!,sf,of,^,!,&,?{,ecx,eax,=,}",False,16785296,16785669,3,"cmovg eax, ecx","cmovg eax, ecx",0f4fc1,cpu,cmov,False,2147483657,0,,,,,,,,
16785579,"eax,0x5c,rbp,-,=[4]",True,16785296,16785669,3,"mov dword [rbp - 0x5c], eax","mov dword [var_64h], eax",8945a4,cpu,mov,False,268435465,0,,,,,,,,
16785582,"0x3c,rbp,-,[4],rax,=",True,16785296,16785669,3,"mov eax, dword [rbp - 0x3c]","mov eax, dword [var_44h]",8b45c4,cpu,mov,False,9,0,,,,,,,,
16785585,"eax,0x4,rbp,-,=[4]",True,16785296,16785669,3,"mov dword [rbp - 4], eax","mov dword [var_ch], eax",8945fc,cpu,mov,False,268435465,0,,,,,,,,
16785588,"0x1002002,rip,=",False,16785296,16785667,5,jmp 0x1002002,jmp 0x1002002,e949ffffff,cpu,jmp,False,1,0,,,,16785410.0,,,"[{'addr': 16785410, 'type': 'CODE'}]",
16785593,"0x50,rbp,-,[8],rax,=",True,16785296,16785668,4,"mov rax, qword [rbp - 0x50]","mov rax, qword [var_58h]",488b45b0,cpu,mov,False,9,0,['case.0x1001ffe.4'],"[{'addr': 16785406, 'type': 'CODE'}]",,,,,,
16785597,"0x28,rbp,-,[4],rcx,=",True,16785296,16785669,3,"mov ecx, dword [rbp - 0x28]","mov ecx, dword [var_30h]",8b4dd8,cpu,mov,False,9,0,,,,,,,,
16785600,"ecx,rax,=[4]",True,16785296,16785670,2,"mov dword [rax], ecx","mov dword [rax], ecx",8908,cpu,mov,False,9,0,,,,,,,,
16785602,"5,0x5c,rbp,-,=[4]",True,16785296,16785665,7,"mov dword [rbp - 0x5c], 5","mov dword [var_64h], 5",c745a405000000,cpu,mov,False,268435465,0,,,5.0,,,,,
16785609,"0x28,rbp,-,[4],rax,=",True,16785296,16785669,3,"mov eax, dword [rbp - 0x28]","mov eax, dword [var_30h]",8b45d8,cpu,mov,False,9,0,,,,,,,,
16785612,"eax,0x4,rbp,-,=[4]",True,16785296,16785669,3,"mov dword [rbp - 4], eax","mov dword [var_ch], eax",8945fc,cpu,mov,False,268435465,0,,,,,,,,
16785615,"0x1002002,rip,=",False,16785296,16785667,5,jmp 0x1002002,jmp 0x1002002,e92effffff,cpu,jmp,False,1,0,,,,16785410.0,,,"[{'addr': 16785410, 'type': 'CODE'}]",
16785620,"0x4,rbp,-,[4],rax,=",True,16785296,16785669,3,"mov eax, dword [rbp - 4]","mov eax, dword [var_ch]",8b45fc,cpu,mov,False,9,0,['case.0x1001ffe.5'],"[{'addr': 16785406, 'type': 'CODE'}]",,,,,,
16785623,"0x48,rbp,-,[8],rsi,=",True,16785296,16785668,4,"mov rsi, qword [rbp - 0x48]","mov rsi, qword [var_50h]",488b75b8,cpu,mov,False,9,0,,,,,,,,
16785627,"1,rsi,+=,63,$o,of,:=,63,$s,sf,:=,$z,zf,:=,63,$c,cf,:=,$p,pf,:=,3,$c,af,:=",False,16785296,16785668,4,"add rsi, 1","add rsi, 1",4883c601,cpu,add,False,17,0,,,1.0,,,,,
16785631,"1,rcx,=",False,16785296,16785667,5,"mov ecx, 1","mov ecx, 1",b901000000,cpu,mov,False,9,0,,,1.0,,,,,
16785636,"edx,rdx,^,0xffffffff,&,rdx,=,$z,zf,:=,$p,pf,:=,31,$s,sf,:=,0,cf,:=,0,of,:=",False,16785296,16785670,2,"xor edx, edx","xor edx, edx",31d2,cpu,xor,False,28,0,,,,,,,,
16785638,"20,rsi,==,$z,zf,:=,64,$b,cf,:=,$p,pf,:=,63,$s,sf,:=,20,0x8000000000000000,-,!,63,$o,^,of,:=,3,$b,af,:=",False,16785296,16785668,4,"cmp rsi, 0x14","cmp rsi, 0x14",4883fe14,cpu,cmp,False,15,0,,,20.0,,,20.0,,
16785642,"zf,?{,edx,ecx,=,}",False,16785296,16785669,3,"cmove ecx, edx","cmove ecx, edx",0f44ca,cpu,cmov,False,2147483657,0,,,,,,,,
16785645,"ecx,0x5c,rbp,-,=[4]",True,16785296,16785669,3,"mov dword [rbp - 0x5c], ecx","mov dword [var_64h], ecx",894da4,cpu,mov,False,268435465,0,,,,,,,,
16785648,"0x30,rbp,-,[4],rdx,=",True,16785296,16785669,3,"mov edx, dword [rbp - 0x30]","mov edx, dword [var_38h]",8b55d0,cpu,mov,False,9,0,,,,,,,,
16785651,"0x24,rbp,-,[4],rcx,=",True,16785296,16785669,3,"mov ecx, dword [rbp - 0x24]","mov ecx, dword [var_2ch]",8b4ddc,cpu,mov,False,9,0,,,,,,,,
16785654,"rsi,0x20,rbp,-,=[8]",True,16785296,16785668,4,"mov qword [rbp - 0x20], rsi","mov qword [var_28h], rsi",488975e0,cpu,mov,False,268435465,0,,,,,,,,
16785658,"edx,0x18,rbp,-,=[4]",True,16785296,16785669,3,"mov dword [rbp - 0x18], edx","mov dword [var_20h], edx",8955e8,cpu,mov,False,268435465,0,,,,,,,,
16785661,"ecx,0x14,rbp,-,=[4]",True,16785296,16785669,3,"mov dword [rbp - 0x14], ecx","mov dword [var_1ch], ecx",894dec,cpu,mov,False,268435465,0,,,,,,,,
16785664,"eax,0x10,rbp,-,=[4]",True,16785296,16785669,3,"mov dword [rbp - 0x10], eax","mov dword [var_18h], eax",8945f0,cpu,mov,False,268435465,0,,,,,,,,
16785667,"0x1002002,rip,=",False,16785296,16785667,5,jmp 0x1002002,jmp 0x1002002,e9fafeffff,cpu,jmp,False,1,0,,,,16785410.0,,,"[{'addr': 16785410, 'type': 'CODE'}]",
