offset,esil,refptr,fcn_addr,fcn_last,size,opcode,disasm,bytes,family,type,reloc,type_num,type2_num,flags,xrefs_to,val,jump,fail,xrefs_from,ptr
16785712,"rbp,8,rsp,-,=[8],8,rsp,-=",False,16785712,16785889,1,push rbp,push rbp,55,cpu,rpush,False,268435468,0,['sym.compute_fibonacci'],"[{'addr': 16785115, 'type': 'CALL'}, {'addr': 16785825, 'type': 'CALL'}]",,,,,
16785713,"rsp,rbp,=",False,16785712,16785887,3,"mov rbp, rsp","mov rbp, rsp",4889e5,cpu,mov,False,9,0,,,,,,,
16785716,"48,rsp,-=,48,0x8000000000000000,-,!,63,$o,^,of,:=,63,$s,sf,:=,$z,zf,:=,$p,pf,:=,64,$b,cf,:=,3,$b,af,:=",False,16785712,16785886,4,"sub rsp, 0x30","sub rsp, 0x30",4883ec30,cpu,sub,False,18,0,,,48.0,,,,
16785720,"edi,0x18,rbp,-,=[4]",True,16785712,16785887,3,"mov dword [rbp - 0x18], edi","mov dword [var_20h], edi",897de8,cpu,mov,False,268435465,0,,,,,,,
16785723,"0,0x14,rbp,-,=[4]",True,16785712,16785883,7,"mov dword [rbp - 0x14], 0","mov dword [var_1ch], 0",c745ec00000000,cpu,mov,False,268435465,0,,,0.0,,,,
16785730,"0x14,rbp,-,[4],rax,=",True,16785712,16785887,3,"mov eax, dword [rbp - 0x14]","mov eax, dword [var_1ch]",8b45ec,cpu,mov,False,9,0,,"[{'addr': 16785764, 'type': 'CODE'}]",,,,,
16785733,"eax,0x1c,rbp,-,=[4]",True,16785712,16785887,3,"mov dword [rbp - 0x1c], eax","mov dword [var_24h], eax",8945e4,cpu,mov,False,268435465,0,,,,,,,
16785736,"0,eax,eax,&,==,$z,zf,:=,$p,pf,:=,31,$s,sf,:=,0,cf,:=,0,of,:=",False,16785712,16785888,2,"test eax, eax","test eax, eax",85c0,cpu,acmp,False,16,0,,,,,,,
16785738,"zf,?{,16785766,rip,=,}",False,16785712,16785888,2,je 0x1002166,je 0x1002166,741a,cpu,cjmp,False,2147483649,0,,,,16785766.0,16785740.0,,
16785740,"0x100214e,rip,=",False,16785712,16785888,2,jmp 0x100214e,jmp 0x100214e,eb00,cpu,jmp,False,1,0,,,,16785742.0,,"[{'addr': 16785742, 'type': 'CODE'}]",
16785742,"0x1c,rbp,-,[4],rax,=",True,16785712,16785887,3,"mov eax, dword [rbp - 0x1c]","mov eax, dword [var_24h]",8b45e4,cpu,mov,False,9,0,,"[{'addr': 16785740, 'type': 'CODE'}]",,,,,
16785745,"1,eax,-=,1,0x80000000,-,!,31,$o,^,of,:=,31,$s,sf,:=,$z,zf,:=,$p,pf,:=,32,$b,cf,:=,3,$b,af,:=",False,16785712,16785887,3,"sub eax, 1","sub eax, 1",83e801,cpu,sub,False,18,0,,,1.0,,,,
16785748,"zf,?{,16785810,rip,=,}",False,16785712,16785888,2,je 0x1002192,je 0x1002192,743c,cpu,cjmp,False,2147483649,0,,,,16785810.0,16785750.0,,
16785750,"0x1002158,rip,=",False,16785712,16785888,2,jmp 0x1002158,jmp 0x1002158,eb00,cpu,jmp,False,1,0,,,,16785752.0,,"[{'addr': 16785752, 'type': 'CODE'}]",
16785752,"0x1c,rbp,-,[4],rax,=",True,16785712,16785887,3,"mov eax, dword [rbp - 0x1c]","mov eax, dword [var_24h]",8b45e4,cpu,mov,False,9,0,,"[{'addr': 16785750, 'type': 'CODE'}]",,,,,
16785755,"2,eax,-=,2,0x80000000,-,!,31,$o,^,of,:=,31,$s,sf,:=,$z,zf,:=,$p,pf,:=,32,$b,cf,:=,3,$b,af,:=",False,16785712,16785887,3,"sub eax, 2","sub eax, 2",83e802,cpu,sub,False,18,0,,,2.0,,,,
16785758,"zf,?{,16785878,rip,=,}",False,16785712,16785888,2,je 0x10021d6,je 0x10021d6,7476,cpu,cjmp,False,2147483649,0,,,,16785878.0,16785760.0,,
16785760,"0x1002162,rip,=",False,16785712,16785888,2,jmp 0x1002162,jmp 0x1002162,eb00,cpu,jmp,False,1,0,,,,16785762.0,,"[{'addr': 16785762, 'type': 'CODE'}]",
16785762,"0x1002164,rip,=",False,16785712,16785888,2,jmp 0x1002164,jmp 0x1002164,eb00,cpu,jmp,False,1,0,,"[{'addr': 16785760, 'type': 'CODE'}]",,16785764.0,,"[{'addr': 16785764, 'type': 'CODE'}]",
16785764,"0x1002142,rip,=",False,16785712,16785888,2,jmp 0x1002142,jmp 0x1002142,ebdc,cpu,jmp,False,1,0,,"[{'addr': 16785762, 'type': 'CODE'}, {'addr': 16785808, 'type': 'CODE'}, {'addr': 16785876, 'type': 'CODE'}]",,16785730.0,,"[{'addr': 16785730, 'type': 'CODE'}]",
16785766,"0x18,rbp,-,[4],rax,=",True,16785712,16785887,3,"mov eax, dword [rbp - 0x18]","mov eax, dword [var_20h]",8b45e8,cpu,mov,False,9,0,,,,,,,
16785769,"1,rcx,=",False,16785712,16785885,5,"mov ecx, 1","mov ecx, 1",b901000000,cpu,mov,False,9,0,,,1.0,,,,
16785774,"2,rdx,=",False,16785712,16785885,5,"mov edx, 2","mov edx, 2",ba02000000,cpu,mov,False,9,0,,,2.0,,,,
16785779,"2,eax,==,$z,zf,:=,32,$b,cf,:=,$p,pf,:=,31,$s,sf,:=,2,0x80000000,-,!,31,$o,^,of,:=,3,$b,af,:=",False,16785712,16785887,3,"cmp eax, 2","cmp eax, 2",83f802,cpu,cmp,False,15,0,,,2.0,,,,2.0
16785782,"sf,of,^,?{,edx,ecx,=,}",False,16785712,16785887,3,"cmovl ecx, edx","cmovl ecx, edx",0f4cca,cpu,cmov,False,2147483657,0,,,,,,,
16785785,"ecx,0x14,rbp,-,=[4]",True,16785712,16785887,3,"mov dword [rbp - 0x14], ecx","mov dword [var_1ch], ecx",894dec,cpu,mov,False,268435465,0,,,,,,,
16785788,"eax,0x10,rbp,-,=[4]",True,16785712,16785887,3,"mov dword [rbp - 0x10], eax","mov dword [var_18h], eax",8945f0,cpu,mov,False,268435465,0,,,,,,,
16785791,"0,0xc,rbp,-,=[4]",True,16785712,16785883,7,"mov dword [rbp - 0xc], 0","mov dword [var_14h], 0",c745f400000000,cpu,mov,False,268435465,0,,,0.0,,,,
16785798,"0,0x8,rbp,-,=[4]",True,16785712,16785883,7,"mov dword [rbp - 8], 0","mov dword [var_10h], 0",c745f800000000,cpu,mov,False,268435465,0,,,0.0,,,,
16785805,"eax,0x4,rbp,-,=[4]",True,16785712,16785887,3,"mov dword [rbp - 4], eax","mov dword [var_ch], eax",8945fc,cpu,mov,False,268435465,0,,,,,,,
16785808,"0x1002164,rip,=",False,16785712,16785888,2,jmp 0x1002164,jmp 0x1002164,ebd2,cpu,jmp,False,1,0,,,,16785764.0,,"[{'addr': 16785764, 'type': 'CODE'}]",
16785810,"0xc,rbp,-,[4],rax,=",True,16785712,16785887,3,"mov eax, dword [rbp - 0xc]","mov eax, dword [var_14h]",8b45f4,cpu,mov,False,9,0,,,,,,,
16785813,"eax,0x24,rbp,-,=[4]",True,16785712,16785887,3,"mov dword [rbp - 0x24], eax","mov dword [var_2ch], eax",8945dc,cpu,mov,False,268435465,0,,,,,,,
16785816,"0x10,rbp,-,[4],rdi,=",True,16785712,16785887,3,"mov edi, dword [rbp - 0x10]","mov edi, dword [var_18h]",8b7df0,cpu,mov,False,9,0,,,,,,,
16785819,"edi,0x20,rbp,-,=[4]",True,16785712,16785887,3,"mov dword [rbp - 0x20], edi","mov dword [var_28h], edi",897de0,cpu,mov,False,268435465,0,,,,,,,
16785822,"18446744073709551615,edi,+=,31,$o,of,:=,31,$s,sf,:=,$z,zf,:=,31,$c,cf,:=,$p,pf,:=,3,$c,af,:=",False,16785712,16785887,3,"add edi, 0xffffffff","add edi, 0xffffffff",83c7ff,cpu,add,False,17,0,,,,,,,
16785825,"16785712,rip,8,rsp,-=,rsp,=[],rip,=",False,16785712,16785885,5,call 0x1002130,call sym.compute_fibonacci,e88affffff,cpu,call,False,3,0,,,,16785712.0,16785830.0,"[{'addr': 16785712, 'type': 'CALL'}]",
16785830,"0x24,rbp,-,[4],rdx,=",True,16785712,16785887,3,"mov edx, dword [rbp - 0x24]","mov edx, dword [var_2ch]",8b55dc,cpu,mov,False,9,0,,,,,,,
16785833,"0x20,rbp,-,[4],rdi,=",True,16785712,16785887,3,"mov edi, dword [rbp - 0x20]","mov edi, dword [var_28h]",8b7de0,cpu,mov,False,9,0,,,,,,,
16785836,"eax,rcx,=",False,16785712,16785888,2,"mov ecx, eax","mov ecx, eax",89c1,cpu,mov,False,9,0,,,,,,,
16785838,"edi,rax,=",False,16785712,16785888,2,"mov eax, edi","mov eax, edi",89f8,cpu,mov,False,9,0,,,,,,,
16785840,"18446744073709551614,eax,+=,31,$o,of,:=,31,$s,sf,:=,$z,zf,:=,31,$c,cf,:=,$p,pf,:=,3,$c,af,:=",False,16785712,16785887,3,"add eax, 0xfffffffe","add eax, 0xfffffffe",83c0fe,cpu,add,False,17,0,,,1.8446744073709552e+19,,,,
16785843,"edx,ecx,+=,31,$o,of,:=,31,$s,sf,:=,$z,zf,:=,31,$c,cf,:=,$p,pf,:=,3,$c,af,:=",False,16785712,16785888,2,"add ecx, edx","add ecx, edx",01d1,cpu,add,False,17,0,,,,,,,
16785845,"1,rdx,=",False,16785712,16785885,5,"mov edx, 1","mov edx, 1",ba01000000,cpu,mov,False,9,0,,,1.0,,,,
16785850,"2,rsi,=",False,16785712,16785885,5,"mov esi, 2","mov esi, 2",be02000000,cpu,mov,False,9,0,,,2.0,,,,
16785855,"4,edi,==,$z,zf,:=,32,$b,cf,:=,$p,pf,:=,31,$s,sf,:=,4,0x80000000,-,!,31,$o,^,of,:=,3,$b,af,:=",False,16785712,16785887,3,"cmp edi, 4","cmp edi, 4",83ff04,cpu,cmp,False,15,0,,,4.0,,,,4.0
16785858,"cf,?{,esi,edx,=,}",False,16785712,16785887,3,"cmovb edx, esi","cmovb edx, esi",0f42d6,cpu,cmov,False,2147483657,0,,,,,,,
16785861,"edx,0x14,rbp,-,=[4]",True,16785712,16785887,3,"mov dword [rbp - 0x14], edx","mov dword [var_1ch], edx",8955ec,cpu,mov,False,268435465,0,,,,,,,
16785864,"eax,0x10,rbp,-,=[4]",True,16785712,16785887,3,"mov dword [rbp - 0x10], eax","mov dword [var_18h], eax",8945f0,cpu,mov,False,268435465,0,,,,,,,
16785867,"ecx,0xc,rbp,-,=[4]",True,16785712,16785887,3,"mov dword [rbp - 0xc], ecx","mov dword [var_14h], ecx",894df4,cpu,mov,False,268435465,0,,,,,,,
16785870,"ecx,0x8,rbp,-,=[4]",True,16785712,16785887,3,"mov dword [rbp - 8], ecx","mov dword [var_10h], ecx",894df8,cpu,mov,False,268435465,0,,,,,,,
16785873,"eax,0x4,rbp,-,=[4]",True,16785712,16785887,3,"mov dword [rbp - 4], eax","mov dword [var_ch], eax",8945fc,cpu,mov,False,268435465,0,,,,,,,
16785876,"0x1002164,rip,=",False,16785712,16785888,2,jmp 0x1002164,jmp 0x1002164,eb8e,cpu,jmp,False,1,0,,,,16785764.0,,"[{'addr': 16785764, 'type': 'CODE'}]",
16785878,"0x4,rbp,-,[4],rax,=",True,16785712,16785887,3,"mov eax, dword [rbp - 4]","mov eax, dword [var_ch]",8b45fc,cpu,mov,False,9,0,,,,,,,
16785881,"0x8,rbp,-,[4],eax,+=,31,$o,of,:=,31,$s,sf,:=,$z,zf,:=,31,$c,cf,:=,$p,pf,:=,3,$c,af,:=",True,16785712,16785887,3,"add eax, dword [rbp - 8]","add eax, dword [var_10h]",0345f8,cpu,add,False,17,0,,,,,,,
16785884,"48,rsp,+=,63,$o,of,:=,63,$s,sf,:=,$z,zf,:=,63,$c,cf,:=,$p,pf,:=,3,$c,af,:=",False,16785712,16785886,4,"add rsp, 0x30","add rsp, 0x30",4883c430,cpu,add,False,17,0,,,48.0,,,,
16785888,"rsp,[8],8,rsp,+=,rbp,=",False,16785712,16785889,1,pop rbp,pop rbp,5d,cpu,pop,False,14,0,,,,,,,
16785889,"rsp,[8],rip,=,8,rsp,+=",False,16785712,16785889,1,ret,ret,c3,cpu,ret,False,5,0,,,,,,,
