offset,esil,refptr,fcn_addr,fcn_last,size,opcode,disasm,bytes,family,type,reloc,type_num,type2_num,flags,xrefs_to,val,jump,fail,ptr,xrefs_from,comment
16784192,"rbp,8,rsp,-,=[8],8,rsp,-=",False,16784192,16784376,1,push rbp,push rbp,55,cpu,rpush,False,268435468,0,['sym.validate_input'],"[{'addr': 16783647, 'type': 'CALL'}]",,,,,,
16784193,"rsp,rbp,=",False,16784192,16784374,3,"mov rbp, rsp","mov rbp, rsp",4889e5,cpu,mov,False,9,0,,,,,,,,
16784196,"rdi,0x18,rbp,-,=[8]",True,16784192,16784373,4,"mov qword [rbp - 0x18], rdi","mov qword [var_20h], rdi",48897de8,cpu,mov,False,268435465,0,,,,,,,,
16784200,"rdi,[4],rax,=",True,16784192,16784375,2,"mov eax, dword [rdi]","mov eax, dword [rdi]",8b07,cpu,mov,False,9,0,,,,,,,,
16784202,"eax,0x8,rbp,-,=[4]",True,16784192,16784374,3,"mov dword [rbp - 8], eax","mov dword [var_10h], eax",8945f8,cpu,mov,False,268435465,0,,,,,,,,
16784205,"0,0xc,rbp,-,=[4]",True,16784192,16784370,7,"mov dword [rbp - 0xc], 0","mov dword [var_14h], 0",c745f400000000,cpu,mov,False,268435465,0,,,0.0,,,,,
16784212,"0xc,rbp,-,[4],rax,=",True,16784192,16784374,3,"mov eax, dword [rbp - 0xc]","mov eax, dword [var_14h]",8b45f4,cpu,mov,False,9,0,,"[{'addr': 16784247, 'type': 'CODE'}]",,,,,,
16784215,"rax,0x20,rbp,-,=[8]",True,16784192,16784373,4,"mov qword [rbp - 0x20], rax","mov qword [var_28h], rax",488945e0,cpu,mov,False,268435465,0,,,,,,,,
16784219,"4,rax,-=,4,0x8000000000000000,-,!,63,$o,^,of,:=,63,$s,sf,:=,$z,zf,:=,$p,pf,:=,64,$b,cf,:=,3,$b,af,:=",False,16784192,16784373,4,"sub rax, 4","sub rax, 4",4883e804,cpu,sub,False,18,0,,,4.0,,,,,
16784223,"cf,zf,|,!,?{,16784245,rip,=,}",False,16784192,16784375,2,ja 0x1001b75,ja 0x1001b75,7714,cpu,cjmp,False,2147483649,0,,,,16784245.0,16784225.0,,,
16784225,"0x20,rbp,-,[8],rax,=",True,16784192,16784373,4,"mov rax, qword [rbp - 0x20]","mov rax, qword [var_28h]",488b45e0,cpu,mov,False,9,0,,,,,,,,
16784229,"0x16c8,rip,-,rcx,=",True,16784192,16784370,7,"lea rcx, [rip - 0x16c8]","lea rcx, data.010004a4",488d0d38e9ffff,cpu,lea,False,33,0,,,,,,16778404.0,"[{'addr': 16778404, 'type': 'DATA'}]",
16784236,"32,rax,4,*,rcx,+,[4],~,rax,=",True,16784192,16784373,4,"movsxd rax, dword [rcx + rax*4]","movsxd rax, dword [rcx + rax*4]",48630481,cpu,mov,False,9,0,,,,,,,,
16784240,"rcx,rax,+=,63,$o,of,:=,63,$s,sf,:=,$z,zf,:=,63,$c,cf,:=,$p,pf,:=,3,$c,af,:=",False,16784192,16784374,3,"add rax, rcx","add rax, rcx",4801c8,cpu,add,False,17,0,,,,,,,,
16784243,"rax,rip,=",False,16784192,16784375,2,jmp rax,jmp rax,ffe0,cpu,rjmp,False,268435458,0,['switch.0x01001b73'],,,,,,"[{'addr': 16784249, 'type': 'CODE'}, {'addr': 16784278, 'type': 'CODE'}, {'addr': 16784311, 'type': 'CODE'}, {'addr': 16784344, 'type': 'CODE'}, {'addr': 16784372, 'type': 'CODE'}]",c3dpdGNoIHRhYmxlICg1IGNhc2VzKSBhdCAweDEwMDA0YTQ=
16784245,"0x1001b77,rip,=",False,16784192,16784375,2,jmp 0x1001b77,jmp 0x1001b77,eb00,cpu,jmp,False,1,0,,,,16784247.0,,,"[{'addr': 16784247, 'type': 'CODE'}]",
16784247,"0x1001b54,rip,=",False,16784192,16784375,2,jmp 0x1001b54,jmp 0x1001b54,ebdb,cpu,jmp,False,1,0,,"[{'addr': 16784245, 'type': 'CODE'}, {'addr': 16784276, 'type': 'CODE'}, {'addr': 16784309, 'type': 'CODE'}, {'addr': 16784342, 'type': 'CODE'}, {'addr': 16784370, 'type': 'CODE'}]",,16784212.0,,,"[{'addr': 16784212, 'type': 'CODE'}]",
16784249,"1,rax,=",False,16784192,16784372,5,"mov eax, 1","mov eax, 1",b801000000,cpu,mov,False,9,0,['case.0x1001b73.0'],"[{'addr': 16784243, 'type': 'CODE'}]",1.0,,,,,
16784254,"4,rcx,=",False,16784192,16784372,5,"mov ecx, 4","mov ecx, 4",b904000000,cpu,mov,False,9,0,,,4.0,,,,,
16784259,"40,0x8,rbp,-,[4],==,$z,zf,:=,32,$b,cf,:=,$p,pf,:=,31,$s,sf,:=,40,0x80000000,-,!,31,$o,^,of,:=,3,$b,af,:=",True,16784192,16784373,4,"cmp dword [rbp - 8], 0x28","cmp dword [var_10h], 0x28",837df828,cpu,cmp,False,268435471,0,,,40.0,,,,,
16784263,"cf,zf,|,!,?{,ecx,eax,=,}",False,16784192,16784374,3,"cmova eax, ecx","cmova eax, ecx",0f47c1,cpu,cmov,False,2147483657,0,,,,,,,,
16784266,"eax,0xc,rbp,-,=[4]",True,16784192,16784374,3,"mov dword [rbp - 0xc], eax","mov dword [var_14h], eax",8945f4,cpu,mov,False,268435465,0,,,,,,,,
16784269,"0,0x4,rbp,-,=[4]",True,16784192,16784370,7,"mov dword [rbp - 4], 0","mov dword [var_ch], 0",c745fc00000000,cpu,mov,False,268435465,0,,,0.0,,,,,
16784276,"0x1001b77,rip,=",False,16784192,16784375,2,jmp 0x1001b77,jmp 0x1001b77,ebe1,cpu,jmp,False,1,0,,,,16784247.0,,,"[{'addr': 16784247, 'type': 'CODE'}]",
16784278,"0x18,rbp,-,[8],rdx,=",True,16784192,16784373,4,"mov rdx, qword [rbp - 0x18]","mov rdx, qword [var_20h]",488b55e8,cpu,mov,False,9,0,['case.0x1001b73.1'],"[{'addr': 16784243, 'type': 'CODE'}]",,,,,,
16784282,"2,rax,=",False,16784192,16784372,5,"mov eax, 2","mov eax, 2",b802000000,cpu,mov,False,9,0,,,2.0,,,,,
16784287,"4,rcx,=",False,16784192,16784372,5,"mov ecx, 4","mov ecx, 4",b904000000,cpu,mov,False,9,0,,,4.0,,,,,
16784292,"40,0x4,rdx,+,[4],==,$z,zf,:=,32,$b,cf,:=,$p,pf,:=,31,$s,sf,:=,40,0x80000000,-,!,31,$o,^,of,:=,3,$b,af,:=",True,16784192,16784373,4,"cmp dword [rdx + 4], 0x28","cmp dword [rdx + 4], 0x28",837a0428,cpu,cmp,False,15,0,,,40.0,,,,,
16784296,"cf,zf,|,!,?{,ecx,eax,=,}",False,16784192,16784374,3,"cmova eax, ecx","cmova eax, ecx",0f47c1,cpu,cmov,False,2147483657,0,,,,,,,,
16784299,"eax,0xc,rbp,-,=[4]",True,16784192,16784374,3,"mov dword [rbp - 0xc], eax","mov dword [var_14h], eax",8945f4,cpu,mov,False,268435465,0,,,,,,,,
16784302,"0,0x4,rbp,-,=[4]",True,16784192,16784370,7,"mov dword [rbp - 4], 0","mov dword [var_ch], 0",c745fc00000000,cpu,mov,False,268435465,0,,,0.0,,,,,
16784309,"0x1001b77,rip,=",False,16784192,16784375,2,jmp 0x1001b77,jmp 0x1001b77,ebc0,cpu,jmp,False,1,0,,,,16784247.0,,,"[{'addr': 16784247, 'type': 'CODE'}]",
16784311,"0x18,rbp,-,[8],rdx,=",True,16784192,16784373,4,"mov rdx, qword [rbp - 0x18]","mov rdx, qword [var_20h]",488b55e8,cpu,mov,False,9,0,['case.0x1001b73.2'],"[{'addr': 16784243, 'type': 'CODE'}]",,,,,,
16784315,"3,rax,=",False,16784192,16784372,5,"mov eax, 3","mov eax, 3",b803000000,cpu,mov,False,9,0,,,3.0,,,,,
16784320,"4,rcx,=",False,16784192,16784372,5,"mov ecx, 4","mov ecx, 4",b904000000,cpu,mov,False,9,0,,,4.0,,,,,
16784325,"40,0x8,rdx,+,[4],==,$z,zf,:=,32,$b,cf,:=,$p,pf,:=,31,$s,sf,:=,40,0x80000000,-,!,31,$o,^,of,:=,3,$b,af,:=",True,16784192,16784373,4,"cmp dword [rdx + 8], 0x28","cmp dword [rdx + 8], 0x28",837a0828,cpu,cmp,False,15,0,,,40.0,,,,,
16784329,"cf,zf,|,!,?{,ecx,eax,=,}",False,16784192,16784374,3,"cmova eax, ecx","cmova eax, ecx",0f47c1,cpu,cmov,False,2147483657,0,,,,,,,,
16784332,"eax,0xc,rbp,-,=[4]",True,16784192,16784374,3,"mov dword [rbp - 0xc], eax","mov dword [var_14h], eax",8945f4,cpu,mov,False,268435465,0,,,,,,,,
16784335,"0,0x4,rbp,-,=[4]",True,16784192,16784370,7,"mov dword [rbp - 4], 0","mov dword [var_ch], 0",c745fc00000000,cpu,mov,False,268435465,0,,,0.0,,,,,
16784342,"0x1001b77,rip,=",False,16784192,16784375,2,jmp 0x1001b77,jmp 0x1001b77,eb9f,cpu,jmp,False,1,0,,,,16784247.0,,,"[{'addr': 16784247, 'type': 'CODE'}]",
16784344,"0x18,rbp,-,[8],rax,=",True,16784192,16784373,4,"mov rax, qword [rbp - 0x18]","mov rax, qword [var_20h]",488b45e8,cpu,mov,False,9,0,['case.0x1001b73.3'],"[{'addr': 16784243, 'type': 'CODE'}]",,,,,,
16784348,"41,0xc,rax,+,[4],==,$z,zf,:=,32,$b,cf,:=,$p,pf,:=,31,$s,sf,:=,41,0x80000000,-,!,31,$o,^,of,:=,3,$b,af,:=",True,16784192,16784373,4,"cmp dword [rax + 0xc], 0x29","cmp dword [rax + 0xc], 0x29",83780c29,cpu,cmp,False,15,0,,,41.0,,,,,
16784352,"cf,al,=",False,16784192,16784374,3,setb al,setb al,0f92c0,cpu,cmov,False,2147483657,0,,,,,,,,
16784355,"1,al,&=,$z,zf,:=,$p,pf,:=,7,$s,sf,:=,0,cf,:=,0,of,:=",False,16784192,16784375,2,"and al, 1","and al, 1",2401,cpu,and,False,27,0,,,1.0,,,,,
16784357,"al,rax,=",False,16784192,16784374,3,"movzx eax, al","movzx eax, al",0fb6c0,cpu,mov,False,9,0,,,,,,,,
16784360,"4,0xc,rbp,-,=[4]",True,16784192,16784370,7,"mov dword [rbp - 0xc], 4","mov dword [var_14h], 4",c745f404000000,cpu,mov,False,268435465,0,,,4.0,,,,,
16784367,"eax,0x4,rbp,-,=[4]",True,16784192,16784374,3,"mov dword [rbp - 4], eax","mov dword [var_ch], eax",8945fc,cpu,mov,False,268435465,0,,,,,,,,
16784370,"0x1001b77,rip,=",False,16784192,16784375,2,jmp 0x1001b77,jmp 0x1001b77,eb83,cpu,jmp,False,1,0,,,,16784247.0,,,"[{'addr': 16784247, 'type': 'CODE'}]",
16784372,"0x4,rbp,-,[4],rax,=",True,16784192,16784374,3,"mov eax, dword [rbp - 4]","mov eax, dword [var_ch]",8b45fc,cpu,mov,False,9,0,['case.0x1001b73.4'],"[{'addr': 16784243, 'type': 'CODE'}]",,,,,,
16784375,"rsp,[8],8,rsp,+=,rbp,=",False,16784192,16784376,1,pop rbp,pop rbp,5d,cpu,pop,False,14,0,,,,,,,,
16784376,"rsp,[8],rip,=,8,rsp,+=",False,16784192,16784376,1,ret,ret,c3,cpu,ret,False,5,0,,,,,,,,
