offset,esil,refptr,fcn_addr,fcn_last,size,opcode,disasm,bytes,family,type,reloc,type_num,type2_num,flags,xrefs_to,val,jump,fail,xrefs_from
16783120,"rbp,8,rsp,-,=[8],8,rsp,-=",False,16783120,16783217,1,push rbp,push rbp,55,cpu,rpush,False,268435468,0,"['main', 'sym.main']","[{'addr': 16783101, 'type': 'DATA'}]",,,,
16783121,"rsp,rbp,=",False,16783120,16783215,3,"mov rbp, rsp","mov rbp, rsp",4889e5,cpu,mov,False,9,0,,,,,,
16783124,"64,rsp,-=,64,0x8000000000000000,-,!,63,$o,^,of,:=,63,$s,sf,:=,$z,zf,:=,$p,pf,:=,64,$b,cf,:=,3,$b,af,:=",False,16783120,16783214,4,"sub rsp, 0x40","sub rsp, 0x40",4883ec40,cpu,sub,False,18,0,,,64.0,,,
16783128,"ecx,rcx,^,0xffffffff,&,rcx,=,$z,zf,:=,$p,pf,:=,31,$s,sf,:=,0,cf,:=,0,of,:=",False,16783120,16783216,2,"xor ecx, ecx","xor ecx, ecx",31c9,cpu,xor,False,28,0,,,,,,
16783130,"eax,rax,^,0xffffffff,&,rax,=,$z,zf,:=,$p,pf,:=,31,$s,sf,:=,0,cf,:=,0,of,:=",False,16783120,16783216,2,"xor eax, eax","xor eax, eax",31c0,cpu,xor,False,28,0,,,,,,
16783132,"eax,r9,=",False,16783120,16783215,3,"mov r9d, eax","mov r9d, eax",4189c1,cpu,mov,False,9,0,,,,,,
16783135,"ecx,rdi,=",False,16783120,16783216,2,"mov edi, ecx","mov edi, ecx",89cf,cpu,mov,False,9,0,,,,,,
16783137,"r9,rsi,=",False,16783120,16783215,3,"mov rsi, r9","mov rsi, r9",4c89ce,cpu,mov,False,9,0,,,,,,
16783140,"r9,rdx,=",False,16783120,16783215,3,"mov rdx, r9","mov rdx, r9",4c89ca,cpu,mov,False,9,0,,,,,,
16783143,"r9,r8,=",False,16783120,16783215,3,"mov r8, r9","mov r8, r9",4d89c8,cpu,mov,False,9,0,,,,,,
16783146,"0,rsp,=[4]",True,16783120,16783211,7,"mov dword [rsp], 0","mov dword [rsp], 0",c7042400000000,cpu,mov,False,9,0,,,0.0,,,
16783153,"0,0x8,rsp,+,=[8]",True,16783120,16783209,9,"mov qword [rsp + 8], 0","mov qword [var_40h], 0",48c744240800000000,cpu,mov,False,9,0,,,0.0,,,
16783162,"0,0x10,rsp,+,=[8]",True,16783120,16783209,9,"mov qword [rsp + 0x10], 0","mov qword [var_38h], 0",48c744241000000000,cpu,mov,False,9,0,,,0.0,,,
16783171,"0,0x18,rsp,+,=[4]",True,16783120,16783210,8,"mov dword [rsp + 0x18], 0","mov dword [var_30h], 0",c744241800000000,cpu,mov,False,9,0,,,0.0,,,
16783179,"0,0x20,rsp,+,=[8]",True,16783120,16783209,9,"mov qword [rsp + 0x20], 0","mov qword [var_28h], 0",48c744242000000000,cpu,mov,False,9,0,,,0.0,,,
16783188,"0,0x28,rsp,+,=[8]",True,16783120,16783209,9,"mov qword [rsp + 0x28], 0","mov qword [var_20h], 0",48c744242800000000,cpu,mov,False,9,0,,,0.0,,,
16783197,"0,0x30,rsp,+,=[4]",True,16783120,16783210,8,"mov dword [rsp + 0x30], 0","mov dword [var_18h], 0",c744243000000000,cpu,mov,False,9,0,,,0.0,,,
16783205,"16783232,rip,8,rsp,-=,rsp,=[],rip,=",False,16783120,16783213,5,call 0x1001780,call sym.merged,e816000000,cpu,call,False,3,0,,,,16783232.0,16783210.0,"[{'addr': 16783232, 'type': 'CALL'}]"
16783210,"eax,rax,^,0xffffffff,&,rax,=,$z,zf,:=,$p,pf,:=,31,$s,sf,:=,0,cf,:=,0,of,:=",False,16783120,16783216,2,"xor eax, eax","xor eax, eax",31c0,cpu,xor,False,28,0,,,,,,
16783212,"64,rsp,+=,63,$o,of,:=,63,$s,sf,:=,$z,zf,:=,63,$c,cf,:=,$p,pf,:=,3,$c,af,:=",False,16783120,16783214,4,"add rsp, 0x40","add rsp, 0x40",4883c440,cpu,add,False,17,0,,,64.0,,,
16783216,"rsp,[8],8,rsp,+=,rbp,=",False,16783120,16783217,1,pop rbp,pop rbp,5d,cpu,pop,False,14,0,,,,,,
16783217,"rsp,[8],rip,=,8,rsp,+=",False,16783120,16783217,1,ret,ret,c3,cpu,ret,False,5,0,,,,,,
