offset,esil,refptr,fcn_addr,fcn_last,size,opcode,disasm,bytes,family,type,reloc,type_num,type2_num,flags,xrefs_to,val,jump,fail,ptr,xrefs_from,comment
16785472,"rbp,8,rsp,-,=[8],8,rsp,-=",False,16785472,16785699,1,push rbp,push rbp,55,cpu,rpush,False,268435468,0,['sym.sanity_check'],"[{'addr': 16783954, 'type': 'CALL'}, {'addr': 16784533, 'type': 'CALL'}]",,,,,,
16785473,"rsp,rbp,=",False,16785472,16785697,3,"mov rbp, rsp","mov rbp, rsp",4889e5,cpu,mov,False,9,0,,,,,,,,
16785476,"rdi,0x18,rbp,-,=[8]",True,16785472,16785696,4,"mov qword [rbp - 0x18], rdi","mov qword [var_20h], rdi",48897de8,cpu,mov,False,268435465,0,,,,,,,,
16785480,"rdi,[4],rax,=",True,16785472,16785698,2,"mov eax, dword [rdi]","mov eax, dword [rdi]",8b07,cpu,mov,False,9,0,,,,,,,,
16785482,"eax,0x8,rbp,-,=[4]",True,16785472,16785697,3,"mov dword [rbp - 8], eax","mov dword [var_10h], eax",8945f8,cpu,mov,False,268435465,0,,,,,,,,
16785485,"0,0xc,rbp,-,=[4]",True,16785472,16785693,7,"mov dword [rbp - 0xc], 0","mov dword [var_14h], 0",c745f400000000,cpu,mov,False,268435465,0,,,0.0,,,,,
16785492,"0xc,rbp,-,[4],rax,=",True,16785472,16785697,3,"mov eax, dword [rbp - 0xc]","mov eax, dword [var_14h]",8b45f4,cpu,mov,False,9,0,,"[{'addr': 16785527, 'type': 'CODE'}]",,,,,,
16785495,"rax,0x20,rbp,-,=[8]",True,16785472,16785696,4,"mov qword [rbp - 0x20], rax","mov qword [var_28h], rax",488945e0,cpu,mov,False,268435465,0,,,,,,,,
16785499,"6,rax,-=,6,0x8000000000000000,-,!,63,$o,^,of,:=,63,$s,sf,:=,$z,zf,:=,$p,pf,:=,64,$b,cf,:=,3,$b,af,:=",False,16785472,16785696,4,"sub rax, 6","sub rax, 6",4883e806,cpu,sub,False,18,0,,,6.0,,,,,
16785503,"cf,zf,|,!,?{,16785525,rip,=,}",False,16785472,16785698,2,ja 0x1002075,ja 0x1002075,7714,cpu,cjmp,False,2147483649,0,,,,16785525.0,16785505.0,,,
16785505,"0x20,rbp,-,[8],rax,=",True,16785472,16785696,4,"mov rax, qword [rbp - 0x20]","mov rax, qword [var_28h]",488b45e0,cpu,mov,False,9,0,,,,,,,,
16785509,"0x1b88,rip,-,rcx,=",True,16785472,16785693,7,"lea rcx, [rip - 0x1b88]","lea rcx, data.010004e4",488d0d78e4ffff,cpu,lea,False,33,0,,,,,,16778468.0,"[{'addr': 16778468, 'type': 'DATA'}]",
16785516,"32,rax,4,*,rcx,+,[4],~,rax,=",True,16785472,16785696,4,"movsxd rax, dword [rcx + rax*4]","movsxd rax, dword [rcx + rax*4]",48630481,cpu,mov,False,9,0,,,,,,,,
16785520,"rcx,rax,+=,63,$o,of,:=,63,$s,sf,:=,$z,zf,:=,63,$c,cf,:=,$p,pf,:=,3,$c,af,:=",False,16785472,16785697,3,"add rax, rcx","add rax, rcx",4801c8,cpu,add,False,17,0,,,,,,,,
16785523,"rax,rip,=",False,16785472,16785698,2,jmp rax,jmp rax,ffe0,cpu,rjmp,False,268435458,0,['switch.0x01002073'],,,,,,"[{'addr': 16785529, 'type': 'CODE'}, {'addr': 16785558, 'type': 'CODE'}, {'addr': 16785591, 'type': 'CODE'}, {'addr': 16785622, 'type': 'CODE'}, {'addr': 16785627, 'type': 'CODE'}, {'addr': 16785659, 'type': 'CODE'}, {'addr': 16785664, 'type': 'CODE'}]",c3dpdGNoIHRhYmxlICg3IGNhc2VzKSBhdCAweDEwMDA0ZTQ=
16785525,"0x1002077,rip,=",False,16785472,16785698,2,jmp 0x1002077,jmp 0x1002077,eb00,cpu,jmp,False,1,0,,,,16785527.0,,,"[{'addr': 16785527, 'type': 'CODE'}]",
16785527,"0x1002054,rip,=",False,16785472,16785698,2,jmp 0x1002054,jmp 0x1002054,ebdb,cpu,jmp,False,1,0,,"[{'addr': 16785525, 'type': 'CODE'}, {'addr': 16785556, 'type': 'CODE'}, {'addr': 16785589, 'type': 'CODE'}, {'addr': 16785620, 'type': 'CODE'}, {'addr': 16785654, 'type': 'CODE'}, {'addr': 16785695, 'type': 'CODE'}]",,16785492.0,,,"[{'addr': 16785492, 'type': 'CODE'}]",
16785529,"1,rax,=",False,16785472,16785695,5,"mov eax, 1","mov eax, 1",b801000000,cpu,mov,False,9,0,['case.0x1002073.0'],"[{'addr': 16785523, 'type': 'CODE'}]",1.0,,,,,
16785534,"3,rcx,=",False,16785472,16785695,5,"mov ecx, 3","mov ecx, 3",b903000000,cpu,mov,False,9,0,,,3.0,,,,,
16785539,"10,0x8,rbp,-,[4],==,$z,zf,:=,32,$b,cf,:=,$p,pf,:=,31,$s,sf,:=,10,0x80000000,-,!,31,$o,^,of,:=,3,$b,af,:=",True,16785472,16785696,4,"cmp dword [rbp - 8], 0xa","cmp dword [var_10h], 0xa",837df80a,cpu,cmp,False,268435471,0,,,10.0,,,,,
16785543,"zf,!,sf,of,^,!,&,?{,ecx,eax,=,}",False,16785472,16785697,3,"cmovg eax, ecx","cmovg eax, ecx",0f4fc1,cpu,cmov,False,2147483657,0,,,,,,,,
16785546,"eax,0xc,rbp,-,=[4]",True,16785472,16785697,3,"mov dword [rbp - 0xc], eax","mov dword [var_14h], eax",8945f4,cpu,mov,False,268435465,0,,,,,,,,
16785549,"0,0x4,rbp,-,=[4]",True,16785472,16785693,7,"mov dword [rbp - 4], 0","mov dword [var_ch], 0",c745fc00000000,cpu,mov,False,268435465,0,,,0.0,,,,,
16785556,"0x1002077,rip,=",False,16785472,16785698,2,jmp 0x1002077,jmp 0x1002077,ebe1,cpu,jmp,False,1,0,,,,16785527.0,,,"[{'addr': 16785527, 'type': 'CODE'}]",
16785558,"0x18,rbp,-,[8],rdx,=",True,16785472,16785696,4,"mov rdx, qword [rbp - 0x18]","mov rdx, qword [var_20h]",488b55e8,cpu,mov,False,9,0,['case.0x1002073.1'],"[{'addr': 16785523, 'type': 'CODE'}]",,,,,,
16785562,"2,rax,=",False,16785472,16785695,5,"mov eax, 2","mov eax, 2",b802000000,cpu,mov,False,9,0,,,2.0,,,,,
16785567,"3,rcx,=",False,16785472,16785695,5,"mov ecx, 3","mov ecx, 3",b903000000,cpu,mov,False,9,0,,,3.0,,,,,
16785572,"18446744073709551566,0x8,rdx,+,[4],==,$z,zf,:=,32,$b,cf,:=,$p,pf,:=,31,$s,sf,:=,18446744073709551566,0x80000000,-,!,31,$o,^,of,:=,3,$b,af,:=",True,16785472,16785696,4,"cmp dword [rdx + 8], 0xffffffce","cmp dword [rdx + 8], 0xffffffce",837a08ce,cpu,cmp,False,15,0,,,1.8446744073709552e+19,,,,,
16785576,"sf,of,^,?{,ecx,eax,=,}",False,16785472,16785697,3,"cmovl eax, ecx","cmovl eax, ecx",0f4cc1,cpu,cmov,False,2147483657,0,,,,,,,,
16785579,"eax,0xc,rbp,-,=[4]",True,16785472,16785697,3,"mov dword [rbp - 0xc], eax","mov dword [var_14h], eax",8945f4,cpu,mov,False,268435465,0,,,,,,,,
16785582,"0,0x4,rbp,-,=[4]",True,16785472,16785693,7,"mov dword [rbp - 4], 0","mov dword [var_ch], 0",c745fc00000000,cpu,mov,False,268435465,0,,,0.0,,,,,
16785589,"0x1002077,rip,=",False,16785472,16785698,2,jmp 0x1002077,jmp 0x1002077,ebc0,cpu,jmp,False,1,0,,,,16785527.0,,,"[{'addr': 16785527, 'type': 'CODE'}]",
16785591,"0x18,rbp,-,[8],rax,=",True,16785472,16785696,4,"mov rax, qword [rbp - 0x18]","mov rax, qword [var_20h]",488b45e8,cpu,mov,False,9,0,['case.0x1002073.2'],"[{'addr': 16785523, 'type': 'CODE'}]",,,,,,
16785595,"10001,0x4,rax,+,[4],==,$z,zf,:=,32,$b,cf,:=,$p,pf,:=,31,$s,sf,:=,10001,0x80000000,-,!,31,$o,^,of,:=,3,$b,af,:=",True,16785472,16785693,7,"cmp dword [rax + 4], 0x2711","cmp dword [rax + 4], 0x2711",81780411270000,cpu,cmp,False,15,0,,,10001.0,,,,,
16785602,"sf,of,^,al,=",False,16785472,16785697,3,setl al,setl al,0f9cc0,cpu,cmov,False,2147483657,0,,,,,,,,
16785605,"1,al,&=,$z,zf,:=,$p,pf,:=,7,$s,sf,:=,0,cf,:=,0,of,:=",False,16785472,16785698,2,"and al, 1","and al, 1",2401,cpu,and,False,27,0,,,1.0,,,,,
16785607,"al,rax,=",False,16785472,16785697,3,"movzx eax, al","movzx eax, al",0fb6c0,cpu,mov,False,9,0,,,,,,,,
16785610,"3,0xc,rbp,-,=[4]",True,16785472,16785693,7,"mov dword [rbp - 0xc], 3","mov dword [var_14h], 3",c745f403000000,cpu,mov,False,268435465,0,,,3.0,,,,,
16785617,"eax,0x4,rbp,-,=[4]",True,16785472,16785697,3,"mov dword [rbp - 4], eax","mov dword [var_ch], eax",8945fc,cpu,mov,False,268435465,0,,,,,,,,
16785620,"0x1002077,rip,=",False,16785472,16785698,2,jmp 0x1002077,jmp 0x1002077,eba1,cpu,jmp,False,1,0,,,,16785527.0,,,"[{'addr': 16785527, 'type': 'CODE'}]",
16785622,"0x4,rbp,-,[4],rax,=",True,16785472,16785697,3,"mov eax, dword [rbp - 4]","mov eax, dword [var_ch]",8b45fc,cpu,mov,False,9,0,['case.0x1002073.3'],"[{'addr': 16785523, 'type': 'CODE'}]",,,,,,
16785625,"rsp,[8],8,rsp,+=,rbp,=",False,16785472,16785699,1,pop rbp,pop rbp,5d,cpu,pop,False,14,0,,,,,,,,
16785626,"rsp,[8],rip,=,8,rsp,+=",False,16785472,16785699,1,ret,ret,c3,cpu,ret,False,5,0,,,,,,,,
16785627,"1,rax,=",False,16785472,16785695,5,"mov eax, 1","mov eax, 1",b801000000,cpu,mov,False,9,0,['case.0x1002073.4'],"[{'addr': 16785523, 'type': 'CODE'}]",1.0,,,,,
16785632,"3,rcx,=",False,16785472,16785695,5,"mov ecx, 3","mov ecx, 3",b903000000,cpu,mov,False,9,0,,,3.0,,,,,
16785637,"10,0x8,rbp,-,[4],==,$z,zf,:=,32,$b,cf,:=,$p,pf,:=,31,$s,sf,:=,10,0x80000000,-,!,31,$o,^,of,:=,3,$b,af,:=",True,16785472,16785696,4,"cmp dword [rbp - 8], 0xa","cmp dword [var_10h], 0xa",837df80a,cpu,cmp,False,268435471,0,,,10.0,,,,,
16785641,"zf,!,sf,of,^,!,&,?{,ecx,eax,=,}",False,16785472,16785697,3,"cmovg eax, ecx","cmovg eax, ecx",0f4fc1,cpu,cmov,False,2147483657,0,,,,,,,,
16785644,"eax,0xc,rbp,-,=[4]",True,16785472,16785697,3,"mov dword [rbp - 0xc], eax","mov dword [var_14h], eax",8945f4,cpu,mov,False,268435465,0,,,,,,,,
16785647,"0,0x4,rbp,-,=[4]",True,16785472,16785693,7,"mov dword [rbp - 4], 0","mov dword [var_ch], 0",c745fc00000000,cpu,mov,False,268435465,0,,,0.0,,,,,
16785654,"0x1002077,rip,=",False,16785472,16785695,5,jmp 0x1002077,jmp 0x1002077,e97cffffff,cpu,jmp,False,1,0,,,,16785527.0,,,"[{'addr': 16785527, 'type': 'CODE'}]",
16785659,"0x4,rbp,-,[4],rax,=",True,16785472,16785697,3,"mov eax, dword [rbp - 4]","mov eax, dword [var_ch]",8b45fc,cpu,mov,False,9,0,['case.0x1002073.5'],"[{'addr': 16785523, 'type': 'CODE'}]",,,,,,
16785662,"rsp,[8],8,rsp,+=,rbp,=",False,16785472,16785699,1,pop rbp,pop rbp,5d,cpu,pop,False,14,0,,,,,,,,
16785663,"rsp,[8],rip,=,8,rsp,+=",False,16785472,16785699,1,ret,ret,c3,cpu,ret,False,5,0,,,,,,,,
16785664,"0x18,rbp,-,[8],rdx,=",True,16785472,16785696,4,"mov rdx, qword [rbp - 0x18]","mov rdx, qword [var_20h]",488b55e8,cpu,mov,False,9,0,['case.0x1002073.6'],"[{'addr': 16785523, 'type': 'CODE'}]",,,,,,
16785668,"2,rax,=",False,16785472,16785695,5,"mov eax, 2","mov eax, 2",b802000000,cpu,mov,False,9,0,,,2.0,,,,,
16785673,"3,rcx,=",False,16785472,16785695,5,"mov ecx, 3","mov ecx, 3",b903000000,cpu,mov,False,9,0,,,3.0,,,,,
16785678,"18446744073709551566,0x8,rdx,+,[4],==,$z,zf,:=,32,$b,cf,:=,$p,pf,:=,31,$s,sf,:=,18446744073709551566,0x80000000,-,!,31,$o,^,of,:=,3,$b,af,:=",True,16785472,16785696,4,"cmp dword [rdx + 8], 0xffffffce","cmp dword [rdx + 8], 0xffffffce",837a08ce,cpu,cmp,False,15,0,,,1.8446744073709552e+19,,,,,
16785682,"sf,of,^,?{,ecx,eax,=,}",False,16785472,16785697,3,"cmovl eax, ecx","cmovl eax, ecx",0f4cc1,cpu,cmov,False,2147483657,0,,,,,,,,
16785685,"eax,0xc,rbp,-,=[4]",True,16785472,16785697,3,"mov dword [rbp - 0xc], eax","mov dword [var_14h], eax",8945f4,cpu,mov,False,268435465,0,,,,,,,,
16785688,"0,0x4,rbp,-,=[4]",True,16785472,16785693,7,"mov dword [rbp - 4], 0","mov dword [var_ch], 0",c745fc00000000,cpu,mov,False,268435465,0,,,0.0,,,,,
16785695,"0x1002077,rip,=",False,16785472,16785695,5,jmp 0x1002077,jmp 0x1002077,e953ffffff,cpu,jmp,False,1,0,,,,16785527.0,,,"[{'addr': 16785527, 'type': 'CODE'}]",
