offset,esil,refptr,fcn_addr,fcn_last,size,opcode,disasm,bytes,family,type,reloc,type_num,type2_num,flags,xrefs_to,ptr,val,jump,xrefs_from
16783664,"rbp,8,rsp,-,=[8],8,rsp,-=",False,16783664,16783693,1,push rbp,push rbp,55,cpu,rpush,False,268435468,0,['sym.recursive_flow'],"[{'addr': 16783438, 'type': 'CALL'}, {'addr': 16783589, 'type': 'CALL'}]",,,,
16783665,"rsp,rbp,=",False,16783664,16783691,3,"mov rbp, rsp","mov rbp, rsp",4889e5,cpu,mov,False,9,0,,,,,,
16783668,"esi,r8,=",False,16783664,16783691,3,"mov r8d, esi","mov r8d, esi",4189f0,cpu,mov,False,9,0,,,,,,
16783671,"rdi,rdx,=",False,16783664,16783691,3,"mov rdx, rdi","mov rdx, rdi",4889fa,cpu,mov,False,9,0,,,,,,
16783674,"4294967296,rdi,=",False,16783664,16783684,10,"movabs rdi, 0x100000000","movabs rdi, 0x100000000",48bf0000000001000000,cpu,mov,False,9,0,,,4294967296.0,4294967296.0,,
16783684,"1,rsi,=",False,16783664,16783689,5,"mov esi, 1","mov esi, 1",be01000000,cpu,mov,False,9,0,,,,1.0,,
16783689,"ecx,rcx,^,0xffffffff,&,rcx,=,$z,zf,:=,$p,pf,:=,31,$s,sf,:=,0,cf,:=,0,of,:=",False,16783664,16783692,2,"xor ecx, ecx","xor ecx, ecx",31c9,cpu,xor,False,28,0,,,,,,
16783691,"rsp,[8],8,rsp,+=,rbp,=",False,16783664,16783693,1,pop rbp,pop rbp,5d,cpu,pop,False,14,0,,,,,,
16783692,"0x1001950,rip,=",False,16783664,16783692,2,jmp 0x1001950,jmp sym.process_layer,eb02,cpu,jmp,False,1,0,,,,,16783696.0,"[{'addr': 16783696, 'type': 'CODE'}]"
