offset,esil,refptr,fcn_addr,fcn_last,size,opcode,disasm,bytes,family,type,reloc,type_num,type2_num,flags,xrefs_to,val,jump,fail,xrefs_from,ptr
16783344,"rbp,8,rsp,-,=[8],8,rsp,-=",False,16783344,16783436,1,push rbp,push rbp,55,cpu,rpush,False,268435468,0,"['main', 'sym.main', 'dbg.main']","[{'addr': 16782733, 'type': 'DATA'}]",,,,,
16783345,"rsp,rbp,=",False,16783344,16783434,3,"mov rbp, rsp","mov rbp, rsp",4889e5,cpu,mov,False,9,0,,,,,,,
16783348,"16,rsp,-=,16,0x8000000000000000,-,!,63,$o,^,of,:=,63,$s,sf,:=,$z,zf,:=,$p,pf,:=,64,$b,cf,:=,3,$b,af,:=",False,16783344,16783433,4,"sub rsp, 0x10","sub rsp, 0x10",4883ec10,cpu,sub,False,18,0,,,16.0,,,,
16783352,"0x8,rsi,+,[8],rdi,=",True,16783344,16783433,4,"mov rdi, qword [rsi + 8]","mov rdi, qword [rsi + 8]",488b7e08,cpu,mov,False,9,0,,,,,,,
16783356,"eax,rax,^,0xffffffff,&,rax,=,$z,zf,:=,$p,pf,:=,31,$s,sf,:=,0,cf,:=,0,of,:=",False,16783344,16783435,2,"xor eax, eax","xor eax, eax",31c0,cpu,xor,False,28,0,,,,,,,
16783358,"eax,rsi,=",False,16783344,16783435,2,"mov esi, eax","mov esi, eax",89c6,cpu,mov,False,9,0,,,,,,,
16783360,"16783600,rip,8,rsp,-=,rsp,=[],rip,=",False,16783344,16783432,5,call 0x10018f0,call sym.imp.strtod,e8eb000000,cpu,call,False,3,0,,,,16783600.0,16783365.0,"[{'addr': 16783600, 'type': 'CALL'}]",
16783365,,False,16783344,16783433,4,"cvtsd2ss xmm0, xmm0","cvtsd2ss xmm0, xmm0",f20f5ac0,sse,null,False,0,0,,,,,,,
16783369,,False,16783344,16783433,4,"cvttss2si edi, xmm0","cvttss2si edi, xmm0",f30f2cf8,sse,null,False,0,0,,,,,,,
16783373,"16782752,rip,8,rsp,-=,rsp,=[],rip,=",False,16783344,16783432,5,call 0x10015a0,call dbg.add_prime,e88efdffff,cpu,call,False,3,0,,,,16782752.0,16783378.0,"[{'addr': 16782752, 'type': 'CALL'}]",
16783378,"eax,rcx,=",False,16783344,16783435,2,"mov ecx, eax","mov ecx, eax",89c1,cpu,mov,False,9,0,,,,,,,
16783380,"ecx,0x4,rbp,-,=[4]",True,16783344,16783434,3,"mov dword [rbp - 4], ecx","mov dword [number], ecx",894dfc,cpu,mov,False,268435465,0,,,,,,,
16783383,"0x1389,rip,-,rdi,=",True,16783344,16783430,7,"lea rdi, [rip - 0x1389]","lea rdi, str.You_loose",488d3d77ecffff,cpu,lea,False,33,0,,,,,,"[{'addr': 16778389, 'type': 'DATA'}]",16778389.0
16783390,"0x1399,rip,-,rax,=",True,16783344,16783430,7,"lea rax, [rip - 0x1399]","lea rax, str.You_win",488d0567ecffff,cpu,lea,False,33,0,,,,,,"[{'addr': 16778380, 'type': 'DATA'}]",16778380.0
16783397,"82310,ecx,==,$z,zf,:=,32,$b,cf,:=,$p,pf,:=,31,$s,sf,:=,82310,0x80000000,-,!,31,$o,^,of,:=,3,$b,af,:=",False,16783344,16783431,6,"cmp ecx, 0x14186","cmp ecx, 0x14186",81f986410100,cpu,cmp,False,15,0,,,82310.0,,,,82310.0
16783403,"zf,?{,rax,rdi,=,}",False,16783344,16783433,4,"cmove rdi, rax","cmove rdi, rax",480f44f8,cpu,cmov,False,2147483657,0,,,,,,,
16783407,"16783616,rip,8,rsp,-=,rsp,=[],rip,=",False,16783344,16783432,5,call 0x1001900,call sym.imp.puts,e8cc000000,cpu,call,False,3,0,,,,16783616.0,16783412.0,"[{'addr': 16783616, 'type': 'CALL'}]",
16783412,"0x4,rbp,-,[4],rsi,=",True,16783344,16783434,3,"mov esi, dword [rbp - 4]","mov esi, dword [number]",8b75fc,cpu,mov,False,9,0,,,,,,,
16783415,"0x13c2,rip,-,rdi,=",True,16783344,16783430,7,"lea rdi, [rip - 0x13c2]","lea rdi, str.Hash:_0x_x",488d3d3eecffff,cpu,lea,False,33,0,,,,,,"[{'addr': 16778364, 'type': 'DATA'}]",16778364.0
16783422,"0,al,=",False,16783344,16783435,2,"mov al, 0","mov al, 0",b000,cpu,mov,False,9,0,,,0.0,,,,
16783424,"16783584,rip,8,rsp,-=,rsp,=[],rip,=",False,16783344,16783432,5,call 0x10018e0,call sym.imp.printf,e89b000000,cpu,call,False,3,0,,,,16783584.0,16783429.0,"[{'addr': 16783584, 'type': 'CALL'}]",
16783429,"eax,rax,^,0xffffffff,&,rax,=,$z,zf,:=,$p,pf,:=,31,$s,sf,:=,0,cf,:=,0,of,:=",False,16783344,16783435,2,"xor eax, eax","xor eax, eax",31c0,cpu,xor,False,28,0,,,,,,,
16783431,"16,rsp,+=,63,$o,of,:=,63,$s,sf,:=,$z,zf,:=,63,$c,cf,:=,$p,pf,:=,3,$c,af,:=",False,16783344,16783433,4,"add rsp, 0x10","add rsp, 0x10",4883c410,cpu,add,False,17,0,,,16.0,,,,
16783435,"rsp,[8],8,rsp,+=,rbp,=",False,16783344,16783436,1,pop rbp,pop rbp,5d,cpu,pop,False,14,0,,,,,,,
16783436,"rsp,[8],rip,=,8,rsp,+=",False,16783344,16783436,1,ret,ret,c3,cpu,ret,False,5,0,,,,,,,
