offset,esil,refptr,fcn_addr,fcn_last,size,opcode,disasm,bytes,family,type,reloc,type_num,type2_num,flags,xrefs_to,val,jump,fail,xrefs_from,ptr
16783664,"rbp,8,rsp,-,=[8],8,rsp,-=",False,16783664,16783756,1,push rbp,push rbp,55,cpu,rpush,False,268435468,0,"['main', 'sym.main', 'dbg.main']","[{'addr': 16782749, 'type': 'DATA'}]",,,,,
16783665,"rsp,rbp,=",False,16783664,16783754,3,"mov rbp, rsp","mov rbp, rsp",4889e5,cpu,mov,False,9,0,,,,,,,
16783668,"16,rsp,-=,16,0x8000000000000000,-,!,63,$o,^,of,:=,63,$s,sf,:=,$z,zf,:=,$p,pf,:=,64,$b,cf,:=,3,$b,af,:=",False,16783664,16783753,4,"sub rsp, 0x10","sub rsp, 0x10",4883ec10,cpu,sub,False,18,0,,,16.0,,,,
16783672,"0x8,rsi,+,[8],rdi,=",True,16783664,16783753,4,"mov rdi, qword [rsi + 8]","mov rdi, qword [rsi + 8]",488b7e08,cpu,mov,False,9,0,,,,,,,
16783676,"eax,rax,^,0xffffffff,&,rax,=,$z,zf,:=,$p,pf,:=,31,$s,sf,:=,0,cf,:=,0,of,:=",False,16783664,16783755,2,"xor eax, eax","xor eax, eax",31c0,cpu,xor,False,28,0,,,,,,,
16783678,"eax,rsi,=",False,16783664,16783755,2,"mov esi, eax","mov esi, eax",89c6,cpu,mov,False,9,0,,,,,,,
16783680,"16783904,rip,8,rsp,-=,rsp,=[],rip,=",False,16783664,16783752,5,call 0x1001a20,call sym.imp.strtod,e8db000000,cpu,call,False,3,0,,,,16783904.0,16783685.0,"[{'addr': 16783904, 'type': 'CALL'}]",
16783685,,False,16783664,16783753,4,"cvtsd2ss xmm0, xmm0","cvtsd2ss xmm0, xmm0",f20f5ac0,sse,null,False,0,0,,,,,,,
16783689,,False,16783664,16783753,4,"cvttss2si edi, xmm0","cvttss2si edi, xmm0",f30f2cf8,sse,null,False,0,0,,,,,,,
16783693,"16782768,rip,8,rsp,-=,rsp,=[],rip,=",False,16783664,16783752,5,call 0x10015b0,call dbg.diagonal_addition,e85efcffff,cpu,call,False,3,0,,,,16782768.0,16783698.0,"[{'addr': 16782768, 'type': 'CALL'}]",
16783698,"eax,rcx,=",False,16783664,16783755,2,"mov ecx, eax","mov ecx, eax",89c1,cpu,mov,False,9,0,,,,,,,
16783700,"ecx,0x4,rbp,-,=[4]",True,16783664,16783754,3,"mov dword [rbp - 4], ecx","mov dword [number], ecx",894dfc,cpu,mov,False,268435465,0,,,,,,,
16783703,"0x14bf,rip,-,rdi,=",True,16783664,16783750,7,"lea rdi, [rip - 0x14bf]","lea rdi, str.You_loose",488d3d41ebffff,cpu,lea,False,33,0,,,,,,"[{'addr': 16778399, 'type': 'DATA'}]",16778399.0
16783710,"0x14cf,rip,-,rax,=",True,16783664,16783750,7,"lea rax, [rip - 0x14cf]","lea rax, str.You_win",488d0531ebffff,cpu,lea,False,33,0,,,,,,"[{'addr': 16778390, 'type': 'DATA'}]",16778390.0
16783717,"506328992,ecx,==,$z,zf,:=,32,$b,cf,:=,$p,pf,:=,31,$s,sf,:=,506328992,0x80000000,-,!,31,$o,^,of,:=,3,$b,af,:=",False,16783664,16783751,6,"cmp ecx, 0x1e2df7a0","cmp ecx, 0x1e2df7a0",81f9a0f72d1e,cpu,cmp,False,15,0,,,506328992.0,,,,506328992.0
16783723,"zf,?{,rax,rdi,=,}",False,16783664,16783753,4,"cmove rdi, rax","cmove rdi, rax",480f44f8,cpu,cmov,False,2147483657,0,,,,,,,
16783727,"16783920,rip,8,rsp,-=,rsp,=[],rip,=",False,16783664,16783752,5,call 0x1001a30,call sym.imp.puts,e8bc000000,cpu,call,False,3,0,,,,16783920.0,16783732.0,"[{'addr': 16783920, 'type': 'CALL'}]",
16783732,"0x4,rbp,-,[4],rsi,=",True,16783664,16783754,3,"mov esi, dword [rbp - 4]","mov esi, dword [number]",8b75fc,cpu,mov,False,9,0,,,,,,,
16783735,"0x14f6,rip,-,rdi,=",True,16783664,16783750,7,"lea rdi, [rip - 0x14f6]","lea rdi, [0x01000488]",488d3d0aebffff,cpu,lea,False,33,0,,,,,,"[{'addr': 16778376, 'type': 'DATA'}]",16778376.0
16783742,"0,al,=",False,16783664,16783755,2,"mov al, 0","mov al, 0",b000,cpu,mov,False,9,0,,,0.0,,,,
16783744,"16783936,rip,8,rsp,-=,rsp,=[],rip,=",False,16783664,16783752,5,call 0x1001a40,call sym.imp.printf,e8bb000000,cpu,call,False,3,0,,,,16783936.0,16783749.0,"[{'addr': 16783936, 'type': 'CALL'}]",
16783749,"eax,rax,^,0xffffffff,&,rax,=,$z,zf,:=,$p,pf,:=,31,$s,sf,:=,0,cf,:=,0,of,:=",False,16783664,16783755,2,"xor eax, eax","xor eax, eax",31c0,cpu,xor,False,28,0,,,,,,,
16783751,"16,rsp,+=,63,$o,of,:=,63,$s,sf,:=,$z,zf,:=,63,$c,cf,:=,$p,pf,:=,3,$c,af,:=",False,16783664,16783753,4,"add rsp, 0x10","add rsp, 0x10",4883c410,cpu,add,False,17,0,,,16.0,,,,
16783755,"rsp,[8],8,rsp,+=,rbp,=",False,16783664,16783756,1,pop rbp,pop rbp,5d,cpu,pop,False,14,0,,,,,,,
16783756,"rsp,[8],rip,=,8,rsp,+=",False,16783664,16783756,1,ret,ret,c3,cpu,ret,False,5,0,,,,,,,
