offset,esil,refptr,fcn_addr,fcn_last,size,opcode,disasm,bytes,family,type,reloc,type_num,type2_num,flags,xrefs_to,ptr,xrefs_from,jump,fail,val
16783760,"rbp,8,rsp,-,=[8],8,rsp,-=",False,16783760,16783861,1,push rbp,push rbp,55,cpu,rpush,False,268435468,0,"['sym.__libc_csu_init', 'dbg.__libc_csu_init']","[{'addr': 16782742, 'type': 'DATA'}]",,,,,
16783761,"rsp,rbp,=",False,16783760,16783859,3,"mov rbp, rsp","mov rbp, rsp",4889e5,cpu,mov,False,9,0,,,,,,,
16783764,"r15,8,rsp,-,=[8],8,rsp,-=",False,16783760,16783860,2,push r15,push r15,4157,cpu,rpush,False,268435468,0,,,,,,,
16783766,"r14,8,rsp,-,=[8],8,rsp,-=",False,16783760,16783860,2,push r14,push r14,4156,cpu,rpush,False,268435468,0,,,,,,,
16783768,"r13,8,rsp,-,=[8],8,rsp,-=",False,16783760,16783860,2,push r13,push r13,4155,cpu,rpush,False,268435468,0,,,,,,,
16783770,"r12,8,rsp,-,=[8],8,rsp,-=",False,16783760,16783860,2,push r12,push r12,4154,cpu,rpush,False,268435468,0,,,,,,,
16783772,"rbx,8,rsp,-,=[8],8,rsp,-=",False,16783760,16783861,1,push rbx,push rbx,53,cpu,rpush,False,268435468,0,,,,,,,
16783773,"rax,8,rsp,-,=[8],8,rsp,-=",False,16783760,16783861,1,push rax,push rax,50,cpu,rpush,False,268435468,0,,,,,,,
16783774,"0x19a5,rip,-,r12,=",True,16783760,16783855,7,"lea r12, [rip - 0x19a5]","lea r12, loc.__init_array_start",4c8d255be6ffff,cpu,lea,False,33,0,,,16777216.0,"[{'addr': 16777216, 'type': 'DATA'}]",,,
16783781,"0x19ac,rip,-,r13,=",True,16783760,16783855,7,"lea r13, [rip - 0x19ac]","lea r13, loc.__init_array_start",4c8d2d54e6ffff,cpu,lea,False,33,0,,,16777216.0,"[{'addr': 16777216, 'type': 'DATA'}]",,,
16783788,"r12,r13,-=,r12,0x8000000000000000,-,!,63,$o,^,of,:=,63,$s,sf,:=,$z,zf,:=,$p,pf,:=,64,$b,cf,:=,3,$b,af,:=",False,16783760,16783859,3,"sub r13, r12","sub r13, r12",4d29e5,cpu,sub,False,18,0,,,,,,,
16783791,"zf,?{,16783847,rip,=,}",False,16783760,16783860,2,je 0x10019e7,je 0x10019e7,7436,cpu,cjmp,False,2147483649,0,,,,,16783847.0,16783793.0,
16783793,"rdx,rbx,=",False,16783760,16783859,3,"mov rbx, rdx","mov rbx, rdx",4889d3,cpu,mov,False,9,0,,,,,,,
16783796,"rsi,r14,=",False,16783760,16783859,3,"mov r14, rsi","mov r14, rsi",4989f6,cpu,mov,False,9,0,,,,,,,
16783799,"edi,r15,=",False,16783760,16783859,3,"mov r15d, edi","mov r15d, edi",4189ff,cpu,mov,False,9,0,,,,,,,
16783802,"0,cf,:=,1,3,-,1,<<,r13,&,?{,1,cf,:=,},3,r13,>>>>,r13,=,$z,zf,:=,$p,pf,:=,63,$s,sf,:=",False,16783760,16783858,4,"sar r13, 3","sar r13, 3",49c1fd03,cpu,sar,False,25,0,,,,,,,
16783806,"1,r13,==,$z,zf,:=,64,$b,cf,:=,$p,pf,:=,63,$s,sf,:=,1,0x8000000000000000,-,!,63,$o,^,of,:=,3,$b,af,:=",False,16783760,16783858,4,"cmp r13, 1","cmp r13, 1",4983fd01,cpu,cmp,False,15,0,,,1.0,,,,1.0
16783810,"cf,0,+,r13,+=,63,$o,of,:=,63,$s,sf,:=,$z,zf,:=,63,$c,cf,:=,$p,pf,:=,3,$c,af,:=",False,16783760,16783858,4,"adc r13, 0","adc r13, 0",4983d500,cpu,add,False,17,0,,,,,,,
16783814,",",False,16783760,16783852,10,nop word cs:[rax + rax],nop word cs:[rax + rax],662e0f1f840000000000,cpu,nop,False,8,0,,,,,,,
16783824,"r15d,rdi,=",False,16783760,16783859,3,"mov edi, r15d","mov edi, r15d",4489ff,cpu,mov,False,9,0,,,,,,,
16783827,"r14,rsi,=",False,16783760,16783859,3,"mov rsi, r14","mov rsi, r14",4c89f6,cpu,mov,False,9,0,,,,,,,
16783830,"rbx,rdx,=",False,16783760,16783859,3,"mov rdx, rbx","mov rdx, rbx",4889da,cpu,mov,False,9,0,,,,,,,
16783833,"r12,[8],rip,8,rsp,-=,rsp,=[],rip,=",False,16783760,16783858,4,call qword [r12],call qword [r12],41ff1424,cpu,ircall,False,402653188,0,,,0.0,,,,
16783837,"8,r12,+=,63,$o,of,:=,63,$s,sf,:=,$z,zf,:=,63,$c,cf,:=,$p,pf,:=,3,$c,af,:=",False,16783760,16783858,4,"add r12, 8","add r12, 8",4983c408,cpu,add,False,17,0,,,,,,,8.0
16783841,"18446744073709551615,r13,+=,63,$o,of,:=,63,$s,sf,:=,$z,zf,:=,63,$c,cf,:=,$p,pf,:=,3,$c,af,:=",False,16783760,16783858,4,"add r13, 0xffffffffffffffff","add r13, 0xffffffffffffffff",4983c5ff,cpu,add,False,17,0,,,,,,,
16783845,"zf,!,?{,16783824,rip,=,}",False,16783760,16783860,2,jne 0x10019d0,jne 0x10019d0,75e9,cpu,cjmp,False,2147483649,0,,,,,16783824.0,16783847.0,
16783847,"8,rsp,+=,63,$o,of,:=,63,$s,sf,:=,$z,zf,:=,63,$c,cf,:=,$p,pf,:=,3,$c,af,:=",False,16783760,16783858,4,"add rsp, 8","add rsp, 8",4883c408,cpu,add,False,17,0,,,,,,,8.0
16783851,"rsp,[8],8,rsp,+=,rbx,=",False,16783760,16783861,1,pop rbx,pop rbx,5b,cpu,pop,False,14,0,,,,,,,
16783852,"rsp,[8],8,rsp,+=,r12,=",False,16783760,16783860,2,pop r12,pop r12,415c,cpu,pop,False,14,0,,,,,,,
16783854,"rsp,[8],8,rsp,+=,r13,=",False,16783760,16783860,2,pop r13,pop r13,415d,cpu,pop,False,14,0,,,,,,,
16783856,"rsp,[8],8,rsp,+=,r14,=",False,16783760,16783860,2,pop r14,pop r14,415e,cpu,pop,False,14,0,,,,,,,
16783858,"rsp,[8],8,rsp,+=,r15,=",False,16783760,16783860,2,pop r15,pop r15,415f,cpu,pop,False,14,0,,,,,,,
16783860,"rsp,[8],8,rsp,+=,rbp,=",False,16783760,16783861,1,pop rbp,pop rbp,5d,cpu,pop,False,14,0,,,,,,,
16783861,"rsp,[8],rip,=,8,rsp,+=",False,16783760,16783861,1,ret,ret,c3,cpu,ret,False,5,0,,,,,,,
