offset,esil,refptr,fcn_addr,fcn_last,size,opcode,disasm,bytes,family,type,reloc,type_num,type2_num,flags,xrefs_to,val,jump,fail,xrefs_from,ptr,comment
16784032,"rbp,8,rsp,-,=[8],8,rsp,-=",False,16784032,16784366,1,push rbp,push rbp,55,cpu,rpush,False,268435468,0,"['main', 'sym.main']","[{'addr': 16783005, 'type': 'DATA'}]",,,,,,
16784033,"rsp,rbp,=",False,16784032,16784364,3,"mov rbp, rsp","mov rbp, rsp",4889e5,cpu,mov,False,9,0,,,,,,,,
16784036,"80,rsp,-=,80,0x8000000000000000,-,!,63,$o,^,of,:=,63,$s,sf,:=,$z,zf,:=,$p,pf,:=,64,$b,cf,:=,3,$b,af,:=",False,16784032,16784363,4,"sub rsp, 0x50","sub rsp, 0x50",4883ec50,cpu,sub,False,18,0,,,80.0,,,,,
16784040,"edi,0x34,rbp,-,=[4]",True,16784032,16784364,3,"mov dword [rbp - 0x34], edi","mov dword [var_3ch], edi",897dcc,cpu,mov,False,268435465,0,,,,,,,,
16784043,"rsi,0x30,rbp,-,=[8]",True,16784032,16784363,4,"mov qword [rbp - 0x30], rsi","mov qword [var_38h], rsi",488975d0,cpu,mov,False,268435465,0,,,,,,,,
16784047,"32,edi,~,rdi,=",False,16784032,16784364,3,"movsxd rdi, edi","movsxd rdi, edi",4863ff,cpu,mov,False,9,0,,,,,,,,
16784050,"0,2,!,!,?{,1,2,-,rdi,<<,0x8000000000000000,&,!,!,^,},2,rdi,<<=,$z,zf,:=,$p,pf,:=,63,$s,sf,:=,cf,=",False,16784032,16784363,4,"shl rdi, 2","shl rdi, 2",48c1e702,cpu,shl,False,23,0,,,,,,,,
16784054,"18446744073709551615,rdi,+=,63,$o,of,:=,63,$s,sf,:=,$z,zf,:=,63,$c,cf,:=,$p,pf,:=,3,$c,af,:=",False,16784032,16784363,4,"add rdi, 0xffffffffffffffff","add rdi, 0xffffffffffffffff",4883c7ff,cpu,add,False,17,0,,,,,,,,
16784058,"16784512,rip,8,rsp,-=,rsp,=[],rip,=",False,16784032,16784362,5,call 0x1001c80,call sym.imp.malloc,e8c1010000,cpu,call,False,3,0,,,,16784512.0,16784063.0,"[{'addr': 16784512, 'type': 'CALL'}]",,
16784063,"rax,0x20,rbp,-,=[8]",True,16784032,16784363,4,"mov qword [rbp - 0x20], rax","mov qword [var_28h], rax",488945e0,cpu,mov,False,268435465,0,,,,,,,,
16784067,"0,0x24,rbp,-,=[4]",True,16784032,16784360,7,"mov dword [rbp - 0x24], 0","mov dword [var_2ch], 0",c745dc00000000,cpu,mov,False,268435465,0,,,0.0,,,,,
16784074,"0x24,rbp,-,[4],rax,=",True,16784032,16784364,3,"mov eax, dword [rbp - 0x24]","mov eax, dword [var_2ch]",8b45dc,cpu,mov,False,9,0,,"[{'addr': 16784109, 'type': 'CODE'}]",,,,,,
16784077,"rax,0x40,rbp,-,=[8]",True,16784032,16784363,4,"mov qword [rbp - 0x40], rax","mov qword [var_48h], rax",488945c0,cpu,mov,False,268435465,0,,,,,,,,
16784081,"5,rax,-=,5,0x8000000000000000,-,!,63,$o,^,of,:=,63,$s,sf,:=,$z,zf,:=,$p,pf,:=,64,$b,cf,:=,3,$b,af,:=",False,16784032,16784363,4,"sub rax, 5","sub rax, 5",4883e805,cpu,sub,False,18,0,,,5.0,,,,,
16784085,"cf,zf,|,!,?{,16784107,rip,=,}",False,16784032,16784365,2,ja 0x1001aeb,ja 0x1001aeb,7714,cpu,cjmp,False,2147483649,0,,,,16784107.0,16784087.0,,,
16784087,"0x40,rbp,-,[8],rax,=",True,16784032,16784363,4,"mov rax, qword [rbp - 0x40]","mov rax, qword [var_48h]",488b45c0,cpu,mov,False,9,0,,,,,,,,
16784091,"0x158a,rip,-,rcx,=",True,16784032,16784360,7,"lea rcx, [rip - 0x158a]","lea rcx, data.01000558",488d0d76eaffff,cpu,lea,False,33,0,,,,,,"[{'addr': 16778584, 'type': 'DATA'}]",16778584.0,
16784098,"32,rax,4,*,rcx,+,[4],~,rax,=",True,16784032,16784363,4,"movsxd rax, dword [rcx + rax*4]","movsxd rax, dword [rcx + rax*4]",48630481,cpu,mov,False,9,0,,,,,,,,
16784102,"rcx,rax,+=,63,$o,of,:=,63,$s,sf,:=,$z,zf,:=,63,$c,cf,:=,$p,pf,:=,3,$c,af,:=",False,16784032,16784364,3,"add rax, rcx","add rax, rcx",4801c8,cpu,add,False,17,0,,,,,,,,
16784105,"rax,rip,=",False,16784032,16784365,2,jmp rax,jmp rax,ffe0,cpu,rjmp,False,268435458,0,['switch.0x01001ae9'],,,,,"[{'addr': 16784111, 'type': 'CODE'}, {'addr': 16784134, 'type': 'CODE'}, {'addr': 16784170, 'type': 'CODE'}, {'addr': 16784196, 'type': 'CODE'}, {'addr': 16784218, 'type': 'CODE'}, {'addr': 16784293, 'type': 'CODE'}]",,c3dpdGNoIHRhYmxlICg2IGNhc2VzKSBhdCAweDEwMDA1NTg=
16784107,"0x1001aed,rip,=",False,16784032,16784365,2,jmp 0x1001aed,jmp 0x1001aed,eb00,cpu,jmp,False,1,0,,,,16784109.0,,"[{'addr': 16784109, 'type': 'CODE'}]",,
16784109,"0x1001aca,rip,=",False,16784032,16784365,2,jmp 0x1001aca,jmp 0x1001aca,ebdb,cpu,jmp,False,1,0,,"[{'addr': 16784107, 'type': 'CODE'}, {'addr': 16784132, 'type': 'CODE'}, {'addr': 16784168, 'type': 'CODE'}, {'addr': 16784194, 'type': 'CODE'}, {'addr': 16784288, 'type': 'CODE'}]",,16784074.0,,"[{'addr': 16784074, 'type': 'CODE'}]",,
16784111,"1,rax,=",False,16784032,16784362,5,"mov eax, 1","mov eax, 1",b801000000,cpu,mov,False,9,0,['case.0x1001ae9.0'],"[{'addr': 16784105, 'type': 'CODE'}]",1.0,,,,,
16784116,"3,rcx,=",False,16784032,16784362,5,"mov ecx, 3","mov ecx, 3",b903000000,cpu,mov,False,9,0,,,3.0,,,,,
16784121,"0,0x20,rbp,-,[8],==,$z,zf,:=,64,$b,cf,:=,$p,pf,:=,63,$s,sf,:=,0,0x8000000000000000,-,!,63,$o,^,of,:=,3,$b,af,:=",True,16784032,16784362,5,"cmp qword [rbp - 0x20], 0","cmp qword [var_28h], 0",48837de000,cpu,cmp,False,268435471,0,,,0.0,,,,,
16784126,"zf,?{,ecx,eax,=,}",False,16784032,16784364,3,"cmove eax, ecx","cmove eax, ecx",0f44c1,cpu,cmov,False,2147483657,0,,,,,,,,
16784129,"eax,0x24,rbp,-,=[4]",True,16784032,16784364,3,"mov dword [rbp - 0x24], eax","mov dword [var_2ch], eax",8945dc,cpu,mov,False,268435465,0,,,,,,,,
16784132,"0x1001aed,rip,=",False,16784032,16784365,2,jmp 0x1001aed,jmp 0x1001aed,ebe7,cpu,jmp,False,1,0,,,,16784109.0,,"[{'addr': 16784109, 'type': 'CODE'}]",,
16784134,"0x34,rbp,-,[4],rdx,=",True,16784032,16784364,3,"mov edx, dword [rbp - 0x34]","mov edx, dword [var_3ch]",8b55cc,cpu,mov,False,9,0,['case.0x1001ae9.1'],"[{'addr': 16784105, 'type': 'CODE'}]",,,,,,
16784137,"0x20,rbp,-,[8],rax,=",True,16784032,16784363,4,"mov rax, qword [rbp - 0x20]","mov rax, qword [var_28h]",488b45e0,cpu,mov,False,9,0,,,,,,,,
16784141,"18446744073709551612,rax,+=,63,$o,of,:=,63,$s,sf,:=,$z,zf,:=,63,$c,cf,:=,$p,pf,:=,3,$c,af,:=",False,16784032,16784363,4,"add rax, 0xfffffffffffffffc","add rax, 0xfffffffffffffffc",4883c0fc,cpu,add,False,17,0,,,1.8446744073709552e+19,,,,,
16784145,"rax,0x18,rbp,-,=[8]",True,16784032,16784363,4,"mov qword [rbp - 0x18], rax","mov qword [args], rax",488945e8,cpu,mov,False,268435465,0,,,,,,,,
16784149,"5,rax,=",False,16784032,16784362,5,"mov eax, 5","mov eax, 5",b805000000,cpu,mov,False,9,0,,,5.0,,,,,
16784154,"2,rcx,=",False,16784032,16784362,5,"mov ecx, 2","mov ecx, 2",b902000000,cpu,mov,False,9,0,,,2.0,,,,,
16784159,"1,edx,==,$z,zf,:=,32,$b,cf,:=,$p,pf,:=,31,$s,sf,:=,1,0x80000000,-,!,31,$o,^,of,:=,3,$b,af,:=",False,16784032,16784364,3,"cmp edx, 1","cmp edx, 1",83fa01,cpu,cmp,False,15,0,,,1.0,,,,1.0,
16784162,"zf,!,sf,of,^,!,&,?{,ecx,eax,=,}",False,16784032,16784364,3,"cmovg eax, ecx","cmovg eax, ecx",0f4fc1,cpu,cmov,False,2147483657,0,,,,,,,,
16784165,"eax,0x24,rbp,-,=[4]",True,16784032,16784364,3,"mov dword [rbp - 0x24], eax","mov dword [var_2ch], eax",8945dc,cpu,mov,False,268435465,0,,,,,,,,
16784168,"0x1001aed,rip,=",False,16784032,16784365,2,jmp 0x1001aed,jmp 0x1001aed,ebc3,cpu,jmp,False,1,0,,,,16784109.0,,"[{'addr': 16784109, 'type': 'CODE'}]",,
16784170,"0x34,rbp,-,[4],rax,=",True,16784032,16784364,3,"mov eax, dword [rbp - 0x34]","mov eax, dword [var_3ch]",8b45cc,cpu,mov,False,9,0,['case.0x1001ae9.2'],"[{'addr': 16784105, 'type': 'CODE'}]",,,,,,
16784173,"eax,rax,=",False,16784032,16784365,2,"mov eax, eax","mov eax, eax",89c0,cpu,mov,False,9,0,,,,,,,,
16784175,"rax,0x10,rbp,-,=[8]",True,16784032,16784363,4,"mov qword [rbp - 0x10], rax","mov qword [var_18h], rax",488945f0,cpu,mov,False,268435465,0,,,,,,,,
16784179,"4,0x24,rbp,-,=[4]",True,16784032,16784360,7,"mov dword [rbp - 0x24], 4","mov dword [var_2ch], 4",c745dc04000000,cpu,mov,False,268435465,0,,,4.0,,,,,
16784186,"1,0x8,rbp,-,=[8]",True,16784032,16784359,8,"mov qword [rbp - 8], 1","mov qword [s], 1",48c745f801000000,cpu,mov,False,268435465,0,,,1.0,,,,,
16784194,"0x1001aed,rip,=",False,16784032,16784365,2,jmp 0x1001aed,jmp 0x1001aed,eba9,cpu,jmp,False,1,0,,,,16784109.0,,"[{'addr': 16784109, 'type': 'CODE'}]",,
16784196,"0x15cd,rip,-,rdi,=",True,16784032,16784360,7,"lea rdi, [rip - 0x15cd]","lea rdi, str.Error_allocating_the_array.",488d3d33eaffff,cpu,lea,False,33,0,['case.0x1001ae9.3'],"[{'addr': 16784105, 'type': 'CODE'}]",,,,"[{'addr': 16778622, 'type': 'DATA'}]",16778622.0,
16784203,"16784528,rip,8,rsp,-=,rsp,=[],rip,=",False,16784032,16784362,5,call 0x1001c90,call sym.imp.puts,e840010000,cpu,call,False,3,0,,,,16784528.0,16784208.0,"[{'addr': 16784528, 'type': 'CALL'}]",,
16784208,"1,rdi,=",False,16784032,16784362,5,"mov edi, 1","mov edi, 1",bf01000000,cpu,mov,False,9,0,,,1.0,,,,,
16784213,"16784544,rip,8,rsp,-=,rsp,=[],rip,=",False,16784032,16784362,5,call 0x1001ca0,call sym.imp.exit,e846010000,cpu,call,False,3,0,,,,16784544.0,16784218.0,"[{'addr': 16784544, 'type': 'CALL'}]",,
16784218,"0x30,rbp,-,[8],rax,=",True,16784032,16784363,4,"mov rax, qword [rbp - 0x30]","mov rax, qword [var_38h]",488b45d0,cpu,mov,False,9,0,['case.0x1001ae9.4'],"[{'addr': 16784105, 'type': 'CODE'}]",,,,,,
16784222,"0x8,rbp,-,[8],rdx,=",True,16784032,16784363,4,"mov rdx, qword [rbp - 8]","mov rdx, qword [s]",488b55f8,cpu,mov,False,9,0,,,,,,,,
16784226,"rdx,0x48,rbp,-,=[8]",True,16784032,16784363,4,"mov qword [rbp - 0x48], rdx","mov qword [var_50h], rdx",488955b8,cpu,mov,False,268435465,0,,,,,,,,
16784230,"rdx,8,*,rax,+,[8],rdi,=",True,16784032,16784363,4,"mov rdi, qword [rax + rdx*8]","mov rdi, qword [rax + rdx*8]",488b3cd0,cpu,mov,False,9,0,,,,,,,,
16784234,"0,2,!,!,?{,1,2,-,rdx,<<,0x8000000000000000,&,!,!,^,},2,rdx,<<=,$z,zf,:=,$p,pf,:=,63,$s,sf,:=,cf,=",False,16784032,16784363,4,"shl rdx, 2","shl rdx, 2",48c1e202,cpu,shl,False,23,0,,,,,,,,
16784238,"0x18,rbp,-,[8],rdx,+=,63,$o,of,:=,63,$s,sf,:=,$z,zf,:=,63,$c,cf,:=,$p,pf,:=,3,$c,af,:=",True,16784032,16784363,4,"add rdx, qword [rbp - 0x18]","add rdx, qword [args]",480355e8,cpu,add,False,17,0,,,,,,,,
16784242,"0x15df,rip,-,rsi,=",True,16784032,16784360,7,"lea rsi, [rip - 0x15df]","lea rsi, data.0100059a",488d3521eaffff,cpu,lea,False,33,0,,,,,,"[{'addr': 16778650, 'type': 'DATA'}]",16778650.0,
16784249,"0,al,=",False,16784032,16784365,2,"mov al, 0","mov al, 0",b000,cpu,mov,False,9,0,,,0.0,,,,,
16784251,"16784560,rip,8,rsp,-=,rsp,=[],rip,=",False,16784032,16784362,5,call 0x1001cb0,call sym.imp.__isoc99_sscanf,e830010000,cpu,call,False,3,0,,,,16784560.0,16784256.0,"[{'addr': 16784560, 'type': 'CALL'}]",,
16784256,"0x48,rbp,-,[8],rax,=",True,16784032,16784363,4,"mov rax, qword [rbp - 0x48]","mov rax, qword [var_50h]",488b45b8,cpu,mov,False,9,0,,,,,,,,
16784260,"1,rax,+=,63,$o,of,:=,63,$s,sf,:=,$z,zf,:=,63,$c,cf,:=,$p,pf,:=,3,$c,af,:=",False,16784032,16784363,4,"add rax, 1","add rax, 1",4883c001,cpu,add,False,17,0,,,1.0,,,,,
16784264,"4,rcx,=",False,16784032,16784362,5,"mov ecx, 4","mov ecx, 4",b904000000,cpu,mov,False,9,0,,,4.0,,,,,
16784269,"5,rdx,=",False,16784032,16784362,5,"mov edx, 5","mov edx, 5",ba05000000,cpu,mov,False,9,0,,,5.0,,,,,
16784274,"0x10,rbp,-,[8],rax,==,$z,zf,:=,64,$b,cf,:=,$p,pf,:=,63,$s,sf,:=,0x10,rbp,-,[8],0x8000000000000000,-,!,63,$o,^,of,:=,3,$b,af,:=",True,16784032,16784363,4,"cmp rax, qword [rbp - 0x10]","cmp rax, qword [var_18h]",483b45f0,cpu,cmp,False,268435471,0,,,,,,,,
16784278,"zf,?{,edx,ecx,=,}",False,16784032,16784364,3,"cmove ecx, edx","cmove ecx, edx",0f44ca,cpu,cmov,False,2147483657,0,,,,,,,,
16784281,"ecx,0x24,rbp,-,=[4]",True,16784032,16784364,3,"mov dword [rbp - 0x24], ecx","mov dword [var_2ch], ecx",894ddc,cpu,mov,False,268435465,0,,,,,,,,
16784284,"rax,0x8,rbp,-,=[8]",True,16784032,16784363,4,"mov qword [rbp - 8], rax","mov qword [s], rax",488945f8,cpu,mov,False,268435465,0,,,,,,,,
16784288,"0x1001aed,rip,=",False,16784032,16784362,5,jmp 0x1001aed,jmp 0x1001aed,e948ffffff,cpu,jmp,False,1,0,,,,16784109.0,,"[{'addr': 16784109, 'type': 'CODE'}]",,
16784293,"0x34,rbp,-,[4],rsi,=",True,16784032,16784364,3,"mov esi, dword [rbp - 0x34]","mov esi, dword [var_3ch]",8b75cc,cpu,mov,False,9,0,['case.0x1001ae9.5'],"[{'addr': 16784105, 'type': 'CODE'}]",,,,,,
16784296,"18446744073709551615,esi,+=,31,$o,of,:=,31,$s,sf,:=,$z,zf,:=,31,$c,cf,:=,$p,pf,:=,3,$c,af,:=",False,16784032,16784364,3,"add esi, 0xffffffff","add esi, 0xffffffff",83c6ff,cpu,add,False,17,0,,,,,,,,
16784299,"0x20,rbp,-,[8],rdi,=",True,16784032,16784363,4,"mov rdi, qword [rbp - 0x20]","mov rdi, qword [var_28h]",488b7de0,cpu,mov,False,9,0,,,,,,,,
16784303,"16783024,rip,8,rsp,-=,rsp,=[],rip,=",False,16784032,16784362,5,call 0x10016b0,call sym.square_array,e8fcfaffff,cpu,call,False,3,0,,,,16783024.0,16784308.0,"[{'addr': 16783024, 'type': 'CALL'}]",,
16784308,"eax,rcx,=",False,16784032,16784365,2,"mov ecx, eax","mov ecx, eax",89c1,cpu,mov,False,9,0,,,,,,,,
16784310,"ecx,0x4c,rbp,-,=[4]",True,16784032,16784364,3,"mov dword [rbp - 0x4c], ecx","mov dword [var_54h], ecx",894db4,cpu,mov,False,268435465,0,,,,,,,,
16784313,"0x161a,rip,-,rdi,=",True,16784032,16784360,7,"lea rdi, [rip - 0x161a]","lea rdi, str.You_loose",488d3de6e9ffff,cpu,lea,False,33,0,,,,,,"[{'addr': 16778662, 'type': 'DATA'}]",16778662.0,
16784320,"0x162a,rip,-,rax,=",True,16784032,16784360,7,"lea rax, [rip - 0x162a]","lea rax, str.You_win",488d05d6e9ffff,cpu,lea,False,33,0,,,,,,"[{'addr': 16778653, 'type': 'DATA'}]",16778653.0,
16784327,"4010073836,ecx,==,$z,zf,:=,32,$b,cf,:=,$p,pf,:=,31,$s,sf,:=,4010073836,0x80000000,-,!,31,$o,^,of,:=,3,$b,af,:=",False,16784032,16784361,6,"cmp ecx, 0xef04deec","cmp ecx, 0xef04deec",81f9ecde04ef,cpu,cmp,False,15,0,,,4010073836.0,,,,4010073836.0,
16784333,"zf,?{,rax,rdi,=,}",False,16784032,16784363,4,"cmove rdi, rax","cmove rdi, rax",480f44f8,cpu,cmov,False,2147483657,0,,,,,,,,
16784337,"16784528,rip,8,rsp,-=,rsp,=[],rip,=",False,16784032,16784362,5,call 0x1001c90,call sym.imp.puts,e8ba000000,cpu,call,False,3,0,,,,16784528.0,16784342.0,"[{'addr': 16784528, 'type': 'CALL'}]",,
16784342,"0x4c,rbp,-,[4],rsi,=",True,16784032,16784364,3,"mov esi, dword [rbp - 0x4c]","mov esi, dword [var_54h]",8b75b4,cpu,mov,False,9,0,,,,,,,,
16784345,"0x1670,rip,-,rdi,=",True,16784032,16784360,7,"lea rdi, [rip - 0x1670]","lea rdi, str.Result:_0x_x",488d3d90e9ffff,cpu,lea,False,33,0,,,,,,"[{'addr': 16778608, 'type': 'DATA'}]",16778608.0,
16784352,"0,al,=",False,16784032,16784365,2,"mov al, 0","mov al, 0",b000,cpu,mov,False,9,0,,,0.0,,,,,
16784354,"16784576,rip,8,rsp,-=,rsp,=[],rip,=",False,16784032,16784362,5,call 0x1001cc0,call sym.imp.printf,e8d9000000,cpu,call,False,3,0,,,,16784576.0,16784359.0,"[{'addr': 16784576, 'type': 'CALL'}]",,
16784359,"eax,rax,^,0xffffffff,&,rax,=,$z,zf,:=,$p,pf,:=,31,$s,sf,:=,0,cf,:=,0,of,:=",False,16784032,16784365,2,"xor eax, eax","xor eax, eax",31c0,cpu,xor,False,28,0,,,,,,,,
16784361,"80,rsp,+=,63,$o,of,:=,63,$s,sf,:=,$z,zf,:=,63,$c,cf,:=,$p,pf,:=,3,$c,af,:=",False,16784032,16784363,4,"add rsp, 0x50","add rsp, 0x50",4883c450,cpu,add,False,17,0,,,80.0,,,,,
16784365,"rsp,[8],8,rsp,+=,rbp,=",False,16784032,16784366,1,pop rbp,pop rbp,5d,cpu,pop,False,14,0,,,,,,,,
16784366,"rsp,[8],rip,=,8,rsp,+=",False,16784032,16784366,1,ret,ret,c3,cpu,ret,False,5,0,,,,,,,,
