offset,esil,refptr,fcn_addr,fcn_last,size,opcode,disasm,bytes,family,type,reloc,type_num,type2_num,flags,xrefs_to,val,jump,xrefs_from,ptr,fail
16783776,"rbp,8,rsp,-,=[8],8,rsp,-=",False,16783776,16783986,1,push rbp,push rbp,55,cpu,rpush,False,268435468,0,['sym.analyze_pattern'],"[{'addr': 16782978, 'type': 'CALL'}, {'addr': 16783960, 'type': 'CALL'}]",,,,,
16783777,"rsp,rbp,=",False,16783776,16783984,3,"mov rbp, rsp","mov rbp, rsp",4889e5,cpu,mov,False,9,0,,,,,,,
16783780,"48,rsp,-=,48,0x8000000000000000,-,!,63,$o,^,of,:=,63,$s,sf,:=,$z,zf,:=,$p,pf,:=,64,$b,cf,:=,3,$b,af,:=",False,16783776,16783983,4,"sub rsp, 0x30","sub rsp, 0x30",4883ec30,cpu,sub,False,18,0,,,48.0,,,,
16783784,"eax,rax,^,0xffffffff,&,rax,=,$z,zf,:=,$p,pf,:=,31,$s,sf,:=,0,cf,:=,0,of,:=",False,16783776,16783985,2,"xor eax, eax","xor eax, eax",31c0,cpu,xor,False,28,0,,,,,,,
16783786,"eax,0x8,rbp,-,=[4]",True,16783776,16783984,3,"mov dword [rbp - 8], eax","mov dword [var_10h], eax",8945f8,cpu,mov,False,268435465,0,,,,,,,
16783789,"edi,0x4,rbp,-,=[4]",True,16783776,16783984,3,"mov dword [rbp - 4], edi","mov dword [var_ch], edi",897dfc,cpu,mov,False,268435465,0,,,,,,,
16783792,"0x10019b2,rip,=",False,16783776,16783985,2,jmp 0x10019b2,jmp 0x10019b2,eb00,cpu,jmp,False,1,0,,,,16783794.0,"[{'addr': 16783794, 'type': 'CODE'}]",,
16783794,"0x8,rbp,-,[4],rcx,=",True,16783776,16783984,3,"mov ecx, dword [rbp - 8]","mov ecx, dword [var_10h]",8b4df8,cpu,mov,False,9,0,,"[{'addr': 16783792, 'type': 'CODE'}, {'addr': 16783935, 'type': 'CODE'}]",,,,,
16783797,"0x4,rbp,-,[4],rax,=",True,16783776,16783984,3,"mov eax, dword [rbp - 4]","mov eax, dword [var_ch]",8b45fc,cpu,mov,False,9,0,,,,,,,
16783800,"eax,0x10,rbp,-,=[4]",True,16783776,16783984,3,"mov dword [rbp - 0x10], eax","mov dword [var_18h], eax",8945f0,cpu,mov,False,268435465,0,,,,,,,
16783803,"ecx,0xc,rbp,-,=[4]",True,16783776,16783984,3,"mov dword [rbp - 0xc], ecx","mov dword [var_14h], ecx",894df4,cpu,mov,False,268435465,0,,,,,,,
16783806,"1,eax,==,$z,zf,:=,32,$b,cf,:=,$p,pf,:=,31,$s,sf,:=,1,0x80000000,-,!,31,$o,^,of,:=,3,$b,af,:=",False,16783776,16783984,3,"cmp eax, 1","cmp eax, 1",83f801,cpu,cmp,False,15,0,,,1.0,,,1.0,
16783809,"of,sf,^,?{,16783897,rip,=,}",False,16783776,16783985,2,jl 0x1001a19,jl 0x1001a19,7c56,cpu,cjmp,False,2147483649,0,,,,16783897.0,,,16783811.0
16783811,"0x10,rbp,-,[4],rax,=",True,16783776,16783984,3,"mov eax, dword [rbp - 0x10]","mov eax, dword [var_18h]",8b45f0,cpu,mov,False,9,0,,,,,,,
16783814,"eax,rdx,=",False,16783776,16783985,2,"mov edx, eax","mov edx, eax",89c2,cpu,mov,False,9,0,,,,,,,
16783816,"1,rdx,&,0xffffffff,&,rdx,=,$z,zf,:=,$p,pf,:=,31,$s,sf,:=,0,cf,:=,0,of,:=",False,16783776,16783984,3,"and edx, 1","and edx, 1",83e201,cpu,and,False,27,0,,,1.0,,,,
16783819,"ecx,rcx,^,0xffffffff,&,rcx,=,$z,zf,:=,$p,pf,:=,31,$s,sf,:=,0,cf,:=,0,of,:=",False,16783776,16783985,2,"xor ecx, ecx","xor ecx, ecx",31c9,cpu,xor,False,28,0,,,,,,,
16783821,"0,edx,==,$z,zf,:=,32,$b,cf,:=,$p,pf,:=,31,$s,sf,:=,0,0x80000000,-,!,31,$o,^,of,:=,3,$b,af,:=",False,16783776,16783984,3,"cmp edx, 0","cmp edx, 0",83fa00,cpu,cmp,False,15,0,,,0.0,,,0.0,
16783824,"ecx,0x18,rbp,-,=[4]",True,16783776,16783984,3,"mov dword [rbp - 0x18], ecx","mov dword [var_20h], ecx",894de8,cpu,mov,False,268435465,0,,,,,,,
16783827,"eax,0x14,rbp,-,=[4]",True,16783776,16783984,3,"mov dword [rbp - 0x14], eax","mov dword [var_1ch], eax",8945ec,cpu,mov,False,268435465,0,,,,,,,
16783830,"zf,!,?{,16783860,rip,=,}",False,16783776,16783985,2,jne 0x10019f4,jne 0x10019f4,751c,cpu,cjmp,False,2147483649,0,,,,16783860.0,,,16783832.0
16783832,"0x14,rbp,-,[4],rdx,=",True,16783776,16783984,3,"mov edx, dword [rbp - 0x14]","mov edx, dword [var_1ch]",8b55ec,cpu,mov,False,9,0,,,,,,,
16783835,"0x18,rbp,-,[4],rsi,=",True,16783776,16783984,3,"mov esi, dword [rbp - 0x18]","mov esi, dword [var_20h]",8b75e8,cpu,mov,False,9,0,,,,,,,
16783838,"edx,rax,=",False,16783776,16783985,2,"mov eax, edx","mov eax, edx",89d0,cpu,mov,False,9,0,,,,,,,
16783840,"0,cf,:=,1,1,-,1,<<,eax,&,?{,1,cf,:=,},1,eax,>>,eax,=,$z,zf,:=,$p,pf,:=,31,$s,sf,:=",False,16783776,16783985,2,"shr eax, 1","shr eax, 1",d1e8,cpu,shr,False,22,0,,,1.0,,,,
16783842,"edx,rcx,=",False,16783776,16783985,2,"mov ecx, edx","mov ecx, edx",89d1,cpu,mov,False,9,0,,,,,,,
16783844,"esi,ecx,+=,31,$o,of,:=,31,$s,sf,:=,$z,zf,:=,31,$c,cf,:=,$p,pf,:=,3,$c,af,:=",False,16783776,16783985,2,"add ecx, esi","add ecx, esi",01f1,cpu,add,False,17,0,,,,,,,
16783846,"2,rdx,&,0xffffffff,&,rdx,=,$z,zf,:=,$p,pf,:=,31,$s,sf,:=,0,cf,:=,0,of,:=",False,16783776,16783984,3,"and edx, 2","and edx, 2",83e202,cpu,and,False,27,0,,,2.0,,,,
16783849,"0,edx,==,$z,zf,:=,32,$b,cf,:=,$p,pf,:=,31,$s,sf,:=,0,0x80000000,-,!,31,$o,^,of,:=,3,$b,af,:=",False,16783776,16783984,3,"cmp edx, 0","cmp edx, 0",83fa00,cpu,cmp,False,15,0,,,0.0,,,0.0,
16783852,"ecx,0x18,rbp,-,=[4]",True,16783776,16783984,3,"mov dword [rbp - 0x18], ecx","mov dword [var_20h], ecx",894de8,cpu,mov,False,268435465,0,,,,,,,
16783855,"eax,0x14,rbp,-,=[4]",True,16783776,16783984,3,"mov dword [rbp - 0x14], eax","mov dword [var_1ch], eax",8945ec,cpu,mov,False,268435465,0,,,,,,,
16783858,"zf,?{,16783832,rip,=,}",False,16783776,16783985,2,je 0x10019d8,je 0x10019d8,74e4,cpu,cjmp,False,2147483649,0,,,,16783832.0,,,16783860.0
16783860,"0x14,rbp,-,[4],rax,=",True,16783776,16783984,3,"mov eax, dword [rbp - 0x14]","mov eax, dword [var_1ch]",8b45ec,cpu,mov,False,9,0,,,,,,,
16783863,"0x18,rbp,-,[4],rcx,=",True,16783776,16783984,3,"mov ecx, dword [rbp - 0x18]","mov ecx, dword [var_20h]",8b4de8,cpu,mov,False,9,0,,,,,,,
16783866,"ecx,0x20,rbp,-,=[4]",True,16783776,16783984,3,"mov dword [rbp - 0x20], ecx","mov dword [var_28h], ecx",894de0,cpu,mov,False,268435465,0,,,,,,,
16783869,"eax,0x1c,rbp,-,=[4]",True,16783776,16783984,3,"mov dword [rbp - 0x1c], eax","mov dword [var_24h], eax",8945e4,cpu,mov,False,268435465,0,,,,,,,
16783872,"3,rcx,=",False,16783776,16783982,5,"mov ecx, 3","mov ecx, 3",b903000000,cpu,mov,False,9,0,,,3.0,,,,
16783877,"edx,rdx,^,0xffffffff,&,rdx,=,$z,zf,:=,$p,pf,:=,31,$s,sf,:=,0,cf,:=,0,of,:=",False,16783776,16783985,2,"xor edx, edx","xor edx, edx",31d2,cpu,xor,False,28,0,,,,,,,
16783879,"ecx,32,edx,<<,eax,+,%,ecx,32,edx,<<,eax,+,/,eax,=,edx,=",False,16783776,16783985,2,div ecx,div ecx,f7f1,cpu,div,False,21,0,,,,,,,
16783881,"0,edx,==,$z,zf,:=,32,$b,cf,:=,$p,pf,:=,31,$s,sf,:=,0,0x80000000,-,!,31,$o,^,of,:=,3,$b,af,:=",False,16783776,16783984,3,"cmp edx, 0","cmp edx, 0",83fa00,cpu,cmp,False,15,0,,,0.0,,,0.0,
16783884,"zf,?{,16783908,rip,=,}",False,16783776,16783985,2,je 0x1001a24,je 0x1001a24,7416,cpu,cjmp,False,2147483649,0,,,,16783908.0,,,16783886.0
16783886,"0x1001a44,rip,=",False,16783776,16783985,2,jmp 0x1001a44,jmp 0x1001a44,eb34,cpu,jmp,False,1,0,,,,16783940.0,"[{'addr': 16783940, 'type': 'CODE'}]",,
16783888,"0x24,rbp,-,[4],rax,=",True,16783776,16783984,3,"mov eax, dword [rbp - 0x24]","mov eax, dword [var_2ch]",8b45dc,cpu,mov,False,9,0,,"[{'addr': 16783906, 'type': 'CODE'}, {'addr': 16783985, 'type': 'CODE'}]",,,,,
16783891,"48,rsp,+=,63,$o,of,:=,63,$s,sf,:=,$z,zf,:=,63,$c,cf,:=,$p,pf,:=,3,$c,af,:=",False,16783776,16783983,4,"add rsp, 0x30","add rsp, 0x30",4883c430,cpu,add,False,17,0,,,48.0,,,,
16783895,"rsp,[8],8,rsp,+=,rbp,=",False,16783776,16783986,1,pop rbp,pop rbp,5d,cpu,pop,False,14,0,,,,,,,
16783896,"rsp,[8],rip,=,8,rsp,+=",False,16783776,16783986,1,ret,ret,c3,cpu,ret,False,5,0,,,,,,,
16783897,"0xc,rbp,-,[4],rax,=",True,16783776,16783984,3,"mov eax, dword [rbp - 0xc]","mov eax, dword [var_14h]",8b45f4,cpu,mov,False,9,0,,,,,,,
16783900,"0,eax,+=,31,$o,of,:=,31,$s,sf,:=,$z,zf,:=,31,$c,cf,:=,$p,pf,:=,3,$c,af,:=",False,16783776,16783984,3,"add eax, 0","add eax, 0",83c000,cpu,add,False,17,0,,,0.0,,,,
16783903,"eax,0x24,rbp,-,=[4]",True,16783776,16783984,3,"mov dword [rbp - 0x24], eax","mov dword [var_2ch], eax",8945dc,cpu,mov,False,268435465,0,,,,,,,
16783906,"0x1001a10,rip,=",False,16783776,16783985,2,jmp 0x1001a10,jmp 0x1001a10,ebec,cpu,jmp,False,1,0,,,,16783888.0,"[{'addr': 16783888, 'type': 'CODE'}]",,
16783908,"0xc,rbp,-,[4],rdx,=",True,16783776,16783984,3,"mov edx, dword [rbp - 0xc]","mov edx, dword [var_14h]",8b55f4,cpu,mov,False,9,0,,,,,,,
16783911,"0x20,rbp,-,[4],rsi,=",True,16783776,16783984,3,"mov esi, dword [rbp - 0x20]","mov esi, dword [var_28h]",8b75e0,cpu,mov,False,9,0,,,,,,,
16783914,"0x1c,rbp,-,[4],rcx,=",True,16783776,16783984,3,"mov ecx, dword [rbp - 0x1c]","mov ecx, dword [var_24h]",8b4de4,cpu,mov,False,9,0,,,,,,,
16783917,"ecx,rax,=",False,16783776,16783985,2,"mov eax, ecx","mov eax, ecx",89c8,cpu,mov,False,9,0,,,,,,,
16783919,"18446744073709551611,eax,+=,31,$o,of,:=,31,$s,sf,:=,$z,zf,:=,31,$c,cf,:=,$p,pf,:=,3,$c,af,:=",False,16783776,16783984,3,"add eax, 0xfffffffb","add eax, 0xfffffffb",83c0fb,cpu,add,False,17,0,,,1.8446744073709552e+19,,,,
16783922,"esi,ecx,+=,31,$o,of,:=,31,$s,sf,:=,$z,zf,:=,31,$c,cf,:=,$p,pf,:=,3,$c,af,:=",False,16783776,16783985,2,"add ecx, esi","add ecx, esi",01f1,cpu,add,False,17,0,,,,,,,
16783924,"18446744073709551613,ecx,+=,31,$o,of,:=,31,$s,sf,:=,$z,zf,:=,31,$c,cf,:=,$p,pf,:=,3,$c,af,:=",False,16783776,16783984,3,"add ecx, 0xfffffffd","add ecx, 0xfffffffd",83c1fd,cpu,add,False,17,0,,,1.8446744073709552e+19,,,,
16783927,"edx,ecx,+=,31,$o,of,:=,31,$s,sf,:=,$z,zf,:=,31,$c,cf,:=,$p,pf,:=,3,$c,af,:=",False,16783776,16783985,2,"add ecx, edx","add ecx, edx",01d1,cpu,add,False,17,0,,,,,,,
16783929,"ecx,0x8,rbp,-,=[4]",True,16783776,16783984,3,"mov dword [rbp - 8], ecx","mov dword [var_10h], ecx",894df8,cpu,mov,False,268435465,0,,,,,,,
16783932,"eax,0x4,rbp,-,=[4]",True,16783776,16783984,3,"mov dword [rbp - 4], eax","mov dword [var_ch], eax",8945fc,cpu,mov,False,268435465,0,,,,,,,
16783935,"0x10019b2,rip,=",False,16783776,16783982,5,jmp 0x10019b2,jmp 0x10019b2,e96effffff,cpu,jmp,False,1,0,,,,16783794.0,"[{'addr': 16783794, 'type': 'CODE'}]",,
16783940,"0x1c,rbp,-,[4],rdi,=",True,16783776,16783984,3,"mov edi, dword [rbp - 0x1c]","mov edi, dword [var_24h]",8b7de4,cpu,mov,False,9,0,,"[{'addr': 16783886, 'type': 'CODE'}]",,,,,
16783943,"7,rcx,=",False,16783776,16783982,5,"mov ecx, 7","mov ecx, 7",b907000000,cpu,mov,False,9,0,,,7.0,,,,
16783948,"edi,rax,=",False,16783776,16783985,2,"mov eax, edi","mov eax, edi",89f8,cpu,mov,False,9,0,,,,,,,
16783950,"edx,rdx,^,0xffffffff,&,rdx,=,$z,zf,:=,$p,pf,:=,31,$s,sf,:=,0,cf,:=,0,of,:=",False,16783776,16783985,2,"xor edx, edx","xor edx, edx",31d2,cpu,xor,False,28,0,,,,,,,
16783952,"ecx,32,edx,<<,eax,+,%,ecx,32,edx,<<,eax,+,/,eax,=,edx,=",False,16783776,16783985,2,div ecx,div ecx,f7f1,cpu,div,False,21,0,,,,,,,
16783954,"edx,0x28,rbp,-,=[4]",True,16783776,16783984,3,"mov dword [rbp - 0x28], edx","mov dword [var_30h], edx",8955d8,cpu,mov,False,268435465,0,,,,,,,
16783957,"18446744073709551615,edi,+=,31,$o,of,:=,31,$s,sf,:=,$z,zf,:=,31,$c,cf,:=,$p,pf,:=,3,$c,af,:=",False,16783776,16783984,3,"add edi, 0xffffffff","add edi, 0xffffffff",83c7ff,cpu,add,False,17,0,,,,,,,
16783960,"16783776,rip,8,rsp,-=,rsp,=[],rip,=",False,16783776,16783982,5,call 0x10019a0,call sym.analyze_pattern,e843ffffff,cpu,call,False,3,0,,,,16783776.0,"[{'addr': 16783776, 'type': 'CALL'}]",,16783965.0
16783965,"0x20,rbp,-,[4],rsi,=",True,16783776,16783984,3,"mov esi, dword [rbp - 0x20]","mov esi, dword [var_28h]",8b75e0,cpu,mov,False,9,0,,,,,,,
16783968,"0xc,rbp,-,[4],rcx,=",True,16783776,16783984,3,"mov ecx, dword [rbp - 0xc]","mov ecx, dword [var_14h]",8b4df4,cpu,mov,False,9,0,,,,,,,
16783971,"eax,rdx,=",False,16783776,16783985,2,"mov edx, eax","mov edx, eax",89c2,cpu,mov,False,9,0,,,,,,,
16783973,"0x28,rbp,-,[4],rax,=",True,16783776,16783984,3,"mov eax, dword [rbp - 0x28]","mov eax, dword [var_30h]",8b45d8,cpu,mov,False,9,0,,,,,,,
16783976,"esi,eax,+=,31,$o,of,:=,31,$s,sf,:=,$z,zf,:=,31,$c,cf,:=,$p,pf,:=,3,$c,af,:=",False,16783776,16783985,2,"add eax, esi","add eax, esi",01f0,cpu,add,False,17,0,,,,,,,
16783978,"edx,eax,+=,31,$o,of,:=,31,$s,sf,:=,$z,zf,:=,31,$c,cf,:=,$p,pf,:=,3,$c,af,:=",False,16783776,16783985,2,"add eax, edx","add eax, edx",01d0,cpu,add,False,17,0,,,,,,,
16783980,"ecx,eax,+=,31,$o,of,:=,31,$s,sf,:=,$z,zf,:=,31,$c,cf,:=,$p,pf,:=,3,$c,af,:=",False,16783776,16783985,2,"add eax, ecx","add eax, ecx",01c8,cpu,add,False,17,0,,,,,,,
16783982,"eax,0x24,rbp,-,=[4]",True,16783776,16783984,3,"mov dword [rbp - 0x24], eax","mov dword [var_2ch], eax",8945dc,cpu,mov,False,268435465,0,,,,,,,
16783985,"0x1001a10,rip,=",False,16783776,16783985,2,jmp 0x1001a10,jmp 0x1001a10,eb9d,cpu,jmp,False,1,0,,,,16783888.0,"[{'addr': 16783888, 'type': 'CODE'}]",,
