offset,esil,refptr,fcn_addr,fcn_last,size,opcode,disasm,bytes,family,type,reloc,type_num,type2_num,flags,xrefs_to,val,jump,fail,xrefs_from,ptr
16783328,"rbp,8,rsp,-,=[8],8,rsp,-=",False,16783328,16783473,1,push rbp,push rbp,55,cpu,rpush,False,268435468,0,"['main', 'sym.main', 'dbg.main']","[{'addr': 16782781, 'type': 'DATA'}]",,,,,
16783329,"rsp,rbp,=",False,16783328,16783471,3,"mov rbp, rsp","mov rbp, rsp",4889e5,cpu,mov,False,9,0,,,,,,,
16783332,"16,rsp,-=,16,0x8000000000000000,-,!,63,$o,^,of,:=,63,$s,sf,:=,$z,zf,:=,$p,pf,:=,64,$b,cf,:=,3,$b,af,:=",False,16783328,16783470,4,"sub rsp, 0x10","sub rsp, 0x10",4883ec10,cpu,sub,False,18,0,,,16.0,,,,
16783336,"0x8,rsi,+,[8],rdi,=",True,16783328,16783470,4,"mov rdi, qword [rsi + 8]","mov rdi, qword [rsi + 8]",488b7e08,cpu,mov,False,9,0,,,,,,,
16783340,"eax,rax,^,0xffffffff,&,rax,=,$z,zf,:=,$p,pf,:=,31,$s,sf,:=,0,cf,:=,0,of,:=",False,16783328,16783472,2,"xor eax, eax","xor eax, eax",31c0,cpu,xor,False,28,0,,,,,,,
16783342,"eax,rsi,=",False,16783328,16783472,2,"mov esi, eax","mov esi, eax",89c6,cpu,mov,False,9,0,,,,,,,
16783344,"16783632,rip,8,rsp,-=,rsp,=[],rip,=",False,16783328,16783469,5,call 0x1001910,call sym.imp.strtod,e81b010000,cpu,call,False,3,0,,,,16783632.0,16783349.0,"[{'addr': 16783632, 'type': 'CALL'}]",
16783349,,False,16783328,16783470,4,"cvtsd2ss xmm0, xmm0","cvtsd2ss xmm0, xmm0",f20f5ac0,sse,null,False,0,0,,,,,,,
16783353,"0x135d,rip,-,[4],xmm2,=",True,16783328,16783466,8,"movss xmm2, dword [rip - 0x135d]","movss xmm2, dword [data.010004a4]",f30f1015a3ecffff,sse,mov,False,9,0,,,,,,"[{'addr': 16778404, 'type': 'DATA'}]",16778404.0
16783361,"xmm0,xmm1,=",False,16783328,16783471,3,"movaps xmm1, xmm0","movaps xmm1, xmm0",0f28c8,sse,mov,False,9,0,,,,,,,
16783364,"xmm2,xmm1,*=",False,16783328,16783470,4,"mulss xmm1, xmm2","mulss xmm1, xmm2",f30f59ca,sse,mul,False,20,0,,,,,,,
16783368,,False,16783328,16783469,5,"cvttss2si rcx, xmm1","cvttss2si rcx, xmm1",f3480f2cc9,sse,null,False,0,0,,,,,,,
16783373,"0x22bc,rip,+,rax,=",True,16783328,16783467,7,"lea rax, [rip + 0x22bc]","lea rax, [obj.m]",488d05bc220000,cpu,lea,False,33,0,,,,,,"[{'addr': 16792272, 'type': 'DATA'}]",16792272.0
16783380,"rcx,rax,=[8]",True,16783328,16783471,3,"mov qword [rax], rcx","mov qword [rax], rcx",488908,cpu,mov,False,9,0,,,,,,,
16783383,"0x137f,rip,-,[4],xmm2,=",True,16783328,16783466,8,"movss xmm2, dword [rip - 0x137f]","movss xmm2, dword [data.010004a0]",f30f101581ecffff,sse,mov,False,9,0,,,,,,"[{'addr': 16778400, 'type': 'DATA'}]",16778400.0
16783391,"xmm0,xmm1,=",False,16783328,16783471,3,"movaps xmm1, xmm0","movaps xmm1, xmm0",0f28c8,sse,mov,False,9,0,,,,,,,
16783394,"xmm2,xmm1,*=",False,16783328,16783470,4,"mulss xmm1, xmm2","mulss xmm1, xmm2",f30f59ca,sse,mul,False,20,0,,,,,,,
16783398,,False,16783328,16783470,4,"cvttss2si eax, xmm1","cvttss2si eax, xmm1",f30f2cc1,sse,null,False,0,0,,,,,,,
16783402,,False,16783328,16783469,5,"cvttss2si rdi, xmm0","cvttss2si rdi, xmm0",f3480f2cf8,sse,null,False,0,0,,,,,,,
16783407,"32,eax,~,rsi,=",False,16783328,16783471,3,"movsxd rsi, eax","movsxd rsi, eax",4863f0,cpu,mov,False,9,0,,,,,,,
16783410,"16782800,rip,8,rsp,-=,rsp,=[],rip,=",False,16783328,16783469,5,call 0x10015d0,call dbg.modder,e899fdffff,cpu,call,False,3,0,,,,16782800.0,16783415.0,"[{'addr': 16782800, 'type': 'CALL'}]",
16783415,"eax,rcx,=",False,16783328,16783472,2,"mov ecx, eax","mov ecx, eax",89c1,cpu,mov,False,9,0,,,,,,,
16783417,"ecx,0x4,rbp,-,=[4]",True,16783328,16783471,3,"mov dword [rbp - 4], ecx","mov dword [number], ecx",894dfc,cpu,mov,False,268435465,0,,,,,,,
16783420,"0x1386,rip,-,rdi,=",True,16783328,16783467,7,"lea rdi, [rip - 0x1386]","lea rdi, str.You_loose",488d3d7aecffff,cpu,lea,False,33,0,,,,,,"[{'addr': 16778429, 'type': 'DATA'}]",16778429.0
16783427,"0x1396,rip,-,rax,=",True,16783328,16783467,7,"lea rax, [rip - 0x1396]","lea rax, str.You_win",488d056aecffff,cpu,lea,False,33,0,,,,,,"[{'addr': 16778420, 'type': 'DATA'}]",16778420.0
16783434,"3666437120,ecx,==,$z,zf,:=,32,$b,cf,:=,$p,pf,:=,31,$s,sf,:=,3666437120,0x80000000,-,!,31,$o,^,of,:=,3,$b,af,:=",False,16783328,16783468,6,"cmp ecx, 0xda896400","cmp ecx, 0xda896400",81f9006489da,cpu,cmp,False,15,0,,,3666437120.0,,,,3666437120.0
16783440,"zf,?{,rax,rdi,=,}",False,16783328,16783470,4,"cmove rdi, rax","cmove rdi, rax",480f44f8,cpu,cmov,False,2147483657,0,,,,,,,
16783444,"16783648,rip,8,rsp,-=,rsp,=[],rip,=",False,16783328,16783469,5,call 0x1001920,call sym.imp.puts,e8c7000000,cpu,call,False,3,0,,,,16783648.0,16783449.0,"[{'addr': 16783648, 'type': 'CALL'}]",
16783449,"0x4,rbp,-,[4],rsi,=",True,16783328,16783471,3,"mov esi, dword [rbp - 4]","mov esi, dword [number]",8b75fc,cpu,mov,False,9,0,,,,,,,
16783452,"0x13bb,rip,-,rdi,=",True,16783328,16783467,7,"lea rdi, [rip - 0x13bb]","lea rdi, [0x010004a8]",488d3d45ecffff,cpu,lea,False,33,0,,,,,,"[{'addr': 16778408, 'type': 'DATA'}]",16778408.0
16783459,"0,al,=",False,16783328,16783472,2,"mov al, 0","mov al, 0",b000,cpu,mov,False,9,0,,,0.0,,,,
16783461,"16783664,rip,8,rsp,-=,rsp,=[],rip,=",False,16783328,16783469,5,call 0x1001930,call sym.imp.printf,e8c6000000,cpu,call,False,3,0,,,,16783664.0,16783466.0,"[{'addr': 16783664, 'type': 'CALL'}]",
16783466,"eax,rax,^,0xffffffff,&,rax,=,$z,zf,:=,$p,pf,:=,31,$s,sf,:=,0,cf,:=,0,of,:=",False,16783328,16783472,2,"xor eax, eax","xor eax, eax",31c0,cpu,xor,False,28,0,,,,,,,
16783468,"16,rsp,+=,63,$o,of,:=,63,$s,sf,:=,$z,zf,:=,63,$c,cf,:=,$p,pf,:=,3,$c,af,:=",False,16783328,16783470,4,"add rsp, 0x10","add rsp, 0x10",4883c410,cpu,add,False,17,0,,,16.0,,,,
16783472,"rsp,[8],8,rsp,+=,rbp,=",False,16783328,16783473,1,pop rbp,pop rbp,5d,cpu,pop,False,14,0,,,,,,,
16783473,"rsp,[8],rip,=,8,rsp,+=",False,16783328,16783473,1,ret,ret,c3,cpu,ret,False,5,0,,,,,,,
