offset,esil,refptr,fcn_addr,fcn_last,size,opcode,disasm,bytes,family,type,reloc,type_num,type2_num,flags,comment,val,ptr,xrefs_from
16782752,"ebp,rbp,^,0xffffffff,&,rbp,=,$z,zf,:=,$p,pf,:=,31,$s,sf,:=,0,cf,:=,0,of,:=",False,16782752,16782792,2,"xor ebp, ebp","xor ebp, ebp",31ed,cpu,xor,False,28,0,"['entry0', 'section..text', 'segment.LOAD1', 'sym._start']",WzEzXSAtci14IHNlY3Rpb24gc2l6ZSA4NTQgbmFtZWQgLnRleHQ=,,,
16782754,"rdx,r9,=",False,16782752,16782791,3,"mov r9, rdx","mov r9, rdx",4989d1,cpu,mov,False,9,0,,,,,
16782757,"rsp,[8],8,rsp,+=,rsi,=",False,16782752,16782793,1,pop rsi,pop rsi,5e,cpu,pop,False,14,0,,,,,
16782758,"rsp,rdx,=",False,16782752,16782791,3,"mov rdx, rsp","mov rdx, rsp",4889e2,cpu,mov,False,9,0,,,,,
16782761,"18446744073709551600,rsp,&=,$z,zf,:=,$p,pf,:=,63,$s,sf,:=,0,cf,:=,0,of,:=",False,16782752,16782790,4,"and rsp, 0xfffffffffffffff0","and rsp, 0xfffffffffffffff0",4883e4f0,cpu,and,False,27,0,,,1.8446744073709552e+19,,
16782765,"rax,8,rsp,-,=[8],8,rsp,-=",False,16782752,16782793,1,push rax,push rax,50,cpu,rpush,False,268435468,0,,,,,
16782766,"rsp,8,rsp,-,=[8],8,rsp,-=",False,16782752,16782793,1,push rsp,push rsp,54,cpu,rpush,False,268435468,0,,,,,
16782767,"0x33a,rip,+,r8,=",True,16782752,16782787,7,"lea r8, [rip + 0x33a]","lea r8, [dbg.__libc_csu_fini]",4c8d053a030000,cpu,lea,False,33,0,,,,16783600.0,"[{'addr': 16783600, 'type': 'DATA'}]"
16782774,"0x2c3,rip,+,rcx,=",True,16782752,16782787,7,"lea rcx, [rip + 0x2c3]","lea rcx, [dbg.__libc_csu_init]",488d0dc3020000,cpu,lea,False,33,0,,,,16783488.0,"[{'addr': 16783488, 'type': 'DATA'}]"
16782781,"0x21c,rip,+,rdi,=",True,16782752,16782787,7,"lea rdi, [rip + 0x21c]","lea rdi, [dbg.main]",488d3d1c020000,cpu,lea,False,33,0,,,,16783328.0,"[{'addr': 16783328, 'type': 'DATA'}]"
16782788,"0x14c6,rip,+,[8],rip,8,rsp,-=,rsp,=[],rip,=",True,16782752,16782788,6,call qword [rip + 0x14c6],call qword [reloc.__libc_start_main],ff15c6140000,cpu,ircall,False,402653188,0,,,,16788112.0,"[{'addr': 16788112, 'type': 'CALL'}]"
