offset,esil,refptr,fcn_addr,fcn_last,size,opcode,disasm,bytes,family,type,reloc,type_num,type2_num,flags,xrefs_to,ptr,xrefs_from,jump,fail,val
16783248,"rbp,8,rsp,-,=[8],8,rsp,-=",False,16783248,16783349,1,push rbp,push rbp,55,cpu,rpush,False,268435468,0,"['sym.__libc_csu_init', 'dbg.__libc_csu_init']","[{'addr': 16782934, 'type': 'DATA'}]",,,,,
16783249,"rsp,rbp,=",False,16783248,16783347,3,"mov rbp, rsp","mov rbp, rsp",4889e5,cpu,mov,False,9,0,,,,,,,
16783252,"r15,8,rsp,-,=[8],8,rsp,-=",False,16783248,16783348,2,push r15,push r15,4157,cpu,rpush,False,268435468,0,,,,,,,
16783254,"r14,8,rsp,-,=[8],8,rsp,-=",False,16783248,16783348,2,push r14,push r14,4156,cpu,rpush,False,268435468,0,,,,,,,
16783256,"r13,8,rsp,-,=[8],8,rsp,-=",False,16783248,16783348,2,push r13,push r13,4155,cpu,rpush,False,268435468,0,,,,,,,
16783258,"r12,8,rsp,-,=[8],8,rsp,-=",False,16783248,16783348,2,push r12,push r12,4154,cpu,rpush,False,268435468,0,,,,,,,
16783260,"rbx,8,rsp,-,=[8],8,rsp,-=",False,16783248,16783349,1,push rbx,push rbx,53,cpu,rpush,False,268435468,0,,,,,,,
16783261,"rax,8,rsp,-,=[8],8,rsp,-=",False,16783248,16783349,1,push rax,push rax,50,cpu,rpush,False,268435468,0,,,,,,,
16783262,"0x17a5,rip,-,r12,=",True,16783248,16783343,7,"lea r12, [rip - 0x17a5]","lea r12, loc.__init_array_start",4c8d255be8ffff,cpu,lea,False,33,0,,,16777216.0,"[{'addr': 16777216, 'type': 'DATA'}]",,,
16783269,"0x17ac,rip,-,r13,=",True,16783248,16783343,7,"lea r13, [rip - 0x17ac]","lea r13, loc.__init_array_start",4c8d2d54e8ffff,cpu,lea,False,33,0,,,16777216.0,"[{'addr': 16777216, 'type': 'DATA'}]",,,
16783276,"r12,r13,-=,r12,0x8000000000000000,-,!,63,$o,^,of,:=,63,$s,sf,:=,$z,zf,:=,$p,pf,:=,64,$b,cf,:=,3,$b,af,:=",False,16783248,16783347,3,"sub r13, r12","sub r13, r12",4d29e5,cpu,sub,False,18,0,,,,,,,
16783279,"zf,?{,16783335,rip,=,}",False,16783248,16783348,2,je 0x10017e7,je 0x10017e7,7436,cpu,cjmp,False,2147483649,0,,,,,16783335.0,16783281.0,
16783281,"rdx,rbx,=",False,16783248,16783347,3,"mov rbx, rdx","mov rbx, rdx",4889d3,cpu,mov,False,9,0,,,,,,,
16783284,"rsi,r14,=",False,16783248,16783347,3,"mov r14, rsi","mov r14, rsi",4989f6,cpu,mov,False,9,0,,,,,,,
16783287,"edi,r15,=",False,16783248,16783347,3,"mov r15d, edi","mov r15d, edi",4189ff,cpu,mov,False,9,0,,,,,,,
16783290,"0,cf,:=,1,3,-,1,<<,r13,&,?{,1,cf,:=,},3,r13,>>>>,r13,=,$z,zf,:=,$p,pf,:=,63,$s,sf,:=",False,16783248,16783346,4,"sar r13, 3","sar r13, 3",49c1fd03,cpu,sar,False,25,0,,,,,,,
16783294,"1,r13,==,$z,zf,:=,64,$b,cf,:=,$p,pf,:=,63,$s,sf,:=,1,0x8000000000000000,-,!,63,$o,^,of,:=,3,$b,af,:=",False,16783248,16783346,4,"cmp r13, 1","cmp r13, 1",4983fd01,cpu,cmp,False,15,0,,,1.0,,,,1.0
16783298,"cf,0,+,r13,+=,63,$o,of,:=,63,$s,sf,:=,$z,zf,:=,63,$c,cf,:=,$p,pf,:=,3,$c,af,:=",False,16783248,16783346,4,"adc r13, 0","adc r13, 0",4983d500,cpu,add,False,17,0,,,,,,,
16783302,",",False,16783248,16783340,10,nop word cs:[rax + rax],nop word cs:[rax + rax],662e0f1f840000000000,cpu,nop,False,8,0,,,,,,,
16783312,"r15d,rdi,=",False,16783248,16783347,3,"mov edi, r15d","mov edi, r15d",4489ff,cpu,mov,False,9,0,,,,,,,
16783315,"r14,rsi,=",False,16783248,16783347,3,"mov rsi, r14","mov rsi, r14",4c89f6,cpu,mov,False,9,0,,,,,,,
16783318,"rbx,rdx,=",False,16783248,16783347,3,"mov rdx, rbx","mov rdx, rbx",4889da,cpu,mov,False,9,0,,,,,,,
16783321,"r12,[8],rip,8,rsp,-=,rsp,=[],rip,=",False,16783248,16783346,4,call qword [r12],call qword [r12],41ff1424,cpu,ircall,False,402653188,0,,,0.0,,,,
16783325,"8,r12,+=,63,$o,of,:=,63,$s,sf,:=,$z,zf,:=,63,$c,cf,:=,$p,pf,:=,3,$c,af,:=",False,16783248,16783346,4,"add r12, 8","add r12, 8",4983c408,cpu,add,False,17,0,,,,,,,8.0
16783329,"18446744073709551615,r13,+=,63,$o,of,:=,63,$s,sf,:=,$z,zf,:=,63,$c,cf,:=,$p,pf,:=,3,$c,af,:=",False,16783248,16783346,4,"add r13, 0xffffffffffffffff","add r13, 0xffffffffffffffff",4983c5ff,cpu,add,False,17,0,,,,,,,
16783333,"zf,!,?{,16783312,rip,=,}",False,16783248,16783348,2,jne 0x10017d0,jne 0x10017d0,75e9,cpu,cjmp,False,2147483649,0,,,,,16783312.0,16783335.0,
16783335,"8,rsp,+=,63,$o,of,:=,63,$s,sf,:=,$z,zf,:=,63,$c,cf,:=,$p,pf,:=,3,$c,af,:=",False,16783248,16783346,4,"add rsp, 8","add rsp, 8",4883c408,cpu,add,False,17,0,,,,,,,8.0
16783339,"rsp,[8],8,rsp,+=,rbx,=",False,16783248,16783349,1,pop rbx,pop rbx,5b,cpu,pop,False,14,0,,,,,,,
16783340,"rsp,[8],8,rsp,+=,r12,=",False,16783248,16783348,2,pop r12,pop r12,415c,cpu,pop,False,14,0,,,,,,,
16783342,"rsp,[8],8,rsp,+=,r13,=",False,16783248,16783348,2,pop r13,pop r13,415d,cpu,pop,False,14,0,,,,,,,
16783344,"rsp,[8],8,rsp,+=,r14,=",False,16783248,16783348,2,pop r14,pop r14,415e,cpu,pop,False,14,0,,,,,,,
16783346,"rsp,[8],8,rsp,+=,r15,=",False,16783248,16783348,2,pop r15,pop r15,415f,cpu,pop,False,14,0,,,,,,,
16783348,"rsp,[8],8,rsp,+=,rbp,=",False,16783248,16783349,1,pop rbp,pop rbp,5d,cpu,pop,False,14,0,,,,,,,
16783349,"rsp,[8],rip,=,8,rsp,+=",False,16783248,16783349,1,ret,ret,c3,cpu,ret,False,5,0,,,,,,,
