offset,esil,refptr,fcn_addr,fcn_last,size,opcode,disasm,bytes,family,type,reloc,type_num,type2_num,flags,xrefs_to,val,jump,fail,xrefs_from,ptr
16783152,"rbp,8,rsp,-,=[8],8,rsp,-=",False,16783152,16783244,1,push rbp,push rbp,55,cpu,rpush,False,268435468,0,"['main', 'sym.main']","[{'addr': 16782941, 'type': 'DATA'}]",,,,,
16783153,"rsp,rbp,=",False,16783152,16783242,3,"mov rbp, rsp","mov rbp, rsp",4889e5,cpu,mov,False,9,0,,,,,,,
16783156,"16,rsp,-=,16,0x8000000000000000,-,!,63,$o,^,of,:=,63,$s,sf,:=,$z,zf,:=,$p,pf,:=,64,$b,cf,:=,3,$b,af,:=",False,16783152,16783241,4,"sub rsp, 0x10","sub rsp, 0x10",4883ec10,cpu,sub,False,18,0,,,16.0,,,,
16783160,"0x8,rsi,+,[8],rdi,=",True,16783152,16783241,4,"mov rdi, qword [rsi + 8]","mov rdi, qword [rsi + 8]",488b7e08,cpu,mov,False,9,0,,,,,,,
16783164,"eax,rax,^,0xffffffff,&,rax,=,$z,zf,:=,$p,pf,:=,31,$s,sf,:=,0,cf,:=,0,of,:=",False,16783152,16783243,2,"xor eax, eax","xor eax, eax",31c0,cpu,xor,False,28,0,,,,,,,
16783166,"eax,rsi,=",False,16783152,16783243,2,"mov esi, eax","mov esi, eax",89c6,cpu,mov,False,9,0,,,,,,,
16783168,"16783440,rip,8,rsp,-=,rsp,=[],rip,=",False,16783152,16783240,5,call 0x1001850,call sym.imp.strtod,e80b010000,cpu,call,False,3,0,,,,16783440.0,16783173.0,"[{'addr': 16783440, 'type': 'CALL'}]",
16783173,,False,16783152,16783241,4,"cvtsd2ss xmm0, xmm0","cvtsd2ss xmm0, xmm0",f20f5ac0,sse,null,False,0,0,,,,,,,
16783177,,False,16783152,16783241,4,"cvttss2si edi, xmm0","cvttss2si edi, xmm0",f30f2cf8,sse,null,False,0,0,,,,,,,
16783181,"16782960,rip,8,rsp,-=,rsp,=[],rip,=",False,16783152,16783240,5,call 0x1001670,call sym.automorphic,e81effffff,cpu,call,False,3,0,,,,16782960.0,16783186.0,"[{'addr': 16782960, 'type': 'CALL'}]",
16783186,"eax,rcx,=",False,16783152,16783243,2,"mov ecx, eax","mov ecx, eax",89c1,cpu,mov,False,9,0,,,,,,,
16783188,"ecx,0x4,rbp,-,=[4]",True,16783152,16783242,3,"mov dword [rbp - 4], ecx","mov dword [var_ch], ecx",894dfc,cpu,mov,False,268435465,0,,,,,,,
16783191,"0x11f4,rip,-,rdi,=",True,16783152,16783238,7,"lea rdi, [rip - 0x11f4]","lea rdi, str.You_loose",488d3d0ceeffff,cpu,lea,False,33,0,,,,,,"[{'addr': 16778602, 'type': 'DATA'}]",16778602.0
16783198,"0x1204,rip,-,rax,=",True,16783152,16783238,7,"lea rax, [rip - 0x1204]","lea rax, str.You_win",488d05fcedffff,cpu,lea,False,33,0,,,,,,"[{'addr': 16778593, 'type': 'DATA'}]",16778593.0
16783205,"721,ecx,==,$z,zf,:=,32,$b,cf,:=,$p,pf,:=,31,$s,sf,:=,721,0x80000000,-,!,31,$o,^,of,:=,3,$b,af,:=",False,16783152,16783239,6,"cmp ecx, 0x2d1","cmp ecx, 0x2d1",81f9d1020000,cpu,cmp,False,15,0,,,721.0,,,,721.0
16783211,"zf,?{,rax,rdi,=,}",False,16783152,16783241,4,"cmove rdi, rax","cmove rdi, rax",480f44f8,cpu,cmov,False,2147483657,0,,,,,,,
16783215,"16783424,rip,8,rsp,-=,rsp,=[],rip,=",False,16783152,16783240,5,call 0x1001840,call sym.imp.puts,e8cc000000,cpu,call,False,3,0,,,,16783424.0,16783220.0,"[{'addr': 16783424, 'type': 'CALL'}]",
16783220,"0x4,rbp,-,[4],rsi,=",True,16783152,16783242,3,"mov esi, dword [rbp - 4]","mov esi, dword [var_ch]",8b75fc,cpu,mov,False,9,0,,,,,,,
16783223,"0x123a,rip,-,rdi,=",True,16783152,16783238,7,"lea rdi, [rip - 0x123a]","lea rdi, str.Hash:_0x_x",488d3dc6edffff,cpu,lea,False,33,0,,,,,,"[{'addr': 16778564, 'type': 'DATA'}]",16778564.0
16783230,"0,al,=",False,16783152,16783243,2,"mov al, 0","mov al, 0",b000,cpu,mov,False,9,0,,,0.0,,,,
16783232,"16783456,rip,8,rsp,-=,rsp,=[],rip,=",False,16783152,16783240,5,call 0x1001860,call sym.imp.printf,e8db000000,cpu,call,False,3,0,,,,16783456.0,16783237.0,"[{'addr': 16783456, 'type': 'CALL'}]",
16783237,"eax,rax,^,0xffffffff,&,rax,=,$z,zf,:=,$p,pf,:=,31,$s,sf,:=,0,cf,:=,0,of,:=",False,16783152,16783243,2,"xor eax, eax","xor eax, eax",31c0,cpu,xor,False,28,0,,,,,,,
16783239,"16,rsp,+=,63,$o,of,:=,63,$s,sf,:=,$z,zf,:=,63,$c,cf,:=,$p,pf,:=,3,$c,af,:=",False,16783152,16783241,4,"add rsp, 0x10","add rsp, 0x10",4883c410,cpu,add,False,17,0,,,16.0,,,,
16783243,"rsp,[8],8,rsp,+=,rbp,=",False,16783152,16783244,1,pop rbp,pop rbp,5d,cpu,pop,False,14,0,,,,,,,
16783244,"rsp,[8],rip,=,8,rsp,+=",False,16783152,16783244,1,ret,ret,c3,cpu,ret,False,5,0,,,,,,,
