offset,esil,refptr,fcn_addr,fcn_last,size,opcode,disasm,bytes,family,type,reloc,type_num,type2_num,flags,xrefs_to,val,jump,fail,ptr,xrefs_from,comment
16783312,"rbp,8,rsp,-,=[8],8,rsp,-=",False,16783312,16783582,1,push rbp,push rbp,55,cpu,rpush,False,268435468,0,"['main', 'sym.main']","[{'addr': 16783293, 'type': 'DATA'}]",,,,,,
16783313,"rsp,rbp,=",False,16783312,16783580,3,"mov rbp, rsp","mov rbp, rsp",4889e5,cpu,mov,False,9,0,,,,,,,,
16783316,"32,rsp,-=,32,0x8000000000000000,-,!,63,$o,^,of,:=,63,$s,sf,:=,$z,zf,:=,$p,pf,:=,64,$b,cf,:=,3,$b,af,:=",False,16783312,16783579,4,"sub rsp, 0x20","sub rsp, 0x20",4883ec20,cpu,sub,False,18,0,,,32.0,,,,,
16783320,"edi,0x14,rbp,-,=[4]",True,16783312,16783580,3,"mov dword [rbp - 0x14], edi","mov dword [var_1ch], edi",897dec,cpu,mov,False,268435465,0,,,,,,,,
16783323,"rsi,0x10,rbp,-,=[8]",True,16783312,16783579,4,"mov qword [rbp - 0x10], rsi","mov qword [endptr], rsi",488975f0,cpu,mov,False,268435465,0,,,,,,,,
16783327,"0,0x8,rbp,-,=[4]",True,16783312,16783576,7,"mov dword [rbp - 8], 0","mov dword [var_10h], 0",c745f800000000,cpu,mov,False,268435465,0,,,0.0,,,,,
16783334,"0x8,rbp,-,[4],rax,=",True,16783312,16783580,3,"mov eax, dword [rbp - 8]","mov eax, dword [var_10h]",8b45f8,cpu,mov,False,9,0,,"[{'addr': 16783369, 'type': 'CODE'}]",,,,,,
16783337,"rax,0x20,rbp,-,=[8]",True,16783312,16783579,4,"mov qword [rbp - 0x20], rax","mov qword [var_28h], rax",488945e0,cpu,mov,False,268435465,0,,,,,,,,
16783341,"6,rax,-=,6,0x8000000000000000,-,!,63,$o,^,of,:=,63,$s,sf,:=,$z,zf,:=,$p,pf,:=,64,$b,cf,:=,3,$b,af,:=",False,16783312,16783579,4,"sub rax, 6","sub rax, 6",4883e806,cpu,sub,False,18,0,,,6.0,,,,,
16783345,"cf,zf,|,!,?{,16783367,rip,=,}",False,16783312,16783581,2,ja 0x1001807,ja 0x1001807,7714,cpu,cjmp,False,2147483649,0,,,,16783367.0,16783347.0,,,
16783347,"0x20,rbp,-,[8],rax,=",True,16783312,16783579,4,"mov rax, qword [rbp - 0x20]","mov rax, qword [var_28h]",488b45e0,cpu,mov,False,9,0,,,,,,,,
16783351,"0x1382,rip,-,rcx,=",True,16783312,16783576,7,"lea rcx, [rip - 0x1382]","lea rcx, data.0100047c",488d0d7eecffff,cpu,lea,False,33,0,,,,,,16778364.0,"[{'addr': 16778364, 'type': 'DATA'}]",
16783358,"32,rax,4,*,rcx,+,[4],~,rax,=",True,16783312,16783579,4,"movsxd rax, dword [rcx + rax*4]","movsxd rax, dword [rcx + rax*4]",48630481,cpu,mov,False,9,0,,,,,,,,
16783362,"rcx,rax,+=,63,$o,of,:=,63,$s,sf,:=,$z,zf,:=,63,$c,cf,:=,$p,pf,:=,3,$c,af,:=",False,16783312,16783580,3,"add rax, rcx","add rax, rcx",4801c8,cpu,add,False,17,0,,,,,,,,
16783365,"rax,rip,=",False,16783312,16783581,2,jmp rax,jmp rax,ffe0,cpu,rjmp,False,268435458,0,['switch.0x01001805'],,,,,,"[{'addr': 16783371, 'type': 'CODE'}, {'addr': 16783395, 'type': 'CODE'}, {'addr': 16783432, 'type': 'CODE'}, {'addr': 16783477, 'type': 'CODE'}, {'addr': 16783486, 'type': 'CODE'}, {'addr': 16783534, 'type': 'CODE'}, {'addr': 16783574, 'type': 'CODE'}]",c3dpdGNoIHRhYmxlICg3IGNhc2VzKSBhdCAweDEwMDA0N2M=
16783367,"0x1001809,rip,=",False,16783312,16783581,2,jmp 0x1001809,jmp 0x1001809,eb00,cpu,jmp,False,1,0,,,,16783369.0,,,"[{'addr': 16783369, 'type': 'CODE'}]",
16783369,"0x10017e6,rip,=",False,16783312,16783581,2,jmp 0x10017e6,jmp 0x10017e6,ebdb,cpu,jmp,False,1,0,,"[{'addr': 16783367, 'type': 'CODE'}, {'addr': 16783393, 'type': 'CODE'}, {'addr': 16783430, 'type': 'CODE'}, {'addr': 16783475, 'type': 'CODE'}, {'addr': 16783529, 'type': 'CODE'}, {'addr': 16783569, 'type': 'CODE'}]",,16783334.0,,,"[{'addr': 16783334, 'type': 'CODE'}]",
16783371,"0x14,rbp,-,[4],rdx,=",True,16783312,16783580,3,"mov edx, dword [rbp - 0x14]","mov edx, dword [var_1ch]",8b55ec,cpu,mov,False,9,0,['case.0x1001805.0'],"[{'addr': 16783365, 'type': 'CODE'}]",,,,,,
16783374,"1,rax,=",False,16783312,16783578,5,"mov eax, 1","mov eax, 1",b801000000,cpu,mov,False,9,0,,,1.0,,,,,
16783379,"2,rcx,=",False,16783312,16783578,5,"mov ecx, 2","mov ecx, 2",b902000000,cpu,mov,False,9,0,,,2.0,,,,,
16783384,"2,edx,==,$z,zf,:=,32,$b,cf,:=,$p,pf,:=,31,$s,sf,:=,2,0x80000000,-,!,31,$o,^,of,:=,3,$b,af,:=",False,16783312,16783580,3,"cmp edx, 2","cmp edx, 2",83fa02,cpu,cmp,False,15,0,,,2.0,,,2.0,,
16783387,"zf,?{,ecx,eax,=,}",False,16783312,16783580,3,"cmove eax, ecx","cmove eax, ecx",0f44c1,cpu,cmov,False,2147483657,0,,,,,,,,
16783390,"eax,0x8,rbp,-,=[4]",True,16783312,16783580,3,"mov dword [rbp - 8], eax","mov dword [var_10h], eax",8945f8,cpu,mov,False,268435465,0,,,,,,,,
16783393,"0x1001809,rip,=",False,16783312,16783581,2,jmp 0x1001809,jmp 0x1001809,ebe6,cpu,jmp,False,1,0,,,,16783369.0,,,"[{'addr': 16783369, 'type': 'CODE'}]",
16783395,"0x10,rbp,-,[8],rax,=",True,16783312,16783579,4,"mov rax, qword [rbp - 0x10]","mov rax, qword [endptr]",488b45f0,cpu,mov,False,9,0,['case.0x1001805.1'],"[{'addr': 16783365, 'type': 'CODE'}]",,,,,,
16783399,"rax,[8],rsi,=",True,16783312,16783580,3,"mov rsi, qword [rax]","mov rsi, qword [rax]",488b30,cpu,mov,False,9,0,,,,,,,,
16783402,"0x12a5,rip,-,rdi,=",True,16783312,16783576,7,"lea rdi, [rip - 0x12a5]","lea rdi, str.Usage:__s__integer",488d3d5bedffff,cpu,lea,False,33,0,,,,,,16778636.0,"[{'addr': 16778636, 'type': 'DATA'}]",
16783409,"0,al,=",False,16783312,16783581,2,"mov al, 0","mov al, 0",b000,cpu,mov,False,9,0,,,0.0,,,,,
16783411,"16787008,rip,8,rsp,-=,rsp,=[],rip,=",False,16783312,16783578,5,call 0x1002640,call sym.imp.printf,e8080e0000,cpu,call,False,3,0,,,,16787008.0,16783416.0,,"[{'addr': 16787008, 'type': 'CALL'}]",
16783416,"6,0x8,rbp,-,=[4]",True,16783312,16783576,7,"mov dword [rbp - 8], 6","mov dword [var_10h], 6",c745f806000000,cpu,mov,False,268435465,0,,,6.0,,,,,
16783423,"1,0x4,rbp,-,=[4]",True,16783312,16783576,7,"mov dword [rbp - 4], 1","mov dword [var_ch], 1",c745fc01000000,cpu,mov,False,268435465,0,,,1.0,,,,,
16783430,"0x1001809,rip,=",False,16783312,16783581,2,jmp 0x1001809,jmp 0x1001809,ebc1,cpu,jmp,False,1,0,,,,16783369.0,,,"[{'addr': 16783369, 'type': 'CODE'}]",
16783432,"0x10,rbp,-,[8],rax,=",True,16783312,16783579,4,"mov rax, qword [rbp - 0x10]","mov rax, qword [endptr]",488b45f0,cpu,mov,False,9,0,['case.0x1001805.2'],"[{'addr': 16783365, 'type': 'CODE'}]",,,,,,
16783436,"0x8,rax,+,[8],rdi,=",True,16783312,16783579,4,"mov rdi, qword [rax + 8]","mov rdi, qword [rax + 8]",488b7808,cpu,mov,False,9,0,,,,,,,,
16783440,"eax,rax,^,0xffffffff,&,rax,=,$z,zf,:=,$p,pf,:=,31,$s,sf,:=,0,cf,:=,0,of,:=",False,16783312,16783581,2,"xor eax, eax","xor eax, eax",31c0,cpu,xor,False,28,0,,,,,,,,
16783442,"eax,rsi,=",False,16783312,16783581,2,"mov esi, eax","mov esi, eax",89c6,cpu,mov,False,9,0,,,,,,,,
16783444,"10,rdx,=",False,16783312,16783578,5,"mov edx, 0xa","mov edx, 0xa",ba0a000000,cpu,mov,False,9,0,,,10.0,,,,,
16783449,"16787024,rip,8,rsp,-=,rsp,=[],rip,=",False,16783312,16783578,5,call 0x1002650,call sym.imp.strtol,e8f20d0000,cpu,call,False,3,0,,,,16787024.0,16783454.0,,"[{'addr': 16787024, 'type': 'CALL'}]",
16783454,"eax,rdi,=",False,16783312,16783581,2,"mov edi, eax","mov edi, eax",89c7,cpu,mov,False,9,0,,,,,,,,
16783456,"16783584,rip,8,rsp,-=,rsp,=[],rip,=",False,16783312,16783578,5,call 0x10018e0,call sym.run_logic_reactor,e87b000000,cpu,call,False,3,0,,,,16783584.0,16783461.0,,"[{'addr': 16783584, 'type': 'CALL'}]",
16783461,"6,0x8,rbp,-,=[4]",True,16783312,16783576,7,"mov dword [rbp - 8], 6","mov dword [var_10h], 6",c745f806000000,cpu,mov,False,268435465,0,,,6.0,,,,,
16783468,"0,0x4,rbp,-,=[4]",True,16783312,16783576,7,"mov dword [rbp - 4], 0","mov dword [var_ch], 0",c745fc00000000,cpu,mov,False,268435465,0,,,0.0,,,,,
16783475,"0x1001809,rip,=",False,16783312,16783581,2,jmp 0x1001809,jmp 0x1001809,eb94,cpu,jmp,False,1,0,,,,16783369.0,,,"[{'addr': 16783369, 'type': 'CODE'}]",
16783477,"0x4,rbp,-,[4],rax,=",True,16783312,16783580,3,"mov eax, dword [rbp - 4]","mov eax, dword [var_ch]",8b45fc,cpu,mov,False,9,0,['case.0x1001805.3'],"[{'addr': 16783365, 'type': 'CODE'}]",,,,,,
16783480,"32,rsp,+=,63,$o,of,:=,63,$s,sf,:=,$z,zf,:=,63,$c,cf,:=,$p,pf,:=,3,$c,af,:=",False,16783312,16783579,4,"add rsp, 0x20","add rsp, 0x20",4883c420,cpu,add,False,17,0,,,32.0,,,,,
16783484,"rsp,[8],8,rsp,+=,rbp,=",False,16783312,16783582,1,pop rbp,pop rbp,5d,cpu,pop,False,14,0,,,,,,,,
16783485,"rsp,[8],rip,=,8,rsp,+=",False,16783312,16783582,1,ret,ret,c3,cpu,ret,False,5,0,,,,,,,,
16783486,"0x10,rbp,-,[8],rax,=",True,16783312,16783579,4,"mov rax, qword [rbp - 0x10]","mov rax, qword [endptr]",488b45f0,cpu,mov,False,9,0,['case.0x1001805.4'],"[{'addr': 16783365, 'type': 'CODE'}]",,,,,,
16783490,"0x8,rax,+,[8],rdi,=",True,16783312,16783579,4,"mov rdi, qword [rax + 8]","mov rdi, qword [rax + 8]",488b7808,cpu,mov,False,9,0,,,,,,,,
16783494,"eax,rax,^,0xffffffff,&,rax,=,$z,zf,:=,$p,pf,:=,31,$s,sf,:=,0,cf,:=,0,of,:=",False,16783312,16783581,2,"xor eax, eax","xor eax, eax",31c0,cpu,xor,False,28,0,,,,,,,,
16783496,"eax,rsi,=",False,16783312,16783581,2,"mov esi, eax","mov esi, eax",89c6,cpu,mov,False,9,0,,,,,,,,
16783498,"10,rdx,=",False,16783312,16783578,5,"mov edx, 0xa","mov edx, 0xa",ba0a000000,cpu,mov,False,9,0,,,10.0,,,,,
16783503,"16787024,rip,8,rsp,-=,rsp,=[],rip,=",False,16783312,16783578,5,call 0x1002650,call sym.imp.strtol,e8bc0d0000,cpu,call,False,3,0,,,,16787024.0,16783508.0,,"[{'addr': 16787024, 'type': 'CALL'}]",
16783508,"eax,rdi,=",False,16783312,16783581,2,"mov edi, eax","mov edi, eax",89c7,cpu,mov,False,9,0,,,,,,,,
16783510,"16783584,rip,8,rsp,-=,rsp,=[],rip,=",False,16783312,16783578,5,call 0x10018e0,call sym.run_logic_reactor,e845000000,cpu,call,False,3,0,,,,16783584.0,16783515.0,,"[{'addr': 16783584, 'type': 'CALL'}]",
16783515,"3,0x8,rbp,-,=[4]",True,16783312,16783576,7,"mov dword [rbp - 8], 3","mov dword [var_10h], 3",c745f803000000,cpu,mov,False,268435465,0,,,3.0,,,,,
16783522,"0,0x4,rbp,-,=[4]",True,16783312,16783576,7,"mov dword [rbp - 4], 0","mov dword [var_ch], 0",c745fc00000000,cpu,mov,False,268435465,0,,,0.0,,,,,
16783529,"0x1001809,rip,=",False,16783312,16783578,5,jmp 0x1001809,jmp 0x1001809,e95bffffff,cpu,jmp,False,1,0,,,,16783369.0,,,"[{'addr': 16783369, 'type': 'CODE'}]",
16783534,"0x10,rbp,-,[8],rax,=",True,16783312,16783579,4,"mov rax, qword [rbp - 0x10]","mov rax, qword [endptr]",488b45f0,cpu,mov,False,9,0,['case.0x1001805.5'],"[{'addr': 16783365, 'type': 'CODE'}]",,,,,,
16783538,"rax,[8],rsi,=",True,16783312,16783580,3,"mov rsi, qword [rax]","mov rsi, qword [rax]",488b30,cpu,mov,False,9,0,,,,,,,,
16783541,"0x1330,rip,-,rdi,=",True,16783312,16783576,7,"lea rdi, [rip - 0x1330]","lea rdi, str.Usage:__s__integer",488d3dd0ecffff,cpu,lea,False,33,0,,,,,,16778636.0,"[{'addr': 16778636, 'type': 'DATA'}]",
16783548,"0,al,=",False,16783312,16783581,2,"mov al, 0","mov al, 0",b000,cpu,mov,False,9,0,,,0.0,,,,,
16783550,"16787008,rip,8,rsp,-=,rsp,=[],rip,=",False,16783312,16783578,5,call 0x1002640,call sym.imp.printf,e87d0d0000,cpu,call,False,3,0,,,,16787008.0,16783555.0,,"[{'addr': 16787008, 'type': 'CALL'}]",
16783555,"3,0x8,rbp,-,=[4]",True,16783312,16783576,7,"mov dword [rbp - 8], 3","mov dword [var_10h], 3",c745f803000000,cpu,mov,False,268435465,0,,,3.0,,,,,
16783562,"1,0x4,rbp,-,=[4]",True,16783312,16783576,7,"mov dword [rbp - 4], 1","mov dword [var_ch], 1",c745fc01000000,cpu,mov,False,268435465,0,,,1.0,,,,,
16783569,"0x1001809,rip,=",False,16783312,16783578,5,jmp 0x1001809,jmp 0x1001809,e933ffffff,cpu,jmp,False,1,0,,,,16783369.0,,,"[{'addr': 16783369, 'type': 'CODE'}]",
16783574,"0x4,rbp,-,[4],rax,=",True,16783312,16783580,3,"mov eax, dword [rbp - 4]","mov eax, dword [var_ch]",8b45fc,cpu,mov,False,9,0,['case.0x1001805.6'],"[{'addr': 16783365, 'type': 'CODE'}]",,,,,,
16783577,"32,rsp,+=,63,$o,of,:=,63,$s,sf,:=,$z,zf,:=,63,$c,cf,:=,$p,pf,:=,3,$c,af,:=",False,16783312,16783579,4,"add rsp, 0x20","add rsp, 0x20",4883c420,cpu,add,False,17,0,,,32.0,,,,,
16783581,"rsp,[8],8,rsp,+=,rbp,=",False,16783312,16783582,1,pop rbp,pop rbp,5d,cpu,pop,False,14,0,,,,,,,,
16783582,"rsp,[8],rip,=,8,rsp,+=",False,16783312,16783582,1,ret,ret,c3,cpu,ret,False,5,0,,,,,,,,
