offset,esil,refptr,fcn_addr,fcn_last,size,opcode,disasm,bytes,family,type,reloc,type_num,type2_num,flags,xrefs_to,val,ptr,jump,fail,xrefs_from
16782736,"rbp,8,rsp,-,=[8],8,rsp,-=",False,16782736,16782949,1,push rbp,push rbp,55,cpu,rpush,False,268435468,0,"['sym.mult', 'dbg.mult']","[{'addr': 16783044, 'type': 'CALL'}]",,,,,
16782737,"rsp,rbp,=",False,16782736,16782947,3,"mov rbp, rsp","mov rbp, rsp",4889e5,cpu,mov,False,9,0,,,,,,,
16782740,"edi,0xc,rbp,-,=[4]",True,16782736,16782947,3,"mov dword [rbp - 0xc], edi","mov dword [var_14h], edi",897df4,cpu,mov,False,268435465,0,,,,,,,
16782743,"esi,0x8,rbp,-,=[4]",True,16782736,16782947,3,"mov dword [rbp - 8], esi","mov dword [var_10h], esi",8975f8,cpu,mov,False,268435465,0,,,,,,,
16782746,"edi,rax,=",False,16782736,16782948,2,"mov eax, edi","mov eax, edi",89f8,cpu,mov,False,9,0,,,,,,,
16782748,"0,cf,:=,1,16,-,1,<<,eax,&,?{,1,cf,:=,},16,eax,>>,eax,=,$z,zf,:=,$p,pf,:=,31,$s,sf,:=",False,16782736,16782947,3,"shr eax, 0x10","shr eax, 0x10",c1e810,cpu,shr,False,22,0,,,16.0,,,,
16782751,"3486519210,rax,^,0xffffffff,&,rax,=,$z,zf,:=,$p,pf,:=,31,$s,sf,:=,0,cf,:=,0,of,:=",False,16782736,16782945,5,"xor eax, 0xcfd00faa","xor eax, 0xcfd00faa",35aa0fd0cf,cpu,xor,False,28,0,,,3486519210.0,3486519210.0,,,
16782756,"0,cf,:=,1,14,-,1,<<,eax,&,?{,1,cf,:=,},14,eax,>>,eax,=,$z,zf,:=,$p,pf,:=,31,$s,sf,:=",False,16782736,16782947,3,"shr eax, 0xe","shr eax, 0xe",c1e80e,cpu,shr,False,22,0,,,14.0,,,,
16782759,"2,rax,&,0xffffffff,&,rax,=,$z,zf,:=,$p,pf,:=,31,$s,sf,:=,0,cf,:=,0,of,:=",False,16782736,16782947,3,"and eax, 2","and eax, 2",83e002,cpu,and,False,27,0,,,2.0,,,,
16782762,"0,eax,==,$z,zf,:=,32,$b,cf,:=,$p,pf,:=,31,$s,sf,:=,0,0x80000000,-,!,31,$o,^,of,:=,3,$b,af,:=",False,16782736,16782947,3,"cmp eax, 0","cmp eax, 0",83f800,cpu,cmp,False,15,0,,,0.0,0.0,,,
16782765,"zf,cl,=",False,16782736,16782947,3,sete cl,sete cl,0f94c1,cpu,cmov,False,2147483657,0,,,,,,,
16782768,"0,edi,==,$z,zf,:=,32,$b,cf,:=,$p,pf,:=,31,$s,sf,:=,0,0x80000000,-,!,31,$o,^,of,:=,3,$b,af,:=",False,16782736,16782947,3,"cmp edi, 0","cmp edi, 0",83ff00,cpu,cmp,False,15,0,,,0.0,0.0,,,
16782771,"zf,!,al,=",False,16782736,16782947,3,setne al,setne al,0f95c0,cpu,cmov,False,2147483657,0,,,,,,,
16782774,"al,cl,&=,$z,zf,:=,$p,pf,:=,7,$s,sf,:=,0,cf,:=,0,of,:=",False,16782736,16782948,2,"and cl, al","and cl, al",20c1,cpu,and,False,27,0,,,,,,,
16782776,"eax,rax,^,0xffffffff,&,rax,=,$z,zf,:=,$p,pf,:=,31,$s,sf,:=,0,cf,:=,0,of,:=",False,16782736,16782948,2,"xor eax, eax","xor eax, eax",31c0,cpu,xor,False,28,0,,,,,,,
16782778,"0,1,cl,&,==,$z,zf,:=,$p,pf,:=,7,$s,sf,:=,0,cf,:=,0,of,:=",False,16782736,16782947,3,"test cl, 1","test cl, 1",f6c101,cpu,acmp,False,16,0,,,1.0,1.0,,,
16782781,"eax,0x4,rbp,-,=[4]",True,16782736,16782947,3,"mov dword [rbp - 4], eax","mov dword [var_ch], eax",8945fc,cpu,mov,False,268435465,0,,,,,,,
16782784,"zf,!,?{,16782791,rip,=,}",False,16782736,16782948,2,jne 0x10015c7,jne 0x10015c7,7505,cpu,cjmp,False,2147483649,0,,,,,16782791.0,16782786.0,
16782786,"0x1001661,rip,=",False,16782736,16782945,5,jmp 0x1001661,jmp 0x1001661,e99a000000,cpu,jmp,False,1,0,,,,,16782945.0,,"[{'addr': 16782945, 'type': 'CODE'}]"
16782791,"0x8,rbp,-,[4],rcx,=",True,16782736,16782947,3,"mov ecx, dword [rbp - 8]","mov ecx, dword [var_10h]",8b4df8,cpu,mov,False,9,0,,,,,,,
16782794,"0xc,rbp,-,[4],rax,=",True,16782736,16782947,3,"mov eax, dword [rbp - 0xc]","mov eax, dword [var_14h]",8b45f4,cpu,mov,False,9,0,,,,,,,
16782797,"eax,rax,=",False,16782736,16782948,2,"mov eax, eax","mov eax, eax",89c0,cpu,mov,False,9,0,,,,,,,
16782799,"edx,rdx,^,0xffffffff,&,rdx,=,$z,zf,:=,$p,pf,:=,31,$s,sf,:=,0,cf,:=,0,of,:=",False,16782736,16782948,2,"xor edx, edx","xor edx, edx",31d2,cpu,xor,False,28,0,,,,,,,
16782801,"edx,0x20,rbp,-,=[4]",True,16782736,16782947,3,"mov dword [rbp - 0x20], edx","mov dword [var_28h], edx",8955e0,cpu,mov,False,268435465,0,,,,,,,
16782804,"ecx,0x1c,rbp,-,=[4]",True,16782736,16782947,3,"mov dword [rbp - 0x1c], ecx","mov dword [var_24h], ecx",894de4,cpu,mov,False,268435465,0,,,,,,,
16782807,"rax,0x18,rbp,-,=[8]",True,16782736,16782946,4,"mov qword [rbp - 0x18], rax","mov qword [var_20h], rax",488945e8,cpu,mov,False,268435465,0,,,,,,,
16782811,"0x18,rbp,-,[8],rsi,=",True,16782736,16782946,4,"mov rsi, qword [rbp - 0x18]","mov rsi, qword [var_20h]",488b75e8,cpu,mov,False,9,0,,,,,,,
16782815,"0x1c,rbp,-,[4],rdx,=",True,16782736,16782947,3,"mov edx, dword [rbp - 0x1c]","mov edx, dword [var_24h]",8b55e4,cpu,mov,False,9,0,,,,,,,
16782818,"0x20,rbp,-,[4],rax,=",True,16782736,16782947,3,"mov eax, dword [rbp - 0x20]","mov eax, dword [var_28h]",8b45e0,cpu,mov,False,9,0,,,,,,,
16782821,"rsi,r8,=",False,16782736,16782947,3,"mov r8, rsi","mov r8, rsi",4989f0,cpu,mov,False,9,0,,,,,,,
16782824,"1,r8,&=,$z,zf,:=,$p,pf,:=,63,$s,sf,:=,0,cf,:=,0,of,:=",False,16782736,16782946,4,"and r8, 1","and r8, 1",4983e001,cpu,and,False,27,0,,,1.0,,,,
16782828,"r8,rcx,=",False,16782736,16782947,3,"mov rcx, r8","mov rcx, r8",4c89c1,cpu,mov,False,9,0,,,,,,,
16782831,"0,cf,:=,1,6,-,1,<<,rcx,&,?{,1,cf,:=,},6,rcx,>>,rcx,=,$z,zf,:=,$p,pf,:=,63,$s,sf,:=",False,16782736,16782946,4,"shr rcx, 6","shr rcx, 6",48c1e906,cpu,shr,False,22,0,,,6.0,,,,
16782835,"5001,rcx,==,$z,zf,:=,64,$b,cf,:=,$p,pf,:=,63,$s,sf,:=,5001,0x8000000000000000,-,!,63,$o,^,of,:=,3,$b,af,:=",False,16782736,16782943,7,"cmp rcx, 0x1389","cmp rcx, 0x1389",4881f989130000,cpu,cmp,False,15,0,,,5001.0,5001.0,,,
16782842,"cf,dil,=",False,16782736,16782946,4,setb dil,setb dil,400f92c7,cpu,cmov,False,2147483657,0,,,,,,,
16782846,"0,r8,==,$z,zf,:=,64,$b,cf,:=,$p,pf,:=,63,$s,sf,:=,0,0x8000000000000000,-,!,63,$o,^,of,:=,3,$b,af,:=",False,16782736,16782946,4,"cmp r8, 0","cmp r8, 0",4983f800,cpu,cmp,False,15,0,,,0.0,0.0,,,
16782850,"sf,of,^,!,cl,=",False,16782736,16782947,3,setge cl,setge cl,0f9dc1,cpu,cmov,False,2147483657,0,,,,,,,
16782853,"0,2,!,!,?{,1,2,-,r8,<<,0x8000000000000000,&,!,!,^,},2,r8,<<=,$z,zf,:=,$p,pf,:=,63,$s,sf,:=,cf,=",False,16782736,16782946,4,"shl r8, 2","shl r8, 2",49c1e002,cpu,shl,False,23,0,,,,,,,
16782857,"3,r8,^=,$z,zf,:=,$p,pf,:=,63,$s,sf,:=,0,cf,:=,0,of,:=",False,16782736,16782946,4,"xor r8, 3","xor r8, 3",4983f003,cpu,xor,False,28,0,,,3.0,,,,
16782861,"3,r8,-=,3,0x8000000000000000,-,!,63,$o,^,of,:=,63,$s,sf,:=,$z,zf,:=,$p,pf,:=,64,$b,cf,:=,3,$b,af,:=",False,16782736,16782946,4,"sub r8, 3","sub r8, 3",4983e803,cpu,sub,False,18,0,,,3.0,,,,
16782865,"0,r8,==,$z,zf,:=,64,$b,cf,:=,$p,pf,:=,63,$s,sf,:=,0,0x8000000000000000,-,!,63,$o,^,of,:=,3,$b,af,:=",False,16782736,16782946,4,"cmp r8, 0","cmp r8, 0",4983f800,cpu,cmp,False,15,0,,,0.0,0.0,,,
16782869,"zf,r8b,=",False,16782736,16782946,4,sete r8b,sete r8b,410f94c0,cpu,cmov,False,2147483657,0,,,,,,,
16782873,"r8b,cl,&=,$z,zf,:=,$p,pf,:=,7,$s,sf,:=,0,cf,:=,0,of,:=",False,16782736,16782947,3,"and cl, r8b","and cl, r8b",4420c1,cpu,and,False,27,0,,,,,,,
16782876,"cl,dil,&=,$z,zf,:=,$p,pf,:=,7,$s,sf,:=,0,cf,:=,0,of,:=",False,16782736,16782947,3,"and dil, cl","and dil, cl",4020cf,cpu,and,False,27,0,,,,,,,
16782879,"ecx,rcx,^,0xffffffff,&,rcx,=,$z,zf,:=,$p,pf,:=,31,$s,sf,:=,0,cf,:=,0,of,:=",False,16782736,16782948,2,"xor ecx, ecx","xor ecx, ecx",31c9,cpu,xor,False,28,0,,,,,,,
16782881,"0,1,dil,&,==,$z,zf,:=,$p,pf,:=,7,$s,sf,:=,0,cf,:=,0,of,:=",False,16782736,16782946,4,"test dil, 1","test dil, 1",40f6c701,cpu,acmp,False,16,0,,,1.0,1.0,,,
16782885,"edx,rdi,=",False,16782736,16782948,2,"mov edi, edx","mov edi, edx",89d7,cpu,mov,False,9,0,,,,,,,
16782887,"zf,!,?{,ecx,edi,=,}",False,16782736,16782947,3,"cmovne edi, ecx","cmovne edi, ecx",0f45f9,cpu,cmov,False,2147483657,0,,,,,,,
16782890,"eax,r8,=",False,16782736,16782947,3,"mov r8d, eax","mov r8d, eax",4189c0,cpu,mov,False,9,0,,,,,,,
16782893,"4294967295,r8,^,0xffffffff,&,r8,=,$z,zf,:=,$p,pf,:=,31,$s,sf,:=,0,cf,:=,0,of,:=",False,16782736,16782946,4,"xor r8d, 0xffffffff","xor r8d, 0xffffffff",4183f0ff,cpu,xor,False,28,0,,,4294967295.0,4294967295.0,,,
16782897,"eax,rcx,=",False,16782736,16782948,2,"mov ecx, eax","mov ecx, eax",89c1,cpu,mov,False,9,0,,,,,,,
16782899,"edi,rcx,&,0xffffffff,&,rcx,=,$z,zf,:=,$p,pf,:=,31,$s,sf,:=,0,cf,:=,0,of,:=",False,16782736,16782948,2,"and ecx, edi","and ecx, edi",21f9,cpu,and,False,27,0,,,,,,,
16782901,"r8d,rcx,^,0xffffffff,&,rcx,=,$z,zf,:=,$p,pf,:=,31,$s,sf,:=,0,cf,:=,0,of,:=",False,16782736,16782947,3,"xor ecx, r8d","xor ecx, r8d",4431c1,cpu,xor,False,28,0,,,,,,,
16782904,"eax,rdi,^,0xffffffff,&,rdi,=,$z,zf,:=,$p,pf,:=,31,$s,sf,:=,0,cf,:=,0,of,:=",False,16782736,16782948,2,"xor edi, eax","xor edi, eax",31c7,cpu,xor,False,28,0,,,,,,,
16782906,"eax,rdi,^,0xffffffff,&,rdi,=,$z,zf,:=,$p,pf,:=,31,$s,sf,:=,0,cf,:=,0,of,:=",False,16782736,16782948,2,"xor edi, eax","xor edi, eax",31c7,cpu,xor,False,28,0,,,,,,,
16782908,"edi,rcx,&,0xffffffff,&,rcx,=,$z,zf,:=,$p,pf,:=,31,$s,sf,:=,0,cf,:=,0,of,:=",False,16782736,16782948,2,"and ecx, edi","and ecx, edi",21f9,cpu,and,False,27,0,,,,,,,
16782910,"ecx,eax,+=,31,$o,of,:=,31,$s,sf,:=,$z,zf,:=,31,$c,cf,:=,$p,pf,:=,3,$c,af,:=",False,16782736,16782948,2,"add eax, ecx","add eax, ecx",01c8,cpu,add,False,17,0,,,,,,,
16782912,"rsi,rcx,=",False,16782736,16782947,3,"mov rcx, rsi","mov rcx, rsi",4889f1,cpu,mov,False,9,0,,,,,,,
16782915,"0,cf,:=,1,1,-,1,<<,rcx,&,?{,1,cf,:=,},1,rcx,>>,rcx,=,$z,zf,:=,$p,pf,:=,63,$s,sf,:=",False,16782736,16782947,3,"shr rcx, 1","shr rcx, 1",48d1e9,cpu,shr,False,22,0,,,1.0,,,,
16782918,"0,1,!,!,?{,1,1,-,edx,<<,0x80000000,&,!,!,^,},1,edx,<<=,$z,zf,:=,$p,pf,:=,31,$s,sf,:=,cf,=",False,16782736,16782948,2,"shl edx, 1","shl edx, 1",d1e2,cpu,shl,False,23,0,,,,,,,
16782920,"2,rsi,==,$z,zf,:=,64,$b,cf,:=,$p,pf,:=,63,$s,sf,:=,2,0x8000000000000000,-,!,63,$o,^,of,:=,3,$b,af,:=",False,16782736,16782946,4,"cmp rsi, 2","cmp rsi, 2",4883fe02,cpu,cmp,False,15,0,,,2.0,2.0,,,
16782924,"eax,rsi,=",False,16782736,16782948,2,"mov esi, eax","mov esi, eax",89c6,cpu,mov,False,9,0,,,,,,,
16782926,"esi,0x20,rbp,-,=[4]",True,16782736,16782947,3,"mov dword [rbp - 0x20], esi","mov dword [var_28h], esi",8975e0,cpu,mov,False,268435465,0,,,,,,,
16782929,"edx,0x1c,rbp,-,=[4]",True,16782736,16782947,3,"mov dword [rbp - 0x1c], edx","mov dword [var_24h], edx",8955e4,cpu,mov,False,268435465,0,,,,,,,
16782932,"rcx,0x18,rbp,-,=[8]",True,16782736,16782946,4,"mov qword [rbp - 0x18], rcx","mov qword [var_20h], rcx",48894de8,cpu,mov,False,268435465,0,,,,,,,
16782936,"eax,0x4,rbp,-,=[4]",True,16782736,16782947,3,"mov dword [rbp - 4], eax","mov dword [var_ch], eax",8945fc,cpu,mov,False,268435465,0,,,,,,,
16782939,"cf,!,?{,16782811,rip,=,}",False,16782736,16782944,6,jae 0x10015db,jae 0x10015db,0f837affffff,cpu,cjmp,False,2147483649,0,,,,,16782811.0,16782945.0,
16782945,"0x4,rbp,-,[4],rax,=",True,16782736,16782947,3,"mov eax, dword [rbp - 4]","mov eax, dword [var_ch]",8b45fc,cpu,mov,False,9,0,,"[{'addr': 16782786, 'type': 'CODE'}]",,,,,
16782948,"rsp,[8],8,rsp,+=,rbp,=",False,16782736,16782949,1,pop rbp,pop rbp,5d,cpu,pop,False,14,0,,,,,,,
16782949,"rsp,[8],rip,=,8,rsp,+=",False,16782736,16782949,1,ret,ret,c3,cpu,ret,False,5,0,,,,,,,
