offset,esil,refptr,fcn_addr,fcn_last,size,opcode,disasm,bytes,family,type,reloc,type_num,type2_num,flags,xrefs_to,val,jump,fail,xrefs_from,ptr
16782976,"rbp,8,rsp,-,=[8],8,rsp,-=",False,16782976,16783107,1,push rbp,push rbp,55,cpu,rpush,False,268435468,0,"['main', 'sym.main', 'dbg.main']","[{'addr': 16782717, 'type': 'DATA'}]",,,,,
16782977,"rsp,rbp,=",False,16782976,16783105,3,"mov rbp, rsp","mov rbp, rsp",4889e5,cpu,mov,False,9,0,,,,,,,
16782980,"16,rsp,-=,16,0x8000000000000000,-,!,63,$o,^,of,:=,63,$s,sf,:=,$z,zf,:=,$p,pf,:=,64,$b,cf,:=,3,$b,af,:=",False,16782976,16783104,4,"sub rsp, 0x10","sub rsp, 0x10",4883ec10,cpu,sub,False,18,0,,,16.0,,,,
16782984,"rsi,0x10,rbp,-,=[8]",True,16782976,16783104,4,"mov qword [rbp - 0x10], rsi","mov qword [argv], rsi",488975f0,cpu,mov,False,268435465,0,,,,,,,
16782988,"0x8,rsi,+,[8],rdi,=",True,16782976,16783104,4,"mov rdi, qword [rsi + 8]","mov rdi, qword [rsi + 8]",488b7e08,cpu,mov,False,9,0,,,,,,,
16782992,"eax,rax,^,0xffffffff,&,rax,=,$z,zf,:=,$p,pf,:=,31,$s,sf,:=,0,cf,:=,0,of,:=",False,16782976,16783106,2,"xor eax, eax","xor eax, eax",31c0,cpu,xor,False,28,0,,,,,,,
16782994,"eax,rsi,=",False,16782976,16783106,2,"mov esi, eax","mov esi, eax",89c6,cpu,mov,False,9,0,,,,,,,
16782996,"16783264,rip,8,rsp,-=,rsp,=[],rip,=",False,16782976,16783103,5,call 0x10017a0,call sym.imp.strtod,e807010000,cpu,call,False,3,0,,,,16783264.0,16783001.0,"[{'addr': 16783264, 'type': 'CALL'}]",
16783001,"0x10,rbp,-,[8],rsi,=",True,16782976,16783104,4,"mov rsi, qword [rbp - 0x10]","mov rsi, qword [argv]",488b75f0,cpu,mov,False,9,0,,,,,,,
16783005,,False,16782976,16783104,4,"cvtsd2ss xmm0, xmm0","cvtsd2ss xmm0, xmm0",f20f5ac0,sse,null,False,0,0,,,,,,,
16783009,"xmm0,0x8,rbp,-,=[4]",True,16782976,16783103,5,"movss dword [rbp - 8], xmm0","movss dword [num1], xmm0",f30f1145f8,sse,mov,False,268435465,0,,,,,,,
16783014,"0x10,rsi,+,[8],rdi,=",True,16782976,16783104,4,"mov rdi, qword [rsi + 0x10]","mov rdi, qword [rsi + 0x10]",488b7e10,cpu,mov,False,9,0,,,,,,,
16783018,"eax,rax,^,0xffffffff,&,rax,=,$z,zf,:=,$p,pf,:=,31,$s,sf,:=,0,cf,:=,0,of,:=",False,16782976,16783106,2,"xor eax, eax","xor eax, eax",31c0,cpu,xor,False,28,0,,,,,,,
16783020,"eax,rsi,=",False,16782976,16783106,2,"mov esi, eax","mov esi, eax",89c6,cpu,mov,False,9,0,,,,,,,
16783022,"16783264,rip,8,rsp,-=,rsp,=[],rip,=",False,16782976,16783103,5,call 0x10017a0,call sym.imp.strtod,e8ed000000,cpu,call,False,3,0,,,,16783264.0,16783027.0,"[{'addr': 16783264, 'type': 'CALL'}]",
16783027,"0x8,rbp,-,[4],xmm1,=",True,16782976,16783103,5,"movss xmm1, dword [rbp - 8]","movss xmm1, dword [num1]",f30f104df8,sse,mov,False,9,0,,,,,,,
16783032,,False,16782976,16783104,4,"cvtsd2ss xmm0, xmm0","cvtsd2ss xmm0, xmm0",f20f5ac0,sse,null,False,0,0,,,,,,,
16783036,,False,16782976,16783104,4,"cvttss2si edi, xmm1","cvttss2si edi, xmm1",f30f2cf9,sse,null,False,0,0,,,,,,,
16783040,,False,16782976,16783104,4,"cvttss2si esi, xmm0","cvttss2si esi, xmm0",f30f2cf0,sse,null,False,0,0,,,,,,,
16783044,"16782736,rip,8,rsp,-=,rsp,=[],rip,=",False,16782976,16783103,5,call 0x1001590,call dbg.mult,e8c7feffff,cpu,call,False,3,0,,,,16782736.0,16783049.0,"[{'addr': 16782736, 'type': 'CALL'}]",
16783049,"eax,rcx,=",False,16782976,16783106,2,"mov ecx, eax","mov ecx, eax",89c1,cpu,mov,False,9,0,,,,,,,
16783051,"ecx,0x4,rbp,-,=[4]",True,16782976,16783105,3,"mov dword [rbp - 4], ecx","mov dword [number], ecx",894dfc,cpu,mov,False,268435465,0,,,,,,,
16783054,"0x1244,rip,-,rdi,=",True,16782976,16783101,7,"lea rdi, [rip - 0x1244]","lea rdi, str.You_loose",488d3dbcedffff,cpu,lea,False,33,0,,,,,,"[{'addr': 16778385, 'type': 'DATA'}]",16778385.0
16783061,"0x1254,rip,-,rax,=",True,16782976,16783101,7,"lea rax, [rip - 0x1254]","lea rax, str.You_win",488d05acedffff,cpu,lea,False,33,0,,,,,,"[{'addr': 16778376, 'type': 'DATA'}]",16778376.0
16783068,"899414294,ecx,==,$z,zf,:=,32,$b,cf,:=,$p,pf,:=,31,$s,sf,:=,899414294,0x80000000,-,!,31,$o,^,of,:=,3,$b,af,:=",False,16782976,16783102,6,"cmp ecx, 0x359bf916","cmp ecx, 0x359bf916",81f916f99b35,cpu,cmp,False,15,0,,,899414294.0,,,,899414294.0
16783074,"zf,?{,rax,rdi,=,}",False,16782976,16783104,4,"cmove rdi, rax","cmove rdi, rax",480f44f8,cpu,cmov,False,2147483657,0,,,,,,,
16783078,"16783280,rip,8,rsp,-=,rsp,=[],rip,=",False,16782976,16783103,5,call 0x10017b0,call sym.imp.puts,e8c5000000,cpu,call,False,3,0,,,,16783280.0,16783083.0,"[{'addr': 16783280, 'type': 'CALL'}]",
16783083,"0x4,rbp,-,[4],rsi,=",True,16782976,16783105,3,"mov esi, dword [rbp - 4]","mov esi, dword [number]",8b75fc,cpu,mov,False,9,0,,,,,,,
16783086,"0x1279,rip,-,rdi,=",True,16782976,16783101,7,"lea rdi, [rip - 0x1279]","lea rdi, str.Hash:_0x_x",488d3d87edffff,cpu,lea,False,33,0,,,,,,"[{'addr': 16778364, 'type': 'DATA'}]",16778364.0
16783093,"0,al,=",False,16782976,16783106,2,"mov al, 0","mov al, 0",b000,cpu,mov,False,9,0,,,0.0,,,,
16783095,"16783296,rip,8,rsp,-=,rsp,=[],rip,=",False,16782976,16783103,5,call 0x10017c0,call sym.imp.printf,e8c4000000,cpu,call,False,3,0,,,,16783296.0,16783100.0,"[{'addr': 16783296, 'type': 'CALL'}]",
16783100,"eax,rax,^,0xffffffff,&,rax,=,$z,zf,:=,$p,pf,:=,31,$s,sf,:=,0,cf,:=,0,of,:=",False,16782976,16783106,2,"xor eax, eax","xor eax, eax",31c0,cpu,xor,False,28,0,,,,,,,
16783102,"16,rsp,+=,63,$o,of,:=,63,$s,sf,:=,$z,zf,:=,63,$c,cf,:=,$p,pf,:=,3,$c,af,:=",False,16782976,16783104,4,"add rsp, 0x10","add rsp, 0x10",4883c410,cpu,add,False,17,0,,,16.0,,,,
16783106,"rsp,[8],8,rsp,+=,rbp,=",False,16782976,16783107,1,pop rbp,pop rbp,5d,cpu,pop,False,14,0,,,,,,,
16783107,"rsp,[8],rip,=,8,rsp,+=",False,16782976,16783107,1,ret,ret,c3,cpu,ret,False,5,0,,,,,,,
