offset,esil,refptr,fcn_addr,fcn_last,size,opcode,disasm,bytes,family,type,reloc,type_num,type2_num,flags,xrefs_to,val,jump,fail,ptr,xrefs_from,comment
16784048,"rbp,8,rsp,-,=[8],8,rsp,-=",False,16784048,16784323,1,push rbp,push rbp,55,cpu,rpush,False,268435468,0,['sym.transform_state'],"[{'addr': 16783613, 'type': 'CALL'}]",,,,,,
16784049,"rsp,rbp,=",False,16784048,16784321,3,"mov rbp, rsp","mov rbp, rsp",4889e5,cpu,mov,False,9,0,,,,,,,,
16784052,"rdi,0x28,rbp,-,=[8]",True,16784048,16784320,4,"mov qword [rbp - 0x28], rdi","mov qword [var_30h], rdi",48897dd8,cpu,mov,False,268435465,0,,,,,,,,
16784056,"esi,0x20,rbp,-,=[4]",True,16784048,16784321,3,"mov dword [rbp - 0x20], esi","mov dword [var_28h], esi",8975e0,cpu,mov,False,268435465,0,,,,,,,,
16784059,"1,rsi,&,0xffffffff,&,rsi,=,$z,zf,:=,$p,pf,:=,31,$s,sf,:=,0,cf,:=,0,of,:=",False,16784048,16784321,3,"and esi, 1","and esi, 1",83e601,cpu,and,False,27,0,,,1.0,,,,,
16784062,"esi,0x18,rbp,-,=[4]",True,16784048,16784321,3,"mov dword [rbp - 0x18], esi","mov dword [var_20h], esi",8975e8,cpu,mov,False,268435465,0,,,,,,,,
16784065,"0,0x1c,rbp,-,=[4]",True,16784048,16784317,7,"mov dword [rbp - 0x1c], 0","mov dword [var_24h], 0",c745e400000000,cpu,mov,False,268435465,0,,,0.0,,,,,
16784072,"0x1c,rbp,-,[4],rax,=",True,16784048,16784321,3,"mov eax, dword [rbp - 0x1c]","mov eax, dword [var_24h]",8b45e4,cpu,mov,False,9,0,,"[{'addr': 16784107, 'type': 'CODE'}]",,,,,,
16784075,"rax,0x30,rbp,-,=[8]",True,16784048,16784320,4,"mov qword [rbp - 0x30], rax","mov qword [var_38h], rax",488945d0,cpu,mov,False,268435465,0,,,,,,,,
16784079,"6,rax,-=,6,0x8000000000000000,-,!,63,$o,^,of,:=,63,$s,sf,:=,$z,zf,:=,$p,pf,:=,64,$b,cf,:=,3,$b,af,:=",False,16784048,16784320,4,"sub rax, 6","sub rax, 6",4883e806,cpu,sub,False,18,0,,,6.0,,,,,
16784083,"cf,zf,|,!,?{,16784105,rip,=,}",False,16784048,16784322,2,ja 0x1001ae9,ja 0x1001ae9,7714,cpu,cjmp,False,2147483649,0,,,,16784105.0,16784085.0,,,
16784085,"0x30,rbp,-,[8],rax,=",True,16784048,16784320,4,"mov rax, qword [rbp - 0x30]","mov rax, qword [var_38h]",488b45d0,cpu,mov,False,9,0,,,,,,,,
16784089,"0x1678,rip,-,rcx,=",True,16784048,16784317,7,"lea rcx, [rip - 0x1678]","lea rcx, data.01000468",488d0d88e9ffff,cpu,lea,False,33,0,,,,,,16778344.0,"[{'addr': 16778344, 'type': 'DATA'}]",
16784096,"32,rax,4,*,rcx,+,[4],~,rax,=",True,16784048,16784320,4,"movsxd rax, dword [rcx + rax*4]","movsxd rax, dword [rcx + rax*4]",48630481,cpu,mov,False,9,0,,,,,,,,
16784100,"rcx,rax,+=,63,$o,of,:=,63,$s,sf,:=,$z,zf,:=,63,$c,cf,:=,$p,pf,:=,3,$c,af,:=",False,16784048,16784321,3,"add rax, rcx","add rax, rcx",4801c8,cpu,add,False,17,0,,,,,,,,
16784103,"rax,rip,=",False,16784048,16784322,2,jmp rax,jmp rax,ffe0,cpu,rjmp,False,268435458,0,['switch.0x01001ae7'],,,,,,"[{'addr': 16784109, 'type': 'CODE'}, {'addr': 16784131, 'type': 'CODE'}, {'addr': 16784160, 'type': 'CODE'}, {'addr': 16784191, 'type': 'CODE'}, {'addr': 16784239, 'type': 'CODE'}, {'addr': 16784288, 'type': 'CODE'}, {'addr': 16784319, 'type': 'CODE'}]",c3dpdGNoIHRhYmxlICg3IGNhc2VzKSBhdCAweDEwMDA0Njg=
16784105,"0x1001aeb,rip,=",False,16784048,16784322,2,jmp 0x1001aeb,jmp 0x1001aeb,eb00,cpu,jmp,False,1,0,,,,16784107.0,,,"[{'addr': 16784107, 'type': 'CODE'}]",
16784107,"0x1001ac8,rip,=",False,16784048,16784322,2,jmp 0x1001ac8,jmp 0x1001ac8,ebdb,cpu,jmp,False,1,0,,"[{'addr': 16784105, 'type': 'CODE'}, {'addr': 16784129, 'type': 'CODE'}, {'addr': 16784158, 'type': 'CODE'}, {'addr': 16784189, 'type': 'CODE'}, {'addr': 16784234, 'type': 'CODE'}, {'addr': 16784283, 'type': 'CODE'}, {'addr': 16784314, 'type': 'CODE'}]",,16784072.0,,,"[{'addr': 16784072, 'type': 'CODE'}]",
16784109,"2,rax,=",False,16784048,16784319,5,"mov eax, 2","mov eax, 2",b802000000,cpu,mov,False,9,0,['case.0x1001ae7.0'],"[{'addr': 16784103, 'type': 'CODE'}]",2.0,,,,,
16784114,"1,rcx,=",False,16784048,16784319,5,"mov ecx, 1","mov ecx, 1",b901000000,cpu,mov,False,9,0,,,1.0,,,,,
16784119,"0,0x18,rbp,-,[4],==,$z,zf,:=,32,$b,cf,:=,$p,pf,:=,31,$s,sf,:=,0,0x80000000,-,!,31,$o,^,of,:=,3,$b,af,:=",True,16784048,16784320,4,"cmp dword [rbp - 0x18], 0","cmp dword [var_20h], 0",837de800,cpu,cmp,False,268435471,0,,,0.0,,,,,
16784123,"zf,?{,ecx,eax,=,}",False,16784048,16784321,3,"cmove eax, ecx","cmove eax, ecx",0f44c1,cpu,cmov,False,2147483657,0,,,,,,,,
16784126,"eax,0x1c,rbp,-,=[4]",True,16784048,16784321,3,"mov dword [rbp - 0x1c], eax","mov dword [var_24h], eax",8945e4,cpu,mov,False,268435465,0,,,,,,,,
16784129,"0x1001aeb,rip,=",False,16784048,16784322,2,jmp 0x1001aeb,jmp 0x1001aeb,ebe8,cpu,jmp,False,1,0,,,,16784107.0,,,"[{'addr': 16784107, 'type': 'CODE'}]",
16784131,"0x28,rbp,-,[8],rcx,=",True,16784048,16784320,4,"mov rcx, qword [rbp - 0x28]","mov rcx, qword [var_30h]",488b4dd8,cpu,mov,False,9,0,['case.0x1001ae7.1'],"[{'addr': 16784103, 'type': 'CODE'}]",,,,,,
16784135,"0x20,rbp,-,[4],rax,=",True,16784048,16784321,3,"mov eax, dword [rbp - 0x20]","mov eax, dword [var_28h]",8b45e0,cpu,mov,False,9,0,,,,,,,,
16784138,"32,eax,~,32,0x8,rcx,+,[4],~,*,DUP,eax,=,eax,-,?{,1,1,}{,0,0,},cf,:=,of,:=",False,16784048,16784320,4,"imul eax, dword [rcx + 8]","imul eax, dword [rcx + 8]",0faf4108,cpu,mul,False,20,0,,,,,,,,
16784142,"0x4,rcx,+,[4],eax,+=,31,$o,of,:=,31,$s,sf,:=,$z,zf,:=,31,$c,cf,:=,$p,pf,:=,3,$c,af,:=",True,16784048,16784321,3,"add eax, dword [rcx + 4]","add eax, dword [rcx + 4]",034104,cpu,add,False,17,0,,,,,,,,
16784145,"eax,0x4,rcx,+,=[4]",True,16784048,16784321,3,"mov dword [rcx + 4], eax","mov dword [rcx + 4], eax",894104,cpu,mov,False,9,0,,,,,,,,
16784148,"3,0x1c,rbp,-,=[4]",True,16784048,16784317,7,"mov dword [rbp - 0x1c], 3","mov dword [var_24h], 3",c745e403000000,cpu,mov,False,268435465,0,,,3.0,,,,,
16784155,"eax,0x10,rbp,-,=[4]",True,16784048,16784321,3,"mov dword [rbp - 0x10], eax","mov dword [var_18h], eax",8945f0,cpu,mov,False,268435465,0,,,,,,,,
16784158,"0x1001aeb,rip,=",False,16784048,16784322,2,jmp 0x1001aeb,jmp 0x1001aeb,ebcb,cpu,jmp,False,1,0,,,,16784107.0,,,"[{'addr': 16784107, 'type': 'CODE'}]",
16784160,"0x28,rbp,-,[8],rcx,=",True,16784048,16784320,4,"mov rcx, qword [rbp - 0x28]","mov rcx, qword [var_30h]",488b4dd8,cpu,mov,False,9,0,['case.0x1001ae7.2'],"[{'addr': 16784103, 'type': 'CODE'}]",,,,,,
16784164,"0x20,rbp,-,[4],rsi,=",True,16784048,16784321,3,"mov esi, dword [rbp - 0x20]","mov esi, dword [var_28h]",8b75e0,cpu,mov,False,9,0,,,,,,,,
16784167,"rcx,[4],rdx,=",True,16784048,16784322,2,"mov edx, dword [rcx]","mov edx, dword [rcx]",8b11,cpu,mov,False,9,0,,,,,,,,
16784169,"0x4,rcx,+,[4],rax,=",True,16784048,16784321,3,"mov eax, dword [rcx + 4]","mov eax, dword [rcx + 4]",8b4104,cpu,mov,False,9,0,,,,,,,,
16784172,"esi,edx,+=,31,$o,of,:=,31,$s,sf,:=,$z,zf,:=,31,$c,cf,:=,$p,pf,:=,3,$c,af,:=",False,16784048,16784322,2,"add edx, esi","add edx, esi",01f2,cpu,add,False,17,0,,,,,,,,
16784174,"edx,eax,-=,edx,0x80000000,-,!,31,$o,^,of,:=,31,$s,sf,:=,$z,zf,:=,$p,pf,:=,32,$b,cf,:=,3,$b,af,:=",False,16784048,16784322,2,"sub eax, edx","sub eax, edx",29d0,cpu,sub,False,18,0,,,,,,,,
16784176,"eax,0x4,rcx,+,=[4]",True,16784048,16784321,3,"mov dword [rcx + 4], eax","mov dword [rcx + 4], eax",894104,cpu,mov,False,9,0,,,,,,,,
16784179,"3,0x1c,rbp,-,=[4]",True,16784048,16784317,7,"mov dword [rbp - 0x1c], 3","mov dword [var_24h], 3",c745e403000000,cpu,mov,False,268435465,0,,,3.0,,,,,
16784186,"eax,0x10,rbp,-,=[4]",True,16784048,16784321,3,"mov dword [rbp - 0x10], eax","mov dword [var_18h], eax",8945f0,cpu,mov,False,268435465,0,,,,,,,,
16784189,"0x1001aeb,rip,=",False,16784048,16784322,2,jmp 0x1001aeb,jmp 0x1001aeb,ebac,cpu,jmp,False,1,0,,,,16784107.0,,,"[{'addr': 16784107, 'type': 'CODE'}]",
16784191,"0x10,rbp,-,[4],rax,=",True,16784048,16784321,3,"mov eax, dword [rbp - 0x10]","mov eax, dword [var_18h]",8b45f0,cpu,mov,False,9,0,['case.0x1001ae7.3'],"[{'addr': 16784103, 'type': 'CODE'}]",,,,,,
16784194,"eax,0x14,rbp,-,=[4]",True,16784048,16784321,3,"mov dword [rbp - 0x14], eax","mov dword [var_1ch], eax",8945ec,cpu,mov,False,268435465,0,,,,,,,,
16784197,"4,rax,=",False,16784048,16784319,5,"mov eax, 4","mov eax, 4",b804000000,cpu,mov,False,9,0,,,4.0,,,,,
16784202,"5,rcx,=",False,16784048,16784319,5,"mov ecx, 5","mov ecx, 5",b905000000,cpu,mov,False,9,0,,,5.0,,,,,
16784207,"1000,0x14,rbp,-,[4],==,$z,zf,:=,32,$b,cf,:=,$p,pf,:=,31,$s,sf,:=,1000,0x80000000,-,!,31,$o,^,of,:=,3,$b,af,:=",True,16784048,16784317,7,"cmp dword [rbp - 0x14], 0x3e8","cmp dword [var_1ch], 0x3e8",817dece8030000,cpu,cmp,False,268435471,0,,,1000.0,,,,,
16784214,"zf,!,sf,of,^,!,&,?{,ecx,eax,=,}",False,16784048,16784321,3,"cmovg eax, ecx","cmovg eax, ecx",0f4fc1,cpu,cmov,False,2147483657,0,,,,,,,,
16784217,"eax,0x1c,rbp,-,=[4]",True,16784048,16784321,3,"mov dword [rbp - 0x1c], eax","mov dword [var_24h], eax",8945e4,cpu,mov,False,268435465,0,,,,,,,,
16784220,"1,0xc,rbp,-,=[4]",True,16784048,16784317,7,"mov dword [rbp - 0xc], 1","mov dword [var_14h], 1",c745f401000000,cpu,mov,False,268435465,0,,,1.0,,,,,
16784227,"1,0x8,rbp,-,=[4]",True,16784048,16784317,7,"mov dword [rbp - 8], 1","mov dword [var_10h], 1",c745f801000000,cpu,mov,False,268435465,0,,,1.0,,,,,
16784234,"0x1001aeb,rip,=",False,16784048,16784319,5,jmp 0x1001aeb,jmp 0x1001aeb,e97cffffff,cpu,jmp,False,1,0,,,,16784107.0,,,"[{'addr': 16784107, 'type': 'CODE'}]",
16784239,"6,rax,=",False,16784048,16784319,5,"mov eax, 6","mov eax, 6",b806000000,cpu,mov,False,9,0,['case.0x1001ae7.4'],"[{'addr': 16784103, 'type': 'CODE'}]",6.0,,,,,
16784244,"5,rcx,=",False,16784048,16784319,5,"mov ecx, 5","mov ecx, 5",b905000000,cpu,mov,False,9,0,,,5.0,,,,,
16784249,"4294966796,0x14,rbp,-,[4],==,$z,zf,:=,32,$b,cf,:=,$p,pf,:=,31,$s,sf,:=,4294966796,0x80000000,-,!,31,$o,^,of,:=,3,$b,af,:=",True,16784048,16784317,7,"cmp dword [rbp - 0x14], 0xfffffe0c","cmp dword [var_1ch], 0xfffffe0c",817dec0cfeffff,cpu,cmp,False,268435471,0,,,4294966796.0,,,,,
16784256,"sf,of,^,?{,ecx,eax,=,}",False,16784048,16784321,3,"cmovl eax, ecx","cmovl eax, ecx",0f4cc1,cpu,cmov,False,2147483657,0,,,,,,,,
16784259,"eax,0x1c,rbp,-,=[4]",True,16784048,16784321,3,"mov dword [rbp - 0x1c], eax","mov dword [var_24h], eax",8945e4,cpu,mov,False,268435465,0,,,,,,,,
16784262,"4294967294,0xc,rbp,-,=[4]",True,16784048,16784317,7,"mov dword [rbp - 0xc], 0xfffffffe","mov dword [var_14h], 0xfffffffe",c745f4feffffff,cpu,mov,False,268435465,0,,,4294967294.0,,,4294967294.0,,
16784269,"4294967295,0x8,rbp,-,=[4]",True,16784048,16784317,7,"mov dword [rbp - 8], 0xffffffff","mov dword [var_10h], 0xffffffff",c745f8ffffffff,cpu,mov,False,268435465,0,,,4294967295.0,,,4294967295.0,,
16784276,"0,0x4,rbp,-,=[4]",True,16784048,16784317,7,"mov dword [rbp - 4], 0","mov dword [var_ch], 0",c745fc00000000,cpu,mov,False,268435465,0,,,0.0,,,,,
16784283,"0x1001aeb,rip,=",False,16784048,16784319,5,jmp 0x1001aeb,jmp 0x1001aeb,e94bffffff,cpu,jmp,False,1,0,,,,16784107.0,,,"[{'addr': 16784107, 'type': 'CODE'}]",
16784288,"0x28,rbp,-,[8],rcx,=",True,16784048,16784320,4,"mov rcx, qword [rbp - 0x28]","mov rcx, qword [var_30h]",488b4dd8,cpu,mov,False,9,0,['case.0x1001ae7.5'],"[{'addr': 16784103, 'type': 'CODE'}]",,,,,,
16784292,"0x8,rbp,-,[4],rax,=",True,16784048,16784321,3,"mov eax, dword [rbp - 8]","mov eax, dword [var_10h]",8b45f8,cpu,mov,False,9,0,,,,,,,,
16784295,"0xc,rbp,-,[4],rdx,=",True,16784048,16784321,3,"mov edx, dword [rbp - 0xc]","mov edx, dword [var_14h]",8b55f4,cpu,mov,False,9,0,,,,,,,,
16784298,"0x8,rcx,+,[4],edx,+=,31,$o,of,:=,31,$s,sf,:=,$z,zf,:=,31,$c,cf,:=,$p,pf,:=,3,$c,af,:=",True,16784048,16784321,3,"add edx, dword [rcx + 8]","add edx, dword [rcx + 8]",035108,cpu,add,False,17,0,,,,,,,,
16784301,"edx,0x8,rcx,+,=[4]",True,16784048,16784321,3,"mov dword [rcx + 8], edx","mov dword [rcx + 8], edx",895108,cpu,mov,False,9,0,,,,,,,,
16784304,"6,0x1c,rbp,-,=[4]",True,16784048,16784317,7,"mov dword [rbp - 0x1c], 6","mov dword [var_24h], 6",c745e406000000,cpu,mov,False,268435465,0,,,6.0,,,,,
16784311,"eax,0x4,rbp,-,=[4]",True,16784048,16784321,3,"mov dword [rbp - 4], eax","mov dword [var_ch], eax",8945fc,cpu,mov,False,268435465,0,,,,,,,,
16784314,"0x1001aeb,rip,=",False,16784048,16784319,5,jmp 0x1001aeb,jmp 0x1001aeb,e92cffffff,cpu,jmp,False,1,0,,,,16784107.0,,,"[{'addr': 16784107, 'type': 'CODE'}]",
16784319,"0x4,rbp,-,[4],rax,=",True,16784048,16784321,3,"mov eax, dword [rbp - 4]","mov eax, dword [var_ch]",8b45fc,cpu,mov,False,9,0,['case.0x1001ae7.6'],"[{'addr': 16784103, 'type': 'CODE'}]",,,,,,
16784322,"rsp,[8],8,rsp,+=,rbp,=",False,16784048,16784323,1,pop rbp,pop rbp,5d,cpu,pop,False,14,0,,,,,,,,
16784323,"rsp,[8],rip,=,8,rsp,+=",False,16784048,16784323,1,ret,ret,c3,cpu,ret,False,5,0,,,,,,,,
