offset,esil,refptr,fcn_addr,fcn_last,size,opcode,disasm,bytes,family,type,reloc,type_num,type2_num,flags,xrefs_to,val,jump,fail,ptr,xrefs_from,comment
16784336,"rbp,8,rsp,-,=[8],8,rsp,-=",False,16784336,16784557,1,push rbp,push rbp,55,cpu,rpush,False,268435468,0,['sym.mutate_state'],"[{'addr': 16783625, 'type': 'CALL'}]",,,,,,
16784337,"rsp,rbp,=",False,16784336,16784555,3,"mov rbp, rsp","mov rbp, rsp",4889e5,cpu,mov,False,9,0,,,,,,,,
16784340,"rdi,0x20,rbp,-,=[8]",True,16784336,16784554,4,"mov qword [rbp - 0x20], rdi","mov qword [var_28h], rdi",48897de0,cpu,mov,False,268435465,0,,,,,,,,
16784344,"esi,0x18,rbp,-,=[4]",True,16784336,16784555,3,"mov dword [rbp - 0x18], esi","mov dword [var_20h], esi",8975e8,cpu,mov,False,268435465,0,,,,,,,,
16784347,"0x4,rdi,+,[4],rax,=",True,16784336,16784555,3,"mov eax, dword [rdi + 4]","mov eax, dword [rdi + 4]",8b4704,cpu,mov,False,9,0,,,,,,,,
16784350,"0x8,rdi,+,[4],rcx,=",True,16784336,16784555,3,"mov ecx, dword [rdi + 8]","mov ecx, dword [rdi + 8]",8b4f08,cpu,mov,False,9,0,,,,,,,,
16784353,"ecx,0x10,rbp,-,=[4]",True,16784336,16784555,3,"mov dword [rbp - 0x10], ecx","mov dword [var_18h], ecx",894df0,cpu,mov,False,268435465,0,,,,,,,,
16784356,"0x10,rbp,-,[4],eax,+=,31,$o,of,:=,31,$s,sf,:=,$z,zf,:=,31,$c,cf,:=,$p,pf,:=,3,$c,af,:=",True,16784336,16784555,3,"add eax, dword [rbp - 0x10]","add eax, dword [var_18h]",0345f0,cpu,add,False,17,0,,,,,,,,
16784359,"2,esi,+=,31,$o,of,:=,31,$s,sf,:=,$z,zf,:=,31,$c,cf,:=,$p,pf,:=,3,$c,af,:=",False,16784336,16784555,3,"add esi, 2","add esi, 2",83c602,cpu,add,False,17,0,,,2.0,,,,,
16784362,"0,edx,=,31,eax,>>,?{,0xffffffff,edx,=,}",False,16784336,16784557,1,cdq,cdq,99,cpu,null,False,0,0,,,,,,,,
16784363,"32,esi,~,32,edx,<<,eax,+,~%,32,esi,~,32,edx,<<,eax,+,~/,eax,=,edx,=",False,16784336,16784556,2,idiv esi,idiv esi,f7fe,cpu,div,False,21,0,,,,,,,,
16784365,"edx,0xc,rbp,-,=[4]",True,16784336,16784555,3,"mov dword [rbp - 0xc], edx","mov dword [var_14h], edx",8955f4,cpu,mov,False,268435465,0,,,,,,,,
16784368,"0,0x14,rbp,-,=[4]",True,16784336,16784551,7,"mov dword [rbp - 0x14], 0","mov dword [var_1ch], 0",c745ec00000000,cpu,mov,False,268435465,0,,,0.0,,,,,
16784375,"0x14,rbp,-,[4],rax,=",True,16784336,16784555,3,"mov eax, dword [rbp - 0x14]","mov eax, dword [var_1ch]",8b45ec,cpu,mov,False,9,0,,"[{'addr': 16784410, 'type': 'CODE'}]",,,,,,
16784378,"rax,0x28,rbp,-,=[8]",True,16784336,16784554,4,"mov qword [rbp - 0x28], rax","mov qword [var_30h], rax",488945d8,cpu,mov,False,268435465,0,,,,,,,,
16784382,"5,rax,-=,5,0x8000000000000000,-,!,63,$o,^,of,:=,63,$s,sf,:=,$z,zf,:=,$p,pf,:=,64,$b,cf,:=,3,$b,af,:=",False,16784336,16784554,4,"sub rax, 5","sub rax, 5",4883e805,cpu,sub,False,18,0,,,5.0,,,,,
16784386,"cf,zf,|,!,?{,16784408,rip,=,}",False,16784336,16784556,2,ja 0x1001c18,ja 0x1001c18,7714,cpu,cjmp,False,2147483649,0,,,,16784408.0,16784388.0,,,
16784388,"0x28,rbp,-,[8],rax,=",True,16784336,16784554,4,"mov rax, qword [rbp - 0x28]","mov rax, qword [var_30h]",488b45d8,cpu,mov,False,9,0,,,,,,,,
16784392,"0x178b,rip,-,rcx,=",True,16784336,16784551,7,"lea rcx, [rip - 0x178b]","lea rcx, data.01000484",488d0d75e8ffff,cpu,lea,False,33,0,,,,,,16778372.0,"[{'addr': 16778372, 'type': 'DATA'}]",
16784399,"32,rax,4,*,rcx,+,[4],~,rax,=",True,16784336,16784554,4,"movsxd rax, dword [rcx + rax*4]","movsxd rax, dword [rcx + rax*4]",48630481,cpu,mov,False,9,0,,,,,,,,
16784403,"rcx,rax,+=,63,$o,of,:=,63,$s,sf,:=,$z,zf,:=,63,$c,cf,:=,$p,pf,:=,3,$c,af,:=",False,16784336,16784555,3,"add rax, rcx","add rax, rcx",4801c8,cpu,add,False,17,0,,,,,,,,
16784406,"rax,rip,=",False,16784336,16784556,2,jmp rax,jmp rax,ffe0,cpu,rjmp,False,268435458,0,['switch.0x01001c16'],,,,,,"[{'addr': 16784412, 'type': 'CODE'}, {'addr': 16784434, 'type': 'CODE'}, {'addr': 16784462, 'type': 'CODE'}, {'addr': 16784503, 'type': 'CODE'}, {'addr': 16784531, 'type': 'CODE'}, {'addr': 16784556, 'type': 'CODE'}]",c3dpdGNoIHRhYmxlICg2IGNhc2VzKSBhdCAweDEwMDA0ODQ=
16784408,"0x1001c1a,rip,=",False,16784336,16784556,2,jmp 0x1001c1a,jmp 0x1001c1a,eb00,cpu,jmp,False,1,0,,,,16784410.0,,,"[{'addr': 16784410, 'type': 'CODE'}]",
16784410,"0x1001bf7,rip,=",False,16784336,16784556,2,jmp 0x1001bf7,jmp 0x1001bf7,ebdb,cpu,jmp,False,1,0,,"[{'addr': 16784408, 'type': 'CODE'}, {'addr': 16784432, 'type': 'CODE'}, {'addr': 16784460, 'type': 'CODE'}, {'addr': 16784501, 'type': 'CODE'}, {'addr': 16784529, 'type': 'CODE'}, {'addr': 16784551, 'type': 'CODE'}]",,16784375.0,,,"[{'addr': 16784375, 'type': 'CODE'}]",
16784412,"2,rax,=",False,16784336,16784553,5,"mov eax, 2","mov eax, 2",b802000000,cpu,mov,False,9,0,['case.0x1001c16.0'],"[{'addr': 16784406, 'type': 'CODE'}]",2.0,,,,,
16784417,"1,rcx,=",False,16784336,16784553,5,"mov ecx, 1","mov ecx, 1",b901000000,cpu,mov,False,9,0,,,1.0,,,,,
16784422,"0,0xc,rbp,-,[4],==,$z,zf,:=,32,$b,cf,:=,$p,pf,:=,31,$s,sf,:=,0,0x80000000,-,!,31,$o,^,of,:=,3,$b,af,:=",True,16784336,16784554,4,"cmp dword [rbp - 0xc], 0","cmp dword [var_14h], 0",837df400,cpu,cmp,False,268435471,0,,,0.0,,,,,
16784426,"zf,?{,ecx,eax,=,}",False,16784336,16784555,3,"cmove eax, ecx","cmove eax, ecx",0f44c1,cpu,cmov,False,2147483657,0,,,,,,,,
16784429,"eax,0x14,rbp,-,=[4]",True,16784336,16784555,3,"mov dword [rbp - 0x14], eax","mov dword [var_1ch], eax",8945ec,cpu,mov,False,268435465,0,,,,,,,,
16784432,"0x1001c1a,rip,=",False,16784336,16784556,2,jmp 0x1001c1a,jmp 0x1001c1a,ebe8,cpu,jmp,False,1,0,,,,16784410.0,,,"[{'addr': 16784410, 'type': 'CODE'}]",
16784434,"0x20,rbp,-,[8],rcx,=",True,16784336,16784554,4,"mov rcx, qword [rbp - 0x20]","mov rcx, qword [var_28h]",488b4de0,cpu,mov,False,9,0,['case.0x1001c16.1'],"[{'addr': 16784406, 'type': 'CODE'}]",,,,,,
16784438,"0x18,rbp,-,[4],rax,=",True,16784336,16784555,3,"mov eax, dword [rbp - 0x18]","mov eax, dword [var_20h]",8b45e8,cpu,mov,False,9,0,,,,,,,,
16784441,"32,3,~,32,eax,~,*,DUP,eax,=,eax,-,?{,1,1,}{,0,0,},cf,:=,of,:=",False,16784336,16784555,3,"imul eax, eax, 3","imul eax, eax, 3",6bc003,cpu,mul,False,20,0,,,,,,,,
16784444,"0xc,rcx,+,[4],rax,^,0xffffffff,&,rax,=,$z,zf,:=,$p,pf,:=,31,$s,sf,:=,0,cf,:=,0,of,:=",True,16784336,16784555,3,"xor eax, dword [rcx + 0xc]","xor eax, dword [rcx + 0xc]",33410c,cpu,xor,False,28,0,,,,,,,,
16784447,"eax,0xc,rcx,+,=[4]",True,16784336,16784555,3,"mov dword [rcx + 0xc], eax","mov dword [rcx + 0xc], eax",89410c,cpu,mov,False,9,0,,,,,,,,
16784450,"3,0x14,rbp,-,=[4]",True,16784336,16784551,7,"mov dword [rbp - 0x14], 3","mov dword [var_1ch], 3",c745ec03000000,cpu,mov,False,268435465,0,,,3.0,,,,,
16784457,"eax,0x4,rbp,-,=[4]",True,16784336,16784555,3,"mov dword [rbp - 4], eax","mov dword [var_ch], eax",8945fc,cpu,mov,False,268435465,0,,,,,,,,
16784460,"0x1001c1a,rip,=",False,16784336,16784556,2,jmp 0x1001c1a,jmp 0x1001c1a,ebcc,cpu,jmp,False,1,0,,,,16784410.0,,,"[{'addr': 16784410, 'type': 'CODE'}]",
16784462,"0x20,rbp,-,[8],rax,=",True,16784336,16784554,4,"mov rax, qword [rbp - 0x20]","mov rax, qword [var_28h]",488b45e0,cpu,mov,False,9,0,['case.0x1001c16.2'],"[{'addr': 16784406, 'type': 'CODE'}]",,,,,,
16784466,"0x18,rbp,-,[4],rcx,=",True,16784336,16784555,3,"mov ecx, dword [rbp - 0x18]","mov ecx, dword [var_20h]",8b4de8,cpu,mov,False,9,0,,,,,,,,
16784469,"rax,[4],rax,=",True,16784336,16784556,2,"mov eax, dword [rax]","mov eax, dword [rax]",8b00,cpu,mov,False,9,0,,,,,,,,
16784471,"32,eax,~,32,0x10,rbp,-,[4],~,*,DUP,eax,=,eax,-,?{,1,1,}{,0,0,},cf,:=,of,:=",False,16784336,16784554,4,"imul eax, dword [rbp - 0x10]","imul eax, dword [var_18h]",0faf45f0,cpu,mul,False,20,0,,,,,,,,
16784475,"5,ecx,+=,31,$o,of,:=,31,$s,sf,:=,$z,zf,:=,31,$c,cf,:=,$p,pf,:=,3,$c,af,:=",False,16784336,16784555,3,"add ecx, 5","add ecx, 5",83c105,cpu,add,False,17,0,,,5.0,,,,,
16784478,"0,edx,=,31,eax,>>,?{,0xffffffff,edx,=,}",False,16784336,16784557,1,cdq,cdq,99,cpu,null,False,0,0,,,,,,,,
16784479,"32,ecx,~,32,edx,<<,eax,+,~%,32,ecx,~,32,edx,<<,eax,+,~/,eax,=,edx,=",False,16784336,16784556,2,idiv ecx,idiv ecx,f7f9,cpu,div,False,21,0,,,,,,,,
16784481,"0x20,rbp,-,[8],rax,=",True,16784336,16784554,4,"mov rax, qword [rbp - 0x20]","mov rax, qword [var_28h]",488b45e0,cpu,mov,False,9,0,,,,,,,,
16784485,"0xc,rax,+,[4],edx,+=,31,$o,of,:=,31,$s,sf,:=,$z,zf,:=,31,$c,cf,:=,$p,pf,:=,3,$c,af,:=",True,16784336,16784555,3,"add edx, dword [rax + 0xc]","add edx, dword [rax + 0xc]",03500c,cpu,add,False,17,0,,,,,,,,
16784488,"edx,0xc,rax,+,=[4]",True,16784336,16784555,3,"mov dword [rax + 0xc], edx","mov dword [rax + 0xc], edx",89500c,cpu,mov,False,9,0,,,,,,,,
16784491,"3,0x14,rbp,-,=[4]",True,16784336,16784551,7,"mov dword [rbp - 0x14], 3","mov dword [var_1ch], 3",c745ec03000000,cpu,mov,False,268435465,0,,,3.0,,,,,
16784498,"edx,0x4,rbp,-,=[4]",True,16784336,16784555,3,"mov dword [rbp - 4], edx","mov dword [var_ch], edx",8955fc,cpu,mov,False,268435465,0,,,,,,,,
16784501,"0x1001c1a,rip,=",False,16784336,16784556,2,jmp 0x1001c1a,jmp 0x1001c1a,eba3,cpu,jmp,False,1,0,,,,16784410.0,,,"[{'addr': 16784410, 'type': 'CODE'}]",
16784503,"0x4,rbp,-,[4],rax,=",True,16784336,16784555,3,"mov eax, dword [rbp - 4]","mov eax, dword [var_ch]",8b45fc,cpu,mov,False,9,0,['case.0x1001c16.3'],"[{'addr': 16784406, 'type': 'CODE'}]",,,,,,
16784506,"eax,0x8,rbp,-,=[4]",True,16784336,16784555,3,"mov dword [rbp - 8], eax","mov dword [var_10h], eax",8945f8,cpu,mov,False,268435465,0,,,,,,,,
16784509,"5,rax,=",False,16784336,16784553,5,"mov eax, 5","mov eax, 5",b805000000,cpu,mov,False,9,0,,,5.0,,,,,
16784514,"4,rcx,=",False,16784336,16784553,5,"mov ecx, 4","mov ecx, 4",b904000000,cpu,mov,False,9,0,,,4.0,,,,,
16784519,"0,0x8,rbp,-,[4],==,$z,zf,:=,32,$b,cf,:=,$p,pf,:=,31,$s,sf,:=,0,0x80000000,-,!,31,$o,^,of,:=,3,$b,af,:=",True,16784336,16784554,4,"cmp dword [rbp - 8], 0","cmp dword [var_10h], 0",837df800,cpu,cmp,False,268435471,0,,,0.0,,,,,
16784523,"sf,of,^,?{,ecx,eax,=,}",False,16784336,16784555,3,"cmovl eax, ecx","cmovl eax, ecx",0f4cc1,cpu,cmov,False,2147483657,0,,,,,,,,
16784526,"eax,0x14,rbp,-,=[4]",True,16784336,16784555,3,"mov dword [rbp - 0x14], eax","mov dword [var_1ch], eax",8945ec,cpu,mov,False,268435465,0,,,,,,,,
16784529,"0x1001c1a,rip,=",False,16784336,16784556,2,jmp 0x1001c1a,jmp 0x1001c1a,eb87,cpu,jmp,False,1,0,,,,16784410.0,,,"[{'addr': 16784410, 'type': 'CODE'}]",
16784531,"0x20,rbp,-,[8],rax,=",True,16784336,16784554,4,"mov rax, qword [rbp - 0x20]","mov rax, qword [var_28h]",488b45e0,cpu,mov,False,9,0,['case.0x1001c16.4'],"[{'addr': 16784406, 'type': 'CODE'}]",,,,,,
16784535,"0x8,rbp,-,[4],rcx,=",True,16784336,16784555,3,"mov ecx, dword [rbp - 8]","mov ecx, dword [var_10h]",8b4df8,cpu,mov,False,9,0,,,,,,,,
16784538,"4294967295,rcx,^,0xffffffff,&,rcx,=,$z,zf,:=,$p,pf,:=,31,$s,sf,:=,0,cf,:=,0,of,:=",False,16784336,16784555,3,"xor ecx, 0xffffffff","xor ecx, 0xffffffff",83f1ff,cpu,xor,False,28,0,,,4294967295.0,,,4294967295.0,,
16784541,"ecx,0xc,rax,+,=[4]",True,16784336,16784555,3,"mov dword [rax + 0xc], ecx","mov dword [rax + 0xc], ecx",89480c,cpu,mov,False,9,0,,,,,,,,
16784544,"5,0x14,rbp,-,=[4]",True,16784336,16784551,7,"mov dword [rbp - 0x14], 5","mov dword [var_1ch], 5",c745ec05000000,cpu,mov,False,268435465,0,,,5.0,,,,,
16784551,"0x1001c1a,rip,=",False,16784336,16784553,5,jmp 0x1001c1a,jmp 0x1001c1a,e96effffff,cpu,jmp,False,1,0,,,,16784410.0,,,"[{'addr': 16784410, 'type': 'CODE'}]",
16784556,"rsp,[8],8,rsp,+=,rbp,=",False,16784336,16784557,1,pop rbp,pop rbp,5d,cpu,pop,False,14,0,['case.0x1001c16.5'],"[{'addr': 16784406, 'type': 'CODE'}]",,,,,,
16784557,"rsp,[8],rip,=,8,rsp,+=",False,16784336,16784557,1,ret,ret,c3,cpu,ret,False,5,0,,,,,,,,
