offset,esil,refptr,fcn_addr,fcn_last,size,opcode,disasm,bytes,family,type,reloc,type_num,type2_num,flags,xrefs_to,val,jump,fail,ptr,xrefs_from,comment
16783072,"rbp,8,rsp,-,=[8],8,rsp,-=",False,16783072,16783342,1,push rbp,push rbp,55,cpu,rpush,False,268435468,0,"['main', 'sym.main']","[{'addr': 16783053, 'type': 'DATA'}]",,,,,,
16783073,"rsp,rbp,=",False,16783072,16783340,3,"mov rbp, rsp","mov rbp, rsp",4889e5,cpu,mov,False,9,0,,,,,,,,
16783076,"64,rsp,-=,64,0x8000000000000000,-,!,63,$o,^,of,:=,63,$s,sf,:=,$z,zf,:=,$p,pf,:=,64,$b,cf,:=,3,$b,af,:=",False,16783072,16783339,4,"sub rsp, 0x40","sub rsp, 0x40",4883ec40,cpu,sub,False,18,0,,,64.0,,,,,
16783080,"edi,0x2c,rbp,-,=[4]",True,16783072,16783340,3,"mov dword [rbp - 0x2c], edi","mov dword [var_34h], edi",897dd4,cpu,mov,False,268435465,0,,,,,,,,
16783083,"rsi,0x28,rbp,-,=[8]",True,16783072,16783339,4,"mov qword [rbp - 0x28], rsi","mov qword [endptr], rsi",488975d8,cpu,mov,False,268435465,0,,,,,,,,
16783087,"0,0x8,rbp,-,=[4]",True,16783072,16783336,7,"mov dword [rbp - 8], 0","mov dword [var_10h], 0",c745f800000000,cpu,mov,False,268435465,0,,,0.0,,,,,
16783094,"0x8,rbp,-,[4],rax,=",True,16783072,16783340,3,"mov eax, dword [rbp - 8]","mov eax, dword [var_10h]",8b45f8,cpu,mov,False,9,0,,"[{'addr': 16783129, 'type': 'CODE'}]",,,,,,
16783097,"rax,0x38,rbp,-,=[8]",True,16783072,16783339,4,"mov qword [rbp - 0x38], rax","mov qword [var_40h], rax",488945c8,cpu,mov,False,268435465,0,,,,,,,,
16783101,"3,rax,-=,3,0x8000000000000000,-,!,63,$o,^,of,:=,63,$s,sf,:=,$z,zf,:=,$p,pf,:=,64,$b,cf,:=,3,$b,af,:=",False,16783072,16783339,4,"sub rax, 3","sub rax, 3",4883e803,cpu,sub,False,18,0,,,3.0,,,,,
16783105,"cf,zf,|,!,?{,16783127,rip,=,}",False,16783072,16783341,2,ja 0x1001717,ja 0x1001717,7714,cpu,cjmp,False,2147483649,0,,,,16783127.0,16783107.0,,,
16783107,"0x38,rbp,-,[8],rax,=",True,16783072,16783339,4,"mov rax, qword [rbp - 0x38]","mov rax, qword [var_40h]",488b45c8,cpu,mov,False,9,0,,,,,,,,
16783111,"0x12d2,rip,-,rcx,=",True,16783072,16783336,7,"lea rcx, [rip - 0x12d2]","lea rcx, data.0100043c",488d0d2eedffff,cpu,lea,False,33,0,,,,,,16778300.0,"[{'addr': 16778300, 'type': 'DATA'}]",
16783118,"32,rax,4,*,rcx,+,[4],~,rax,=",True,16783072,16783339,4,"movsxd rax, dword [rcx + rax*4]","movsxd rax, dword [rcx + rax*4]",48630481,cpu,mov,False,9,0,,,,,,,,
16783122,"rcx,rax,+=,63,$o,of,:=,63,$s,sf,:=,$z,zf,:=,63,$c,cf,:=,$p,pf,:=,3,$c,af,:=",False,16783072,16783340,3,"add rax, rcx","add rax, rcx",4801c8,cpu,add,False,17,0,,,,,,,,
16783125,"rax,rip,=",False,16783072,16783341,2,jmp rax,jmp rax,ffe0,cpu,rjmp,False,268435458,0,['switch.0x01001715'],,,,,,"[{'addr': 16783131, 'type': 'CODE'}, {'addr': 16783155, 'type': 'CODE'}, {'addr': 16783192, 'type': 'CODE'}, {'addr': 16783334, 'type': 'CODE'}]",c3dpdGNoIHRhYmxlICg0IGNhc2VzKSBhdCAweDEwMDA0M2M=
16783127,"0x1001719,rip,=",False,16783072,16783341,2,jmp 0x1001719,jmp 0x1001719,eb00,cpu,jmp,False,1,0,,,,16783129.0,,,"[{'addr': 16783129, 'type': 'CODE'}]",
16783129,"0x10016f6,rip,=",False,16783072,16783341,2,jmp 0x10016f6,jmp 0x10016f6,ebdb,cpu,jmp,False,1,0,,"[{'addr': 16783127, 'type': 'CODE'}, {'addr': 16783153, 'type': 'CODE'}, {'addr': 16783190, 'type': 'CODE'}, {'addr': 16783329, 'type': 'CODE'}]",,16783094.0,,,"[{'addr': 16783094, 'type': 'CODE'}]",
16783131,"0x2c,rbp,-,[4],rdx,=",True,16783072,16783340,3,"mov edx, dword [rbp - 0x2c]","mov edx, dword [var_34h]",8b55d4,cpu,mov,False,9,0,['case.0x1001715.0'],"[{'addr': 16783125, 'type': 'CODE'}]",,,,,,
16783134,"1,rax,=",False,16783072,16783338,5,"mov eax, 1","mov eax, 1",b801000000,cpu,mov,False,9,0,,,1.0,,,,,
16783139,"2,rcx,=",False,16783072,16783338,5,"mov ecx, 2","mov ecx, 2",b902000000,cpu,mov,False,9,0,,,2.0,,,,,
16783144,"5,edx,==,$z,zf,:=,32,$b,cf,:=,$p,pf,:=,31,$s,sf,:=,5,0x80000000,-,!,31,$o,^,of,:=,3,$b,af,:=",False,16783072,16783340,3,"cmp edx, 5","cmp edx, 5",83fa05,cpu,cmp,False,15,0,,,5.0,,,5.0,,
16783147,"zf,?{,ecx,eax,=,}",False,16783072,16783340,3,"cmove eax, ecx","cmove eax, ecx",0f44c1,cpu,cmov,False,2147483657,0,,,,,,,,
16783150,"eax,0x8,rbp,-,=[4]",True,16783072,16783340,3,"mov dword [rbp - 8], eax","mov dword [var_10h], eax",8945f8,cpu,mov,False,268435465,0,,,,,,,,
16783153,"0x1001719,rip,=",False,16783072,16783341,2,jmp 0x1001719,jmp 0x1001719,ebe6,cpu,jmp,False,1,0,,,,16783129.0,,,"[{'addr': 16783129, 'type': 'CODE'}]",
16783155,"0x28,rbp,-,[8],rax,=",True,16783072,16783339,4,"mov rax, qword [rbp - 0x28]","mov rax, qword [endptr]",488b45d8,cpu,mov,False,9,0,['case.0x1001715.1'],"[{'addr': 16783125, 'type': 'CODE'}]",,,,,,
16783159,"rax,[8],rsi,=",True,16783072,16783340,3,"mov rsi, qword [rax]","mov rsi, qword [rax]",488b30,cpu,mov,False,9,0,,,,,,,,
16783162,"0x1295,rip,-,rdi,=",True,16783072,16783336,7,"lea rdi, [rip - 0x1295]","lea rdi, str.Usage:__s__int1___int2___int3___int4",488d3d6bedffff,cpu,lea,False,33,0,,,,,,16778412.0,"[{'addr': 16778412, 'type': 'DATA'}]",
16783169,"0,al,=",False,16783072,16783341,2,"mov al, 0","mov al, 0",b000,cpu,mov,False,9,0,,,0.0,,,,,
16783171,"16784912,rip,8,rsp,-=,rsp,=[],rip,=",False,16783072,16783338,5,call 0x1001e10,call sym.imp.printf,e8c8060000,cpu,call,False,3,0,,,,16784912.0,16783176.0,,"[{'addr': 16784912, 'type': 'CALL'}]",
16783176,"3,0x8,rbp,-,=[4]",True,16783072,16783336,7,"mov dword [rbp - 8], 3","mov dword [var_10h], 3",c745f803000000,cpu,mov,False,268435465,0,,,3.0,,,,,
16783183,"1,0x4,rbp,-,=[4]",True,16783072,16783336,7,"mov dword [rbp - 4], 1","mov dword [var_ch], 1",c745fc01000000,cpu,mov,False,268435465,0,,,1.0,,,,,
16783190,"0x1001719,rip,=",False,16783072,16783341,2,jmp 0x1001719,jmp 0x1001719,ebc1,cpu,jmp,False,1,0,,,,16783129.0,,,"[{'addr': 16783129, 'type': 'CODE'}]",
16783192,"0x28,rbp,-,[8],rax,=",True,16783072,16783339,4,"mov rax, qword [rbp - 0x28]","mov rax, qword [endptr]",488b45d8,cpu,mov,False,9,0,['case.0x1001715.2'],"[{'addr': 16783125, 'type': 'CODE'}]",,,,,,
16783196,"0x8,rax,+,[8],rdi,=",True,16783072,16783339,4,"mov rdi, qword [rax + 8]","mov rdi, qword [rax + 8]",488b7808,cpu,mov,False,9,0,,,,,,,,
16783200,"eax,rax,^,0xffffffff,&,rax,=,$z,zf,:=,$p,pf,:=,31,$s,sf,:=,0,cf,:=,0,of,:=",False,16783072,16783341,2,"xor eax, eax","xor eax, eax",31c0,cpu,xor,False,28,0,,,,,,,,
16783202,"eax,rsi,=",False,16783072,16783341,2,"mov esi, eax","mov esi, eax",89c6,cpu,mov,False,9,0,,,,,,,,
16783204,"10,rdx,=",False,16783072,16783338,5,"mov edx, 0xa","mov edx, 0xa",ba0a000000,cpu,mov,False,9,0,,,10.0,,,,,
16783209,"16784928,rip,8,rsp,-=,rsp,=[],rip,=",False,16783072,16783338,5,call 0x1001e20,call sym.imp.strtol,e8b2060000,cpu,call,False,3,0,,,,16784928.0,16783214.0,,"[{'addr': 16784928, 'type': 'CALL'}]",
16783214,"rax,rcx,=",False,16783072,16783340,3,"mov rcx, rax","mov rcx, rax",4889c1,cpu,mov,False,9,0,,,,,,,,
16783217,"0x28,rbp,-,[8],rax,=",True,16783072,16783339,4,"mov rax, qword [rbp - 0x28]","mov rax, qword [endptr]",488b45d8,cpu,mov,False,9,0,,,,,,,,
16783221,"ecx,0x20,rbp,-,=[4]",True,16783072,16783340,3,"mov dword [rbp - 0x20], ecx","mov dword [var_28h], ecx",894de0,cpu,mov,False,268435465,0,,,,,,,,
16783224,"0x10,rax,+,[8],rdi,=",True,16783072,16783339,4,"mov rdi, qword [rax + 0x10]","mov rdi, qword [rax + 0x10]",488b7810,cpu,mov,False,9,0,,,,,,,,
16783228,"eax,rax,^,0xffffffff,&,rax,=,$z,zf,:=,$p,pf,:=,31,$s,sf,:=,0,cf,:=,0,of,:=",False,16783072,16783341,2,"xor eax, eax","xor eax, eax",31c0,cpu,xor,False,28,0,,,,,,,,
16783230,"eax,rsi,=",False,16783072,16783341,2,"mov esi, eax","mov esi, eax",89c6,cpu,mov,False,9,0,,,,,,,,
16783232,"10,rdx,=",False,16783072,16783338,5,"mov edx, 0xa","mov edx, 0xa",ba0a000000,cpu,mov,False,9,0,,,10.0,,,,,
16783237,"16784928,rip,8,rsp,-=,rsp,=[],rip,=",False,16783072,16783338,5,call 0x1001e20,call sym.imp.strtol,e896060000,cpu,call,False,3,0,,,,16784928.0,16783242.0,,"[{'addr': 16784928, 'type': 'CALL'}]",
16783242,"rax,rcx,=",False,16783072,16783340,3,"mov rcx, rax","mov rcx, rax",4889c1,cpu,mov,False,9,0,,,,,,,,
16783245,"0x28,rbp,-,[8],rax,=",True,16783072,16783339,4,"mov rax, qword [rbp - 0x28]","mov rax, qword [endptr]",488b45d8,cpu,mov,False,9,0,,,,,,,,
16783249,"ecx,0x1c,rbp,-,=[4]",True,16783072,16783340,3,"mov dword [rbp - 0x1c], ecx","mov dword [var_24h], ecx",894de4,cpu,mov,False,268435465,0,,,,,,,,
16783252,"0x18,rax,+,[8],rdi,=",True,16783072,16783339,4,"mov rdi, qword [rax + 0x18]","mov rdi, qword [rax + 0x18]",488b7818,cpu,mov,False,9,0,,,,,,,,
16783256,"eax,rax,^,0xffffffff,&,rax,=,$z,zf,:=,$p,pf,:=,31,$s,sf,:=,0,cf,:=,0,of,:=",False,16783072,16783341,2,"xor eax, eax","xor eax, eax",31c0,cpu,xor,False,28,0,,,,,,,,
16783258,"eax,rsi,=",False,16783072,16783341,2,"mov esi, eax","mov esi, eax",89c6,cpu,mov,False,9,0,,,,,,,,
16783260,"10,rdx,=",False,16783072,16783338,5,"mov edx, 0xa","mov edx, 0xa",ba0a000000,cpu,mov,False,9,0,,,10.0,,,,,
16783265,"16784928,rip,8,rsp,-=,rsp,=[],rip,=",False,16783072,16783338,5,call 0x1001e20,call sym.imp.strtol,e87a060000,cpu,call,False,3,0,,,,16784928.0,16783270.0,,"[{'addr': 16784928, 'type': 'CALL'}]",
16783270,"rax,rcx,=",False,16783072,16783340,3,"mov rcx, rax","mov rcx, rax",4889c1,cpu,mov,False,9,0,,,,,,,,
16783273,"0x28,rbp,-,[8],rax,=",True,16783072,16783339,4,"mov rax, qword [rbp - 0x28]","mov rax, qword [endptr]",488b45d8,cpu,mov,False,9,0,,,,,,,,
16783277,"ecx,0x18,rbp,-,=[4]",True,16783072,16783340,3,"mov dword [rbp - 0x18], ecx","mov dword [var_20h], ecx",894de8,cpu,mov,False,268435465,0,,,,,,,,
16783280,"0x20,rax,+,[8],rdi,=",True,16783072,16783339,4,"mov rdi, qword [rax + 0x20]","mov rdi, qword [rax + 0x20]",488b7820,cpu,mov,False,9,0,,,,,,,,
16783284,"eax,rax,^,0xffffffff,&,rax,=,$z,zf,:=,$p,pf,:=,31,$s,sf,:=,0,cf,:=,0,of,:=",False,16783072,16783341,2,"xor eax, eax","xor eax, eax",31c0,cpu,xor,False,28,0,,,,,,,,
16783286,"eax,rsi,=",False,16783072,16783341,2,"mov esi, eax","mov esi, eax",89c6,cpu,mov,False,9,0,,,,,,,,
16783288,"10,rdx,=",False,16783072,16783338,5,"mov edx, 0xa","mov edx, 0xa",ba0a000000,cpu,mov,False,9,0,,,10.0,,,,,
16783293,"16784928,rip,8,rsp,-=,rsp,=[],rip,=",False,16783072,16783338,5,call 0x1001e20,call sym.imp.strtol,e85e060000,cpu,call,False,3,0,,,,16784928.0,16783298.0,,"[{'addr': 16784928, 'type': 'CALL'}]",
16783298,"eax,0x14,rbp,-,=[4]",True,16783072,16783340,3,"mov dword [rbp - 0x14], eax","mov dword [var_1ch], eax",8945ec,cpu,mov,False,268435465,0,,,,,,,,
16783301,"0x20,rbp,-,rdi,=",True,16783072,16783339,4,"lea rdi, [rbp - 0x20]","lea rdi, [var_28h]",488d7de0,cpu,lea,False,33,0,,,,,,,,
16783305,"4,rsi,=",False,16783072,16783338,5,"mov esi, 4","mov esi, 4",be04000000,cpu,mov,False,9,0,,,4.0,,,,,
16783310,"16783344,rip,8,rsp,-=,rsp,=[],rip,=",False,16783072,16783338,5,call 0x10017f0,call sym.recursive_flow,e81d000000,cpu,call,False,3,0,,,,16783344.0,16783315.0,,"[{'addr': 16783344, 'type': 'CALL'}]",
16783315,"3,0x8,rbp,-,=[4]",True,16783072,16783336,7,"mov dword [rbp - 8], 3","mov dword [var_10h], 3",c745f803000000,cpu,mov,False,268435465,0,,,3.0,,,,,
16783322,"0,0x4,rbp,-,=[4]",True,16783072,16783336,7,"mov dword [rbp - 4], 0","mov dword [var_ch], 0",c745fc00000000,cpu,mov,False,268435465,0,,,0.0,,,,,
16783329,"0x1001719,rip,=",False,16783072,16783338,5,jmp 0x1001719,jmp 0x1001719,e933ffffff,cpu,jmp,False,1,0,,,,16783129.0,,,"[{'addr': 16783129, 'type': 'CODE'}]",
16783334,"0x4,rbp,-,[4],rax,=",True,16783072,16783340,3,"mov eax, dword [rbp - 4]","mov eax, dword [var_ch]",8b45fc,cpu,mov,False,9,0,['case.0x1001715.3'],"[{'addr': 16783125, 'type': 'CODE'}]",,,,,,
16783337,"64,rsp,+=,63,$o,of,:=,63,$s,sf,:=,$z,zf,:=,63,$c,cf,:=,$p,pf,:=,3,$c,af,:=",False,16783072,16783339,4,"add rsp, 0x40","add rsp, 0x40",4883c440,cpu,add,False,17,0,,,64.0,,,,,
16783341,"rsp,[8],8,rsp,+=,rbp,=",False,16783072,16783342,1,pop rbp,pop rbp,5d,cpu,pop,False,14,0,,,,,,,,
16783342,"rsp,[8],rip,=,8,rsp,+=",False,16783072,16783342,1,ret,ret,c3,cpu,ret,False,5,0,,,,,,,,
