offset,esil,refptr,fcn_addr,fcn_last,size,opcode,disasm,bytes,family,type,reloc,type_num,type2_num,flags,xrefs_to,val,jump,fail,ptr,xrefs_from,comment
16784560,"rbp,8,rsp,-,=[8],8,rsp,-=",False,16784560,16784714,1,push rbp,push rbp,55,cpu,rpush,False,268435468,0,['sym.sanity_check'],"[{'addr': 16783634, 'type': 'CALL'}]",,,,,,
16784561,"rsp,rbp,=",False,16784560,16784712,3,"mov rbp, rsp","mov rbp, rsp",4889e5,cpu,mov,False,9,0,,,,,,,,
16784564,"rdi,0x18,rbp,-,=[8]",True,16784560,16784711,4,"mov qword [rbp - 0x18], rdi","mov qword [var_20h], rdi",48897de8,cpu,mov,False,268435465,0,,,,,,,,
16784568,"rdi,[4],rax,=",True,16784560,16784713,2,"mov eax, dword [rdi]","mov eax, dword [rdi]",8b07,cpu,mov,False,9,0,,,,,,,,
16784570,"eax,0x8,rbp,-,=[4]",True,16784560,16784712,3,"mov dword [rbp - 8], eax","mov dword [var_10h], eax",8945f8,cpu,mov,False,268435465,0,,,,,,,,
16784573,"0,0xc,rbp,-,=[4]",True,16784560,16784708,7,"mov dword [rbp - 0xc], 0","mov dword [var_14h], 0",c745f400000000,cpu,mov,False,268435465,0,,,0.0,,,,,
16784580,"0xc,rbp,-,[4],rax,=",True,16784560,16784712,3,"mov eax, dword [rbp - 0xc]","mov eax, dword [var_14h]",8b45f4,cpu,mov,False,9,0,,"[{'addr': 16784615, 'type': 'CODE'}]",,,,,,
16784583,"rax,0x20,rbp,-,=[8]",True,16784560,16784711,4,"mov qword [rbp - 0x20], rax","mov qword [var_28h], rax",488945e0,cpu,mov,False,268435465,0,,,,,,,,
16784587,"3,rax,-=,3,0x8000000000000000,-,!,63,$o,^,of,:=,63,$s,sf,:=,$z,zf,:=,$p,pf,:=,64,$b,cf,:=,3,$b,af,:=",False,16784560,16784711,4,"sub rax, 3","sub rax, 3",4883e803,cpu,sub,False,18,0,,,3.0,,,,,
16784591,"cf,zf,|,!,?{,16784613,rip,=,}",False,16784560,16784713,2,ja 0x1001ce5,ja 0x1001ce5,7714,cpu,cjmp,False,2147483649,0,,,,16784613.0,16784593.0,,,
16784593,"0x20,rbp,-,[8],rax,=",True,16784560,16784711,4,"mov rax, qword [rbp - 0x20]","mov rax, qword [var_28h]",488b45e0,cpu,mov,False,9,0,,,,,,,,
16784597,"0x1840,rip,-,rcx,=",True,16784560,16784708,7,"lea rcx, [rip - 0x1840]","lea rcx, data.0100049c",488d0dc0e7ffff,cpu,lea,False,33,0,,,,,,16778396.0,"[{'addr': 16778396, 'type': 'DATA'}]",
16784604,"32,rax,4,*,rcx,+,[4],~,rax,=",True,16784560,16784711,4,"movsxd rax, dword [rcx + rax*4]","movsxd rax, dword [rcx + rax*4]",48630481,cpu,mov,False,9,0,,,,,,,,
16784608,"rcx,rax,+=,63,$o,of,:=,63,$s,sf,:=,$z,zf,:=,63,$c,cf,:=,$p,pf,:=,3,$c,af,:=",False,16784560,16784712,3,"add rax, rcx","add rax, rcx",4801c8,cpu,add,False,17,0,,,,,,,,
16784611,"rax,rip,=",False,16784560,16784713,2,jmp rax,jmp rax,ffe0,cpu,rjmp,False,268435458,0,['switch.0x01001ce3'],,,,,,"[{'addr': 16784617, 'type': 'CODE'}, {'addr': 16784646, 'type': 'CODE'}, {'addr': 16784679, 'type': 'CODE'}, {'addr': 16784710, 'type': 'CODE'}]",c3dpdGNoIHRhYmxlICg0IGNhc2VzKSBhdCAweDEwMDA0OWM=
16784613,"0x1001ce7,rip,=",False,16784560,16784713,2,jmp 0x1001ce7,jmp 0x1001ce7,eb00,cpu,jmp,False,1,0,,,,16784615.0,,,"[{'addr': 16784615, 'type': 'CODE'}]",
16784615,"0x1001cc4,rip,=",False,16784560,16784713,2,jmp 0x1001cc4,jmp 0x1001cc4,ebdb,cpu,jmp,False,1,0,,"[{'addr': 16784613, 'type': 'CODE'}, {'addr': 16784644, 'type': 'CODE'}, {'addr': 16784677, 'type': 'CODE'}, {'addr': 16784708, 'type': 'CODE'}]",,16784580.0,,,"[{'addr': 16784580, 'type': 'CODE'}]",
16784617,"1,rax,=",False,16784560,16784710,5,"mov eax, 1","mov eax, 1",b801000000,cpu,mov,False,9,0,['case.0x1001ce3.0'],"[{'addr': 16784611, 'type': 'CODE'}]",1.0,,,,,
16784622,"3,rcx,=",False,16784560,16784710,5,"mov ecx, 3","mov ecx, 3",b903000000,cpu,mov,False,9,0,,,3.0,,,,,
16784627,"10,0x8,rbp,-,[4],==,$z,zf,:=,32,$b,cf,:=,$p,pf,:=,31,$s,sf,:=,10,0x80000000,-,!,31,$o,^,of,:=,3,$b,af,:=",True,16784560,16784711,4,"cmp dword [rbp - 8], 0xa","cmp dword [var_10h], 0xa",837df80a,cpu,cmp,False,268435471,0,,,10.0,,,,,
16784631,"zf,!,sf,of,^,!,&,?{,ecx,eax,=,}",False,16784560,16784712,3,"cmovg eax, ecx","cmovg eax, ecx",0f4fc1,cpu,cmov,False,2147483657,0,,,,,,,,
16784634,"eax,0xc,rbp,-,=[4]",True,16784560,16784712,3,"mov dword [rbp - 0xc], eax","mov dword [var_14h], eax",8945f4,cpu,mov,False,268435465,0,,,,,,,,
16784637,"0,0x4,rbp,-,=[4]",True,16784560,16784708,7,"mov dword [rbp - 4], 0","mov dword [var_ch], 0",c745fc00000000,cpu,mov,False,268435465,0,,,0.0,,,,,
16784644,"0x1001ce7,rip,=",False,16784560,16784713,2,jmp 0x1001ce7,jmp 0x1001ce7,ebe1,cpu,jmp,False,1,0,,,,16784615.0,,,"[{'addr': 16784615, 'type': 'CODE'}]",
16784646,"0x18,rbp,-,[8],rdx,=",True,16784560,16784711,4,"mov rdx, qword [rbp - 0x18]","mov rdx, qword [var_20h]",488b55e8,cpu,mov,False,9,0,['case.0x1001ce3.1'],"[{'addr': 16784611, 'type': 'CODE'}]",,,,,,
16784650,"2,rax,=",False,16784560,16784710,5,"mov eax, 2","mov eax, 2",b802000000,cpu,mov,False,9,0,,,2.0,,,,,
16784655,"3,rcx,=",False,16784560,16784710,5,"mov ecx, 3","mov ecx, 3",b903000000,cpu,mov,False,9,0,,,3.0,,,,,
16784660,"18446744073709551566,0x8,rdx,+,[4],==,$z,zf,:=,32,$b,cf,:=,$p,pf,:=,31,$s,sf,:=,18446744073709551566,0x80000000,-,!,31,$o,^,of,:=,3,$b,af,:=",True,16784560,16784711,4,"cmp dword [rdx + 8], 0xffffffce","cmp dword [rdx + 8], 0xffffffce",837a08ce,cpu,cmp,False,15,0,,,1.8446744073709552e+19,,,,,
16784664,"sf,of,^,?{,ecx,eax,=,}",False,16784560,16784712,3,"cmovl eax, ecx","cmovl eax, ecx",0f4cc1,cpu,cmov,False,2147483657,0,,,,,,,,
16784667,"eax,0xc,rbp,-,=[4]",True,16784560,16784712,3,"mov dword [rbp - 0xc], eax","mov dword [var_14h], eax",8945f4,cpu,mov,False,268435465,0,,,,,,,,
16784670,"0,0x4,rbp,-,=[4]",True,16784560,16784708,7,"mov dword [rbp - 4], 0","mov dword [var_ch], 0",c745fc00000000,cpu,mov,False,268435465,0,,,0.0,,,,,
16784677,"0x1001ce7,rip,=",False,16784560,16784713,2,jmp 0x1001ce7,jmp 0x1001ce7,ebc0,cpu,jmp,False,1,0,,,,16784615.0,,,"[{'addr': 16784615, 'type': 'CODE'}]",
16784679,"0x18,rbp,-,[8],rax,=",True,16784560,16784711,4,"mov rax, qword [rbp - 0x18]","mov rax, qword [var_20h]",488b45e8,cpu,mov,False,9,0,['case.0x1001ce3.2'],"[{'addr': 16784611, 'type': 'CODE'}]",,,,,,
16784683,"10001,0x4,rax,+,[4],==,$z,zf,:=,32,$b,cf,:=,$p,pf,:=,31,$s,sf,:=,10001,0x80000000,-,!,31,$o,^,of,:=,3,$b,af,:=",True,16784560,16784708,7,"cmp dword [rax + 4], 0x2711","cmp dword [rax + 4], 0x2711",81780411270000,cpu,cmp,False,15,0,,,10001.0,,,,,
16784690,"sf,of,^,al,=",False,16784560,16784712,3,setl al,setl al,0f9cc0,cpu,cmov,False,2147483657,0,,,,,,,,
16784693,"1,al,&=,$z,zf,:=,$p,pf,:=,7,$s,sf,:=,0,cf,:=,0,of,:=",False,16784560,16784713,2,"and al, 1","and al, 1",2401,cpu,and,False,27,0,,,1.0,,,,,
16784695,"al,rax,=",False,16784560,16784712,3,"movzx eax, al","movzx eax, al",0fb6c0,cpu,mov,False,9,0,,,,,,,,
16784698,"3,0xc,rbp,-,=[4]",True,16784560,16784708,7,"mov dword [rbp - 0xc], 3","mov dword [var_14h], 3",c745f403000000,cpu,mov,False,268435465,0,,,3.0,,,,,
16784705,"eax,0x4,rbp,-,=[4]",True,16784560,16784712,3,"mov dword [rbp - 4], eax","mov dword [var_ch], eax",8945fc,cpu,mov,False,268435465,0,,,,,,,,
16784708,"0x1001ce7,rip,=",False,16784560,16784713,2,jmp 0x1001ce7,jmp 0x1001ce7,eba1,cpu,jmp,False,1,0,,,,16784615.0,,,"[{'addr': 16784615, 'type': 'CODE'}]",
16784710,"0x4,rbp,-,[4],rax,=",True,16784560,16784712,3,"mov eax, dword [rbp - 4]","mov eax, dword [var_ch]",8b45fc,cpu,mov,False,9,0,['case.0x1001ce3.3'],"[{'addr': 16784611, 'type': 'CODE'}]",,,,,,
16784713,"rsp,[8],8,rsp,+=,rbp,=",False,16784560,16784714,1,pop rbp,pop rbp,5d,cpu,pop,False,14,0,,,,,,,,
16784714,"rsp,[8],rip,=,8,rsp,+=",False,16784560,16784714,1,ret,ret,c3,cpu,ret,False,5,0,,,,,,,,
