offset,esil,refptr,fcn_addr,fcn_last,size,opcode,disasm,bytes,family,type,reloc,type_num,type2_num,flags,xrefs_to,val,jump,fail,ptr,xrefs_from,comment
16785792,"rbp,8,rsp,-,=[8],8,rsp,-=",False,16785792,16785980,1,push rbp,push rbp,55,cpu,rpush,False,268435468,0,['sym.recursive_logic'],"[{'addr': 16783621, 'type': 'CALL'}, {'addr': 16783901, 'type': 'CALL'}, {'addr': 16785903, 'type': 'CALL'}]",,,,,,
16785793,"rsp,rbp,=",False,16785792,16785978,3,"mov rbp, rsp","mov rbp, rsp",4889e5,cpu,mov,False,9,0,,,,,,,,
16785796,"48,rsp,-=,48,0x8000000000000000,-,!,63,$o,^,of,:=,63,$s,sf,:=,$z,zf,:=,$p,pf,:=,64,$b,cf,:=,3,$b,af,:=",False,16785792,16785977,4,"sub rsp, 0x30","sub rsp, 0x30",4883ec30,cpu,sub,False,18,0,,,48.0,,,,,
16785800,"edi,0x18,rbp,-,=[4]",True,16785792,16785978,3,"mov dword [rbp - 0x18], edi","mov dword [var_20h], edi",897de8,cpu,mov,False,268435465,0,,,,,,,,
16785803,"0,0x14,rbp,-,=[4]",True,16785792,16785974,7,"mov dword [rbp - 0x14], 0","mov dword [var_1ch], 0",c745ec00000000,cpu,mov,False,268435465,0,,,0.0,,,,,
16785810,"0x14,rbp,-,[4],rax,=",True,16785792,16785978,3,"mov eax, dword [rbp - 0x14]","mov eax, dword [var_1ch]",8b45ec,cpu,mov,False,9,0,,"[{'addr': 16785845, 'type': 'CODE'}]",,,,,,
16785813,"rax,0x20,rbp,-,=[8]",True,16785792,16785977,4,"mov qword [rbp - 0x20], rax","mov qword [var_28h], rax",488945e0,cpu,mov,False,268435465,0,,,,,,,,
16785817,"3,rax,-=,3,0x8000000000000000,-,!,63,$o,^,of,:=,63,$s,sf,:=,$z,zf,:=,$p,pf,:=,64,$b,cf,:=,3,$b,af,:=",False,16785792,16785977,4,"sub rax, 3","sub rax, 3",4883e803,cpu,sub,False,18,0,,,3.0,,,,,
16785821,"cf,zf,|,!,?{,16785843,rip,=,}",False,16785792,16785979,2,ja 0x10021b3,ja 0x10021b3,7714,cpu,cjmp,False,2147483649,0,,,,16785843.0,16785823.0,,,
16785823,"0x20,rbp,-,[8],rax,=",True,16785792,16785977,4,"mov rax, qword [rbp - 0x20]","mov rax, qword [var_28h]",488b45e0,cpu,mov,False,9,0,,,,,,,,
16785827,"0x1c6e,rip,-,rcx,=",True,16785792,16785974,7,"lea rcx, [rip - 0x1c6e]","lea rcx, data.0100053c",488d0d92e3ffff,cpu,lea,False,33,0,,,,,,16778556.0,"[{'addr': 16778556, 'type': 'DATA'}]",
16785834,"32,rax,4,*,rcx,+,[4],~,rax,=",True,16785792,16785977,4,"movsxd rax, dword [rcx + rax*4]","movsxd rax, dword [rcx + rax*4]",48630481,cpu,mov,False,9,0,,,,,,,,
16785838,"rcx,rax,+=,63,$o,of,:=,63,$s,sf,:=,$z,zf,:=,63,$c,cf,:=,$p,pf,:=,3,$c,af,:=",False,16785792,16785978,3,"add rax, rcx","add rax, rcx",4801c8,cpu,add,False,17,0,,,,,,,,
16785841,"rax,rip,=",False,16785792,16785979,2,jmp rax,jmp rax,ffe0,cpu,rjmp,False,268435458,0,['switch.0x010021b1'],,,,,,"[{'addr': 16785847, 'type': 'CODE'}, {'addr': 16785888, 'type': 'CODE'}, {'addr': 16785954, 'type': 'CODE'}, {'addr': 16785972, 'type': 'CODE'}]",c3dpdGNoIHRhYmxlICg0IGNhc2VzKSBhdCAweDEwMDA1M2M=
16785843,"0x10021b5,rip,=",False,16785792,16785979,2,jmp 0x10021b5,jmp 0x10021b5,eb00,cpu,jmp,False,1,0,,,,16785845.0,,,"[{'addr': 16785845, 'type': 'CODE'}]",
16785845,"0x1002192,rip,=",False,16785792,16785979,2,jmp 0x1002192,jmp 0x1002192,ebdb,cpu,jmp,False,1,0,,"[{'addr': 16785843, 'type': 'CODE'}, {'addr': 16785886, 'type': 'CODE'}, {'addr': 16785952, 'type': 'CODE'}, {'addr': 16785970, 'type': 'CODE'}]",,16785810.0,,,"[{'addr': 16785810, 'type': 'CODE'}]",
16785847,"0x18,rbp,-,[4],rax,=",True,16785792,16785978,3,"mov eax, dword [rbp - 0x18]","mov eax, dword [var_20h]",8b45e8,cpu,mov,False,9,0,['case.0x10021b1.0'],"[{'addr': 16785841, 'type': 'CODE'}]",,,,,,
16785850,"1,rcx,=",False,16785792,16785976,5,"mov ecx, 1","mov ecx, 1",b901000000,cpu,mov,False,9,0,,,1.0,,,,,
16785855,"3,rdx,=",False,16785792,16785976,5,"mov edx, 3","mov edx, 3",ba03000000,cpu,mov,False,9,0,,,3.0,,,,,
16785860,"2,eax,==,$z,zf,:=,32,$b,cf,:=,$p,pf,:=,31,$s,sf,:=,2,0x80000000,-,!,31,$o,^,of,:=,3,$b,af,:=",False,16785792,16785978,3,"cmp eax, 2","cmp eax, 2",83f802,cpu,cmp,False,15,0,,,2.0,,,2.0,,
16785863,"sf,of,^,?{,edx,ecx,=,}",False,16785792,16785978,3,"cmovl ecx, edx","cmovl ecx, edx",0f4cca,cpu,cmov,False,2147483657,0,,,,,,,,
16785866,"ecx,0x14,rbp,-,=[4]",True,16785792,16785978,3,"mov dword [rbp - 0x14], ecx","mov dword [var_1ch], ecx",894dec,cpu,mov,False,268435465,0,,,,,,,,
16785869,"eax,0xc,rbp,-,=[4]",True,16785792,16785978,3,"mov dword [rbp - 0xc], eax","mov dword [var_14h], eax",8945f4,cpu,mov,False,268435465,0,,,,,,,,
16785872,"0,0x8,rbp,-,=[4]",True,16785792,16785974,7,"mov dword [rbp - 8], 0","mov dword [var_10h], 0",c745f800000000,cpu,mov,False,268435465,0,,,0.0,,,,,
16785879,"1,0x4,rbp,-,=[4]",True,16785792,16785974,7,"mov dword [rbp - 4], 1","mov dword [var_ch], 1",c745fc01000000,cpu,mov,False,268435465,0,,,1.0,,,,,
16785886,"0x10021b5,rip,=",False,16785792,16785979,2,jmp 0x10021b5,jmp 0x10021b5,ebd5,cpu,jmp,False,1,0,,,,16785845.0,,,"[{'addr': 16785845, 'type': 'CODE'}]",
16785888,"0x8,rbp,-,[4],rax,=",True,16785792,16785978,3,"mov eax, dword [rbp - 8]","mov eax, dword [var_10h]",8b45f8,cpu,mov,False,9,0,['case.0x10021b1.1'],"[{'addr': 16785841, 'type': 'CODE'}]",,,,,,
16785891,"eax,0x28,rbp,-,=[4]",True,16785792,16785978,3,"mov dword [rbp - 0x28], eax","mov dword [var_30h], eax",8945d8,cpu,mov,False,268435465,0,,,,,,,,
16785894,"0xc,rbp,-,[4],rdi,=",True,16785792,16785978,3,"mov edi, dword [rbp - 0xc]","mov edi, dword [var_14h]",8b7df4,cpu,mov,False,9,0,,,,,,,,
16785897,"edi,0x24,rbp,-,=[4]",True,16785792,16785978,3,"mov dword [rbp - 0x24], edi","mov dword [var_2ch], edi",897ddc,cpu,mov,False,268435465,0,,,,,,,,
16785900,"18446744073709551615,edi,+=,31,$o,of,:=,31,$s,sf,:=,$z,zf,:=,31,$c,cf,:=,$p,pf,:=,3,$c,af,:=",False,16785792,16785978,3,"add edi, 0xffffffff","add edi, 0xffffffff",83c7ff,cpu,add,False,17,0,,,,,,,,
16785903,"16785792,rip,8,rsp,-=,rsp,=[],rip,=",False,16785792,16785976,5,call 0x1002180,call sym.recursive_logic,e88cffffff,cpu,call,False,3,0,,,,16785792.0,16785908.0,,"[{'addr': 16785792, 'type': 'CALL'}]",
16785908,"0x28,rbp,-,[4],rdx,=",True,16785792,16785978,3,"mov edx, dword [rbp - 0x28]","mov edx, dword [var_30h]",8b55d8,cpu,mov,False,9,0,,,,,,,,
16785911,"0x24,rbp,-,[4],rsi,=",True,16785792,16785978,3,"mov esi, dword [rbp - 0x24]","mov esi, dword [var_2ch]",8b75dc,cpu,mov,False,9,0,,,,,,,,
16785914,"esi,rcx,=",False,16785792,16785979,2,"mov ecx, esi","mov ecx, esi",89f1,cpu,mov,False,9,0,,,,,,,,
16785916,"18446744073709551614,ecx,+=,31,$o,of,:=,31,$s,sf,:=,$z,zf,:=,31,$c,cf,:=,$p,pf,:=,3,$c,af,:=",False,16785792,16785978,3,"add ecx, 0xfffffffe","add ecx, 0xfffffffe",83c1fe,cpu,add,False,17,0,,,1.8446744073709552e+19,,,,,
16785919,"edx,eax,+=,31,$o,of,:=,31,$s,sf,:=,$z,zf,:=,31,$c,cf,:=,$p,pf,:=,3,$c,af,:=",False,16785792,16785979,2,"add eax, edx","add eax, edx",01d0,cpu,add,False,17,0,,,,,,,,
16785921,"eax,0x10,rbp,-,=[4]",True,16785792,16785978,3,"mov dword [rbp - 0x10], eax","mov dword [var_18h], eax",8945f0,cpu,mov,False,268435465,0,,,,,,,,
16785924,"1,rax,=",False,16785792,16785976,5,"mov eax, 1","mov eax, 1",b801000000,cpu,mov,False,9,0,,,1.0,,,,,
16785929,"2,rdx,=",False,16785792,16785976,5,"mov edx, 2","mov edx, 2",ba02000000,cpu,mov,False,9,0,,,2.0,,,,,
16785934,"4,esi,==,$z,zf,:=,32,$b,cf,:=,$p,pf,:=,31,$s,sf,:=,4,0x80000000,-,!,31,$o,^,of,:=,3,$b,af,:=",False,16785792,16785978,3,"cmp esi, 4","cmp esi, 4",83fe04,cpu,cmp,False,15,0,,,4.0,,,4.0,,
16785937,"cf,?{,edx,eax,=,}",False,16785792,16785978,3,"cmovb eax, edx","cmovb eax, edx",0f42c2,cpu,cmov,False,2147483657,0,,,,,,,,
16785940,"eax,0x14,rbp,-,=[4]",True,16785792,16785978,3,"mov dword [rbp - 0x14], eax","mov dword [var_1ch], eax",8945ec,cpu,mov,False,268435465,0,,,,,,,,
16785943,"0x10,rbp,-,[4],rax,=",True,16785792,16785978,3,"mov eax, dword [rbp - 0x10]","mov eax, dword [var_18h]",8b45f0,cpu,mov,False,9,0,,,,,,,,
16785946,"ecx,0xc,rbp,-,=[4]",True,16785792,16785978,3,"mov dword [rbp - 0xc], ecx","mov dword [var_14h], ecx",894df4,cpu,mov,False,268435465,0,,,,,,,,
16785949,"eax,0x8,rbp,-,=[4]",True,16785792,16785978,3,"mov dword [rbp - 8], eax","mov dword [var_10h], eax",8945f8,cpu,mov,False,268435465,0,,,,,,,,
16785952,"0x10021b5,rip,=",False,16785792,16785979,2,jmp 0x10021b5,jmp 0x10021b5,eb93,cpu,jmp,False,1,0,,,,16785845.0,,,"[{'addr': 16785845, 'type': 'CODE'}]",
16785954,"0x10,rbp,-,[4],rax,=",True,16785792,16785978,3,"mov eax, dword [rbp - 0x10]","mov eax, dword [var_18h]",8b45f0,cpu,mov,False,9,0,['case.0x10021b1.2'],"[{'addr': 16785841, 'type': 'CODE'}]",,,,,,
16785957,"1,eax,+=,31,$o,of,:=,31,$s,sf,:=,$z,zf,:=,31,$c,cf,:=,$p,pf,:=,3,$c,af,:=",False,16785792,16785978,3,"add eax, 1","add eax, 1",83c001,cpu,add,False,17,0,,,1.0,,,,,
16785960,"3,0x14,rbp,-,=[4]",True,16785792,16785974,7,"mov dword [rbp - 0x14], 3","mov dword [var_1ch], 3",c745ec03000000,cpu,mov,False,268435465,0,,,3.0,,,,,
16785967,"eax,0x4,rbp,-,=[4]",True,16785792,16785978,3,"mov dword [rbp - 4], eax","mov dword [var_ch], eax",8945fc,cpu,mov,False,268435465,0,,,,,,,,
16785970,"0x10021b5,rip,=",False,16785792,16785979,2,jmp 0x10021b5,jmp 0x10021b5,eb81,cpu,jmp,False,1,0,,,,16785845.0,,,"[{'addr': 16785845, 'type': 'CODE'}]",
16785972,"0x4,rbp,-,[4],rax,=",True,16785792,16785978,3,"mov eax, dword [rbp - 4]","mov eax, dword [var_ch]",8b45fc,cpu,mov,False,9,0,['case.0x10021b1.3'],"[{'addr': 16785841, 'type': 'CODE'}]",,,,,,
16785975,"48,rsp,+=,63,$o,of,:=,63,$s,sf,:=,$z,zf,:=,63,$c,cf,:=,$p,pf,:=,3,$c,af,:=",False,16785792,16785977,4,"add rsp, 0x30","add rsp, 0x30",4883c430,cpu,add,False,17,0,,,48.0,,,,,
16785979,"rsp,[8],8,rsp,+=,rbp,=",False,16785792,16785980,1,pop rbp,pop rbp,5d,cpu,pop,False,14,0,,,,,,,,
16785980,"rsp,[8],rip,=,8,rsp,+=",False,16785792,16785980,1,ret,ret,c3,cpu,ret,False,5,0,,,,,,,,
