offset,esil,refptr,fcn_addr,fcn_last,size,opcode,disasm,bytes,family,type,reloc,type_num,type2_num,flags,xrefs_to,val,jump,fail,xrefs_from
16784032,"rbp,8,rsp,-,=[8],8,rsp,-=",False,16784032,16784184,1,push rbp,push rbp,55,cpu,rpush,False,268435468,0,['sym.function_a'],"[{'addr': 16783510, 'type': 'CALL'}]",,,,
16784033,"rsp,rbp,=",False,16784032,16784182,3,"mov rbp, rsp","mov rbp, rsp",4889e5,cpu,mov,False,9,0,,,,,,
16784036,"edi,rax,=",False,16784032,16784183,2,"mov eax, edi","mov eax, edi",89f8,cpu,mov,False,9,0,,,,,,
16784038,"rsi,0x10,rbp,-,=[8]",True,16784032,16784181,4,"mov qword [rbp - 0x10], rsi","mov qword [var_18h], rsi",488975f0,cpu,mov,False,268435465,0,,,,,,
16784042,"10,rcx,=",False,16784032,16784180,5,"mov ecx, 0xa","mov ecx, 0xa",b90a000000,cpu,mov,False,9,0,,,10.0,,,
16784047,"0,edx,=,31,eax,>>,?{,0xffffffff,edx,=,}",False,16784032,16784184,1,cdq,cdq,99,cpu,null,False,0,0,,,,,,
16784048,"32,ecx,~,32,edx,<<,eax,+,~%,32,ecx,~,32,edx,<<,eax,+,~/,eax,=,edx,=",False,16784032,16784183,2,idiv ecx,idiv ecx,f7f9,cpu,div,False,21,0,,,,,,
16784050,"edx,0x4,rbp,-,=[4]",True,16784032,16784182,3,"mov dword [rbp - 4], edx","mov dword [var_ch], edx",8955fc,cpu,mov,False,268435465,0,,,,,,
16784053,"0,0x8,rbp,-,=[4]",True,16784032,16784178,7,"mov dword [rbp - 8], 0","mov dword [var_10h], 0",c745f800000000,cpu,mov,False,268435465,0,,,0.0,,,
16784060,"0x8,rbp,-,[4],rax,=",True,16784032,16784182,3,"mov eax, dword [rbp - 8]","mov eax, dword [var_10h]",8b45f8,cpu,mov,False,9,0,,"[{'addr': 16784094, 'type': 'CODE'}]",,,,
16784063,"eax,0x14,rbp,-,=[4]",True,16784032,16784182,3,"mov dword [rbp - 0x14], eax","mov dword [var_1ch], eax",8945ec,cpu,mov,False,268435465,0,,,,,,
16784066,"0,eax,eax,&,==,$z,zf,:=,$p,pf,:=,31,$s,sf,:=,0,cf,:=,0,of,:=",False,16784032,16784183,2,"test eax, eax","test eax, eax",85c0,cpu,acmp,False,16,0,,,,,,
16784068,"zf,?{,16784096,rip,=,}",False,16784032,16784183,2,je 0x1001ae0,je 0x1001ae0,741a,cpu,cjmp,False,2147483649,0,,,,16784096.0,16784070.0,
16784070,"0x1001ac8,rip,=",False,16784032,16784183,2,jmp 0x1001ac8,jmp 0x1001ac8,eb00,cpu,jmp,False,1,0,,,,16784072.0,,"[{'addr': 16784072, 'type': 'CODE'}]"
16784072,"0x14,rbp,-,[4],rax,=",True,16784032,16784182,3,"mov eax, dword [rbp - 0x14]","mov eax, dword [var_1ch]",8b45ec,cpu,mov,False,9,0,,"[{'addr': 16784070, 'type': 'CODE'}]",,,,
16784075,"1,eax,-=,1,0x80000000,-,!,31,$o,^,of,:=,31,$s,sf,:=,$z,zf,:=,$p,pf,:=,32,$b,cf,:=,3,$b,af,:=",False,16784032,16784182,3,"sub eax, 1","sub eax, 1",83e801,cpu,sub,False,18,0,,,1.0,,,
16784078,"zf,?{,16784118,rip,=,}",False,16784032,16784183,2,je 0x1001af6,je 0x1001af6,7426,cpu,cjmp,False,2147483649,0,,,,16784118.0,16784080.0,
16784080,"0x1001ad2,rip,=",False,16784032,16784183,2,jmp 0x1001ad2,jmp 0x1001ad2,eb00,cpu,jmp,False,1,0,,,,16784082.0,,"[{'addr': 16784082, 'type': 'CODE'}]"
16784082,"0x14,rbp,-,[4],rax,=",True,16784032,16784182,3,"mov eax, dword [rbp - 0x14]","mov eax, dword [var_1ch]",8b45ec,cpu,mov,False,9,0,,"[{'addr': 16784080, 'type': 'CODE'}]",,,,
16784085,"2,eax,-=,2,0x80000000,-,!,31,$o,^,of,:=,31,$s,sf,:=,$z,zf,:=,$p,pf,:=,32,$b,cf,:=,3,$b,af,:=",False,16784032,16784182,3,"sub eax, 2","sub eax, 2",83e802,cpu,sub,False,18,0,,,2.0,,,
16784088,"zf,?{,16784183,rip,=,}",False,16784032,16784183,2,je 0x1001b37,je 0x1001b37,745d,cpu,cjmp,False,2147483649,0,,,,16784183.0,16784090.0,
16784090,"0x1001adc,rip,=",False,16784032,16784183,2,jmp 0x1001adc,jmp 0x1001adc,eb00,cpu,jmp,False,1,0,,,,16784092.0,,"[{'addr': 16784092, 'type': 'CODE'}]"
16784092,"0x1001ade,rip,=",False,16784032,16784183,2,jmp 0x1001ade,jmp 0x1001ade,eb00,cpu,jmp,False,1,0,,"[{'addr': 16784090, 'type': 'CODE'}]",,16784094.0,,"[{'addr': 16784094, 'type': 'CODE'}]"
16784094,"0x1001abc,rip,=",False,16784032,16784183,2,jmp 0x1001abc,jmp 0x1001abc,ebdc,cpu,jmp,False,1,0,,"[{'addr': 16784092, 'type': 'CODE'}, {'addr': 16784116, 'type': 'CODE'}, {'addr': 16784181, 'type': 'CODE'}]",,16784060.0,,"[{'addr': 16784060, 'type': 'CODE'}]"
16784096,"2,rax,=",False,16784032,16784180,5,"mov eax, 2","mov eax, 2",b802000000,cpu,mov,False,9,0,,,2.0,,,
16784101,"1,rcx,=",False,16784032,16784180,5,"mov ecx, 1","mov ecx, 1",b901000000,cpu,mov,False,9,0,,,1.0,,,
16784106,"0,0x4,rbp,-,[4],==,$z,zf,:=,32,$b,cf,:=,$p,pf,:=,31,$s,sf,:=,0,0x80000000,-,!,31,$o,^,of,:=,3,$b,af,:=",True,16784032,16784181,4,"cmp dword [rbp - 4], 0","cmp dword [var_ch], 0",837dfc00,cpu,cmp,False,268435471,0,,,0.0,,,
16784110,"zf,!,sf,of,^,!,&,?{,ecx,eax,=,}",False,16784032,16784182,3,"cmovg eax, ecx","cmovg eax, ecx",0f4fc1,cpu,cmov,False,2147483657,0,,,,,,
16784113,"eax,0x8,rbp,-,=[4]",True,16784032,16784182,3,"mov dword [rbp - 8], eax","mov dword [var_10h], eax",8945f8,cpu,mov,False,268435465,0,,,,,,
16784116,"0x1001ade,rip,=",False,16784032,16784183,2,jmp 0x1001ade,jmp 0x1001ade,ebe8,cpu,jmp,False,1,0,,,,16784094.0,,"[{'addr': 16784094, 'type': 'CODE'}]"
16784118,"0x10,rbp,-,[8],rax,=",True,16784032,16784181,4,"mov rax, qword [rbp - 0x10]","mov rax, qword [var_18h]",488b45f0,cpu,mov,False,9,0,,,,,,
16784122,"rax,[4],rcx,=",True,16784032,16784183,2,"mov ecx, dword [rax]","mov ecx, dword [rax]",8b08,cpu,mov,False,9,0,,,,,,
16784124,"0x4,rbp,-,[4],rdi,=",True,16784032,16784182,3,"mov edi, dword [rbp - 4]","mov edi, dword [var_ch]",8b7dfc,cpu,mov,False,9,0,,,,,,
16784127,"edi,ecx,+=,31,$o,of,:=,31,$s,sf,:=,$z,zf,:=,31,$c,cf,:=,$p,pf,:=,3,$c,af,:=",False,16784032,16784183,2,"add ecx, edi","add ecx, edi",01f9,cpu,add,False,17,0,,,,,,
16784129,"edi,rdx,=",False,16784032,16784183,2,"mov edx, edi","mov edx, edi",89fa,cpu,mov,False,9,0,,,,,,
16784131,"18446744073709551615,edx,+=,31,$o,of,:=,31,$s,sf,:=,$z,zf,:=,31,$c,cf,:=,$p,pf,:=,3,$c,af,:=",False,16784032,16784182,3,"add edx, 0xffffffff","add edx, 0xffffffff",83c2ff,cpu,add,False,17,0,,,,,,
16784134,"edi,rsi,=",False,16784032,16784183,2,"mov esi, edi","mov esi, edi",89fe,cpu,mov,False,9,0,,,,,,
16784136,"18446744073709551614,esi,+=,31,$o,of,:=,31,$s,sf,:=,$z,zf,:=,31,$c,cf,:=,$p,pf,:=,3,$c,af,:=",False,16784032,16784182,3,"add esi, 0xfffffffe","add esi, 0xfffffffe",83c6fe,cpu,add,False,17,0,,,1.8446744073709552e+19,,,
16784139,"64,rdx,~,64,rsi,~,*,DUP,rdx,=,rdx,-,?{,1,1,}{,0,0,},cf,:=,of,:=",False,16784032,16784181,4,"imul rdx, rsi","imul rdx, rsi",480fafd6,cpu,mul,False,20,0,,,,,,
16784143,"18446744073709551613,edi,+=,31,$o,of,:=,31,$s,sf,:=,$z,zf,:=,31,$c,cf,:=,$p,pf,:=,3,$c,af,:=",False,16784032,16784182,3,"add edi, 0xfffffffd","add edi, 0xfffffffd",83c7fd,cpu,add,False,17,0,,,1.8446744073709552e+19,,,
16784146,"edx,rsi,=",False,16784032,16784183,2,"mov esi, edx","mov esi, edx",89d6,cpu,mov,False,9,0,,,,,,
16784148,"32,esi,~,32,edi,~,*,DUP,esi,=,esi,-,?{,1,1,}{,0,0,},cf,:=,of,:=",False,16784032,16784182,3,"imul esi, edi","imul esi, edi",0faff7,cpu,mul,False,20,0,,,,,,
16784151,"0,cf,:=,1,1,-,1,<<,esi,&,?{,1,cf,:=,},1,esi,>>,esi,=,$z,zf,:=,$p,pf,:=,31,$s,sf,:=",False,16784032,16784183,2,"shr esi, 1","shr esi, 1",d1ee,cpu,shr,False,22,0,,,1.0,,,
16784153,"32,1431655766,~,32,esi,~,*,DUP,esi,=,esi,-,?{,1,1,}{,0,0,},cf,:=,of,:=",False,16784032,16784179,6,"imul esi, esi, 0x55555556","imul esi, esi, 0x55555556",69f656555555,cpu,mul,False,20,0,,,,,,
16784159,"esi,ecx,+=,31,$o,of,:=,31,$s,sf,:=,$z,zf,:=,31,$c,cf,:=,$p,pf,:=,3,$c,af,:=",False,16784032,16784183,2,"add ecx, esi","add ecx, esi",01f1,cpu,add,False,17,0,,,,,,
16784161,"0,cf,:=,1,1,-,1,<<,rdx,&,?{,1,cf,:=,},1,rdx,>>,rdx,=,$z,zf,:=,$p,pf,:=,63,$s,sf,:=",False,16784032,16784182,3,"shr rdx, 1","shr rdx, 1",48d1ea,cpu,shr,False,22,0,,,1.0,,,
16784164,"32,3,~,32,edx,~,*,DUP,edx,=,edx,-,?{,1,1,}{,0,0,},cf,:=,of,:=",False,16784032,16784182,3,"imul edx, edx, 3","imul edx, edx, 3",6bd203,cpu,mul,False,20,0,,,,,,
16784167,"edx,ecx,+=,31,$o,of,:=,31,$s,sf,:=,$z,zf,:=,31,$c,cf,:=,$p,pf,:=,3,$c,af,:=",False,16784032,16784183,2,"add ecx, edx","add ecx, edx",01d1,cpu,add,False,17,0,,,,,,
16784169,"18446744073709551615,ecx,+=,31,$o,of,:=,31,$s,sf,:=,$z,zf,:=,31,$c,cf,:=,$p,pf,:=,3,$c,af,:=",False,16784032,16784182,3,"add ecx, 0xffffffff","add ecx, 0xffffffff",83c1ff,cpu,add,False,17,0,,,,,,
16784172,"ecx,rax,=[4]",True,16784032,16784183,2,"mov dword [rax], ecx","mov dword [rax], ecx",8908,cpu,mov,False,9,0,,,,,,
16784174,"2,0x8,rbp,-,=[4]",True,16784032,16784178,7,"mov dword [rbp - 8], 2","mov dword [var_10h], 2",c745f802000000,cpu,mov,False,268435465,0,,,2.0,,,
16784181,"0x1001ade,rip,=",False,16784032,16784183,2,jmp 0x1001ade,jmp 0x1001ade,eba7,cpu,jmp,False,1,0,,,,16784094.0,,"[{'addr': 16784094, 'type': 'CODE'}]"
16784183,"rsp,[8],8,rsp,+=,rbp,=",False,16784032,16784184,1,pop rbp,pop rbp,5d,cpu,pop,False,14,0,,,,,,
16784184,"rsp,[8],rip,=,8,rsp,+=",False,16784032,16784184,1,ret,ret,c3,cpu,ret,False,5,0,,,,,,
