offset,esil,refptr,fcn_addr,fcn_last,size,opcode,disasm,bytes,family,type,reloc,type_num,type2_num,flags,xrefs_to,val,jump,fail,xrefs_from,ptr
16784192,"rbp,8,rsp,-,=[8],8,rsp,-=",False,16784192,16784584,1,push rbp,push rbp,55,cpu,rpush,False,268435468,0,['sym.function_b'],"[{'addr': 16783553, 'type': 'CALL'}]",,,,,
16784193,"rsp,rbp,=",False,16784192,16784582,3,"mov rbp, rsp","mov rbp, rsp",4889e5,cpu,mov,False,9,0,,,,,,,
16784196,"edi,rax,=",False,16784192,16784583,2,"mov eax, edi","mov eax, edi",89f8,cpu,mov,False,9,0,,,,,,,
16784198,"rsi,0x10,rbp,-,=[8]",True,16784192,16784581,4,"mov qword [rbp - 0x10], rsi","mov qword [var_18h], rsi",488975f0,cpu,mov,False,268435465,0,,,,,,,
16784202,"7,rcx,=",False,16784192,16784580,5,"mov ecx, 7","mov ecx, 7",b907000000,cpu,mov,False,9,0,,,7.0,,,,
16784207,"0,edx,=,31,eax,>>,?{,0xffffffff,edx,=,}",False,16784192,16784584,1,cdq,cdq,99,cpu,null,False,0,0,,,,,,,
16784208,"32,ecx,~,32,edx,<<,eax,+,~%,32,ecx,~,32,edx,<<,eax,+,~/,eax,=,edx,=",False,16784192,16784583,2,idiv ecx,idiv ecx,f7f9,cpu,div,False,21,0,,,,,,,
16784210,"edx,0x4,rbp,-,=[4]",True,16784192,16784582,3,"mov dword [rbp - 4], edx","mov dword [var_ch], edx",8955fc,cpu,mov,False,268435465,0,,,,,,,
16784213,"0,0x8,rbp,-,=[4]",True,16784192,16784578,7,"mov dword [rbp - 8], 0","mov dword [var_10h], 0",c745f800000000,cpu,mov,False,268435465,0,,,0.0,,,,
16784220,"0x8,rbp,-,[4],rax,=",True,16784192,16784582,3,"mov eax, dword [rbp - 8]","mov eax, dword [var_10h]",8b45f8,cpu,mov,False,9,0,,"[{'addr': 16784258, 'type': 'CODE'}]",,,,,
16784223,"eax,0x14,rbp,-,=[4]",True,16784192,16784582,3,"mov dword [rbp - 0x14], eax","mov dword [var_1ch], eax",8945ec,cpu,mov,False,268435465,0,,,,,,,
16784226,"0,eax,eax,&,==,$z,zf,:=,$p,pf,:=,31,$s,sf,:=,0,cf,:=,0,of,:=",False,16784192,16784583,2,"test eax, eax","test eax, eax",85c0,cpu,acmp,False,16,0,,,,,,,
16784228,"zf,?{,16784260,rip,=,}",False,16784192,16784583,2,je 0x1001b84,je 0x1001b84,741e,cpu,cjmp,False,2147483649,0,,,,16784260.0,16784230.0,,
16784230,"0x1001b68,rip,=",False,16784192,16784583,2,jmp 0x1001b68,jmp 0x1001b68,eb00,cpu,jmp,False,1,0,,,,16784232.0,,"[{'addr': 16784232, 'type': 'CODE'}]",
16784232,"0x14,rbp,-,[4],rax,=",True,16784192,16784582,3,"mov eax, dword [rbp - 0x14]","mov eax, dword [var_1ch]",8b45ec,cpu,mov,False,9,0,,"[{'addr': 16784230, 'type': 'CODE'}]",,,,,
16784235,"1,eax,-=,1,0x80000000,-,!,31,$o,^,of,:=,31,$s,sf,:=,$z,zf,:=,$p,pf,:=,32,$b,cf,:=,3,$b,af,:=",False,16784192,16784582,3,"sub eax, 1","sub eax, 1",83e801,cpu,sub,False,18,0,,,1.0,,,,
16784238,"zf,?{,16784282,rip,=,}",False,16784192,16784583,2,je 0x1001b9a,je 0x1001b9a,742a,cpu,cjmp,False,2147483649,0,,,,16784282.0,16784240.0,,
16784240,"0x1001b72,rip,=",False,16784192,16784583,2,jmp 0x1001b72,jmp 0x1001b72,eb00,cpu,jmp,False,1,0,,,,16784242.0,,"[{'addr': 16784242, 'type': 'CODE'}]",
16784242,"0x14,rbp,-,[4],rax,=",True,16784192,16784582,3,"mov eax, dword [rbp - 0x14]","mov eax, dword [var_1ch]",8b45ec,cpu,mov,False,9,0,,"[{'addr': 16784240, 'type': 'CODE'}]",,,,,
16784245,"2,eax,-=,2,0x80000000,-,!,31,$o,^,of,:=,31,$s,sf,:=,$z,zf,:=,$p,pf,:=,32,$b,cf,:=,3,$b,af,:=",False,16784192,16784582,3,"sub eax, 2","sub eax, 2",83e802,cpu,sub,False,18,0,,,2.0,,,,
16784248,"zf,?{,16784583,rip,=,}",False,16784192,16784579,6,je 0x1001cc7,je 0x1001cc7,0f8449010000,cpu,cjmp,False,2147483649,0,,,,16784583.0,16784254.0,,
16784254,"0x1001b80,rip,=",False,16784192,16784583,2,jmp 0x1001b80,jmp 0x1001b80,eb00,cpu,jmp,False,1,0,,,,16784256.0,,"[{'addr': 16784256, 'type': 'CODE'}]",
16784256,"0x1001b82,rip,=",False,16784192,16784583,2,jmp 0x1001b82,jmp 0x1001b82,eb00,cpu,jmp,False,1,0,,"[{'addr': 16784254, 'type': 'CODE'}]",,16784258.0,,"[{'addr': 16784258, 'type': 'CODE'}]",
16784258,"0x1001b5c,rip,=",False,16784192,16784583,2,jmp 0x1001b5c,jmp 0x1001b5c,ebd8,cpu,jmp,False,1,0,,"[{'addr': 16784256, 'type': 'CODE'}, {'addr': 16784280, 'type': 'CODE'}, {'addr': 16784578, 'type': 'CODE'}]",,16784220.0,,"[{'addr': 16784220, 'type': 'CODE'}]",
16784260,"1,rax,=",False,16784192,16784580,5,"mov eax, 1","mov eax, 1",b801000000,cpu,mov,False,9,0,,,1.0,,,,
16784265,"2,rcx,=",False,16784192,16784580,5,"mov ecx, 2","mov ecx, 2",b902000000,cpu,mov,False,9,0,,,2.0,,,,
16784270,"1,0x4,rbp,-,[4],==,$z,zf,:=,32,$b,cf,:=,$p,pf,:=,31,$s,sf,:=,1,0x80000000,-,!,31,$o,^,of,:=,3,$b,af,:=",True,16784192,16784581,4,"cmp dword [rbp - 4], 1","cmp dword [var_ch], 1",837dfc01,cpu,cmp,False,268435471,0,,,1.0,,,,
16784274,"sf,of,^,?{,ecx,eax,=,}",False,16784192,16784582,3,"cmovl eax, ecx","cmovl eax, ecx",0f4cc1,cpu,cmov,False,2147483657,0,,,,,,,
16784277,"eax,0x8,rbp,-,=[4]",True,16784192,16784582,3,"mov dword [rbp - 8], eax","mov dword [var_10h], eax",8945f8,cpu,mov,False,268435465,0,,,,,,,
16784280,"0x1001b82,rip,=",False,16784192,16784583,2,jmp 0x1001b82,jmp 0x1001b82,ebe8,cpu,jmp,False,1,0,,,,16784258.0,,"[{'addr': 16784258, 'type': 'CODE'}]",
16784282,"0x10,rbp,-,[8],rcx,=",True,16784192,16784581,4,"mov rcx, qword [rbp - 0x10]","mov rcx, qword [var_18h]",488b4df0,cpu,mov,False,9,0,,,,,,,
16784286,"0x4,rbp,-,[4],rax,=",True,16784192,16784582,3,"mov eax, dword [rbp - 4]","mov eax, dword [var_ch]",8b45fc,cpu,mov,False,9,0,,,,,,,
16784289,"eax,rdx,=",False,16784192,16784583,2,"mov edx, eax","mov edx, eax",89c2,cpu,mov,False,9,0,,,,,,,
16784291,"18446744073709551615,edx,+=,31,$o,of,:=,31,$s,sf,:=,$z,zf,:=,31,$c,cf,:=,$p,pf,:=,3,$c,af,:=",False,16784192,16784582,3,"add edx, 0xffffffff","add edx, 0xffffffff",83c2ff,cpu,add,False,17,0,,,,,,,
16784294,"edx,xmm0l,=",False,16784192,16784581,4,"movd xmm0, edx","movd xmm0, edx",660f6ec2,sse,mov,False,9,0,,,,,,,
16784298,,False,16784192,16784580,5,"pshufd xmm0, xmm0, 0","pshufd xmm0, xmm0, 0",660f70c000,sse,null,False,0,0,,,,,,,
16784303,"xmm0,0x80,rbp,-,=[16]",True,16784192,16784581,4,"movaps xmmword [rbp - 0x80], xmm0","movaps xmmword [var_88h], xmm0",0f294580,sse,mov,False,268435465,0,,,,,,,
16784307,"rcx,[4],xmm0,=",True,16784192,16784581,4,"movss xmm0, dword [rcx]","movss xmm0, dword [rcx]",f30f1001,sse,mov,False,9,0,,,,,,,
16784311,"0x161e,rip,-,[16],xmm1,=",True,16784192,16784578,7,"movaps xmm1, xmmword [rip - 0x161e]","movaps xmm1, xmmword [data.010005a0]",0f280de2e9ffff,sse,mov,False,9,0,,,,,,"[{'addr': 16778656, 'type': 'DATA'}]",16778656.0
16784318,"xmm0,xmm1,=",False,16784192,16784581,4,"movss xmm1, xmm0","movss xmm1, xmm0",f30f10c8,sse,mov,False,9,0,,,,,,,
16784322,"3,eax,+=,31,$o,of,:=,31,$s,sf,:=,$z,zf,:=,31,$c,cf,:=,$p,pf,:=,3,$c,af,:=",False,16784192,16784582,3,"add eax, 3","add eax, 3",83c003,cpu,add,False,17,0,,,3.0,,,,
16784325,"2147483644,rax,&,0xffffffff,&,rax,=,$z,zf,:=,$p,pf,:=,31,$s,sf,:=,0,cf,:=,0,of,:=",False,16784192,16784580,5,"and eax, 0x7ffffffc","and eax, 0x7ffffffc",25fcffff7f,cpu,and,False,27,0,,,2147483644.0,,,,2147483644.0
16784330,"4,eax,-=,4,0x80000000,-,!,31,$o,^,of,:=,31,$s,sf,:=,$z,zf,:=,$p,pf,:=,32,$b,cf,:=,3,$b,af,:=",False,16784192,16784582,3,"sub eax, 4","sub eax, 4",83e804,cpu,sub,False,18,0,,,4.0,,,,
16784333,"zf,!,al,=",False,16784192,16784582,3,setne al,setne al,0f95c0,cpu,cmov,False,2147483657,0,,,,,,,
16784336,"al,0x61,rbp,-,=[1]",True,16784192,16784582,3,"mov byte [rbp - 0x61], al","mov byte [var_69h], al",88459f,cpu,mov,False,268435465,0,,,,,,,
16784339,"0x161a,rip,-,[16],xmm3,=",True,16784192,16784578,7,"movaps xmm3, xmmword [rip - 0x161a]","movaps xmm3, xmmword [data.010005c0]",0f281de6e9ffff,sse,mov,False,9,0,,,,,,"[{'addr': 16778688, 'type': 'DATA'}]",16778688.0
16784346,"0x1661,rip,-,[16],xmm2,=",True,16784192,16784578,7,"movaps xmm2, xmmword [rip - 0x1661]","movaps xmm2, xmmword [data.01000580]",0f28159fe9ffff,sse,mov,False,9,0,,,,,,"[{'addr': 16778624, 'type': 'DATA'}]",16778624.0
16784353,"xmm2,xmm0,=",False,16784192,16784582,3,"movaps xmm0, xmm2","movaps xmm0, xmm2",0f28c2,sse,mov,False,9,0,,,,,,,
16784356,,False,16784192,16784581,4,"pmuludq xmm0, xmm3","pmuludq xmm0, xmm3",660ff4c3,sse,null,False,0,0,,,,,,,
16784360,,False,16784192,16784580,5,"pshufd xmm3, xmm0, 0xe8","pshufd xmm3, xmm0, 0xe8",660f70d8e8,sse,null,False,0,0,,,,,,,
16784365,"0x15e4,rip,-,[16],xmm4,=",True,16784192,16784578,7,"movaps xmm4, xmmword [rip - 0x15e4]","movaps xmm4, xmmword [data.01000610]",0f28251ceaffff,sse,mov,False,9,0,,,,,,"[{'addr': 16778768, 'type': 'DATA'}]",16778768.0
16784372,"xmm1,xmm0,=",False,16784192,16784582,3,"movaps xmm0, xmm1","movaps xmm0, xmm1",0f28c1,sse,mov,False,9,0,,,,,,,
16784375,,False,16784192,16784581,4,"pmuludq xmm0, xmm4","pmuludq xmm0, xmm4",660ff4c4,sse,null,False,0,0,,,,,,,
16784379,,False,16784192,16784580,5,"pshufd xmm0, xmm0, 0xe8","pshufd xmm0, xmm0, 0xe8",660f70c0e8,sse,null,False,0,0,,,,,,,
16784384,,False,16784192,16784581,4,"punpckldq xmm0, xmm3","punpckldq xmm0, xmm3",660f62c3,sse,null,False,0,0,,,,,,,
16784388,"xmm0,0x60,rbp,-,=[16]",True,16784192,16784581,4,"movaps xmmword [rbp - 0x60], xmm0","movaps xmmword [var_68h], xmm0",0f2945a0,sse,mov,False,268435465,0,,,,,,,
16784392,"0x16bf,rip,-,[16],xmm3,=",True,16784192,16784578,7,"movaps xmm3, xmmword [rip - 0x16bf]","movaps xmm3, xmmword [data.01000550]",0f281d41e9ffff,sse,mov,False,9,0,,,,,,"[{'addr': 16778576, 'type': 'DATA'}]",16778576.0
16784399,,False,16784192,16784581,4,"pmuludq xmm2, xmm3","pmuludq xmm2, xmm3",660ff4d3,sse,null,False,0,0,,,,,,,
16784403,,False,16784192,16784580,5,"pshufd xmm3, xmm2, 0xe8","pshufd xmm3, xmm2, 0xe8",660f70dae8,sse,null,False,0,0,,,,,,,
16784408,"0x168f,rip,-,[16],xmm4,=",True,16784192,16784578,7,"movaps xmm4, xmmword [rip - 0x168f]","movaps xmm4, xmmword [data.01000590]",0f282571e9ffff,sse,mov,False,9,0,,,,,,"[{'addr': 16778640, 'type': 'DATA'}]",16778640.0
16784415,"xmm1,xmm2,=",False,16784192,16784582,3,"movaps xmm2, xmm1","movaps xmm2, xmm1",0f28d1,sse,mov,False,9,0,,,,,,,
16784418,,False,16784192,16784581,4,"pmuludq xmm2, xmm4","pmuludq xmm2, xmm4",660ff4d4,sse,null,False,0,0,,,,,,,
16784422,,False,16784192,16784580,5,"pshufd xmm2, xmm2, 0xe8","pshufd xmm2, xmm2, 0xe8",660f70d2e8,sse,null,False,0,0,,,,,,,
16784427,,False,16784192,16784581,4,"punpckldq xmm2, xmm3","punpckldq xmm2, xmm3",660f62d3,sse,null,False,0,0,,,,,,,
16784431,"xmm2,0x50,rbp,-,=[16]",True,16784192,16784581,4,"movaps xmmword [rbp - 0x50], xmm2","movaps xmmword [var_58h], xmm2",0f2955b0,sse,mov,False,268435465,0,,,,,,,
16784435,"xmm1,0x40,rbp,-,=[16]",True,16784192,16784581,4,"movaps xmmword [rbp - 0x40], xmm1","movaps xmmword [var_48h], xmm1",0f294dc0,sse,mov,False,268435465,0,,,,,,,
16784439,"xmm0,0x30,rbp,-,=[16]",True,16784192,16784581,4,"movaps xmmword [rbp - 0x30], xmm0","movaps xmmword [var_38h], xmm0",0f2945d0,sse,mov,False,268435465,0,,,,,,,
16784443,"zf,?{,16784461,rip,=,}",False,16784192,16784583,2,je 0x1001c4d,je 0x1001c4d,7410,cpu,cjmp,False,2147483649,0,,,,16784461.0,16784445.0,,
16784445,"0x50,rbp,-,[16],xmm0,=",True,16784192,16784581,4,"movaps xmm0, xmmword [rbp - 0x50]","movaps xmm0, xmmword [var_58h]",0f2845b0,sse,mov,False,9,0,,,,,,,
16784449,"0x60,rbp,-,[16],xmm1,=",True,16784192,16784581,4,"movaps xmm1, xmmword [rbp - 0x60]","movaps xmm1, xmmword [var_68h]",0f284da0,sse,mov,False,9,0,,,,,,,
16784453,"xmm1,0x40,rbp,-,=[16]",True,16784192,16784581,4,"movaps xmmword [rbp - 0x40], xmm1","movaps xmmword [var_48h], xmm1",0f294dc0,sse,mov,False,268435465,0,,,,,,,
16784457,"xmm0,0x30,rbp,-,=[16]",True,16784192,16784581,4,"movaps xmmword [rbp - 0x30], xmm0","movaps xmmword [var_38h], xmm0",0f2945d0,sse,mov,False,268435465,0,,,,,,,
16784461,"0x10,rbp,-,[8],rax,=",True,16784192,16784581,4,"mov rax, qword [rbp - 0x10]","mov rax, qword [var_18h]",488b45f0,cpu,mov,False,9,0,,,,,,,
16784465,"0x80,rbp,-,[16],xmm1,=",True,16784192,16784581,4,"movaps xmm1, xmmword [rbp - 0x80]","movaps xmm1, xmmword [var_88h]",0f284d80,sse,mov,False,9,0,,,,,,,
16784469,"0x61,rbp,-,[1],cl,=",True,16784192,16784582,3,"mov cl, byte [rbp - 0x61]","mov cl, byte [var_69h]",8a4d9f,cpu,mov,False,9,0,,,,,,,
16784472,"0x40,rbp,-,[16],xmm0,=",True,16784192,16784581,4,"movaps xmm0, xmmword [rbp - 0x40]","movaps xmm0, xmmword [var_48h]",0f2845c0,sse,mov,False,9,0,,,,,,,
16784476,"0x30,rbp,-,[16],xmm3,=",True,16784192,16784581,4,"movaps xmm3, xmmword [rbp - 0x30]","movaps xmm3, xmmword [var_38h]",0f285dd0,sse,mov,False,9,0,,,,,,,
16784480,"cl,rcx,=",False,16784192,16784582,3,"movzx ecx, cl","movzx ecx, cl",0fb6c9,cpu,mov,False,9,0,,,,,,,
16784483,"ecx,xmm2l,=",False,16784192,16784581,4,"movd xmm2, ecx","movd xmm2, ecx",660f6ed1,sse,mov,False,9,0,,,,,,,
16784487,,False,16784192,16784580,5,"pshufd xmm2, xmm2, 0","pshufd xmm2, xmm2, 0",660f70d200,sse,null,False,0,0,,,,,,,
16784492,,False,16784192,16784580,5,"pslld xmm2, 2","pslld xmm2, 2",660f72f202,sse,null,False,0,0,,,,,,,
16784497,"0x1688,rip,-,[16],xmm4,=",True,16784192,16784578,7,"movaps xmm4, xmmword [rip - 0x1688]","movaps xmm4, xmmword [data.010005f0]",0f282578e9ffff,sse,mov,False,9,0,,,,,,"[{'addr': 16778736, 'type': 'DATA'}]",16778736.0
16784504,"xmm4,xmm1,^=,$z,zf,:=,$p,pf,:=,127,$s,sf,:=,0,cf,:=,0,of,:=",False,16784192,16784581,4,"pxor xmm1, xmm4","pxor xmm1, xmm4",660fefcc,sse,xor,False,28,0,,,,,,,
16784508,"0x1683,rip,-,[16],xmm4,=",True,16784192,16784578,7,"movaps xmm4, xmmword [rip - 0x1683]","movaps xmm4, xmmword [data.01000600]",0f28257de9ffff,sse,mov,False,9,0,,,,,,"[{'addr': 16778752, 'type': 'DATA'}]",16778752.0
16784515,,False,16784192,16784581,4,"por xmm2, xmm4","por xmm2, xmm4",660febd4,sse,null,False,0,0,,,,,,,
16784519,,False,16784192,16784581,4,"pcmpgtd xmm2, xmm1","pcmpgtd xmm2, xmm1",660f66d1,sse,cmp,False,15,0,,,,,,,
16784523,"xmm2,xmm1,=",False,16784192,16784582,3,"movaps xmm1, xmm2","movaps xmm1, xmm2",0f28ca,sse,mov,False,9,0,,,,,,,
16784526,,False,16784192,16784581,4,"pandn xmm1, xmm3","pandn xmm1, xmm3",660fdfcb,sse,null,False,0,0,,,,,,,
16784530,,False,16784192,16784581,4,"pand xmm0, xmm2","pand xmm0, xmm2",660fdbc2,sse,null,False,0,0,,,,,,,
16784534,,False,16784192,16784581,4,"por xmm0, xmm1","por xmm0, xmm1",660febc1,sse,null,False,0,0,,,,,,,
16784538,,False,16784192,16784580,5,"pshufd xmm2, xmm0, 0xee","pshufd xmm2, xmm0, 0xee",660f70d0ee,sse,null,False,0,0,,,,,,,
16784543,,False,16784192,16784580,5,"pshufd xmm3, xmm0, 0xff","pshufd xmm3, xmm0, 0xff",660f70d8ff,sse,null,False,0,0,,,,,,,
16784548,,False,16784192,16784580,5,"pshufd xmm1, xmm0, 0xf5","pshufd xmm1, xmm0, 0xf5",660f70c8f5,sse,null,False,0,0,,,,,,,
16784553,,False,16784192,16784581,4,"pmuludq xmm1, xmm3","pmuludq xmm1, xmm3",660ff4cb,sse,null,False,0,0,,,,,,,
16784557,,False,16784192,16784581,4,"pmuludq xmm0, xmm2","pmuludq xmm0, xmm2",660ff4c2,sse,null,False,0,0,,,,,,,
16784561,,False,16784192,16784581,4,"pmuludq xmm0, xmm1","pmuludq xmm0, xmm1",660ff4c1,sse,null,False,0,0,,,,,,,
16784565,"xmm0l,ecx,=",False,16784192,16784581,4,"movd ecx, xmm0","movd ecx, xmm0",660f7ec1,sse,mov,False,9,0,,,,,,,
16784569,"ecx,rax,=[4]",True,16784192,16784583,2,"mov dword [rax], ecx","mov dword [rax], ecx",8908,cpu,mov,False,9,0,,,,,,,
16784571,"2,0x8,rbp,-,=[4]",True,16784192,16784578,7,"mov dword [rbp - 8], 2","mov dword [var_10h], 2",c745f802000000,cpu,mov,False,268435465,0,,,2.0,,,,
16784578,"0x1001b82,rip,=",False,16784192,16784580,5,jmp 0x1001b82,jmp 0x1001b82,e9bbfeffff,cpu,jmp,False,1,0,,,,16784258.0,,"[{'addr': 16784258, 'type': 'CODE'}]",
16784583,"rsp,[8],8,rsp,+=,rbp,=",False,16784192,16784584,1,pop rbp,pop rbp,5d,cpu,pop,False,14,0,,,,,,,
16784584,"rsp,[8],rip,=,8,rsp,+=",False,16784192,16784584,1,ret,ret,c3,cpu,ret,False,5,0,,,,,,,
