offset,esil,refptr,fcn_addr,fcn_last,size,opcode,disasm,bytes,family,type,reloc,type_num,type2_num,flags,xrefs_to,val,jump,fail,ptr,xrefs_from,comment
16782752,"rbp,8,rsp,-,=[8],8,rsp,-=",False,16782752,16782948,1,push rbp,push rbp,55,cpu,rpush,False,268435468,0,"['sym.mult', 'dbg.mult']","[{'addr': 16783044, 'type': 'CALL'}]",,,,,,
16782753,"rsp,rbp,=",False,16782752,16782946,3,"mov rbp, rsp","mov rbp, rsp",4889e5,cpu,mov,False,9,0,,,,,,,,
16782756,"edi,0x24,rbp,-,=[4]",True,16782752,16782946,3,"mov dword [rbp - 0x24], edi","mov dword [var_2ch], edi",897ddc,cpu,mov,False,268435465,0,,,,,,,,
16782759,"esi,0x20,rbp,-,=[4]",True,16782752,16782946,3,"mov dword [rbp - 0x20], esi","mov dword [var_28h], esi",8975e0,cpu,mov,False,268435465,0,,,,,,,,
16782762,"0,0x1c,rbp,-,=[4]",True,16782752,16782942,7,"mov dword [rbp - 0x1c], 0","mov dword [var_24h], 0",c745e400000000,cpu,mov,False,268435465,0,,,0.0,,,,,
16782769,"0x1c,rbp,-,[4],rax,=",True,16782752,16782946,3,"mov eax, dword [rbp - 0x1c]","mov eax, dword [var_24h]",8b45e4,cpu,mov,False,9,0,,"[{'addr': 16782804, 'type': 'CODE'}]",,,,,,
16782772,"rax,0x30,rbp,-,=[8]",True,16782752,16782945,4,"mov qword [rbp - 0x30], rax","mov qword [var_38h], rax",488945d0,cpu,mov,False,268435465,0,,,,,,,,
16782776,"3,rax,-=,3,0x8000000000000000,-,!,63,$o,^,of,:=,63,$s,sf,:=,$z,zf,:=,$p,pf,:=,64,$b,cf,:=,3,$b,af,:=",False,16782752,16782945,4,"sub rax, 3","sub rax, 3",4883e803,cpu,sub,False,18,0,,,3.0,,,,,
16782780,"cf,zf,|,!,?{,16782802,rip,=,}",False,16782752,16782947,2,ja 0x10015d2,ja 0x10015d2,7714,cpu,cjmp,False,2147483649,0,,,,16782802.0,16782782.0,,,
16782782,"0x30,rbp,-,[8],rax,=",True,16782752,16782945,4,"mov rax, qword [rbp - 0x30]","mov rax, qword [var_38h]",488b45d0,cpu,mov,False,9,0,,,,,,,,
16782786,"0x114d,rip,-,rcx,=",True,16782752,16782942,7,"lea rcx, [rip - 0x114d]","lea rcx, data.0100047c",488d0db3eeffff,cpu,lea,False,33,0,,,,,,16778364.0,"[{'addr': 16778364, 'type': 'DATA'}]",
16782793,"32,rax,4,*,rcx,+,[4],~,rax,=",True,16782752,16782945,4,"movsxd rax, dword [rcx + rax*4]","movsxd rax, dword [rcx + rax*4]",48630481,cpu,mov,False,9,0,,,,,,,,
16782797,"rcx,rax,+=,63,$o,of,:=,63,$s,sf,:=,$z,zf,:=,63,$c,cf,:=,$p,pf,:=,3,$c,af,:=",False,16782752,16782946,3,"add rax, rcx","add rax, rcx",4801c8,cpu,add,False,17,0,,,,,,,,
16782800,"rax,rip,=",False,16782752,16782947,2,jmp rax,jmp rax,ffe0,cpu,rjmp,False,268435458,0,['switch.0x010015d0'],,,,,,"[{'addr': 16782806, 'type': 'CODE'}, {'addr': 16782837, 'type': 'CODE'}, {'addr': 16782868, 'type': 'CODE'}, {'addr': 16782944, 'type': 'CODE'}]",c3dpdGNoIHRhYmxlICg0IGNhc2VzKSBhdCAweDEwMDA0N2M=
16782802,"0x10015d4,rip,=",False,16782752,16782947,2,jmp 0x10015d4,jmp 0x10015d4,eb00,cpu,jmp,False,1,0,,,,16782804.0,,,"[{'addr': 16782804, 'type': 'CODE'}]",
16782804,"0x10015b1,rip,=",False,16782752,16782947,2,jmp 0x10015b1,jmp 0x10015b1,ebdb,cpu,jmp,False,1,0,,"[{'addr': 16782802, 'type': 'CODE'}, {'addr': 16782835, 'type': 'CODE'}, {'addr': 16782866, 'type': 'CODE'}, {'addr': 16782939, 'type': 'CODE'}]",,16782769.0,,,"[{'addr': 16782769, 'type': 'CODE'}]",
16782806,"0x24,rbp,-,[4],rdx,=",True,16782752,16782946,3,"mov edx, dword [rbp - 0x24]","mov edx, dword [var_2ch]",8b55dc,cpu,mov,False,9,0,['case.0x10015d0.0'],"[{'addr': 16782800, 'type': 'CODE'}]",,,,,,
16782809,"3,rax,=",False,16782752,16782944,5,"mov eax, 3","mov eax, 3",b803000000,cpu,mov,False,9,0,,,3.0,,,,,
16782814,"1,rcx,=",False,16782752,16782944,5,"mov ecx, 1","mov ecx, 1",b901000000,cpu,mov,False,9,0,,,1.0,,,,,
16782819,"0,edx,==,$z,zf,:=,32,$b,cf,:=,$p,pf,:=,31,$s,sf,:=,0,0x80000000,-,!,31,$o,^,of,:=,3,$b,af,:=",False,16782752,16782946,3,"cmp edx, 0","cmp edx, 0",83fa00,cpu,cmp,False,15,0,,,0.0,,,0.0,,
16782822,"zf,!,sf,of,^,!,&,?{,ecx,eax,=,}",False,16782752,16782946,3,"cmovg eax, ecx","cmovg eax, ecx",0f4fc1,cpu,cmov,False,2147483657,0,,,,,,,,
16782825,"eax,0x1c,rbp,-,=[4]",True,16782752,16782946,3,"mov dword [rbp - 0x1c], eax","mov dword [var_24h], eax",8945e4,cpu,mov,False,268435465,0,,,,,,,,
16782828,"0,0x4,rbp,-,=[4]",True,16782752,16782942,7,"mov dword [rbp - 4], 0","mov dword [var_ch], 0",c745fc00000000,cpu,mov,False,268435465,0,,,0.0,,,,,
16782835,"0x10015d4,rip,=",False,16782752,16782947,2,jmp 0x10015d4,jmp 0x10015d4,ebdf,cpu,jmp,False,1,0,,,,16782804.0,,,"[{'addr': 16782804, 'type': 'CODE'}]",
16782837,"0x20,rbp,-,[4],rcx,=",True,16782752,16782946,3,"mov ecx, dword [rbp - 0x20]","mov ecx, dword [var_28h]",8b4de0,cpu,mov,False,9,0,['case.0x10015d0.1'],"[{'addr': 16782800, 'type': 'CODE'}]",,,,,,
16782840,"0x24,rbp,-,[4],rax,=",True,16782752,16782946,3,"mov eax, dword [rbp - 0x24]","mov eax, dword [var_2ch]",8b45dc,cpu,mov,False,9,0,,,,,,,,
16782843,"eax,rax,=",False,16782752,16782947,2,"mov eax, eax","mov eax, eax",89c0,cpu,mov,False,9,0,,,,,,,,
16782845,"2,0x1c,rbp,-,=[4]",True,16782752,16782942,7,"mov dword [rbp - 0x1c], 2","mov dword [var_24h], 2",c745e402000000,cpu,mov,False,268435465,0,,,2.0,,,,,
16782852,"0,0x18,rbp,-,=[4]",True,16782752,16782942,7,"mov dword [rbp - 0x18], 0","mov dword [var_20h], 0",c745e800000000,cpu,mov,False,268435465,0,,,0.0,,,,,
16782859,"ecx,0x14,rbp,-,=[4]",True,16782752,16782946,3,"mov dword [rbp - 0x14], ecx","mov dword [var_1ch], ecx",894dec,cpu,mov,False,268435465,0,,,,,,,,
16782862,"rax,0x10,rbp,-,=[8]",True,16782752,16782945,4,"mov qword [rbp - 0x10], rax","mov qword [var_18h], rax",488945f0,cpu,mov,False,268435465,0,,,,,,,,
16782866,"0x10015d4,rip,=",False,16782752,16782947,2,jmp 0x10015d4,jmp 0x10015d4,ebc0,cpu,jmp,False,1,0,,,,16782804.0,,,"[{'addr': 16782804, 'type': 'CODE'}]",
16782868,"0x10,rbp,-,[8],r8,=",True,16782752,16782945,4,"mov r8, qword [rbp - 0x10]","mov r8, qword [var_18h]",4c8b45f0,cpu,mov,False,9,0,['case.0x10015d0.2'],"[{'addr': 16782800, 'type': 'CODE'}]",,,,,,
16782872,"0x14,rbp,-,[4],rdx,=",True,16782752,16782946,3,"mov edx, dword [rbp - 0x14]","mov edx, dword [var_1ch]",8b55ec,cpu,mov,False,9,0,,,,,,,,
16782875,"0x18,rbp,-,[4],rcx,=",True,16782752,16782946,3,"mov ecx, dword [rbp - 0x18]","mov ecx, dword [var_20h]",8b4de8,cpu,mov,False,9,0,,,,,,,,
16782878,"r8,rax,=",False,16782752,16782946,3,"mov rax, r8","mov rax, r8",4c89c0,cpu,mov,False,9,0,,,,,,,,
16782881,"1,rax,&=,$z,zf,:=,$p,pf,:=,63,$s,sf,:=,0,cf,:=,0,of,:=",False,16782752,16782945,4,"and rax, 1","and rax, 1",4883e001,cpu,and,False,27,0,,,1.0,,,,,
16782885,"esi,rsi,^,0xffffffff,&,rsi,=,$z,zf,:=,$p,pf,:=,31,$s,sf,:=,0,cf,:=,0,of,:=",False,16782752,16782947,2,"xor esi, esi","xor esi, esi",31f6,cpu,xor,False,28,0,,,,,,,,
16782887,"0,rax,==,$z,zf,:=,64,$b,cf,:=,$p,pf,:=,63,$s,sf,:=,0,0x8000000000000000,-,!,63,$o,^,of,:=,3,$b,af,:=",False,16782752,16782945,4,"cmp rax, 0","cmp rax, 0",4883f800,cpu,cmp,False,15,0,,,0.0,,,0.0,,
16782891,"edx,rax,=",False,16782752,16782947,2,"mov eax, edx","mov eax, edx",89d0,cpu,mov,False,9,0,,,,,,,,
16782893,"zf,?{,esi,eax,=,}",False,16782752,16782946,3,"cmove eax, esi","cmove eax, esi",0f44c6,cpu,cmov,False,2147483657,0,,,,,,,,
16782896,"ecx,eax,+=,31,$o,of,:=,31,$s,sf,:=,$z,zf,:=,31,$c,cf,:=,$p,pf,:=,3,$c,af,:=",False,16782752,16782947,2,"add eax, ecx","add eax, ecx",01c8,cpu,add,False,17,0,,,,,,,,
16782898,"r8,rcx,=",False,16782752,16782946,3,"mov rcx, r8","mov rcx, r8",4c89c1,cpu,mov,False,9,0,,,,,,,,
16782901,"0,cf,:=,1,1,-,1,<<,rcx,&,?{,1,cf,:=,},1,rcx,>>,rcx,=,$z,zf,:=,$p,pf,:=,63,$s,sf,:=",False,16782752,16782946,3,"shr rcx, 1","shr rcx, 1",48d1e9,cpu,shr,False,22,0,,,1.0,,,,,
16782904,"0,1,!,!,?{,1,1,-,edx,<<,0x80000000,&,!,!,^,},1,edx,<<=,$z,zf,:=,$p,pf,:=,31,$s,sf,:=,cf,=",False,16782752,16782947,2,"shl edx, 1","shl edx, 1",d1e2,cpu,shl,False,23,0,,,,,,,,
16782906,"2,rsi,=",False,16782752,16782944,5,"mov esi, 2","mov esi, 2",be02000000,cpu,mov,False,9,0,,,2.0,,,,,
16782911,"3,rdi,=",False,16782752,16782944,5,"mov edi, 3","mov edi, 3",bf03000000,cpu,mov,False,9,0,,,3.0,,,,,
16782916,"2,r8,==,$z,zf,:=,64,$b,cf,:=,$p,pf,:=,63,$s,sf,:=,2,0x8000000000000000,-,!,63,$o,^,of,:=,3,$b,af,:=",False,16782752,16782945,4,"cmp r8, 2","cmp r8, 2",4983f802,cpu,cmp,False,15,0,,,2.0,,,2.0,,
16782920,"cf,?{,edi,esi,=,}",False,16782752,16782946,3,"cmovb esi, edi","cmovb esi, edi",0f42f7,cpu,cmov,False,2147483657,0,,,,,,,,
16782923,"esi,0x1c,rbp,-,=[4]",True,16782752,16782946,3,"mov dword [rbp - 0x1c], esi","mov dword [var_24h], esi",8975e4,cpu,mov,False,268435465,0,,,,,,,,
16782926,"eax,0x18,rbp,-,=[4]",True,16782752,16782946,3,"mov dword [rbp - 0x18], eax","mov dword [var_20h], eax",8945e8,cpu,mov,False,268435465,0,,,,,,,,
16782929,"edx,0x14,rbp,-,=[4]",True,16782752,16782946,3,"mov dword [rbp - 0x14], edx","mov dword [var_1ch], edx",8955ec,cpu,mov,False,268435465,0,,,,,,,,
16782932,"rcx,0x10,rbp,-,=[8]",True,16782752,16782945,4,"mov qword [rbp - 0x10], rcx","mov qword [var_18h], rcx",48894df0,cpu,mov,False,268435465,0,,,,,,,,
16782936,"eax,0x4,rbp,-,=[4]",True,16782752,16782946,3,"mov dword [rbp - 4], eax","mov dword [var_ch], eax",8945fc,cpu,mov,False,268435465,0,,,,,,,,
16782939,"0x10015d4,rip,=",False,16782752,16782944,5,jmp 0x10015d4,jmp 0x10015d4,e974ffffff,cpu,jmp,False,1,0,,,,16782804.0,,,"[{'addr': 16782804, 'type': 'CODE'}]",
16782944,"0x4,rbp,-,[4],rax,=",True,16782752,16782946,3,"mov eax, dword [rbp - 4]","mov eax, dword [var_ch]",8b45fc,cpu,mov,False,9,0,['case.0x10015d0.3'],"[{'addr': 16782800, 'type': 'CODE'}]",,,,,,
16782947,"rsp,[8],8,rsp,+=,rbp,=",False,16782752,16782948,1,pop rbp,pop rbp,5d,cpu,pop,False,14,0,,,,,,,,
16782948,"rsp,[8],rip,=,8,rsp,+=",False,16782752,16782948,1,ret,ret,c3,cpu,ret,False,5,0,,,,,,,,
