offset,esil,refptr,fcn_addr,fcn_last,size,opcode,disasm,bytes,family,type,reloc,type_num,type2_num,flags,xrefs_to,val,ptr,jump,fail,xrefs_from
16782768,"rbp,8,rsp,-,=[8],8,rsp,-=",False,16782768,16782987,1,push rbp,push rbp,55,cpu,rpush,False,268435468,0,['sym.findRoots'],"[{'addr': 16783037, 'type': 'CALL'}]",,,,,
16782769,"rsp,rbp,=",False,16782768,16782985,3,"mov rbp, rsp","mov rbp, rsp",4889e5,cpu,mov,False,9,0,,,,,,,
16782772,"32,rsp,-=,32,0x8000000000000000,-,!,63,$o,^,of,:=,63,$s,sf,:=,$z,zf,:=,$p,pf,:=,64,$b,cf,:=,3,$b,af,:=",False,16782768,16782984,4,"sub rsp, 0x20","sub rsp, 0x20",4883ec20,cpu,sub,False,18,0,,,32.0,,,,
16782776,"edi,0x4,rbp,-,=[4]",True,16782768,16782985,3,"mov dword [rbp - 4], edi","mov dword [var_ch], edi",897dfc,cpu,mov,False,268435465,0,,,,,,,
16782779,"0,edi,==,$z,zf,:=,32,$b,cf,:=,$p,pf,:=,31,$s,sf,:=,0,0x80000000,-,!,31,$o,^,of,:=,3,$b,af,:=",False,16782768,16782985,3,"cmp edi, 0","cmp edi, 0",83ff00,cpu,cmp,False,15,0,,,0.0,0.0,,,
16782782,"zf,!,?{,16782808,rip,=,}",False,16782768,16782986,2,jne 0x10015d8,jne 0x10015d8,7518,cpu,cjmp,False,2147483649,0,,,,,16782808.0,16782784.0,
16782784,"0x113f,rip,-,rdi,=",True,16782768,16782981,7,"lea rdi, [rip - 0x113f]","lea rdi, str.Invalid",488d3dc1eeffff,cpu,lea,False,33,0,,,,16778376.0,,,"[{'addr': 16778376, 'type': 'DATA'}]"
16782791,"0,al,=",False,16782768,16782986,2,"mov al, 0","mov al, 0",b000,cpu,mov,False,9,0,,,0.0,,,,
16782793,"16783248,rip,8,rsp,-=,rsp,=[],rip,=",False,16782768,16782983,5,call 0x1001790,call sym.imp.printf,e8c2010000,cpu,call,False,3,0,,,,,16783248.0,16782798.0,"[{'addr': 16783248, 'type': 'CALL'}]"
16782798,"eax,rax,^,0xffffffff,&,rax,=,$z,zf,:=,$p,pf,:=,31,$s,sf,:=,0,cf,:=,0,of,:=",False,16782768,16782986,2,"xor eax, eax","xor eax, eax",31c0,cpu,xor,False,28,0,,,,,,,
16782800,"eax,0x8,rbp,-,=[4]",True,16782768,16782985,3,"mov dword [rbp - 8], eax","mov dword [var_10h], eax",8945f8,cpu,mov,False,268435465,0,,,,,,,
16782803,"0x1001683,rip,=",False,16782768,16782983,5,jmp 0x1001683,jmp 0x1001683,e9ab000000,cpu,jmp,False,1,0,,,,,16782979.0,,"[{'addr': 16782979, 'type': 'CODE'}]"
16782808,"0x4,rbp,-,[4],rax,=",True,16782768,16782985,3,"mov eax, dword [rbp - 4]","mov eax, dword [var_ch]",8b45fc,cpu,mov,False,9,0,,,,,,,
16782811,"32,4294962140,~,32,eax,~,*,DUP,eax,=,eax,-,?{,1,1,}{,0,0,},cf,:=,of,:=",False,16782768,16782982,6,"imul eax, eax, 0xffffebdc","imul eax, eax, 0xffffebdc",69c0dcebffff,cpu,mul,False,20,0,,,,,,,
16782817,"12489156,eax,+=,31,$o,of,:=,31,$s,sf,:=,$z,zf,:=,31,$c,cf,:=,$p,pf,:=,3,$c,af,:=",False,16782768,16782983,5,"add eax, 0xbe91c4","add eax, 0xbe91c4",05c491be00,cpu,add,False,17,0,,,12489156.0,12489156.0,,,
16782822,"eax,0x14,rbp,-,=[4]",True,16782768,16782985,3,"mov dword [rbp - 0x14], eax","mov dword [var_1ch], eax",8945ec,cpu,mov,False,268435465,0,,,,,,,
16782825,"eax,rdx,=",False,16782768,16782986,2,"mov edx, eax","mov edx, eax",89c2,cpu,mov,False,9,0,,,,,,,
16782827,"edx,!,!,cf,:=,edx,0xffffffff,^,1,+,edx,=,$z,zf,:=,0,of,:=,31,$s,sf,:=,31,$o,pf,:=",False,16782768,16782986,2,neg edx,neg edx,f7da,cpu,sub,False,18,0,,,,,,,
16782829,"eax,rcx,=",False,16782768,16782986,2,"mov ecx, eax","mov ecx, eax",89c1,cpu,mov,False,9,0,,,,,,,
16782831,"sf,!,?{,edx,ecx,=,}",False,16782768,16782985,3,"cmovns ecx, edx","cmovns ecx, edx",0f49ca,cpu,cmov,False,2147483657,0,,,,,,,
16782834,,False,16782768,16782984,4,"cvtsi2sd xmm0, ecx","cvtsi2sd xmm0, ecx",f20f2ac1,sse,null,False,0,0,,,,,,,
16782838,,False,16782768,16782984,4,"sqrtsd xmm0, xmm0","sqrtsd xmm0, xmm0",f20f51c0,sse,null,False,0,0,,,,,,,
16782842,"xmm0,0x10,rbp,-,=[8]",True,16782768,16782983,5,"movsd qword [rbp - 0x10], xmm0","movsd qword [var_18h], xmm0",f20f1145f0,sse,mov,False,268435465,0,,,,,,,
16782847,"0,eax,==,$z,zf,:=,32,$b,cf,:=,$p,pf,:=,31,$s,sf,:=,0,0x80000000,-,!,31,$o,^,of,:=,3,$b,af,:=",False,16782768,16782985,3,"cmp eax, 0","cmp eax, 0",83f800,cpu,cmp,False,15,0,,,0.0,0.0,,,
16782850,"of,sf,^,zf,|,?{,16782886,rip,=,}",False,16782768,16782986,2,jle 0x1001626,jle 0x1001626,7e22,cpu,cjmp,False,2147483649,0,,,,,16782886.0,16782852.0,
16782852,"0x4,rbp,-,[4],rcx,=",True,16782768,16782985,3,"mov ecx, dword [rbp - 4]","mov ecx, dword [var_ch]",8b4dfc,cpu,mov,False,9,0,,,,,,,
16782855,"0x10,rbp,-,[8],xmm1,=",True,16782768,16782983,5,"movsd xmm1, qword [rbp - 0x10]","movsd xmm1, qword [var_18h]",f20f104df0,sse,mov,False,9,0,,,,,,,
16782860,"0x1194,rip,-,[8],xmm0,=",True,16782768,16782980,8,"movsd xmm0, qword [rip - 0x1194]","movsd xmm0, qword [data.01000480]",f20f10056ceeffff,sse,mov,False,9,0,,,,16778368.0,,,"[{'addr': 16778368, 'type': 'DATA'}]"
16782868,,False,16782768,16782984,4,"subsd xmm0, xmm1","subsd xmm0, xmm1",f20f5cc1,sse,null,False,0,0,,,,,,,
16782872,,False,16782768,16782984,4,"cvttsd2si eax, xmm0","cvttsd2si eax, xmm0",f20f2cc0,sse,null,False,0,0,,,,,,,
16782876,"0,1,!,!,?{,1,1,-,ecx,<<,0x80000000,&,!,!,^,},1,ecx,<<=,$z,zf,:=,$p,pf,:=,31,$s,sf,:=,cf,=",False,16782768,16782986,2,"shl ecx, 1","shl ecx, 1",d1e1,cpu,shl,False,23,0,,,,,,,
16782878,"0,edx,=,31,eax,>>,?{,0xffffffff,edx,=,}",False,16782768,16782987,1,cdq,cdq,99,cpu,null,False,0,0,,,,,,,
16782879,"32,ecx,~,32,edx,<<,eax,+,~%,32,ecx,~,32,edx,<<,eax,+,~/,eax,=,edx,=",False,16782768,16782986,2,idiv ecx,idiv ecx,f7f9,cpu,div,False,21,0,,,,,,,
16782881,"eax,0x8,rbp,-,=[4]",True,16782768,16782985,3,"mov dword [rbp - 8], eax","mov dword [var_10h], eax",8945f8,cpu,mov,False,268435465,0,,,,,,,
16782884,"0x1001683,rip,=",False,16782768,16782986,2,jmp 0x1001683,jmp 0x1001683,eb5d,cpu,jmp,False,1,0,,,,,16782979.0,,"[{'addr': 16782979, 'type': 'CODE'}]"
16782886,"0x14,rbp,-,[4],rax,=",True,16782768,16782985,3,"mov eax, dword [rbp - 0x14]","mov eax, dword [var_1ch]",8b45ec,cpu,mov,False,9,0,,,,,,,
16782889,"0x4,rbp,-,[4],rcx,=",True,16782768,16782985,3,"mov ecx, dword [rbp - 4]","mov ecx, dword [var_ch]",8b4dfc,cpu,mov,False,9,0,,,,,,,
16782892,"0,1,!,!,?{,1,1,-,ecx,<<,0x80000000,&,!,!,^,},1,ecx,<<=,$z,zf,:=,$p,pf,:=,31,$s,sf,:=,cf,=",False,16782768,16782986,2,"shl ecx, 1","shl ecx, 1",d1e1,cpu,shl,False,23,0,,,,,,,
16782894,"ecx,0x18,rbp,-,=[4]",True,16782768,16782985,3,"mov dword [rbp - 0x18], ecx","mov dword [var_20h], ecx",894de8,cpu,mov,False,268435465,0,,,,,,,
16782897,"0,eax,==,$z,zf,:=,32,$b,cf,:=,$p,pf,:=,31,$s,sf,:=,0,0x80000000,-,!,31,$o,^,of,:=,3,$b,af,:=",False,16782768,16782985,3,"cmp eax, 0","cmp eax, 0",83f800,cpu,cmp,False,15,0,,,0.0,0.0,,,
16782900,"zf,!,?{,16782924,rip,=,}",False,16782768,16782986,2,jne 0x100164c,jne 0x100164c,7516,cpu,cjmp,False,2147483649,0,,,,,16782924.0,16782902.0,
16782902,"0x18,rbp,-,[4],rcx,=",True,16782768,16782985,3,"mov ecx, dword [rbp - 0x18]","mov ecx, dword [var_20h]",8b4de8,cpu,mov,False,9,0,,,,,,,
16782905,"3534,rax,=",False,16782768,16782983,5,"mov eax, 0xdce","mov eax, 0xdce",b8ce0d0000,cpu,mov,False,9,0,,,3534.0,3534.0,,,
16782910,"0,edx,=,31,eax,>>,?{,0xffffffff,edx,=,}",False,16782768,16782987,1,cdq,cdq,99,cpu,null,False,0,0,,,,,,,
16782911,"32,ecx,~,32,edx,<<,eax,+,~%,32,ecx,~,32,edx,<<,eax,+,~/,eax,=,edx,=",False,16782768,16782986,2,idiv ecx,idiv ecx,f7f9,cpu,div,False,21,0,,,,,,,
16782913,"eax,rcx,=",False,16782768,16782986,2,"mov ecx, eax","mov ecx, eax",89c1,cpu,mov,False,9,0,,,,,,,
16782915,"eax,rax,^,0xffffffff,&,rax,=,$z,zf,:=,$p,pf,:=,31,$s,sf,:=,0,cf,:=,0,of,:=",False,16782768,16782986,2,"xor eax, eax","xor eax, eax",31c0,cpu,xor,False,28,0,,,,,,,
16782917,"ecx,eax,-=,ecx,0x80000000,-,!,31,$o,^,of,:=,31,$s,sf,:=,$z,zf,:=,$p,pf,:=,32,$b,cf,:=,3,$b,af,:=",False,16782768,16782986,2,"sub eax, ecx","sub eax, ecx",29c8,cpu,sub,False,18,0,,,,,,,
16782919,"eax,0x8,rbp,-,=[4]",True,16782768,16782985,3,"mov dword [rbp - 8], eax","mov dword [var_10h], eax",8945f8,cpu,mov,False,268435465,0,,,,,,,
16782922,"0x1001683,rip,=",False,16782768,16782986,2,jmp 0x1001683,jmp 0x1001683,eb37,cpu,jmp,False,1,0,,,,,16782979.0,,"[{'addr': 16782979, 'type': 'CODE'}]"
16782924,"0x10,rbp,-,[8],xmm0,=",True,16782768,16782983,5,"movsd xmm0, qword [rbp - 0x10]","movsd xmm0, qword [var_18h]",f20f1045f0,sse,mov,False,9,0,,,,,,,
16782929,"0x18,rbp,-,[4],rcx,=",True,16782768,16782985,3,"mov ecx, dword [rbp - 0x18]","mov ecx, dword [var_20h]",8b4de8,cpu,mov,False,9,0,,,,,,,
16782932,"4294963762,rax,=",False,16782768,16782983,5,"mov eax, 0xfffff232","mov eax, 0xfffff232",b832f2ffff,cpu,mov,False,9,0,,,4294963762.0,4294963762.0,,,
16782937,"0,edx,=,31,eax,>>,?{,0xffffffff,edx,=,}",False,16782768,16782987,1,cdq,cdq,99,cpu,null,False,0,0,,,,,,,
16782938,"32,ecx,~,32,edx,<<,eax,+,~%,32,ecx,~,32,edx,<<,eax,+,~/,eax,=,edx,=",False,16782768,16782986,2,idiv ecx,idiv ecx,f7f9,cpu,div,False,21,0,,,,,,,
16782940,"eax,rcx,=",False,16782768,16782986,2,"mov ecx, eax","mov ecx, eax",89c1,cpu,mov,False,9,0,,,,,,,
16782942,"0x18,rbp,-,[4],rax,=",True,16782768,16782985,3,"mov eax, dword [rbp - 0x18]","mov eax, dword [var_20h]",8b45e8,cpu,mov,False,9,0,,,,,,,
16782945,,False,16782768,16782984,4,"cvtsi2sd xmm2, ecx","cvtsi2sd xmm2, ecx",f20f2ad1,sse,null,False,0,0,,,,,,,
16782949,,False,16782768,16782984,4,"cvtsi2sd xmm1, eax","cvtsi2sd xmm1, eax",f20f2ac8,sse,null,False,0,0,,,,,,,
16782953,,False,16782768,16782984,4,"divsd xmm0, xmm1","divsd xmm0, xmm1",f20f5ec1,sse,null,False,0,0,,,,,,,
16782957,"xmm0,xmm1,=",False,16782768,16782985,3,"movaps xmm1, xmm0","movaps xmm1, xmm0",0f28c8,sse,mov,False,9,0,,,,,,,
16782960,"xmm2,xmm1,+=",False,16782768,16782984,4,"addsd xmm1, xmm2","addsd xmm1, xmm2",f20f58ca,sse,add,False,17,0,,,124.0,,,,
16782964,"xmm2,xmm1,+=",False,16782768,16782984,4,"addsd xmm1, xmm2","addsd xmm1, xmm2",f20f58ca,sse,add,False,17,0,,,124.0,,,,
16782968,"xmm1,xmm0,+=",False,16782768,16782984,4,"addsd xmm0, xmm1","addsd xmm0, xmm1",f20f58c1,sse,add,False,17,0,,,123.0,,,,
16782972,,False,16782768,16782984,4,"cvttsd2si eax, xmm0","cvttsd2si eax, xmm0",f20f2cc0,sse,null,False,0,0,,,,,,,
16782976,"eax,0x8,rbp,-,=[4]",True,16782768,16782985,3,"mov dword [rbp - 8], eax","mov dword [var_10h], eax",8945f8,cpu,mov,False,268435465,0,,,,,,,
16782979,"0x8,rbp,-,[4],rax,=",True,16782768,16782985,3,"mov eax, dword [rbp - 8]","mov eax, dword [var_10h]",8b45f8,cpu,mov,False,9,0,,"[{'addr': 16782803, 'type': 'CODE'}, {'addr': 16782884, 'type': 'CODE'}, {'addr': 16782922, 'type': 'CODE'}]",,,,,
16782982,"32,rsp,+=,63,$o,of,:=,63,$s,sf,:=,$z,zf,:=,63,$c,cf,:=,$p,pf,:=,3,$c,af,:=",False,16782768,16782984,4,"add rsp, 0x20","add rsp, 0x20",4883c420,cpu,add,False,17,0,,,32.0,,,,
16782986,"rsp,[8],8,rsp,+=,rbp,=",False,16782768,16782987,1,pop rbp,pop rbp,5d,cpu,pop,False,14,0,,,,,,,
16782987,"rsp,[8],rip,=,8,rsp,+=",False,16782768,16782987,1,ret,ret,c3,cpu,ret,False,5,0,,,,,,,
