offset,esil,refptr,fcn_addr,fcn_last,size,opcode,disasm,bytes,family,type,reloc,type_num,type2_num,flags,xrefs_to,val,jump,fail,xrefs_from,ptr
16783056,"rbp,8,rsp,-,=[8],8,rsp,-=",False,16783056,16783167,1,push rbp,push rbp,55,cpu,rpush,False,268435468,0,"['main', 'sym.main', 'dbg.main']","[{'addr': 16782765, 'type': 'DATA'}]",,,,,
16783057,"rsp,rbp,=",False,16783056,16783165,3,"mov rbp, rsp","mov rbp, rsp",4889e5,cpu,mov,False,9,0,,,,,,,
16783060,"16,rsp,-=,16,0x8000000000000000,-,!,63,$o,^,of,:=,63,$s,sf,:=,$z,zf,:=,$p,pf,:=,64,$b,cf,:=,3,$b,af,:=",False,16783056,16783164,4,"sub rsp, 0x10","sub rsp, 0x10",4883ec10,cpu,sub,False,18,0,,,16.0,,,,
16783064,"0x8,rsi,+,[8],rdi,=",True,16783056,16783164,4,"mov rdi, qword [rsi + 8]","mov rdi, qword [rsi + 8]",488b7e08,cpu,mov,False,9,0,,,,,,,
16783068,"eax,rax,^,0xffffffff,&,rax,=,$z,zf,:=,$p,pf,:=,31,$s,sf,:=,0,cf,:=,0,of,:=",False,16783056,16783166,2,"xor eax, eax","xor eax, eax",31c0,cpu,xor,False,28,0,,,,,,,
16783070,"eax,rsi,=",False,16783056,16783166,2,"mov esi, eax","mov esi, eax",89c6,cpu,mov,False,9,0,,,,,,,
16783072,"16783312,rip,8,rsp,-=,rsp,=[],rip,=",False,16783056,16783163,5,call 0x10017d0,call sym.imp.strtod,e8eb000000,cpu,call,False,3,0,,,,16783312.0,16783077.0,"[{'addr': 16783312, 'type': 'CALL'}]",
16783077,,False,16783056,16783164,4,"cvtsd2ss xmm0, xmm0","cvtsd2ss xmm0, xmm0",f20f5ac0,sse,null,False,0,0,,,,,,,
16783081,"0x1259,rip,-,[4],xmm2,=",True,16783056,16783160,8,"movss xmm2, dword [rip - 0x1259]","movss xmm2, dword [data.01000498]",f30f1015a7edffff,sse,mov,False,9,0,,,,,,"[{'addr': 16778392, 'type': 'DATA'}]",16778392.0
16783089,"xmm0,xmm1,=",False,16783056,16783165,3,"movaps xmm1, xmm0","movaps xmm1, xmm0",0f28c8,sse,mov,False,9,0,,,,,,,
16783092,"xmm2,xmm1,*=",False,16783056,16783164,4,"mulss xmm1, xmm2","mulss xmm1, xmm2",f30f59ca,sse,mul,False,20,0,,,,,,,
16783096,,False,16783056,16783164,4,"cvttss2si esi, xmm1","cvttss2si esi, xmm1",f30f2cf1,sse,null,False,0,0,,,,,,,
16783100,,False,16783056,16783164,4,"cvttss2si edi, xmm0","cvttss2si edi, xmm0",f30f2cf8,sse,null,False,0,0,,,,,,,
16783104,"16782784,rip,8,rsp,-=,rsp,=[],rip,=",False,16783056,16783163,5,call 0x10015c0,call dbg.lcm,e8bbfeffff,cpu,call,False,3,0,,,,16782784.0,16783109.0,"[{'addr': 16782784, 'type': 'CALL'}]",
16783109,"eax,rcx,=",False,16783056,16783166,2,"mov ecx, eax","mov ecx, eax",89c1,cpu,mov,False,9,0,,,,,,,
16783111,"ecx,0x4,rbp,-,=[4]",True,16783056,16783165,3,"mov dword [rbp - 4], ecx","mov dword [result], ecx",894dfc,cpu,mov,False,268435465,0,,,,,,,
16783114,"0x125e,rip,-,rdi,=",True,16783056,16783161,7,"lea rdi, [rip - 0x125e]","lea rdi, str.You_loose",488d3da2edffff,cpu,lea,False,33,0,,,,,,"[{'addr': 16778419, 'type': 'DATA'}]",16778419.0
16783121,"0x126e,rip,-,rax,=",True,16783056,16783161,7,"lea rax, [rip - 0x126e]","lea rax, str.You_win",488d0592edffff,cpu,lea,False,33,0,,,,,,"[{'addr': 16778410, 'type': 'DATA'}]",16778410.0
16783128,"120843912,ecx,==,$z,zf,:=,32,$b,cf,:=,$p,pf,:=,31,$s,sf,:=,120843912,0x80000000,-,!,31,$o,^,of,:=,3,$b,af,:=",False,16783056,16783162,6,"cmp ecx, 0x733ee88","cmp ecx, 0x733ee88",81f988ee3307,cpu,cmp,False,15,0,,,120843912.0,,,,120843912.0
16783134,"zf,?{,rax,rdi,=,}",False,16783056,16783164,4,"cmove rdi, rax","cmove rdi, rax",480f44f8,cpu,cmov,False,2147483657,0,,,,,,,
16783138,"16783328,rip,8,rsp,-=,rsp,=[],rip,=",False,16783056,16783163,5,call 0x10017e0,call sym.imp.puts,e8b9000000,cpu,call,False,3,0,,,,16783328.0,16783143.0,"[{'addr': 16783328, 'type': 'CALL'}]",
16783143,"0x4,rbp,-,[4],rsi,=",True,16783056,16783165,3,"mov esi, dword [rbp - 4]","mov esi, dword [result]",8b75fc,cpu,mov,False,9,0,,,,,,,
16783146,"0x1295,rip,-,rdi,=",True,16783056,16783161,7,"lea rdi, [rip - 0x1295]","lea rdi, [0x0100049c]",488d3d6bedffff,cpu,lea,False,33,0,,,,,,"[{'addr': 16778396, 'type': 'DATA'}]",16778396.0
16783153,"0,al,=",False,16783056,16783166,2,"mov al, 0","mov al, 0",b000,cpu,mov,False,9,0,,,0.0,,,,
16783155,"16783344,rip,8,rsp,-=,rsp,=[],rip,=",False,16783056,16783163,5,call 0x10017f0,call sym.imp.printf,e8b8000000,cpu,call,False,3,0,,,,16783344.0,16783160.0,"[{'addr': 16783344, 'type': 'CALL'}]",
16783160,"eax,rax,^,0xffffffff,&,rax,=,$z,zf,:=,$p,pf,:=,31,$s,sf,:=,0,cf,:=,0,of,:=",False,16783056,16783166,2,"xor eax, eax","xor eax, eax",31c0,cpu,xor,False,28,0,,,,,,,
16783162,"16,rsp,+=,63,$o,of,:=,63,$s,sf,:=,$z,zf,:=,63,$c,cf,:=,$p,pf,:=,3,$c,af,:=",False,16783056,16783164,4,"add rsp, 0x10","add rsp, 0x10",4883c410,cpu,add,False,17,0,,,16.0,,,,
16783166,"rsp,[8],8,rsp,+=,rbp,=",False,16783056,16783167,1,pop rbp,pop rbp,5d,cpu,pop,False,14,0,,,,,,,
16783167,"rsp,[8],rip,=,8,rsp,+=",False,16783056,16783167,1,ret,ret,c3,cpu,ret,False,5,0,,,,,,,
