offset,esil,refptr,fcn_addr,fcn_last,size,opcode,disasm,bytes,family,type,reloc,type_num,type2_num,flags,xrefs_to,val,jump,fail,ptr,xrefs_from,comment
16782784,"rbp,8,rsp,-,=[8],8,rsp,-=",False,16782784,16783026,1,push rbp,push rbp,55,cpu,rpush,False,268435468,0,"['sym.lcm', 'dbg.lcm']","[{'addr': 16783104, 'type': 'CALL'}]",,,,,,
16782785,"rsp,rbp,=",False,16782784,16783024,3,"mov rbp, rsp","mov rbp, rsp",4889e5,cpu,mov,False,9,0,,,,,,,,
16782788,"edi,0x14,rbp,-,=[4]",True,16782784,16783024,3,"mov dword [rbp - 0x14], edi","mov dword [var_1ch], edi",897dec,cpu,mov,False,268435465,0,,,,,,,,
16782791,"esi,0x10,rbp,-,=[4]",True,16782784,16783024,3,"mov dword [rbp - 0x10], esi","mov dword [var_18h], esi",8975f0,cpu,mov,False,268435465,0,,,,,,,,
16782794,"edi,rax,=",False,16782784,16783025,2,"mov eax, edi","mov eax, edi",89f8,cpu,mov,False,9,0,,,,,,,,
16782796,"esi,eax,-=,esi,0x80000000,-,!,31,$o,^,of,:=,31,$s,sf,:=,$z,zf,:=,$p,pf,:=,32,$b,cf,:=,3,$b,af,:=",False,16782784,16783025,2,"sub eax, esi","sub eax, esi",29f0,cpu,sub,False,18,0,,,,,,,,
16782798,"zf,!,sf,of,^,!,&,?{,edi,esi,=,}",False,16782784,16783024,3,"cmovg esi, edi","cmovg esi, edi",0f4ff7,cpu,cmov,False,2147483657,0,,,,,,,,
16782801,"4,0xc,rbp,-,=[4]",True,16782784,16783020,7,"mov dword [rbp - 0xc], 4","mov dword [var_14h], 4",c745f404000000,cpu,mov,False,268435465,0,,,4.0,,,,,
16782808,"esi,0x4,rbp,-,=[4]",True,16782784,16783024,3,"mov dword [rbp - 4], esi","mov dword [var_ch], esi",8975fc,cpu,mov,False,268435465,0,,,,,,,,
16782811,"0xc,rbp,-,[4],rax,=",True,16782784,16783024,3,"mov eax, dword [rbp - 0xc]","mov eax, dword [var_14h]",8b45f4,cpu,mov,False,9,0,,"[{'addr': 16782846, 'type': 'CODE'}]",,,,,,
16782814,"rax,0x20,rbp,-,=[8]",True,16782784,16783023,4,"mov qword [rbp - 0x20], rax","mov qword [var_28h], rax",488945e0,cpu,mov,False,268435465,0,,,,,,,,
16782818,"6,rax,-=,6,0x8000000000000000,-,!,63,$o,^,of,:=,63,$s,sf,:=,$z,zf,:=,$p,pf,:=,64,$b,cf,:=,3,$b,af,:=",False,16782784,16783023,4,"sub rax, 6","sub rax, 6",4883e806,cpu,sub,False,18,0,,,6.0,,,,,
16782822,"cf,zf,|,!,?{,16782844,rip,=,}",False,16782784,16783025,2,ja 0x10015fc,ja 0x10015fc,7714,cpu,cjmp,False,2147483649,0,,,,16782844.0,16782824.0,,,
16782824,"0x20,rbp,-,[8],rax,=",True,16782784,16783023,4,"mov rax, qword [rbp - 0x20]","mov rax, qword [var_28h]",488b45e0,cpu,mov,False,9,0,,,,,,,,
16782828,"0x1177,rip,-,rcx,=",True,16782784,16783020,7,"lea rcx, [rip - 0x1177]","lea rcx, data.0100047c",488d0d89eeffff,cpu,lea,False,33,0,,,,,,16778364.0,"[{'addr': 16778364, 'type': 'DATA'}]",
16782835,"32,rax,4,*,rcx,+,[4],~,rax,=",True,16782784,16783023,4,"movsxd rax, dword [rcx + rax*4]","movsxd rax, dword [rcx + rax*4]",48630481,cpu,mov,False,9,0,,,,,,,,
16782839,"rcx,rax,+=,63,$o,of,:=,63,$s,sf,:=,$z,zf,:=,63,$c,cf,:=,$p,pf,:=,3,$c,af,:=",False,16782784,16783024,3,"add rax, rcx","add rax, rcx",4801c8,cpu,add,False,17,0,,,,,,,,
16782842,"rax,rip,=",False,16782784,16783025,2,jmp rax,jmp rax,ffe0,cpu,rjmp,False,268435458,0,['switch.0x010015fa'],,,,,,"[{'addr': 16782848, 'type': 'CODE'}, {'addr': 16782884, 'type': 'CODE'}, {'addr': 16782914, 'type': 'CODE'}, {'addr': 16782919, 'type': 'CODE'}, {'addr': 16782937, 'type': 'CODE'}, {'addr': 16782973, 'type': 'CODE'}, {'addr': 16782994, 'type': 'CODE'}]",c3dpdGNoIHRhYmxlICg3IGNhc2VzKSBhdCAweDEwMDA0N2M=
16782844,"0x10015fe,rip,=",False,16782784,16783025,2,jmp 0x10015fe,jmp 0x10015fe,eb00,cpu,jmp,False,1,0,,,,16782846.0,,,"[{'addr': 16782846, 'type': 'CODE'}]",
16782846,"0x10015db,rip,=",False,16782784,16783025,2,jmp 0x10015db,jmp 0x10015db,ebdb,cpu,jmp,False,1,0,,"[{'addr': 16782844, 'type': 'CODE'}, {'addr': 16782882, 'type': 'CODE'}, {'addr': 16782912, 'type': 'CODE'}, {'addr': 16782935, 'type': 'CODE'}, {'addr': 16782971, 'type': 'CODE'}, {'addr': 16782989, 'type': 'CODE'}, {'addr': 16783022, 'type': 'CODE'}]",,16782811.0,,,"[{'addr': 16782811, 'type': 'CODE'}]",
16782848,"0x14,rbp,-,[4],rcx,=",True,16782784,16783024,3,"mov ecx, dword [rbp - 0x14]","mov ecx, dword [var_1ch]",8b4dec,cpu,mov,False,9,0,['case.0x10015fa.0'],"[{'addr': 16782842, 'type': 'CODE'}]",,,,,,
16782851,"0x4,rbp,-,[4],rax,=",True,16782784,16783024,3,"mov eax, dword [rbp - 4]","mov eax, dword [var_ch]",8b45fc,cpu,mov,False,9,0,,,,,,,,
16782854,"eax,0x8,rbp,-,=[4]",True,16782784,16783024,3,"mov dword [rbp - 8], eax","mov dword [var_10h], eax",8945f8,cpu,mov,False,268435465,0,,,,,,,,
16782857,"0x8,rbp,-,[4],rax,=",True,16782784,16783024,3,"mov eax, dword [rbp - 8]","mov eax, dword [var_10h]",8b45f8,cpu,mov,False,9,0,,,,,,,,
16782860,"0,edx,=,31,eax,>>,?{,0xffffffff,edx,=,}",False,16782784,16783026,1,cdq,cdq,99,cpu,null,False,0,0,,,,,,,,
16782861,"32,ecx,~,32,edx,<<,eax,+,~%,32,ecx,~,32,edx,<<,eax,+,~/,eax,=,edx,=",False,16782784,16783025,2,idiv ecx,idiv ecx,f7f9,cpu,div,False,21,0,,,,,,,,
16782863,"3,rax,=",False,16782784,16783022,5,"mov eax, 3","mov eax, 3",b803000000,cpu,mov,False,9,0,,,3.0,,,,,
16782868,"1,rcx,=",False,16782784,16783022,5,"mov ecx, 1","mov ecx, 1",b901000000,cpu,mov,False,9,0,,,1.0,,,,,
16782873,"0,edx,==,$z,zf,:=,32,$b,cf,:=,$p,pf,:=,31,$s,sf,:=,0,0x80000000,-,!,31,$o,^,of,:=,3,$b,af,:=",False,16782784,16783024,3,"cmp edx, 0","cmp edx, 0",83fa00,cpu,cmp,False,15,0,,,0.0,,,0.0,,
16782876,"zf,?{,ecx,eax,=,}",False,16782784,16783024,3,"cmove eax, ecx","cmove eax, ecx",0f44c1,cpu,cmov,False,2147483657,0,,,,,,,,
16782879,"eax,0xc,rbp,-,=[4]",True,16782784,16783024,3,"mov dword [rbp - 0xc], eax","mov dword [var_14h], eax",8945f4,cpu,mov,False,268435465,0,,,,,,,,
16782882,"0x10015fe,rip,=",False,16782784,16783025,2,jmp 0x10015fe,jmp 0x10015fe,ebda,cpu,jmp,False,1,0,,,,16782846.0,,,"[{'addr': 16782846, 'type': 'CODE'}]",
16782884,"0x10,rbp,-,[4],rcx,=",True,16782784,16783024,3,"mov ecx, dword [rbp - 0x10]","mov ecx, dword [var_18h]",8b4df0,cpu,mov,False,9,0,['case.0x10015fa.1'],"[{'addr': 16782842, 'type': 'CODE'}]",,,,,,
16782887,"0x8,rbp,-,[4],rax,=",True,16782784,16783024,3,"mov eax, dword [rbp - 8]","mov eax, dword [var_10h]",8b45f8,cpu,mov,False,9,0,,,,,,,,
16782890,"0,edx,=,31,eax,>>,?{,0xffffffff,edx,=,}",False,16782784,16783026,1,cdq,cdq,99,cpu,null,False,0,0,,,,,,,,
16782891,"32,ecx,~,32,edx,<<,eax,+,~%,32,ecx,~,32,edx,<<,eax,+,~/,eax,=,edx,=",False,16782784,16783025,2,idiv ecx,idiv ecx,f7f9,cpu,div,False,21,0,,,,,,,,
16782893,"3,rax,=",False,16782784,16783022,5,"mov eax, 3","mov eax, 3",b803000000,cpu,mov,False,9,0,,,3.0,,,,,
16782898,"2,rcx,=",False,16782784,16783022,5,"mov ecx, 2","mov ecx, 2",b902000000,cpu,mov,False,9,0,,,2.0,,,,,
16782903,"0,edx,==,$z,zf,:=,32,$b,cf,:=,$p,pf,:=,31,$s,sf,:=,0,0x80000000,-,!,31,$o,^,of,:=,3,$b,af,:=",False,16782784,16783024,3,"cmp edx, 0","cmp edx, 0",83fa00,cpu,cmp,False,15,0,,,0.0,,,0.0,,
16782906,"zf,?{,ecx,eax,=,}",False,16782784,16783024,3,"cmove eax, ecx","cmove eax, ecx",0f44c1,cpu,cmov,False,2147483657,0,,,,,,,,
16782909,"eax,0xc,rbp,-,=[4]",True,16782784,16783024,3,"mov dword [rbp - 0xc], eax","mov dword [var_14h], eax",8945f4,cpu,mov,False,268435465,0,,,,,,,,
16782912,"0x10015fe,rip,=",False,16782784,16783025,2,jmp 0x10015fe,jmp 0x10015fe,ebbc,cpu,jmp,False,1,0,,,,16782846.0,,,"[{'addr': 16782846, 'type': 'CODE'}]",
16782914,"0x8,rbp,-,[4],rax,=",True,16782784,16783024,3,"mov eax, dword [rbp - 8]","mov eax, dword [var_10h]",8b45f8,cpu,mov,False,9,0,['case.0x10015fa.2'],"[{'addr': 16782842, 'type': 'CODE'}]",,,,,,
16782917,"rsp,[8],8,rsp,+=,rbp,=",False,16782784,16783026,1,pop rbp,pop rbp,5d,cpu,pop,False,14,0,,,,,,,,
16782918,"rsp,[8],rip,=,8,rsp,+=",False,16782784,16783026,1,ret,ret,c3,cpu,ret,False,5,0,,,,,,,,
16782919,"0x8,rbp,-,[4],rax,=",True,16782784,16783024,3,"mov eax, dword [rbp - 8]","mov eax, dword [var_10h]",8b45f8,cpu,mov,False,9,0,['case.0x10015fa.3'],"[{'addr': 16782842, 'type': 'CODE'}]",,,,,,
16782922,"1,eax,+=,31,$o,of,:=,31,$s,sf,:=,$z,zf,:=,31,$c,cf,:=,$p,pf,:=,3,$c,af,:=",False,16782784,16783024,3,"add eax, 1","add eax, 1",83c001,cpu,add,False,17,0,,,1.0,,,,,
16782925,"0,0xc,rbp,-,=[4]",True,16782784,16783020,7,"mov dword [rbp - 0xc], 0","mov dword [var_14h], 0",c745f400000000,cpu,mov,False,268435465,0,,,0.0,,,,,
16782932,"eax,0x4,rbp,-,=[4]",True,16782784,16783024,3,"mov dword [rbp - 4], eax","mov dword [var_ch], eax",8945fc,cpu,mov,False,268435465,0,,,,,,,,
16782935,"0x10015fe,rip,=",False,16782784,16783025,2,jmp 0x10015fe,jmp 0x10015fe,eba5,cpu,jmp,False,1,0,,,,16782846.0,,,"[{'addr': 16782846, 'type': 'CODE'}]",
16782937,"0x14,rbp,-,[4],rcx,=",True,16782784,16783024,3,"mov ecx, dword [rbp - 0x14]","mov ecx, dword [var_1ch]",8b4dec,cpu,mov,False,9,0,['case.0x10015fa.4'],"[{'addr': 16782842, 'type': 'CODE'}]",,,,,,
16782940,"0x4,rbp,-,[4],rax,=",True,16782784,16783024,3,"mov eax, dword [rbp - 4]","mov eax, dword [var_ch]",8b45fc,cpu,mov,False,9,0,,,,,,,,
16782943,"eax,0x8,rbp,-,=[4]",True,16782784,16783024,3,"mov dword [rbp - 8], eax","mov dword [var_10h], eax",8945f8,cpu,mov,False,268435465,0,,,,,,,,
16782946,"0x8,rbp,-,[4],rax,=",True,16782784,16783024,3,"mov eax, dword [rbp - 8]","mov eax, dword [var_10h]",8b45f8,cpu,mov,False,9,0,,,,,,,,
16782949,"0,edx,=,31,eax,>>,?{,0xffffffff,edx,=,}",False,16782784,16783026,1,cdq,cdq,99,cpu,null,False,0,0,,,,,,,,
16782950,"32,ecx,~,32,edx,<<,eax,+,~%,32,ecx,~,32,edx,<<,eax,+,~/,eax,=,edx,=",False,16782784,16783025,2,idiv ecx,idiv ecx,f7f9,cpu,div,False,21,0,,,,,,,,
16782952,"3,rax,=",False,16782784,16783022,5,"mov eax, 3","mov eax, 3",b803000000,cpu,mov,False,9,0,,,3.0,,,,,
16782957,"1,rcx,=",False,16782784,16783022,5,"mov ecx, 1","mov ecx, 1",b901000000,cpu,mov,False,9,0,,,1.0,,,,,
16782962,"0,edx,==,$z,zf,:=,32,$b,cf,:=,$p,pf,:=,31,$s,sf,:=,0,0x80000000,-,!,31,$o,^,of,:=,3,$b,af,:=",False,16782784,16783024,3,"cmp edx, 0","cmp edx, 0",83fa00,cpu,cmp,False,15,0,,,0.0,,,0.0,,
16782965,"zf,?{,ecx,eax,=,}",False,16782784,16783024,3,"cmove eax, ecx","cmove eax, ecx",0f44c1,cpu,cmov,False,2147483657,0,,,,,,,,
16782968,"eax,0xc,rbp,-,=[4]",True,16782784,16783024,3,"mov dword [rbp - 0xc], eax","mov dword [var_14h], eax",8945f4,cpu,mov,False,268435465,0,,,,,,,,
16782971,"0x10015fe,rip,=",False,16782784,16783025,2,jmp 0x10015fe,jmp 0x10015fe,eb81,cpu,jmp,False,1,0,,,,16782846.0,,,"[{'addr': 16782846, 'type': 'CODE'}]",
16782973,"0x8,rbp,-,[4],rax,=",True,16782784,16783024,3,"mov eax, dword [rbp - 8]","mov eax, dword [var_10h]",8b45f8,cpu,mov,False,9,0,['case.0x10015fa.5'],"[{'addr': 16782842, 'type': 'CODE'}]",,,,,,
16782976,"1,eax,+=,31,$o,of,:=,31,$s,sf,:=,$z,zf,:=,31,$c,cf,:=,$p,pf,:=,3,$c,af,:=",False,16782784,16783024,3,"add eax, 1","add eax, 1",83c001,cpu,add,False,17,0,,,1.0,,,,,
16782979,"0,0xc,rbp,-,=[4]",True,16782784,16783020,7,"mov dword [rbp - 0xc], 0","mov dword [var_14h], 0",c745f400000000,cpu,mov,False,268435465,0,,,0.0,,,,,
16782986,"eax,0x4,rbp,-,=[4]",True,16782784,16783024,3,"mov dword [rbp - 4], eax","mov dword [var_ch], eax",8945fc,cpu,mov,False,268435465,0,,,,,,,,
16782989,"0x10015fe,rip,=",False,16782784,16783022,5,jmp 0x10015fe,jmp 0x10015fe,e96cffffff,cpu,jmp,False,1,0,,,,16782846.0,,,"[{'addr': 16782846, 'type': 'CODE'}]",
16782994,"0x10,rbp,-,[4],rcx,=",True,16782784,16783024,3,"mov ecx, dword [rbp - 0x10]","mov ecx, dword [var_18h]",8b4df0,cpu,mov,False,9,0,['case.0x10015fa.6'],"[{'addr': 16782842, 'type': 'CODE'}]",,,,,,
16782997,"0x8,rbp,-,[4],rax,=",True,16782784,16783024,3,"mov eax, dword [rbp - 8]","mov eax, dword [var_10h]",8b45f8,cpu,mov,False,9,0,,,,,,,,
16783000,"0,edx,=,31,eax,>>,?{,0xffffffff,edx,=,}",False,16782784,16783026,1,cdq,cdq,99,cpu,null,False,0,0,,,,,,,,
16783001,"32,ecx,~,32,edx,<<,eax,+,~%,32,ecx,~,32,edx,<<,eax,+,~/,eax,=,edx,=",False,16782784,16783025,2,idiv ecx,idiv ecx,f7f9,cpu,div,False,21,0,,,,,,,,
16783003,"3,rax,=",False,16782784,16783022,5,"mov eax, 3","mov eax, 3",b803000000,cpu,mov,False,9,0,,,3.0,,,,,
16783008,"2,rcx,=",False,16782784,16783022,5,"mov ecx, 2","mov ecx, 2",b902000000,cpu,mov,False,9,0,,,2.0,,,,,
16783013,"0,edx,==,$z,zf,:=,32,$b,cf,:=,$p,pf,:=,31,$s,sf,:=,0,0x80000000,-,!,31,$o,^,of,:=,3,$b,af,:=",False,16782784,16783024,3,"cmp edx, 0","cmp edx, 0",83fa00,cpu,cmp,False,15,0,,,0.0,,,0.0,,
16783016,"zf,?{,ecx,eax,=,}",False,16782784,16783024,3,"cmove eax, ecx","cmove eax, ecx",0f44c1,cpu,cmov,False,2147483657,0,,,,,,,,
16783019,"eax,0xc,rbp,-,=[4]",True,16782784,16783024,3,"mov dword [rbp - 0xc], eax","mov dword [var_14h], eax",8945f4,cpu,mov,False,268435465,0,,,,,,,,
16783022,"0x10015fe,rip,=",False,16782784,16783022,5,jmp 0x10015fe,jmp 0x10015fe,e94bffffff,cpu,jmp,False,1,0,,,,16782846.0,,,"[{'addr': 16782846, 'type': 'CODE'}]",
