offset,esil,refptr,fcn_addr,fcn_last,size,opcode,disasm,bytes,family,type,reloc,type_num,type2_num,flags,xrefs_to,val,jump,xrefs_from,ptr,fail
16783344,"rbp,8,rsp,-,=[8],8,rsp,-=",False,16783344,16783602,1,push rbp,push rbp,55,cpu,rpush,False,268435468,0,['sym.shift_entropy'],"[{'addr': 16782957, 'type': 'CALL'}, {'addr': 16783538, 'type': 'CALL'}]",,,,,
16783345,"rsp,rbp,=",False,16783344,16783600,3,"mov rbp, rsp","mov rbp, rsp",4889e5,cpu,mov,False,9,0,,,,,,,
16783348,"64,rsp,-=,64,0x8000000000000000,-,!,63,$o,^,of,:=,63,$s,sf,:=,$z,zf,:=,$p,pf,:=,64,$b,cf,:=,3,$b,af,:=",False,16783344,16783599,4,"sub rsp, 0x40","sub rsp, 0x40",4883ec40,cpu,sub,False,18,0,,,64.0,,,,
16783352,"eax,rax,^,0xffffffff,&,rax,=,$z,zf,:=,$p,pf,:=,31,$s,sf,:=,0,cf,:=,0,of,:=",False,16783344,16783601,2,"xor eax, eax","xor eax, eax",31c0,cpu,xor,False,28,0,,,,,,,
16783354,"eax,0xc,rbp,-,=[4]",True,16783344,16783600,3,"mov dword [rbp - 0xc], eax","mov dword [var_14h], eax",8945f4,cpu,mov,False,268435465,0,,,,,,,
16783357,"edi,0x8,rbp,-,=[4]",True,16783344,16783600,3,"mov dword [rbp - 8], edi","mov dword [var_10h], edi",897df8,cpu,mov,False,268435465,0,,,,,,,
16783360,"esi,0x4,rbp,-,=[4]",True,16783344,16783600,3,"mov dword [rbp - 4], esi","mov dword [var_ch], esi",8975fc,cpu,mov,False,268435465,0,,,,,,,
16783363,"0x1001805,rip,=",False,16783344,16783601,2,jmp 0x1001805,jmp 0x1001805,eb00,cpu,jmp,False,1,0,,,,16783365.0,"[{'addr': 16783365, 'type': 'CODE'}]",,
16783365,"0xc,rbp,-,[4],rax,=",True,16783344,16783600,3,"mov eax, dword [rbp - 0xc]","mov eax, dword [var_14h]",8b45f4,cpu,mov,False,9,0,,"[{'addr': 16783363, 'type': 'CODE'}, {'addr': 16783598, 'type': 'CODE'}]",,,,,
16783368,"0x8,rbp,-,[4],rcx,=",True,16783344,16783600,3,"mov ecx, dword [rbp - 8]","mov ecx, dword [var_10h]",8b4df8,cpu,mov,False,9,0,,,,,,,
16783371,"0x4,rbp,-,[4],rdx,=",True,16783344,16783600,3,"mov edx, dword [rbp - 4]","mov edx, dword [var_ch]",8b55fc,cpu,mov,False,9,0,,,,,,,
16783374,"eax,0x1c,rbp,-,=[4]",True,16783344,16783600,3,"mov dword [rbp - 0x1c], eax","mov dword [var_24h], eax",8945e4,cpu,mov,False,268435465,0,,,,,,,
16783377,"1,edx,==,$z,zf,:=,32,$b,cf,:=,$p,pf,:=,31,$s,sf,:=,1,0x80000000,-,!,31,$o,^,of,:=,3,$b,af,:=",False,16783344,16783600,3,"cmp edx, 1","cmp edx, 1",83fa01,cpu,cmp,False,15,0,,,1.0,,,1.0,
16783380,"sf,of,^,al,=",False,16783344,16783600,3,setl al,setl al,0f9cc0,cpu,cmov,False,2147483657,0,,,,,,,
16783383,"0,ecx,==,$z,zf,:=,32,$b,cf,:=,$p,pf,:=,31,$s,sf,:=,0,0x80000000,-,!,31,$o,^,of,:=,3,$b,af,:=",False,16783344,16783600,3,"cmp ecx, 0","cmp ecx, 0",83f900,cpu,cmp,False,15,0,,,0.0,,,0.0,
16783386,"sf,of,^,sil,=",False,16783344,16783599,4,setl sil,setl sil,400f9cc6,cpu,cmov,False,2147483657,0,,,,,,,
16783390,"al,sil,|=,7,$s,sf,:=,$z,zf,:=,$p,pf,:=,0,of,:=,0,cf,:=",False,16783344,16783600,3,"or sil, al","or sil, al",4008c6,cpu,or,False,26,0,,,,,,,
16783393,"eax,rax,^,0xffffffff,&,rax,=,$z,zf,:=,$p,pf,:=,31,$s,sf,:=,0,cf,:=,0,of,:=",False,16783344,16783601,2,"xor eax, eax","xor eax, eax",31c0,cpu,xor,False,28,0,,,,,,,
16783395,"0,1,sil,&,==,$z,zf,:=,$p,pf,:=,7,$s,sf,:=,0,cf,:=,0,of,:=",False,16783344,16783599,4,"test sil, 1","test sil, 1",40f6c601,cpu,acmp,False,16,0,,,1.0,,,1.0,
16783399,"edx,0x18,rbp,-,=[4]",True,16783344,16783600,3,"mov dword [rbp - 0x18], edx","mov dword [var_20h], edx",8955e8,cpu,mov,False,268435465,0,,,,,,,
16783402,"ecx,0x14,rbp,-,=[4]",True,16783344,16783600,3,"mov dword [rbp - 0x14], ecx","mov dword [var_1ch], ecx",894dec,cpu,mov,False,268435465,0,,,,,,,
16783405,"eax,0x10,rbp,-,=[4]",True,16783344,16783600,3,"mov dword [rbp - 0x10], eax","mov dword [var_18h], eax",8945f0,cpu,mov,False,268435465,0,,,,,,,
16783408,"zf,!,?{,16783509,rip,=,}",False,16783344,16783601,2,jne 0x1001895,jne 0x1001895,7563,cpu,cjmp,False,2147483649,0,,,,16783509.0,,,16783410.0
16783410,"0x18,rbp,-,[4],rcx,=",True,16783344,16783600,3,"mov ecx, dword [rbp - 0x18]","mov ecx, dword [var_20h]",8b4de8,cpu,mov,False,9,0,,"[{'addr': 16783476, 'type': 'CODE'}]",,,,,
16783413,"0x14,rbp,-,[4],rax,=",True,16783344,16783600,3,"mov eax, dword [rbp - 0x14]","mov eax, dword [var_1ch]",8b45ec,cpu,mov,False,9,0,,,,,,,
16783416,"0x10,rbp,-,[4],rdx,=",True,16783344,16783600,3,"mov edx, dword [rbp - 0x10]","mov edx, dword [var_18h]",8b55f0,cpu,mov,False,9,0,,,,,,,
16783419,"edx,0x28,rbp,-,=[4]",True,16783344,16783600,3,"mov dword [rbp - 0x28], edx","mov dword [var_30h], edx",8955d8,cpu,mov,False,268435465,0,,,,,,,
16783422,"eax,0x24,rbp,-,=[4]",True,16783344,16783600,3,"mov dword [rbp - 0x24], eax","mov dword [var_2ch], eax",8945dc,cpu,mov,False,268435465,0,,,,,,,
16783425,"ecx,0x20,rbp,-,=[4]",True,16783344,16783600,3,"mov dword [rbp - 0x20], ecx","mov dword [var_28h], ecx",894de0,cpu,mov,False,268435465,0,,,,,,,
16783428,"7,rcx,=",False,16783344,16783598,5,"mov ecx, 7","mov ecx, 7",b907000000,cpu,mov,False,9,0,,,7.0,,,,
16783433,"edx,rdx,^,0xffffffff,&,rdx,=,$z,zf,:=,$p,pf,:=,31,$s,sf,:=,0,cf,:=,0,of,:=",False,16783344,16783601,2,"xor edx, edx","xor edx, edx",31d2,cpu,xor,False,28,0,,,,,,,
16783435,"ecx,32,edx,<<,eax,+,%,ecx,32,edx,<<,eax,+,/,eax,=,edx,=",False,16783344,16783601,2,div ecx,div ecx,f7f1,cpu,div,False,21,0,,,,,,,
16783437,"0,edx,==,$z,zf,:=,32,$b,cf,:=,$p,pf,:=,31,$s,sf,:=,0,0x80000000,-,!,31,$o,^,of,:=,3,$b,af,:=",False,16783344,16783600,3,"cmp edx, 0","cmp edx, 0",83fa00,cpu,cmp,False,15,0,,,0.0,,,0.0,
16783440,"zf,!,?{,16783478,rip,=,}",False,16783344,16783601,2,jne 0x1001876,jne 0x1001876,7524,cpu,cjmp,False,2147483649,0,,,,16783478.0,,,16783442.0
16783442,"0x20,rbp,-,[4],rsi,=",True,16783344,16783600,3,"mov esi, dword [rbp - 0x20]","mov esi, dword [var_28h]",8b75e0,cpu,mov,False,9,0,,,,,,,
16783445,"0x28,rbp,-,[4],rdi,=",True,16783344,16783600,3,"mov edi, dword [rbp - 0x28]","mov edi, dword [var_30h]",8b7dd8,cpu,mov,False,9,0,,,,,,,
16783448,"0x24,rbp,-,[4],rax,=",True,16783344,16783600,3,"mov eax, dword [rbp - 0x24]","mov eax, dword [var_2ch]",8b45dc,cpu,mov,False,9,0,,,,,,,
16783451,"eax,rcx,=",False,16783344,16783601,2,"mov ecx, eax","mov ecx, eax",89c1,cpu,mov,False,9,0,,,,,,,
16783453,"0,cf,:=,1,1,-,1,<<,ecx,&,?{,1,cf,:=,},1,ecx,>>,ecx,=,$z,zf,:=,$p,pf,:=,31,$s,sf,:=",False,16783344,16783601,2,"shr ecx, 1","shr ecx, 1",d1e9,cpu,shr,False,22,0,,,1.0,,,,
16783455,"esi,rdx,=",False,16783344,16783601,2,"mov edx, esi","mov edx, esi",89f2,cpu,mov,False,9,0,,,,,,,
16783457,"18446744073709551615,edx,+=,31,$o,of,:=,31,$s,sf,:=,$z,zf,:=,31,$c,cf,:=,$p,pf,:=,3,$c,af,:=",False,16783344,16783600,3,"add edx, 0xffffffff","add edx, 0xffffffff",83c2ff,cpu,add,False,17,0,,,,,,,
16783460,"edi,eax,+=,31,$o,of,:=,31,$s,sf,:=,$z,zf,:=,31,$c,cf,:=,$p,pf,:=,3,$c,af,:=",False,16783344,16783601,2,"add eax, edi","add eax, edi",01f8,cpu,add,False,17,0,,,,,,,
16783462,"2,esi,==,$z,zf,:=,32,$b,cf,:=,$p,pf,:=,31,$s,sf,:=,2,0x80000000,-,!,31,$o,^,of,:=,3,$b,af,:=",False,16783344,16783600,3,"cmp esi, 2","cmp esi, 2",83fe02,cpu,cmp,False,15,0,,,2.0,,,2.0,
16783465,"edx,0x18,rbp,-,=[4]",True,16783344,16783600,3,"mov dword [rbp - 0x18], edx","mov dword [var_20h], edx",8955e8,cpu,mov,False,268435465,0,,,,,,,
16783468,"ecx,0x14,rbp,-,=[4]",True,16783344,16783600,3,"mov dword [rbp - 0x14], ecx","mov dword [var_1ch], ecx",894dec,cpu,mov,False,268435465,0,,,,,,,
16783471,"eax,0x10,rbp,-,=[4]",True,16783344,16783600,3,"mov dword [rbp - 0x10], eax","mov dword [var_18h], eax",8945f0,cpu,mov,False,268435465,0,,,,,,,
16783474,"of,sf,^,?{,16783509,rip,=,}",False,16783344,16783601,2,jl 0x1001895,jl 0x1001895,7c21,cpu,cjmp,False,2147483649,0,,,,16783509.0,,,16783476.0
16783476,"0x1001832,rip,=",False,16783344,16783601,2,jmp 0x1001832,jmp 0x1001832,ebbc,cpu,jmp,False,1,0,,,,16783410.0,"[{'addr': 16783410, 'type': 'CODE'}]",,
16783478,"0x20,rbp,-,[4],rcx,=",True,16783344,16783600,3,"mov ecx, dword [rbp - 0x20]","mov ecx, dword [var_28h]",8b4de0,cpu,mov,False,9,0,,,,,,,
16783481,"0x24,rbp,-,[4],rax,=",True,16783344,16783600,3,"mov eax, dword [rbp - 0x24]","mov eax, dword [var_2ch]",8b45dc,cpu,mov,False,9,0,,,,,,,
16783484,"3,rax,&,0xffffffff,&,rax,=,$z,zf,:=,$p,pf,:=,31,$s,sf,:=,0,cf,:=,0,of,:=",False,16783344,16783600,3,"and eax, 3","and eax, 3",83e003,cpu,and,False,27,0,,,3.0,,,,
16783487,"18446744073709551615,ecx,+=,31,$o,of,:=,31,$s,sf,:=,$z,zf,:=,31,$c,cf,:=,$p,pf,:=,3,$c,af,:=",False,16783344,16783600,3,"add ecx, 0xffffffff","add ecx, 0xffffffff",83c1ff,cpu,add,False,17,0,,,,,,,
16783490,"ecx,0x2c,rbp,-,=[4]",True,16783344,16783600,3,"mov dword [rbp - 0x2c], ecx","mov dword [var_34h], ecx",894dd4,cpu,mov,False,268435465,0,,,,,,,
16783493,"1,eax,==,$z,zf,:=,32,$b,cf,:=,$p,pf,:=,31,$s,sf,:=,1,0x80000000,-,!,31,$o,^,of,:=,3,$b,af,:=",False,16783344,16783600,3,"cmp eax, 1","cmp eax, 1",83f801,cpu,cmp,False,15,0,,,1.0,,,1.0,
16783496,"zf,?{,16783522,rip,=,}",False,16783344,16783601,2,je 0x10018a2,je 0x10018a2,7418,cpu,cjmp,False,2147483649,0,,,,16783522.0,,,16783498.0
16783498,"0x10018cd,rip,=",False,16783344,16783601,2,jmp 0x10018cd,jmp 0x10018cd,eb41,cpu,jmp,False,1,0,,,,16783565.0,"[{'addr': 16783565, 'type': 'CODE'}]",,
16783500,"0x30,rbp,-,[4],rax,=",True,16783344,16783600,3,"mov eax, dword [rbp - 0x30]","mov eax, dword [var_38h]",8b45d0,cpu,mov,False,9,0,,"[{'addr': 16783520, 'type': 'CODE'}, {'addr': 16783563, 'type': 'CODE'}]",,,,,
16783503,"64,rsp,+=,63,$o,of,:=,63,$s,sf,:=,$z,zf,:=,63,$c,cf,:=,$p,pf,:=,3,$c,af,:=",False,16783344,16783599,4,"add rsp, 0x40","add rsp, 0x40",4883c440,cpu,add,False,17,0,,,64.0,,,,
16783507,"rsp,[8],8,rsp,+=,rbp,=",False,16783344,16783602,1,pop rbp,pop rbp,5d,cpu,pop,False,14,0,,,,,,,
16783508,"rsp,[8],rip,=,8,rsp,+=",False,16783344,16783602,1,ret,ret,c3,cpu,ret,False,5,0,,,,,,,
16783509,"0x1c,rbp,-,[4],rcx,=",True,16783344,16783600,3,"mov ecx, dword [rbp - 0x1c]","mov ecx, dword [var_24h]",8b4de4,cpu,mov,False,9,0,,,,,,,
16783512,"0x10,rbp,-,[4],rax,=",True,16783344,16783600,3,"mov eax, dword [rbp - 0x10]","mov eax, dword [var_18h]",8b45f0,cpu,mov,False,9,0,,,,,,,
16783515,"ecx,eax,+=,31,$o,of,:=,31,$s,sf,:=,$z,zf,:=,31,$c,cf,:=,$p,pf,:=,3,$c,af,:=",False,16783344,16783601,2,"add eax, ecx","add eax, ecx",01c8,cpu,add,False,17,0,,,,,,,
16783517,"eax,0x30,rbp,-,=[4]",True,16783344,16783600,3,"mov dword [rbp - 0x30], eax","mov dword [var_38h], eax",8945d0,cpu,mov,False,268435465,0,,,,,,,
16783520,"0x100188c,rip,=",False,16783344,16783601,2,jmp 0x100188c,jmp 0x100188c,ebea,cpu,jmp,False,1,0,,,,16783500.0,"[{'addr': 16783500, 'type': 'CODE'}]",,
16783522,"0x2c,rbp,-,[4],rsi,=",True,16783344,16783600,3,"mov esi, dword [rbp - 0x2c]","mov esi, dword [var_34h]",8b75d4,cpu,mov,False,9,0,,,,,,,
16783525,"0x24,rbp,-,[4],rdi,=",True,16783344,16783600,3,"mov edi, dword [rbp - 0x24]","mov edi, dword [var_2ch]",8b7ddc,cpu,mov,False,9,0,,,,,,,
16783528,"edi,rax,=",False,16783344,16783601,2,"mov eax, edi","mov eax, edi",89f8,cpu,mov,False,9,0,,,,,,,
16783530,"0,1,!,!,?{,1,1,-,eax,<<,0x80000000,&,!,!,^,},1,eax,<<=,$z,zf,:=,$p,pf,:=,31,$s,sf,:=,cf,=",False,16783344,16783601,2,"shl eax, 1","shl eax, 1",d1e0,cpu,shl,False,23,0,,,,,,,
16783532,"eax,0x34,rbp,-,=[4]",True,16783344,16783600,3,"mov dword [rbp - 0x34], eax","mov dword [var_3ch], eax",8945cc,cpu,mov,False,268435465,0,,,,,,,
16783535,"18446744073709551613,edi,+=,31,$o,of,:=,31,$s,sf,:=,$z,zf,:=,31,$c,cf,:=,$p,pf,:=,3,$c,af,:=",False,16783344,16783600,3,"add edi, 0xfffffffd","add edi, 0xfffffffd",83c7fd,cpu,add,False,17,0,,,1.8446744073709552e+19,,,,
16783538,"16783344,rip,8,rsp,-=,rsp,=[],rip,=",False,16783344,16783598,5,call 0x10017f0,call sym.shift_entropy,e839ffffff,cpu,call,False,3,0,,,,16783344.0,"[{'addr': 16783344, 'type': 'CALL'}]",,16783543.0
16783543,"0x28,rbp,-,[4],rsi,=",True,16783344,16783600,3,"mov esi, dword [rbp - 0x28]","mov esi, dword [var_30h]",8b75d8,cpu,mov,False,9,0,,,,,,,
16783546,"0x1c,rbp,-,[4],rcx,=",True,16783344,16783600,3,"mov ecx, dword [rbp - 0x1c]","mov ecx, dword [var_24h]",8b4de4,cpu,mov,False,9,0,,,,,,,
16783549,"eax,rdx,=",False,16783344,16783601,2,"mov edx, eax","mov edx, eax",89c2,cpu,mov,False,9,0,,,,,,,
16783551,"0x34,rbp,-,[4],rax,=",True,16783344,16783600,3,"mov eax, dword [rbp - 0x34]","mov eax, dword [var_3ch]",8b45cc,cpu,mov,False,9,0,,,,,,,
16783554,"esi,eax,+=,31,$o,of,:=,31,$s,sf,:=,$z,zf,:=,31,$c,cf,:=,$p,pf,:=,3,$c,af,:=",False,16783344,16783601,2,"add eax, esi","add eax, esi",01f0,cpu,add,False,17,0,,,,,,,
16783556,"edx,eax,-=,edx,0x80000000,-,!,31,$o,^,of,:=,31,$s,sf,:=,$z,zf,:=,$p,pf,:=,32,$b,cf,:=,3,$b,af,:=",False,16783344,16783601,2,"sub eax, edx","sub eax, edx",29d0,cpu,sub,False,18,0,,,,,,,
16783558,"ecx,eax,+=,31,$o,of,:=,31,$s,sf,:=,$z,zf,:=,31,$c,cf,:=,$p,pf,:=,3,$c,af,:=",False,16783344,16783601,2,"add eax, ecx","add eax, ecx",01c8,cpu,add,False,17,0,,,,,,,
16783560,"eax,0x30,rbp,-,=[4]",True,16783344,16783600,3,"mov dword [rbp - 0x30], eax","mov dword [var_38h], eax",8945d0,cpu,mov,False,268435465,0,,,,,,,
16783563,"0x100188c,rip,=",False,16783344,16783601,2,jmp 0x100188c,jmp 0x100188c,ebbf,cpu,jmp,False,1,0,,,,16783500.0,"[{'addr': 16783500, 'type': 'CODE'}]",,
16783565,"0x2c,rbp,-,[4],rax,=",True,16783344,16783600,3,"mov eax, dword [rbp - 0x2c]","mov eax, dword [var_34h]",8b45d4,cpu,mov,False,9,0,,"[{'addr': 16783498, 'type': 'CODE'}]",,,,,
16783568,"0x1c,rbp,-,[4],rsi,=",True,16783344,16783600,3,"mov esi, dword [rbp - 0x1c]","mov esi, dword [var_24h]",8b75e4,cpu,mov,False,9,0,,,,,,,
16783571,"0x28,rbp,-,[4],rdi,=",True,16783344,16783600,3,"mov edi, dword [rbp - 0x28]","mov edi, dword [var_30h]",8b7dd8,cpu,mov,False,9,0,,,,,,,
16783574,"0x24,rbp,-,[4],rcx,=",True,16783344,16783600,3,"mov ecx, dword [rbp - 0x24]","mov ecx, dword [var_2ch]",8b4ddc,cpu,mov,False,9,0,,,,,,,
16783577,"0x20,rbp,-,[4],rdx,=",True,16783344,16783600,3,"mov edx, dword [rbp - 0x20]","mov edx, dword [var_28h]",8b55e0,cpu,mov,False,9,0,,,,,,,
16783580,"ecx,rdx,^,0xffffffff,&,rdx,=,$z,zf,:=,$p,pf,:=,31,$s,sf,:=,0,cf,:=,0,of,:=",False,16783344,16783601,2,"xor edx, ecx","xor edx, ecx",31ca,cpu,xor,False,28,0,,,,,,,
16783582,"18446744073709551615,ecx,+=,31,$o,of,:=,31,$s,sf,:=,$z,zf,:=,31,$c,cf,:=,$p,pf,:=,3,$c,af,:=",False,16783344,16783600,3,"add ecx, 0xffffffff","add ecx, 0xffffffff",83c1ff,cpu,add,False,17,0,,,,,,,
16783585,"edi,edx,+=,31,$o,of,:=,31,$s,sf,:=,$z,zf,:=,31,$c,cf,:=,$p,pf,:=,3,$c,af,:=",False,16783344,16783601,2,"add edx, edi","add edx, edi",01fa,cpu,add,False,17,0,,,,,,,
16783587,"esi,edx,+=,31,$o,of,:=,31,$s,sf,:=,$z,zf,:=,31,$c,cf,:=,$p,pf,:=,3,$c,af,:=",False,16783344,16783601,2,"add edx, esi","add edx, esi",01f2,cpu,add,False,17,0,,,,,,,
16783589,"edx,0xc,rbp,-,=[4]",True,16783344,16783600,3,"mov dword [rbp - 0xc], edx","mov dword [var_14h], edx",8955f4,cpu,mov,False,268435465,0,,,,,,,
16783592,"ecx,0x8,rbp,-,=[4]",True,16783344,16783600,3,"mov dword [rbp - 8], ecx","mov dword [var_10h], ecx",894df8,cpu,mov,False,268435465,0,,,,,,,
16783595,"eax,0x4,rbp,-,=[4]",True,16783344,16783600,3,"mov dword [rbp - 4], eax","mov dword [var_ch], eax",8945fc,cpu,mov,False,268435465,0,,,,,,,
16783598,"0x1001805,rip,=",False,16783344,16783598,5,jmp 0x1001805,jmp 0x1001805,e912ffffff,cpu,jmp,False,1,0,,,,16783365.0,"[{'addr': 16783365, 'type': 'CODE'}]",,
