offset,esil,refptr,fcn_addr,fcn_last,size,opcode,disasm,bytes,family,type,reloc,type_num,type2_num,flags,comment,val,ptr,xrefs_from
16782800,"ebp,rbp,^,0xffffffff,&,rbp,=,$z,zf,:=,$p,pf,:=,31,$s,sf,:=,0,cf,:=,0,of,:=",False,16782800,16782840,2,"xor ebp, ebp","xor ebp, ebp",31ed,cpu,xor,False,28,0,"['entry0', 'section..text', 'segment.LOAD1', 'sym._start']",WzEzXSAtci14IHNlY3Rpb24gc2l6ZSAxMzgyIG5hbWVkIC50ZXh0,,,
16782802,"rdx,r9,=",False,16782800,16782839,3,"mov r9, rdx","mov r9, rdx",4989d1,cpu,mov,False,9,0,,,,,
16782805,"rsp,[8],8,rsp,+=,rsi,=",False,16782800,16782841,1,pop rsi,pop rsi,5e,cpu,pop,False,14,0,,,,,
16782806,"rsp,rdx,=",False,16782800,16782839,3,"mov rdx, rsp","mov rdx, rsp",4889e2,cpu,mov,False,9,0,,,,,
16782809,"18446744073709551600,rsp,&=,$z,zf,:=,$p,pf,:=,63,$s,sf,:=,0,cf,:=,0,of,:=",False,16782800,16782838,4,"and rsp, 0xfffffffffffffff0","and rsp, 0xfffffffffffffff0",4883e4f0,cpu,and,False,27,0,,,1.8446744073709552e+19,,
16782813,"rax,8,rsp,-,=[8],8,rsp,-=",False,16782800,16782841,1,push rax,push rax,50,cpu,rpush,False,268435468,0,,,,,
16782814,"rsp,8,rsp,-,=[8],8,rsp,-=",False,16782800,16782841,1,push rsp,push rsp,54,cpu,rpush,False,268435468,0,,,,,
16782815,"0x54a,rip,+,r8,=",True,16782800,16782835,7,"lea r8, [rip + 0x54a]","lea r8, [dbg.__libc_csu_fini]",4c8d054a050000,cpu,lea,False,33,0,,,,16784176.0,"[{'addr': 16784176, 'type': 'DATA'}]"
16782822,"0x4d3,rip,+,rcx,=",True,16782800,16782835,7,"lea rcx, [rip + 0x4d3]","lea rcx, [dbg.__libc_csu_init]",488d0dd3040000,cpu,lea,False,33,0,,,,16784064.0,"[{'addr': 16784064, 'type': 'DATA'}]"
16782829,"0xc,rip,+,rdi,=",True,16782800,16782835,7,"lea rdi, [rip + 0xc]","lea rdi, [main]",488d3d0c000000,cpu,lea,False,33,0,,,,16782848.0,"[{'addr': 16782848, 'type': 'DATA'}]"
16782836,"0x16c6,rip,+,[8],rip,8,rsp,-=,rsp,=[],rip,=",True,16782800,16782836,6,call qword [rip + 0x16c6],call qword [reloc.__libc_start_main],ff15c6160000,cpu,ircall,False,402653188,0,,,,16788672.0,"[{'addr': 16788672, 'type': 'CALL'}]"
