offset,esil,refptr,fcn_addr,fcn_last,size,opcode,disasm,bytes,family,type,reloc,type_num,type2_num,flags,xrefs_to,val,ptr,xrefs_from,jump,fail
16783520,"rbp,8,rsp,-,=[8],8,rsp,-=",False,16783520,16783804,1,push rbp,push rbp,55,cpu,rpush,False,268435468,0,"['main', 'sym.main']","[{'addr': 16783501, 'type': 'DATA'}]",,,,,
16783521,"rsp,rbp,=",False,16783520,16783802,3,"mov rbp, rsp","mov rbp, rsp",4889e5,cpu,mov,False,9,0,,,,,,,
16783524,"16,rsp,-=,16,0x8000000000000000,-,!,63,$o,^,of,:=,63,$s,sf,:=,$z,zf,:=,$p,pf,:=,64,$b,cf,:=,3,$b,af,:=",False,16783520,16783801,4,"sub rsp, 0x10","sub rsp, 0x10",4883ec10,cpu,sub,False,18,0,,,16.0,,,,
16783528,"0x1171,rip,-,rdi,=",True,16783520,16783798,7,"lea rdi, [rip - 0x1171]","lea rdi, str.Computing_Mandelbrot_set...",488d3d8feeffff,cpu,lea,False,33,0,,,,16779070.0,"[{'addr': 16779070, 'type': 'DATA'}]",,
16783535,"16786528,rip,8,rsp,-=,rsp,=[],rip,=",False,16783520,16783800,5,call 0x1002460,call sym.imp.puts,e8ac0b0000,cpu,call,False,3,0,,,,,"[{'addr': 16786528, 'type': 'CALL'}]",16786528.0,16783540.0
16783540,"edi,rdi,^,0xffffffff,&,rdi,=,$z,zf,:=,$p,pf,:=,31,$s,sf,:=,0,cf,:=,0,of,:=",False,16783520,16783803,2,"xor edi, edi","xor edi, edi",31ff,cpu,xor,False,28,0,,,,,,,
16783542,"eax,rax,^,0xffffffff,&,rax,=,$z,zf,:=,$p,pf,:=,31,$s,sf,:=,0,cf,:=,0,of,:=",False,16783520,16783803,2,"xor eax, eax","xor eax, eax",31c0,cpu,xor,False,28,0,,,,,,,
16783544,"eax,r9,=",False,16783520,16783802,3,"mov r9d, eax","mov r9d, eax",4189c1,cpu,mov,False,9,0,,,,,,,
16783547,"0x1233,rip,-,[8],xmm0,=",True,16783520,16783797,8,"movsd xmm0, qword [rip - 0x1233]","movsd xmm0, qword [data.01000690]",f20f1005cdedffff,sse,mov,False,9,0,,,,16778896.0,"[{'addr': 16778896, 'type': 'DATA'}]",,
16783555,"xmm8,xmm8,^=,$z,zf,:=,$p,pf,:=,127,$s,sf,:=,0,cf,:=,0,of,:=",False,16783520,16783801,4,"xorps xmm8, xmm8","xorps xmm8, xmm8",450f57c0,sse,xor,False,28,0,,,,,,,
16783559,"0x1237,rip,-,[8],xmm2,=",True,16783520,16783797,8,"movsd xmm2, qword [rip - 0x1237]","movsd xmm2, qword [data.01000698]",f20f1015c9edffff,sse,mov,False,9,0,,,,16778904.0,"[{'addr': 16778904, 'type': 'DATA'}]",,
16783567,"r9,rsi,=",False,16783520,16783802,3,"mov rsi, r9","mov rsi, r9",4c89ce,cpu,mov,False,9,0,,,,,,,
16783570,"xmm8,xmm1,=",False,16783520,16783801,4,"movaps xmm1, xmm8","movaps xmm1, xmm8",410f28c8,sse,mov,False,9,0,,,,,,,
16783574,"r9,rdx,=",False,16783520,16783802,3,"mov rdx, r9","mov rdx, r9",4c89ca,cpu,mov,False,9,0,,,,,,,
16783577,"xmm8,xmm3,=",False,16783520,16783801,4,"movaps xmm3, xmm8","movaps xmm3, xmm8",410f28d8,sse,mov,False,9,0,,,,,,,
16783581,"xmm8,xmm4,=",False,16783520,16783801,4,"movaps xmm4, xmm8","movaps xmm4, xmm8",410f28e0,sse,mov,False,9,0,,,,,,,
16783585,"xmm8,xmm5,=",False,16783520,16783801,4,"movaps xmm5, xmm8","movaps xmm5, xmm8",410f28e8,sse,mov,False,9,0,,,,,,,
16783589,"xmm8,xmm6,=",False,16783520,16783801,4,"movaps xmm6, xmm8","movaps xmm6, xmm8",410f28f0,sse,mov,False,9,0,,,,,,,
16783593,"xmm8,xmm7,=",False,16783520,16783801,4,"movaps xmm7, xmm8","movaps xmm7, xmm8",410f28f8,sse,mov,False,9,0,,,,,,,
16783597,"r9,rcx,=",False,16783520,16783802,3,"mov rcx, r9","mov rcx, r9",4c89c9,cpu,mov,False,9,0,,,,,,,
16783600,"xmm8,rsp,=[8]",True,16783520,16783799,6,"movsd qword [rsp], xmm8","movsd qword [rsp], xmm8",f2440f110424,sse,mov,False,9,0,,,,,,,
16783606,"xmm8,0x8,rsp,+,=[8]",True,16783520,16783798,7,"movsd qword [rsp + 8], xmm8","movsd qword [var_10h], xmm8",f2440f11442408,sse,mov,False,9,0,,,,,,,
16783613,"r9,r8,=",False,16783520,16783802,3,"mov r8, r9","mov r8, r9",4d89c8,cpu,mov,False,9,0,,,,,,,
16783616,"16783808,rip,8,rsp,-=,rsp,=[],rip,=",False,16783520,16783800,5,call 0x10019c0,call sym.merged,e8bb000000,cpu,call,False,3,0,,,,,"[{'addr': 16783808, 'type': 'CALL'}]",16783808.0,16783621.0
16783621,"0x1192,rip,-,rdi,=",True,16783520,16783798,7,"lea rdi, [rip - 0x1192]","lea rdi, str.Performing_complex_math_operations...",488d3d6eeeffff,cpu,lea,False,33,0,,,,16779130.0,"[{'addr': 16779130, 'type': 'DATA'}]",,
16783628,"16786528,rip,8,rsp,-=,rsp,=[],rip,=",False,16783520,16783800,5,call 0x1002460,call sym.imp.puts,e84f0b0000,cpu,call,False,3,0,,,,,"[{'addr': 16786528, 'type': 'CALL'}]",16786528.0,16783633.0
16783633,"3,rdi,=",False,16783520,16783800,5,"mov edi, 3","mov edi, 3",bf03000000,cpu,mov,False,9,0,,,3.0,,,,
16783638,"eax,rax,^,0xffffffff,&,rax,=,$z,zf,:=,$p,pf,:=,31,$s,sf,:=,0,cf,:=,0,of,:=",False,16783520,16783803,2,"xor eax, eax","xor eax, eax",31c0,cpu,xor,False,28,0,,,,,,,
16783640,"eax,r9,=",False,16783520,16783802,3,"mov r9d, eax","mov r9d, eax",4189c1,cpu,mov,False,9,0,,,,,,,
16783643,"xmm8,xmm8,^=,$z,zf,:=,$p,pf,:=,127,$s,sf,:=,0,cf,:=,0,of,:=",False,16783520,16783801,4,"xorps xmm8, xmm8","xorps xmm8, xmm8",450f57c0,sse,xor,False,28,0,,,,,,,
16783647,"r9,rsi,=",False,16783520,16783802,3,"mov rsi, r9","mov rsi, r9",4c89ce,cpu,mov,False,9,0,,,,,,,
16783650,"xmm8,xmm0,=",False,16783520,16783801,4,"movaps xmm0, xmm8","movaps xmm0, xmm8",410f28c0,sse,mov,False,9,0,,,,,,,
16783654,"xmm8,xmm1,=",False,16783520,16783801,4,"movaps xmm1, xmm8","movaps xmm1, xmm8",410f28c8,sse,mov,False,9,0,,,,,,,
16783658,"xmm8,xmm2,=",False,16783520,16783801,4,"movaps xmm2, xmm8","movaps xmm2, xmm8",410f28d0,sse,mov,False,9,0,,,,,,,
16783662,"r9,rdx,=",False,16783520,16783802,3,"mov rdx, r9","mov rdx, r9",4c89ca,cpu,mov,False,9,0,,,,,,,
16783665,"xmm8,xmm3,=",False,16783520,16783801,4,"movaps xmm3, xmm8","movaps xmm3, xmm8",410f28d8,sse,mov,False,9,0,,,,,,,
16783669,"xmm8,xmm4,=",False,16783520,16783801,4,"movaps xmm4, xmm8","movaps xmm4, xmm8",410f28e0,sse,mov,False,9,0,,,,,,,
16783673,"xmm8,xmm5,=",False,16783520,16783801,4,"movaps xmm5, xmm8","movaps xmm5, xmm8",410f28e8,sse,mov,False,9,0,,,,,,,
16783677,"xmm8,xmm6,=",False,16783520,16783801,4,"movaps xmm6, xmm8","movaps xmm6, xmm8",410f28f0,sse,mov,False,9,0,,,,,,,
16783681,"xmm8,xmm7,=",False,16783520,16783801,4,"movaps xmm7, xmm8","movaps xmm7, xmm8",410f28f8,sse,mov,False,9,0,,,,,,,
16783685,"r9,rcx,=",False,16783520,16783802,3,"mov rcx, r9","mov rcx, r9",4c89c9,cpu,mov,False,9,0,,,,,,,
16783688,"xmm8,rsp,=[8]",True,16783520,16783799,6,"movsd qword [rsp], xmm8","movsd qword [rsp], xmm8",f2440f110424,sse,mov,False,9,0,,,,,,,
16783694,"xmm8,0x8,rsp,+,=[8]",True,16783520,16783798,7,"movsd qword [rsp + 8], xmm8","movsd qword [var_10h], xmm8",f2440f11442408,sse,mov,False,9,0,,,,,,,
16783701,"r9,r8,=",False,16783520,16783802,3,"mov r8, r9","mov r8, r9",4d89c8,cpu,mov,False,9,0,,,,,,,
16783704,"16783808,rip,8,rsp,-=,rsp,=[],rip,=",False,16783520,16783800,5,call 0x10019c0,call sym.merged,e863000000,cpu,call,False,3,0,,,,,"[{'addr': 16783808, 'type': 'CALL'}]",16783808.0,16783709.0
16783709,"0x1247,rip,-,rdi,=",True,16783520,16783798,7,"lea rdi, [rip - 0x1247]","lea rdi, str.Performing_matrix_operations...",488d3db9edffff,cpu,lea,False,33,0,,,,16779037.0,"[{'addr': 16779037, 'type': 'DATA'}]",,
16783716,"16786528,rip,8,rsp,-=,rsp,=[],rip,=",False,16783520,16783800,5,call 0x1002460,call sym.imp.puts,e8f70a0000,cpu,call,False,3,0,,,,,"[{'addr': 16786528, 'type': 'CALL'}]",16786528.0,16783721.0
16783721,"4,rdi,=",False,16783520,16783800,5,"mov edi, 4","mov edi, 4",bf04000000,cpu,mov,False,9,0,,,4.0,,,,
16783726,"eax,rax,^,0xffffffff,&,rax,=,$z,zf,:=,$p,pf,:=,31,$s,sf,:=,0,cf,:=,0,of,:=",False,16783520,16783803,2,"xor eax, eax","xor eax, eax",31c0,cpu,xor,False,28,0,,,,,,,
16783728,"eax,r9,=",False,16783520,16783802,3,"mov r9d, eax","mov r9d, eax",4189c1,cpu,mov,False,9,0,,,,,,,
16783731,"xmm8,xmm8,^=,$z,zf,:=,$p,pf,:=,127,$s,sf,:=,0,cf,:=,0,of,:=",False,16783520,16783801,4,"xorps xmm8, xmm8","xorps xmm8, xmm8",450f57c0,sse,xor,False,28,0,,,,,,,
16783735,"r9,rsi,=",False,16783520,16783802,3,"mov rsi, r9","mov rsi, r9",4c89ce,cpu,mov,False,9,0,,,,,,,
16783738,"xmm8,xmm0,=",False,16783520,16783801,4,"movaps xmm0, xmm8","movaps xmm0, xmm8",410f28c0,sse,mov,False,9,0,,,,,,,
16783742,"xmm8,xmm1,=",False,16783520,16783801,4,"movaps xmm1, xmm8","movaps xmm1, xmm8",410f28c8,sse,mov,False,9,0,,,,,,,
16783746,"xmm8,xmm2,=",False,16783520,16783801,4,"movaps xmm2, xmm8","movaps xmm2, xmm8",410f28d0,sse,mov,False,9,0,,,,,,,
16783750,"r9,rdx,=",False,16783520,16783802,3,"mov rdx, r9","mov rdx, r9",4c89ca,cpu,mov,False,9,0,,,,,,,
16783753,"xmm8,xmm3,=",False,16783520,16783801,4,"movaps xmm3, xmm8","movaps xmm3, xmm8",410f28d8,sse,mov,False,9,0,,,,,,,
16783757,"xmm8,xmm4,=",False,16783520,16783801,4,"movaps xmm4, xmm8","movaps xmm4, xmm8",410f28e0,sse,mov,False,9,0,,,,,,,
16783761,"xmm8,xmm5,=",False,16783520,16783801,4,"movaps xmm5, xmm8","movaps xmm5, xmm8",410f28e8,sse,mov,False,9,0,,,,,,,
16783765,"xmm8,xmm6,=",False,16783520,16783801,4,"movaps xmm6, xmm8","movaps xmm6, xmm8",410f28f0,sse,mov,False,9,0,,,,,,,
16783769,"xmm8,xmm7,=",False,16783520,16783801,4,"movaps xmm7, xmm8","movaps xmm7, xmm8",410f28f8,sse,mov,False,9,0,,,,,,,
16783773,"r9,rcx,=",False,16783520,16783802,3,"mov rcx, r9","mov rcx, r9",4c89c9,cpu,mov,False,9,0,,,,,,,
16783776,"xmm8,rsp,=[8]",True,16783520,16783799,6,"movsd qword [rsp], xmm8","movsd qword [rsp], xmm8",f2440f110424,sse,mov,False,9,0,,,,,,,
16783782,"xmm8,0x8,rsp,+,=[8]",True,16783520,16783798,7,"movsd qword [rsp + 8], xmm8","movsd qword [var_10h], xmm8",f2440f11442408,sse,mov,False,9,0,,,,,,,
16783789,"r9,r8,=",False,16783520,16783802,3,"mov r8, r9","mov r8, r9",4d89c8,cpu,mov,False,9,0,,,,,,,
16783792,"16783808,rip,8,rsp,-=,rsp,=[],rip,=",False,16783520,16783800,5,call 0x10019c0,call sym.merged,e80b000000,cpu,call,False,3,0,,,,,"[{'addr': 16783808, 'type': 'CALL'}]",16783808.0,16783797.0
16783797,"eax,rax,^,0xffffffff,&,rax,=,$z,zf,:=,$p,pf,:=,31,$s,sf,:=,0,cf,:=,0,of,:=",False,16783520,16783803,2,"xor eax, eax","xor eax, eax",31c0,cpu,xor,False,28,0,,,,,,,
16783799,"16,rsp,+=,63,$o,of,:=,63,$s,sf,:=,$z,zf,:=,63,$c,cf,:=,$p,pf,:=,3,$c,af,:=",False,16783520,16783801,4,"add rsp, 0x10","add rsp, 0x10",4883c410,cpu,add,False,17,0,,,16.0,,,,
16783803,"rsp,[8],8,rsp,+=,rbp,=",False,16783520,16783804,1,pop rbp,pop rbp,5d,cpu,pop,False,14,0,,,,,,,
16783804,"rsp,[8],rip,=,8,rsp,+=",False,16783520,16783804,1,ret,ret,c3,cpu,ret,False,5,0,,,,,,,
