offset,esil,refptr,fcn_addr,fcn_last,size,opcode,disasm,bytes,family,type,reloc,type_num,type2_num,flags,xrefs_to,val,jump,fail,ptr,xrefs_from,comment
16783952,"rbp,8,rsp,-,=[8],8,rsp,-=",False,16783952,16784237,1,push rbp,push rbp,55,cpu,rpush,False,268435468,0,['sym.complex_rule'],"[{'addr': 16783830, 'type': 'CALL'}]",,,,,,
16783953,"rsp,rbp,=",False,16783952,16784235,3,"mov rbp, rsp","mov rbp, rsp",4889e5,cpu,mov,False,9,0,,,,,,,,
16783956,"0,0x34,rbp,-,=[4]",True,16783952,16784231,7,"mov dword [rbp - 0x34], 0","mov dword [var_3ch], 0",c745cc00000000,cpu,mov,False,268435465,0,,,0.0,,,,,
16783963,"0,0x24,rbp,-,=[4]",True,16783952,16784231,7,"mov dword [rbp - 0x24], 0","mov dword [var_2ch], 0",c745dc00000000,cpu,mov,False,268435465,0,,,0.0,,,,,
16783970,"edi,0x20,rbp,-,=[4]",True,16783952,16784235,3,"mov dword [rbp - 0x20], edi","mov dword [var_28h], edi",897de0,cpu,mov,False,268435465,0,,,,,,,,
16783973,"esi,0x1c,rbp,-,=[4]",True,16783952,16784235,3,"mov dword [rbp - 0x1c], esi","mov dword [var_24h], esi",8975e4,cpu,mov,False,268435465,0,,,,,,,,
16783976,"0x34,rbp,-,[4],rax,=",True,16783952,16784235,3,"mov eax, dword [rbp - 0x34]","mov eax, dword [var_3ch]",8b45cc,cpu,mov,False,9,0,,"[{'addr': 16784011, 'type': 'CODE'}]",,,,,,
16783979,"rax,0x40,rbp,-,=[8]",True,16783952,16784234,4,"mov qword [rbp - 0x40], rax","mov qword [var_48h], rax",488945c0,cpu,mov,False,268435465,0,,,,,,,,
16783983,"4,rax,-=,4,0x8000000000000000,-,!,63,$o,^,of,:=,63,$s,sf,:=,$z,zf,:=,$p,pf,:=,64,$b,cf,:=,3,$b,af,:=",False,16783952,16784234,4,"sub rax, 4","sub rax, 4",4883e804,cpu,sub,False,18,0,,,4.0,,,,,
16783987,"cf,zf,|,!,?{,16784009,rip,=,}",False,16783952,16784236,2,ja 0x1001a89,ja 0x1001a89,7714,cpu,cjmp,False,2147483649,0,,,,16784009.0,16783989.0,,,
16783989,"0x40,rbp,-,[8],rax,=",True,16783952,16784234,4,"mov rax, qword [rbp - 0x40]","mov rax, qword [var_48h]",488b45c0,cpu,mov,False,9,0,,,,,,,,
16783993,"0x15f0,rip,-,rcx,=",True,16783952,16784231,7,"lea rcx, [rip - 0x15f0]","lea rcx, data.01000490",488d0d10eaffff,cpu,lea,False,33,0,,,,,,16778384.0,"[{'addr': 16778384, 'type': 'DATA'}]",
16784000,"32,rax,4,*,rcx,+,[4],~,rax,=",True,16783952,16784234,4,"movsxd rax, dword [rcx + rax*4]","movsxd rax, dword [rcx + rax*4]",48630481,cpu,mov,False,9,0,,,,,,,,
16784004,"rcx,rax,+=,63,$o,of,:=,63,$s,sf,:=,$z,zf,:=,63,$c,cf,:=,$p,pf,:=,3,$c,af,:=",False,16783952,16784235,3,"add rax, rcx","add rax, rcx",4801c8,cpu,add,False,17,0,,,,,,,,
16784007,"rax,rip,=",False,16783952,16784236,2,jmp rax,jmp rax,ffe0,cpu,rjmp,False,268435458,0,['switch.0x01001a87'],,,,,,"[{'addr': 16784013, 'type': 'CODE'}, {'addr': 16784053, 'type': 'CODE'}, {'addr': 16784118, 'type': 'CODE'}, {'addr': 16784190, 'type': 'CODE'}, {'addr': 16784198, 'type': 'CODE'}]",c3dpdGNoIHRhYmxlICg1IGNhc2VzKSBhdCAweDEwMDA0OTA=
16784009,"0x1001a8b,rip,=",False,16783952,16784236,2,jmp 0x1001a8b,jmp 0x1001a8b,eb00,cpu,jmp,False,1,0,,,,16784011.0,,,"[{'addr': 16784011, 'type': 'CODE'}]",
16784011,"0x1001a68,rip,=",False,16783952,16784236,2,jmp 0x1001a68,jmp 0x1001a68,ebdb,cpu,jmp,False,1,0,,"[{'addr': 16784009, 'type': 'CODE'}, {'addr': 16784051, 'type': 'CODE'}, {'addr': 16784116, 'type': 'CODE'}, {'addr': 16784185, 'type': 'CODE'}, {'addr': 16784233, 'type': 'CODE'}]",,16783976.0,,,"[{'addr': 16783976, 'type': 'CODE'}]",
16784013,"0x1c,rbp,-,[4],rdx,=",True,16783952,16784235,3,"mov edx, dword [rbp - 0x1c]","mov edx, dword [var_24h]",8b55e4,cpu,mov,False,9,0,['case.0x1001a87.0'],"[{'addr': 16784007, 'type': 'CODE'}]",,,,,,
16784016,"0x20,rbp,-,[4],rcx,=",True,16783952,16784235,3,"mov ecx, dword [rbp - 0x20]","mov ecx, dword [var_28h]",8b4de0,cpu,mov,False,9,0,,,,,,,,
16784019,"0x24,rbp,-,[4],rax,=",True,16783952,16784235,3,"mov eax, dword [rbp - 0x24]","mov eax, dword [var_2ch]",8b45dc,cpu,mov,False,9,0,,,,,,,,
16784022,"edx,0x28,rbp,-,=[4]",True,16783952,16784235,3,"mov dword [rbp - 0x28], edx","mov dword [var_30h], edx",8955d8,cpu,mov,False,268435465,0,,,,,,,,
16784025,"ecx,0x2c,rbp,-,=[4]",True,16783952,16784235,3,"mov dword [rbp - 0x2c], ecx","mov dword [var_34h], ecx",894dd4,cpu,mov,False,268435465,0,,,,,,,,
16784028,"eax,0x30,rbp,-,=[4]",True,16783952,16784235,3,"mov dword [rbp - 0x30], eax","mov dword [var_38h], eax",8945d0,cpu,mov,False,268435465,0,,,,,,,,
16784031,"1,rax,=",False,16783952,16784233,5,"mov eax, 1","mov eax, 1",b801000000,cpu,mov,False,9,0,,,1.0,,,,,
16784036,"3,rcx,=",False,16783952,16784233,5,"mov ecx, 3","mov ecx, 3",b903000000,cpu,mov,False,9,0,,,3.0,,,,,
16784041,"0,0x28,rbp,-,[4],==,$z,zf,:=,32,$b,cf,:=,$p,pf,:=,31,$s,sf,:=,0,0x80000000,-,!,31,$o,^,of,:=,3,$b,af,:=",True,16783952,16784234,4,"cmp dword [rbp - 0x28], 0","cmp dword [var_30h], 0",837dd800,cpu,cmp,False,268435471,0,,,0.0,,,,,
16784045,"zf,?{,ecx,eax,=,}",False,16783952,16784235,3,"cmove eax, ecx","cmove eax, ecx",0f44c1,cpu,cmov,False,2147483657,0,,,,,,,,
16784048,"eax,0x34,rbp,-,=[4]",True,16783952,16784235,3,"mov dword [rbp - 0x34], eax","mov dword [var_3ch], eax",8945cc,cpu,mov,False,268435465,0,,,,,,,,
16784051,"0x1001a8b,rip,=",False,16783952,16784236,2,jmp 0x1001a8b,jmp 0x1001a8b,ebd6,cpu,jmp,False,1,0,,,,16784011.0,,,"[{'addr': 16784011, 'type': 'CODE'}]",
16784053,"0x28,rbp,-,[4],rdx,=",True,16783952,16784235,3,"mov edx, dword [rbp - 0x28]","mov edx, dword [var_30h]",8b55d8,cpu,mov,False,9,0,['case.0x1001a87.1'],"[{'addr': 16784007, 'type': 'CODE'}]",,,,,,
16784056,"1,rdx,&,0xffffffff,&,rdx,=,$z,zf,:=,$p,pf,:=,31,$s,sf,:=,0,cf,:=,0,of,:=",False,16783952,16784235,3,"and edx, 1","and edx, 1",83e201,cpu,and,False,27,0,,,1.0,,,,,
16784059,"4,rax,=",False,16783952,16784233,5,"mov eax, 4","mov eax, 4",b804000000,cpu,mov,False,9,0,,,4.0,,,,,
16784064,"2,rcx,=",False,16783952,16784233,5,"mov ecx, 2","mov ecx, 2",b902000000,cpu,mov,False,9,0,,,2.0,,,,,
16784069,"0,edx,==,$z,zf,:=,32,$b,cf,:=,$p,pf,:=,31,$s,sf,:=,0,0x80000000,-,!,31,$o,^,of,:=,3,$b,af,:=",False,16783952,16784235,3,"cmp edx, 0","cmp edx, 0",83fa00,cpu,cmp,False,15,0,,,0.0,,,0.0,,
16784072,"zf,?{,ecx,eax,=,}",False,16783952,16784235,3,"cmove eax, ecx","cmove eax, ecx",0f44c1,cpu,cmov,False,2147483657,0,,,,,,,,
16784075,"eax,0x34,rbp,-,=[4]",True,16783952,16784235,3,"mov dword [rbp - 0x34], eax","mov dword [var_3ch], eax",8945cc,cpu,mov,False,268435465,0,,,,,,,,
16784078,"0x2c,rbp,-,[4],rax,=",True,16783952,16784235,3,"mov eax, dword [rbp - 0x2c]","mov eax, dword [var_34h]",8b45d4,cpu,mov,False,9,0,,,,,,,,
16784081,"0x2c,rbp,-,[4],rsi,=",True,16783952,16784235,3,"mov esi, dword [rbp - 0x2c]","mov esi, dword [var_34h]",8b75d4,cpu,mov,False,9,0,,,,,,,,
16784084,"0x28,rbp,-,[4],rcx,=",True,16783952,16784235,3,"mov ecx, dword [rbp - 0x28]","mov ecx, dword [var_30h]",8b4dd8,cpu,mov,False,9,0,,,,,,,,
16784087,"0x28,rbp,-,[4],rdx,=",True,16783952,16784235,3,"mov edx, dword [rbp - 0x28]","mov edx, dword [var_30h]",8b55d8,cpu,mov,False,9,0,,,,,,,,
16784090,"0,0x18,rbp,-,=[4]",True,16783952,16784231,7,"mov dword [rbp - 0x18], 0","mov dword [var_20h], 0",c745e800000000,cpu,mov,False,268435465,0,,,0.0,,,,,
16784097,"esi,0x14,rbp,-,=[4]",True,16783952,16784235,3,"mov dword [rbp - 0x14], esi","mov dword [var_1ch], esi",8975ec,cpu,mov,False,268435465,0,,,,,,,,
16784100,"edx,0x10,rbp,-,=[4]",True,16783952,16784235,3,"mov dword [rbp - 0x10], edx","mov dword [var_18h], edx",8955f0,cpu,mov,False,268435465,0,,,,,,,,
16784103,"ecx,0xc,rbp,-,=[4]",True,16783952,16784235,3,"mov dword [rbp - 0xc], ecx","mov dword [var_14h], ecx",894df4,cpu,mov,False,268435465,0,,,,,,,,
16784106,"eax,0x8,rbp,-,=[4]",True,16783952,16784235,3,"mov dword [rbp - 8], eax","mov dword [var_10h], eax",8945f8,cpu,mov,False,268435465,0,,,,,,,,
16784109,"0,0x4,rbp,-,=[4]",True,16783952,16784231,7,"mov dword [rbp - 4], 0","mov dword [var_ch], 0",c745fc00000000,cpu,mov,False,268435465,0,,,0.0,,,,,
16784116,"0x1001a8b,rip,=",False,16783952,16784236,2,jmp 0x1001a8b,jmp 0x1001a8b,eb95,cpu,jmp,False,1,0,,,,16784011.0,,,"[{'addr': 16784011, 'type': 'CODE'}]",
16784118,"0x10,rbp,-,[4],rdx,=",True,16783952,16784235,3,"mov edx, dword [rbp - 0x10]","mov edx, dword [var_18h]",8b55f0,cpu,mov,False,9,0,['case.0x1001a87.2'],"[{'addr': 16784007, 'type': 'CODE'}]",,,,,,
16784121,"0x14,rbp,-,[4],rcx,=",True,16783952,16784235,3,"mov ecx, dword [rbp - 0x14]","mov ecx, dword [var_1ch]",8b4dec,cpu,mov,False,9,0,,,,,,,,
16784124,"0x18,rbp,-,[4],rsi,=",True,16783952,16784235,3,"mov esi, dword [rbp - 0x18]","mov esi, dword [var_20h]",8b75e8,cpu,mov,False,9,0,,,,,,,,
16784127,"edx,rax,=",False,16783952,16784236,2,"mov eax, edx","mov eax, edx",89d0,cpu,mov,False,9,0,,,,,,,,
16784129,"32,eax,~,32,ecx,~,*,DUP,eax,=,eax,-,?{,1,1,}{,0,0,},cf,:=,of,:=",False,16783952,16784235,3,"imul eax, ecx","imul eax, ecx",0fafc1,cpu,mul,False,20,0,,,,,,,,
16784132,"18446744073709551615,ecx,+=,31,$o,of,:=,31,$s,sf,:=,$z,zf,:=,31,$c,cf,:=,$p,pf,:=,3,$c,af,:=",False,16783952,16784235,3,"add ecx, 0xffffffff","add ecx, 0xffffffff",83c1ff,cpu,add,False,17,0,,,,,,,,
16784135,"18446744073709551615,edx,+=,31,$o,of,:=,31,$s,sf,:=,$z,zf,:=,31,$c,cf,:=,$p,pf,:=,3,$c,af,:=",False,16783952,16784235,3,"add edx, 0xffffffff","add edx, 0xffffffff",83c2ff,cpu,add,False,17,0,,,,,,,,
16784138,"esi,eax,+=,31,$o,of,:=,31,$s,sf,:=,$z,zf,:=,31,$c,cf,:=,$p,pf,:=,3,$c,af,:=",False,16783952,16784236,2,"add eax, esi","add eax, esi",01f0,cpu,add,False,17,0,,,,,,,,
16784140,"edx,r8,=",False,16783952,16784235,3,"mov r8d, edx","mov r8d, edx",4189d0,cpu,mov,False,9,0,,,,,,,,
16784143,"1,r8,&,0xffffffff,&,r8,=,$z,zf,:=,$p,pf,:=,31,$s,sf,:=,0,cf,:=,0,of,:=",False,16783952,16784234,4,"and r8d, 1","and r8d, 1",4183e001,cpu,and,False,27,0,,,1.0,,,,,
16784147,"4,rsi,=",False,16783952,16784233,5,"mov esi, 4","mov esi, 4",be04000000,cpu,mov,False,9,0,,,4.0,,,,,
16784152,"2,rdi,=",False,16783952,16784233,5,"mov edi, 2","mov edi, 2",bf02000000,cpu,mov,False,9,0,,,2.0,,,,,
16784157,"0,r8d,==,$z,zf,:=,32,$b,cf,:=,$p,pf,:=,31,$s,sf,:=,0,0x80000000,-,!,31,$o,^,of,:=,3,$b,af,:=",False,16783952,16784234,4,"cmp r8d, 0","cmp r8d, 0",4183f800,cpu,cmp,False,15,0,,,0.0,,,0.0,,
16784161,"zf,?{,edi,esi,=,}",False,16783952,16784235,3,"cmove esi, edi","cmove esi, edi",0f44f7,cpu,cmov,False,2147483657,0,,,,,,,,
16784164,"esi,0x34,rbp,-,=[4]",True,16783952,16784235,3,"mov dword [rbp - 0x34], esi","mov dword [var_3ch], esi",8975cc,cpu,mov,False,268435465,0,,,,,,,,
16784167,"eax,0x18,rbp,-,=[4]",True,16783952,16784235,3,"mov dword [rbp - 0x18], eax","mov dword [var_20h], eax",8945e8,cpu,mov,False,268435465,0,,,,,,,,
16784170,"ecx,0x14,rbp,-,=[4]",True,16783952,16784235,3,"mov dword [rbp - 0x14], ecx","mov dword [var_1ch], ecx",894dec,cpu,mov,False,268435465,0,,,,,,,,
16784173,"edx,0x10,rbp,-,=[4]",True,16783952,16784235,3,"mov dword [rbp - 0x10], edx","mov dword [var_18h], edx",8955f0,cpu,mov,False,268435465,0,,,,,,,,
16784176,"edx,0xc,rbp,-,=[4]",True,16783952,16784235,3,"mov dword [rbp - 0xc], edx","mov dword [var_14h], edx",8955f4,cpu,mov,False,268435465,0,,,,,,,,
16784179,"ecx,0x8,rbp,-,=[4]",True,16783952,16784235,3,"mov dword [rbp - 8], ecx","mov dword [var_10h], ecx",894df8,cpu,mov,False,268435465,0,,,,,,,,
16784182,"eax,0x4,rbp,-,=[4]",True,16783952,16784235,3,"mov dword [rbp - 4], eax","mov dword [var_ch], eax",8945fc,cpu,mov,False,268435465,0,,,,,,,,
16784185,"0x1001a8b,rip,=",False,16783952,16784233,5,jmp 0x1001a8b,jmp 0x1001a8b,e94dffffff,cpu,jmp,False,1,0,,,,16784011.0,,,"[{'addr': 16784011, 'type': 'CODE'}]",
16784190,"0x30,rbp,-,[4],rax,=",True,16783952,16784235,3,"mov eax, dword [rbp - 0x30]","mov eax, dword [var_38h]",8b45d0,cpu,mov,False,9,0,['case.0x1001a87.3'],"[{'addr': 16784007, 'type': 'CODE'}]",,,,,,
16784193,"0x2c,rbp,-,[4],eax,+=,31,$o,of,:=,31,$s,sf,:=,$z,zf,:=,31,$c,cf,:=,$p,pf,:=,3,$c,af,:=",True,16783952,16784235,3,"add eax, dword [rbp - 0x2c]","add eax, dword [var_34h]",0345d4,cpu,add,False,17,0,,,,,,,,
16784196,"rsp,[8],8,rsp,+=,rbp,=",False,16783952,16784237,1,pop rbp,pop rbp,5d,cpu,pop,False,14,0,,,,,,,,
16784197,"rsp,[8],rip,=,8,rsp,+=",False,16783952,16784237,1,ret,ret,c3,cpu,ret,False,5,0,,,,,,,,
16784198,"0x4,rbp,-,[4],rsi,=",True,16783952,16784235,3,"mov esi, dword [rbp - 4]","mov esi, dword [var_ch]",8b75fc,cpu,mov,False,9,0,['case.0x1001a87.4'],"[{'addr': 16784007, 'type': 'CODE'}]",,,,,,
16784201,"0x8,rbp,-,[4],rcx,=",True,16783952,16784235,3,"mov ecx, dword [rbp - 8]","mov ecx, dword [var_10h]",8b4df8,cpu,mov,False,9,0,,,,,,,,
16784204,"0xc,rbp,-,[4],rax,=",True,16783952,16784235,3,"mov eax, dword [rbp - 0xc]","mov eax, dword [var_14h]",8b45f4,cpu,mov,False,9,0,,,,,,,,
16784207,"18446744073709551615,eax,+=,31,$o,of,:=,31,$s,sf,:=,$z,zf,:=,31,$c,cf,:=,$p,pf,:=,3,$c,af,:=",False,16783952,16784235,3,"add eax, 0xffffffff","add eax, 0xffffffff",83c0ff,cpu,add,False,17,0,,,,,,,,
16784210,"ecx,rdx,=",False,16783952,16784236,2,"mov edx, ecx","mov edx, ecx",89ca,cpu,mov,False,9,0,,,,,,,,
16784212,"esi,edx,+=,31,$o,of,:=,31,$s,sf,:=,$z,zf,:=,31,$c,cf,:=,$p,pf,:=,3,$c,af,:=",False,16783952,16784236,2,"add edx, esi","add edx, esi",01f2,cpu,add,False,17,0,,,,,,,,
16784214,"0x30,rbp,-,[4],edx,+=,31,$o,of,:=,31,$s,sf,:=,$z,zf,:=,31,$c,cf,:=,$p,pf,:=,3,$c,af,:=",True,16783952,16784235,3,"add edx, dword [rbp - 0x30]","add edx, dword [var_38h]",0355d0,cpu,add,False,17,0,,,,,,,,
16784217,"0,0x34,rbp,-,=[4]",True,16783952,16784231,7,"mov dword [rbp - 0x34], 0","mov dword [var_3ch], 0",c745cc00000000,cpu,mov,False,268435465,0,,,0.0,,,,,
16784224,"edx,0x24,rbp,-,=[4]",True,16783952,16784235,3,"mov dword [rbp - 0x24], edx","mov dword [var_2ch], edx",8955dc,cpu,mov,False,268435465,0,,,,,,,,
16784227,"ecx,0x20,rbp,-,=[4]",True,16783952,16784235,3,"mov dword [rbp - 0x20], ecx","mov dword [var_28h], ecx",894de0,cpu,mov,False,268435465,0,,,,,,,,
16784230,"eax,0x1c,rbp,-,=[4]",True,16783952,16784235,3,"mov dword [rbp - 0x1c], eax","mov dword [var_24h], eax",8945e4,cpu,mov,False,268435465,0,,,,,,,,
16784233,"0x1001a8b,rip,=",False,16783952,16784233,5,jmp 0x1001a8b,jmp 0x1001a8b,e91dffffff,cpu,jmp,False,1,0,,,,16784011.0,,,"[{'addr': 16784011, 'type': 'CODE'}]",
