offset,esil,refptr,fcn_addr,fcn_last,size,opcode,disasm,bytes,family,type,reloc,type_num,type2_num,flags,xrefs_to,val,jump,fail,xrefs_from,ptr,comment
16783040,"rbp,8,rsp,-,=[8],8,rsp,-=",False,16783040,16783374,1,push rbp,push rbp,55,cpu,rpush,False,268435468,0,['sym.process_events'],"[{'addr': 16783026, 'type': 'CALL'}]",,,,,,
16783041,"rsp,rbp,=",False,16783040,16783372,3,"mov rbp, rsp","mov rbp, rsp",4889e5,cpu,mov,False,9,0,,,,,,,,
16783044,"32,rsp,-=,32,0x8000000000000000,-,!,63,$o,^,of,:=,63,$s,sf,:=,$z,zf,:=,$p,pf,:=,64,$b,cf,:=,3,$b,af,:=",False,16783040,16783371,4,"sub rsp, 0x20","sub rsp, 0x20",4883ec20,cpu,sub,False,18,0,,,32.0,,,,,
16783048,"0x8,rdi,+,[8],rdi,=",True,16783040,16783371,4,"mov rdi, qword [rdi + 8]","mov rdi, qword [rdi + 8]",488b7f08,cpu,mov,False,9,0,,,,,,,,
16783052,"eax,rax,^,0xffffffff,&,rax,=,$z,zf,:=,$p,pf,:=,31,$s,sf,:=,0,cf,:=,0,of,:=",False,16783040,16783373,2,"xor eax, eax","xor eax, eax",31c0,cpu,xor,False,28,0,,,,,,,,
16783054,"eax,rsi,=",False,16783040,16783373,2,"mov esi, eax","mov esi, eax",89c6,cpu,mov,False,9,0,,,,,,,,
16783056,"10,rdx,=",False,16783040,16783370,5,"mov edx, 0xa","mov edx, 0xa",ba0a000000,cpu,mov,False,9,0,,,10.0,,,,,
16783061,"16784384,rip,8,rsp,-=,rsp,=[],rip,=",False,16783040,16783370,5,call 0x1001c00,call sym.imp.strtol,e826050000,cpu,call,False,3,0,,,,16784384.0,16783066.0,"[{'addr': 16784384, 'type': 'CALL'}]",,
16783066,"100,rcx,=",False,16783040,16783370,5,"mov ecx, 0x64","mov ecx, 0x64",b964000000,cpu,mov,False,9,0,,,100.0,,,,100.0,
16783071,"0,edx,=,31,eax,>>,?{,0xffffffff,edx,=,}",False,16783040,16783374,1,cdq,cdq,99,cpu,null,False,0,0,,,,,,,,
16783072,"32,ecx,~,32,edx,<<,eax,+,~%,32,ecx,~,32,edx,<<,eax,+,~/,eax,=,edx,=",False,16783040,16783373,2,idiv ecx,idiv ecx,f7f9,cpu,div,False,21,0,,,,,,,,
16783074,"edx,0x8,rbp,-,=[4]",True,16783040,16783372,3,"mov dword [rbp - 8], edx","mov dword [var_10h], edx",8955f8,cpu,mov,False,268435465,0,,,,,,,,
16783077,"0x8,rbp,-,[4],rax,=",True,16783040,16783372,3,"mov eax, dword [rbp - 8]","mov eax, dword [var_10h]",8b45f8,cpu,mov,False,9,0,,,,,,,,
16783080,"5,cl,=",False,16783040,16783373,2,"mov cl, 5","mov cl, 5",b105,cpu,mov,False,9,0,,,5.0,,,,,
16783082,"al,ax,=,7,ax,>>,?{,0xff00,ax,|=,}",False,16783040,16783373,2,cbw,cbw,6698,cpu,null,False,0,0,,,,,,,,
16783084,"8,cl,~,8,ah,<<,ax,+,~%,8,cl,~,8,ah,<<,ax,+,~/,al,=,ah,=",False,16783040,16783373,2,idiv cl,idiv cl,f6f9,cpu,div,False,21,0,,,,,,,,
16783086,"0,cf,:=,1,8,-,1,<<,ax,&,?{,1,cf,:=,},8,ax,>>,ax,=,$z,zf,:=,$p,pf,:=,15,$s,sf,:=",False,16783040,16783371,4,"shr ax, 8","shr ax, 8",66c1e808,cpu,shr,False,22,0,,,8.0,,,,,
16783090,"al,0x1,rbp,-,=[1]",True,16783040,16783372,3,"mov byte [rbp - 1], al","mov byte [var_9h], al",8845ff,cpu,mov,False,268435465,0,,,,,,,,
16783093,"0,0xc,rbp,-,=[4]",True,16783040,16783368,7,"mov dword [rbp - 0xc], 0","mov dword [var_14h], 0",c745f400000000,cpu,mov,False,268435465,0,,,0.0,,,,,
16783100,"0xc,rbp,-,[4],rax,=",True,16783040,16783372,3,"mov eax, dword [rbp - 0xc]","mov eax, dword [var_14h]",8b45f4,cpu,mov,False,9,0,,"[{'addr': 16783135, 'type': 'CODE'}]",,,,,,
16783103,"rax,0x18,rbp,-,=[8]",True,16783040,16783371,4,"mov qword [rbp - 0x18], rax","mov qword [var_20h], rax",488945e8,cpu,mov,False,268435465,0,,,,,,,,
16783107,"5,rax,-=,5,0x8000000000000000,-,!,63,$o,^,of,:=,63,$s,sf,:=,$z,zf,:=,$p,pf,:=,64,$b,cf,:=,3,$b,af,:=",False,16783040,16783371,4,"sub rax, 5","sub rax, 5",4883e805,cpu,sub,False,18,0,,,5.0,,,,,
16783111,"cf,zf,|,!,?{,16783133,rip,=,}",False,16783040,16783373,2,ja 0x100171d,ja 0x100171d,7714,cpu,cjmp,False,2147483649,0,,,,16783133.0,16783113.0,,,
16783113,"0x18,rbp,-,[8],rax,=",True,16783040,16783371,4,"mov rax, qword [rbp - 0x18]","mov rax, qword [var_20h]",488b45e8,cpu,mov,False,9,0,,,,,,,,
16783117,"0x12d8,rip,-,rcx,=",True,16783040,16783368,7,"lea rcx, [rip - 0x12d8]","lea rcx, data.0100043c",488d0d28edffff,cpu,lea,False,33,0,,,,,,"[{'addr': 16778300, 'type': 'DATA'}]",16778300.0,
16783124,"32,rax,4,*,rcx,+,[4],~,rax,=",True,16783040,16783371,4,"movsxd rax, dword [rcx + rax*4]","movsxd rax, dword [rcx + rax*4]",48630481,cpu,mov,False,9,0,,,,,,,,
16783128,"rcx,rax,+=,63,$o,of,:=,63,$s,sf,:=,$z,zf,:=,63,$c,cf,:=,$p,pf,:=,3,$c,af,:=",False,16783040,16783372,3,"add rax, rcx","add rax, rcx",4801c8,cpu,add,False,17,0,,,,,,,,
16783131,"rax,rip,=",False,16783040,16783373,2,jmp rax,jmp rax,ffe0,cpu,rjmp,False,268435458,0,['switch.0x0100171b'],,,,,"[{'addr': 16783137, 'type': 'CODE'}, {'addr': 16783159, 'type': 'CODE'}, {'addr': 16783181, 'type': 'CODE'}, {'addr': 16783252, 'type': 'CODE'}, {'addr': 16783344, 'type': 'CODE'}, {'addr': 16783369, 'type': 'CODE'}]",,c3dpdGNoIHRhYmxlICg2IGNhc2VzKSBhdCAweDEwMDA0M2M=
16783133,"0x100171f,rip,=",False,16783040,16783373,2,jmp 0x100171f,jmp 0x100171f,eb00,cpu,jmp,False,1,0,,,,16783135.0,,"[{'addr': 16783135, 'type': 'CODE'}]",,
16783135,"0x10016fc,rip,=",False,16783040,16783373,2,jmp 0x10016fc,jmp 0x10016fc,ebdb,cpu,jmp,False,1,0,,"[{'addr': 16783133, 'type': 'CODE'}, {'addr': 16783157, 'type': 'CODE'}, {'addr': 16783179, 'type': 'CODE'}, {'addr': 16783250, 'type': 'CODE'}, {'addr': 16783339, 'type': 'CODE'}, {'addr': 16783364, 'type': 'CODE'}]",,16783100.0,,"[{'addr': 16783100, 'type': 'CODE'}]",,
16783137,"1,rax,=",False,16783040,16783370,5,"mov eax, 1","mov eax, 1",b801000000,cpu,mov,False,9,0,['case.0x100171b.0'],"[{'addr': 16783131, 'type': 'CODE'}]",1.0,,,,,
16783142,"5,rcx,=",False,16783040,16783370,5,"mov ecx, 5","mov ecx, 5",b905000000,cpu,mov,False,9,0,,,5.0,,,,,
16783147,"0,0x1,rbp,-,[1],==,$z,zf,:=,8,$b,cf,:=,$p,pf,:=,7,$s,sf,:=,0,0x80,-,!,7,$o,^,of,:=,3,$b,af,:=",True,16783040,16783371,4,"cmp byte [rbp - 1], 0","cmp byte [var_9h], 0",807dff00,cpu,cmp,False,268435471,0,,,0.0,,,,,
16783151,"zf,?{,ecx,eax,=,}",False,16783040,16783372,3,"cmove eax, ecx","cmove eax, ecx",0f44c1,cpu,cmov,False,2147483657,0,,,,,,,,
16783154,"eax,0xc,rbp,-,=[4]",True,16783040,16783372,3,"mov dword [rbp - 0xc], eax","mov dword [var_14h], eax",8945f4,cpu,mov,False,268435465,0,,,,,,,,
16783157,"0x100171f,rip,=",False,16783040,16783373,2,jmp 0x100171f,jmp 0x100171f,ebe8,cpu,jmp,False,1,0,,,,16783135.0,,"[{'addr': 16783135, 'type': 'CODE'}]",,
16783159,"2,rax,=",False,16783040,16783370,5,"mov eax, 2","mov eax, 2",b802000000,cpu,mov,False,9,0,['case.0x100171b.1'],"[{'addr': 16783131, 'type': 'CODE'}]",2.0,,,,,
16783164,"3,rcx,=",False,16783040,16783370,5,"mov ecx, 3","mov ecx, 3",b903000000,cpu,mov,False,9,0,,,3.0,,,,,
16783169,"80,0x8,rbp,-,[4],==,$z,zf,:=,32,$b,cf,:=,$p,pf,:=,31,$s,sf,:=,80,0x80000000,-,!,31,$o,^,of,:=,3,$b,af,:=",True,16783040,16783371,4,"cmp dword [rbp - 8], 0x50","cmp dword [var_10h], 0x50",837df850,cpu,cmp,False,268435471,0,,,80.0,,,,,
16783173,"zf,!,sf,of,^,!,&,?{,ecx,eax,=,}",False,16783040,16783372,3,"cmovg eax, ecx","cmovg eax, ecx",0f4fc1,cpu,cmov,False,2147483657,0,,,,,,,,
16783176,"eax,0xc,rbp,-,=[4]",True,16783040,16783372,3,"mov dword [rbp - 0xc], eax","mov dword [var_14h], eax",8945f4,cpu,mov,False,268435465,0,,,,,,,,
16783179,"0x100171f,rip,=",False,16783040,16783373,2,jmp 0x100171f,jmp 0x100171f,ebd2,cpu,jmp,False,1,0,,,,16783135.0,,"[{'addr': 16783135, 'type': 'CODE'}]",,
16783181,"0x8,rbp,-,[4],rsi,=",True,16783040,16783372,3,"mov esi, dword [rbp - 8]","mov esi, dword [var_10h]",8b75f8,cpu,mov,False,9,0,['case.0x100171b.2'],"[{'addr': 16783131, 'type': 'CODE'}]",,,,,,
16783184,"edi,rdi,^,0xffffffff,&,rdi,=,$z,zf,:=,$p,pf,:=,31,$s,sf,:=,0,cf,:=,0,of,:=",False,16783040,16783373,2,"xor edi, edi","xor edi, edi",31ff,cpu,xor,False,28,0,,,,,,,,
16783186,"16783376,rip,8,rsp,-=,rsp,=[],rip,=",False,16783040,16783370,5,call 0x1001810,call sym.handle_event,e8b9000000,cpu,call,False,3,0,,,,16783376.0,16783191.0,"[{'addr': 16783376, 'type': 'CALL'}]",,
16783191,"0x8,rbp,-,[4],rsi,=",True,16783040,16783372,3,"mov esi, dword [rbp - 8]","mov esi, dword [var_10h]",8b75f8,cpu,mov,False,9,0,,,,,,,,
16783194,"1,rdi,=",False,16783040,16783370,5,"mov edi, 1","mov edi, 1",bf01000000,cpu,mov,False,9,0,,,1.0,,,,,
16783199,"16783376,rip,8,rsp,-=,rsp,=[],rip,=",False,16783040,16783370,5,call 0x1001810,call sym.handle_event,e8ac000000,cpu,call,False,3,0,,,,16783376.0,16783204.0,"[{'addr': 16783376, 'type': 'CALL'}]",,
16783204,"0x8,rbp,-,[4],rsi,=",True,16783040,16783372,3,"mov esi, dword [rbp - 8]","mov esi, dword [var_10h]",8b75f8,cpu,mov,False,9,0,,,,,,,,
16783207,"2,rdi,=",False,16783040,16783370,5,"mov edi, 2","mov edi, 2",bf02000000,cpu,mov,False,9,0,,,2.0,,,,,
16783212,"16783376,rip,8,rsp,-=,rsp,=[],rip,=",False,16783040,16783370,5,call 0x1001810,call sym.handle_event,e89f000000,cpu,call,False,3,0,,,,16783376.0,16783217.0,"[{'addr': 16783376, 'type': 'CALL'}]",,
16783217,"0x8,rbp,-,[4],rsi,=",True,16783040,16783372,3,"mov esi, dword [rbp - 8]","mov esi, dword [var_10h]",8b75f8,cpu,mov,False,9,0,,,,,,,,
16783220,"3,rdi,=",False,16783040,16783370,5,"mov edi, 3","mov edi, 3",bf03000000,cpu,mov,False,9,0,,,3.0,,,,,
16783225,"16783376,rip,8,rsp,-=,rsp,=[],rip,=",False,16783040,16783370,5,call 0x1001810,call sym.handle_event,e892000000,cpu,call,False,3,0,,,,16783376.0,16783230.0,"[{'addr': 16783376, 'type': 'CALL'}]",,
16783230,"0x8,rbp,-,[4],rsi,=",True,16783040,16783372,3,"mov esi, dword [rbp - 8]","mov esi, dword [var_10h]",8b75f8,cpu,mov,False,9,0,,,,,,,,
16783233,"4,rdi,=",False,16783040,16783370,5,"mov edi, 4","mov edi, 4",bf04000000,cpu,mov,False,9,0,,,4.0,,,,,
16783238,"16783376,rip,8,rsp,-=,rsp,=[],rip,=",False,16783040,16783370,5,call 0x1001810,call sym.handle_event,e885000000,cpu,call,False,3,0,,,,16783376.0,16783243.0,"[{'addr': 16783376, 'type': 'CALL'}]",,
16783243,"4,0xc,rbp,-,=[4]",True,16783040,16783368,7,"mov dword [rbp - 0xc], 4","mov dword [var_14h], 4",c745f404000000,cpu,mov,False,268435465,0,,,4.0,,,,,
16783250,"0x100171f,rip,=",False,16783040,16783373,2,jmp 0x100171f,jmp 0x100171f,eb8b,cpu,jmp,False,1,0,,,,16783135.0,,"[{'addr': 16783135, 'type': 'CODE'}]",,
16783252,"0x1291,rip,-,rdi,=",True,16783040,16783368,7,"lea rdi, [rip - 0x1291]","lea rdi, str.High_priority_event_skipped:__d",488d3d6fedffff,cpu,lea,False,33,0,['case.0x100171b.3'],"[{'addr': 16783131, 'type': 'CODE'}]",,,,"[{'addr': 16778506, 'type': 'DATA'}]",16778506.0,
16783259,"esi,rsi,^,0xffffffff,&,rsi,=,$z,zf,:=,$p,pf,:=,31,$s,sf,:=,0,cf,:=,0,of,:=",False,16783040,16783373,2,"xor esi, esi","xor esi, esi",31f6,cpu,xor,False,28,0,,,,,,,,
16783261,"0,al,=",False,16783040,16783373,2,"mov al, 0","mov al, 0",b000,cpu,mov,False,9,0,,,0.0,,,,,
16783263,"16784400,rip,8,rsp,-=,rsp,=[],rip,=",False,16783040,16783370,5,call 0x1001c10,call sym.imp.printf,e86c040000,cpu,call,False,3,0,,,,16784400.0,16783268.0,"[{'addr': 16784400, 'type': 'CALL'}]",,
16783268,"0x8,rbp,-,[4],rsi,=",True,16783040,16783372,3,"mov esi, dword [rbp - 8]","mov esi, dword [var_10h]",8b75f8,cpu,mov,False,9,0,,,,,,,,
16783271,"1,rdi,=",False,16783040,16783370,5,"mov edi, 1","mov edi, 1",bf01000000,cpu,mov,False,9,0,,,1.0,,,,,
16783276,"16783376,rip,8,rsp,-=,rsp,=[],rip,=",False,16783040,16783370,5,call 0x1001810,call sym.handle_event,e85f000000,cpu,call,False,3,0,,,,16783376.0,16783281.0,"[{'addr': 16783376, 'type': 'CALL'}]",,
16783281,"0x12ae,rip,-,rdi,=",True,16783040,16783368,7,"lea rdi, [rip - 0x12ae]","lea rdi, str.High_priority_event_skipped:__d",488d3d52edffff,cpu,lea,False,33,0,,,,,,"[{'addr': 16778506, 'type': 'DATA'}]",16778506.0,
16783288,"2,rsi,=",False,16783040,16783370,5,"mov esi, 2","mov esi, 2",be02000000,cpu,mov,False,9,0,,,2.0,,,,,
16783293,"0,al,=",False,16783040,16783373,2,"mov al, 0","mov al, 0",b000,cpu,mov,False,9,0,,,0.0,,,,,
16783295,"16784400,rip,8,rsp,-=,rsp,=[],rip,=",False,16783040,16783370,5,call 0x1001c10,call sym.imp.printf,e84c040000,cpu,call,False,3,0,,,,16784400.0,16783300.0,"[{'addr': 16784400, 'type': 'CALL'}]",,
16783300,"0x8,rbp,-,[4],rsi,=",True,16783040,16783372,3,"mov esi, dword [rbp - 8]","mov esi, dword [var_10h]",8b75f8,cpu,mov,False,9,0,,,,,,,,
16783303,"3,rdi,=",False,16783040,16783370,5,"mov edi, 3","mov edi, 3",bf03000000,cpu,mov,False,9,0,,,3.0,,,,,
16783308,"16783376,rip,8,rsp,-=,rsp,=[],rip,=",False,16783040,16783370,5,call 0x1001810,call sym.handle_event,e83f000000,cpu,call,False,3,0,,,,16783376.0,16783313.0,"[{'addr': 16783376, 'type': 'CALL'}]",,
16783313,"0x12ce,rip,-,rdi,=",True,16783040,16783368,7,"lea rdi, [rip - 0x12ce]","lea rdi, str.High_priority_event_skipped:__d",488d3d32edffff,cpu,lea,False,33,0,,,,,,"[{'addr': 16778506, 'type': 'DATA'}]",16778506.0,
16783320,"4,rsi,=",False,16783040,16783370,5,"mov esi, 4","mov esi, 4",be04000000,cpu,mov,False,9,0,,,4.0,,,,,
16783325,"0,al,=",False,16783040,16783373,2,"mov al, 0","mov al, 0",b000,cpu,mov,False,9,0,,,0.0,,,,,
16783327,"16784400,rip,8,rsp,-=,rsp,=[],rip,=",False,16783040,16783370,5,call 0x1001c10,call sym.imp.printf,e82c040000,cpu,call,False,3,0,,,,16784400.0,16783332.0,"[{'addr': 16784400, 'type': 'CALL'}]",,
16783332,"4,0xc,rbp,-,=[4]",True,16783040,16783368,7,"mov dword [rbp - 0xc], 4","mov dword [var_14h], 4",c745f404000000,cpu,mov,False,268435465,0,,,4.0,,,,,
16783339,"0x100171f,rip,=",False,16783040,16783370,5,jmp 0x100171f,jmp 0x100171f,e92fffffff,cpu,jmp,False,1,0,,,,16783135.0,,"[{'addr': 16783135, 'type': 'CODE'}]",,
16783344,"0x8,rbp,-,[4],rsi,=",True,16783040,16783372,3,"mov esi, dword [rbp - 8]","mov esi, dword [var_10h]",8b75f8,cpu,mov,False,9,0,['case.0x100171b.4'],"[{'addr': 16783131, 'type': 'CODE'}]",,,,,,
16783347,"5,rdi,=",False,16783040,16783370,5,"mov edi, 5","mov edi, 5",bf05000000,cpu,mov,False,9,0,,,5.0,,,,,
16783352,"16783376,rip,8,rsp,-=,rsp,=[],rip,=",False,16783040,16783370,5,call 0x1001810,call sym.handle_event,e813000000,cpu,call,False,3,0,,,,16783376.0,16783357.0,"[{'addr': 16783376, 'type': 'CALL'}]",,
16783357,"5,0xc,rbp,-,=[4]",True,16783040,16783368,7,"mov dword [rbp - 0xc], 5","mov dword [var_14h], 5",c745f405000000,cpu,mov,False,268435465,0,,,5.0,,,,,
16783364,"0x100171f,rip,=",False,16783040,16783370,5,jmp 0x100171f,jmp 0x100171f,e916ffffff,cpu,jmp,False,1,0,,,,16783135.0,,"[{'addr': 16783135, 'type': 'CODE'}]",,
16783369,"32,rsp,+=,63,$o,of,:=,63,$s,sf,:=,$z,zf,:=,63,$c,cf,:=,$p,pf,:=,3,$c,af,:=",False,16783040,16783371,4,"add rsp, 0x20","add rsp, 0x20",4883c420,cpu,add,False,17,0,['case.0x100171b.5'],"[{'addr': 16783131, 'type': 'CODE'}]",32.0,,,,,
16783373,"rsp,[8],8,rsp,+=,rbp,=",False,16783040,16783374,1,pop rbp,pop rbp,5d,cpu,pop,False,14,0,,,,,,,,
16783374,"rsp,[8],rip,=,8,rsp,+=",False,16783040,16783374,1,ret,ret,c3,cpu,ret,False,5,0,,,,,,,,
