offset,esil,refptr,fcn_addr,fcn_last,size,opcode,disasm,bytes,family,type,reloc,type_num,type2_num,flags,xrefs_to,val,jump,fail,ptr,xrefs_from,comment
16783648,"rbp,8,rsp,-,=[8],8,rsp,-=",False,16783648,16783950,1,push rbp,push rbp,55,cpu,rpush,False,268435468,0,['sym.evaluate_event'],"[{'addr': 16783490, 'type': 'CALL'}]",,,,,,
16783649,"rsp,rbp,=",False,16783648,16783948,3,"mov rbp, rsp","mov rbp, rsp",4889e5,cpu,mov,False,9,0,,,,,,,,
16783652,"48,rsp,-=,48,0x8000000000000000,-,!,63,$o,^,of,:=,63,$s,sf,:=,$z,zf,:=,$p,pf,:=,64,$b,cf,:=,3,$b,af,:=",False,16783648,16783947,4,"sub rsp, 0x30","sub rsp, 0x30",4883ec30,cpu,sub,False,18,0,,,48.0,,,,,
16783656,"esi,rax,=",False,16783648,16783949,2,"mov eax, esi","mov eax, esi",89f0,cpu,mov,False,9,0,,,,,,,,
16783658,"edi,0x28,rbp,-,=[4]",True,16783648,16783948,3,"mov dword [rbp - 0x28], edi","mov dword [var_30h], edi",897dd8,cpu,mov,False,268435465,0,,,,,,,,
16783661,"7,rcx,=",False,16783648,16783946,5,"mov ecx, 7","mov ecx, 7",b907000000,cpu,mov,False,9,0,,,7.0,,,,,
16783666,"0,edx,=,31,eax,>>,?{,0xffffffff,edx,=,}",False,16783648,16783950,1,cdq,cdq,99,cpu,null,False,0,0,,,,,,,,
16783667,"32,ecx,~,32,edx,<<,eax,+,~%,32,ecx,~,32,edx,<<,eax,+,~/,eax,=,edx,=",False,16783648,16783949,2,idiv ecx,idiv ecx,f7f9,cpu,div,False,21,0,,,,,,,,
16783669,"edx,0x20,rbp,-,=[4]",True,16783648,16783948,3,"mov dword [rbp - 0x20], edx","mov dword [var_28h], edx",8955e0,cpu,mov,False,268435465,0,,,,,,,,
16783672,"0,0x24,rbp,-,=[4]",True,16783648,16783944,7,"mov dword [rbp - 0x24], 0","mov dword [var_2ch], 0",c745dc00000000,cpu,mov,False,268435465,0,,,0.0,,,,,
16783679,"0x24,rbp,-,[4],rax,=",True,16783648,16783948,3,"mov eax, dword [rbp - 0x24]","mov eax, dword [var_2ch]",8b45dc,cpu,mov,False,9,0,,"[{'addr': 16783714, 'type': 'CODE'}]",,,,,,
16783682,"rax,0x30,rbp,-,=[8]",True,16783648,16783947,4,"mov qword [rbp - 0x30], rax","mov qword [var_38h], rax",488945d0,cpu,mov,False,268435465,0,,,,,,,,
16783686,"6,rax,-=,6,0x8000000000000000,-,!,63,$o,^,of,:=,63,$s,sf,:=,$z,zf,:=,$p,pf,:=,64,$b,cf,:=,3,$b,af,:=",False,16783648,16783947,4,"sub rax, 6","sub rax, 6",4883e806,cpu,sub,False,18,0,,,6.0,,,,,
16783690,"cf,zf,|,!,?{,16783712,rip,=,}",False,16783648,16783949,2,ja 0x1001960,ja 0x1001960,7714,cpu,cjmp,False,2147483649,0,,,,16783712.0,16783692.0,,,
16783692,"0x30,rbp,-,[8],rax,=",True,16783648,16783947,4,"mov rax, qword [rbp - 0x30]","mov rax, qword [var_38h]",488b45d0,cpu,mov,False,9,0,,,,,,,,
16783696,"0x14e3,rip,-,rcx,=",True,16783648,16783944,7,"lea rcx, [rip - 0x14e3]","lea rcx, data.01000474",488d0d1debffff,cpu,lea,False,33,0,,,,,,16778356.0,"[{'addr': 16778356, 'type': 'DATA'}]",
16783703,"32,rax,4,*,rcx,+,[4],~,rax,=",True,16783648,16783947,4,"movsxd rax, dword [rcx + rax*4]","movsxd rax, dword [rcx + rax*4]",48630481,cpu,mov,False,9,0,,,,,,,,
16783707,"rcx,rax,+=,63,$o,of,:=,63,$s,sf,:=,$z,zf,:=,63,$c,cf,:=,$p,pf,:=,3,$c,af,:=",False,16783648,16783948,3,"add rax, rcx","add rax, rcx",4801c8,cpu,add,False,17,0,,,,,,,,
16783710,"rax,rip,=",False,16783648,16783949,2,jmp rax,jmp rax,ffe0,cpu,rjmp,False,268435458,0,['switch.0x0100195e'],,,,,,"[{'addr': 16783716, 'type': 'CODE'}, {'addr': 16783745, 'type': 'CODE'}, {'addr': 16783777, 'type': 'CODE'}, {'addr': 16783824, 'type': 'CODE'}, {'addr': 16783850, 'type': 'CODE'}, {'addr': 16783872, 'type': 'CODE'}, {'addr': 16783942, 'type': 'CODE'}]",c3dpdGNoIHRhYmxlICg3IGNhc2VzKSBhdCAweDEwMDA0NzQ=
16783712,"0x1001962,rip,=",False,16783648,16783949,2,jmp 0x1001962,jmp 0x1001962,eb00,cpu,jmp,False,1,0,,,,16783714.0,,,"[{'addr': 16783714, 'type': 'CODE'}]",
16783714,"0x100193f,rip,=",False,16783648,16783949,2,jmp 0x100193f,jmp 0x100193f,ebdb,cpu,jmp,False,1,0,,"[{'addr': 16783712, 'type': 'CODE'}, {'addr': 16783743, 'type': 'CODE'}, {'addr': 16783775, 'type': 'CODE'}, {'addr': 16783822, 'type': 'CODE'}, {'addr': 16783845, 'type': 'CODE'}, {'addr': 16783867, 'type': 'CODE'}, {'addr': 16783937, 'type': 'CODE'}]",,16783679.0,,,"[{'addr': 16783679, 'type': 'CODE'}]",
16783716,"6,rax,=",False,16783648,16783946,5,"mov eax, 6","mov eax, 6",b806000000,cpu,mov,False,9,0,['case.0x100195e.0'],"[{'addr': 16783710, 'type': 'CODE'}]",6.0,,,,,
16783721,"1,rcx,=",False,16783648,16783946,5,"mov ecx, 1","mov ecx, 1",b901000000,cpu,mov,False,9,0,,,1.0,,,,,
16783726,"18446744073709551613,0x20,rbp,-,[4],==,$z,zf,:=,32,$b,cf,:=,$p,pf,:=,31,$s,sf,:=,18446744073709551613,0x80000000,-,!,31,$o,^,of,:=,3,$b,af,:=",True,16783648,16783947,4,"cmp dword [rbp - 0x20], 0xfffffffd","cmp dword [var_28h], 0xfffffffd",837de0fd,cpu,cmp,False,268435471,0,,,1.8446744073709552e+19,,,,,
16783730,"zf,!,sf,of,^,!,&,?{,ecx,eax,=,}",False,16783648,16783948,3,"cmovg eax, ecx","cmovg eax, ecx",0f4fc1,cpu,cmov,False,2147483657,0,,,,,,,,
16783733,"eax,0x24,rbp,-,=[4]",True,16783648,16783948,3,"mov dword [rbp - 0x24], eax","mov dword [var_2ch], eax",8945dc,cpu,mov,False,268435465,0,,,,,,,,
16783736,"0,0x4,rbp,-,=[4]",True,16783648,16783944,7,"mov dword [rbp - 4], 0","mov dword [var_ch], 0",c745fc00000000,cpu,mov,False,268435465,0,,,0.0,,,,,
16783743,"0x1001962,rip,=",False,16783648,16783949,2,jmp 0x1001962,jmp 0x1001962,ebe1,cpu,jmp,False,1,0,,,,16783714.0,,,"[{'addr': 16783714, 'type': 'CODE'}]",
16783745,"0x20,rbp,-,[4],rax,=",True,16783648,16783948,3,"mov eax, dword [rbp - 0x20]","mov eax, dword [var_28h]",8b45e0,cpu,mov,False,9,0,['case.0x100195e.1'],"[{'addr': 16783710, 'type': 'CODE'}]",,,,,,
16783748,"2,eax,+=,31,$o,of,:=,31,$s,sf,:=,$z,zf,:=,31,$c,cf,:=,$p,pf,:=,3,$c,af,:=",False,16783648,16783948,3,"add eax, 2","add eax, 2",83c002,cpu,add,False,17,0,,,2.0,,,,,
16783751,"eax,0x1c,rbp,-,=[4]",True,16783648,16783948,3,"mov dword [rbp - 0x1c], eax","mov dword [var_24h], eax",8945e4,cpu,mov,False,268435465,0,,,,,,,,
16783754,"2,0x24,rbp,-,=[4]",True,16783648,16783944,7,"mov dword [rbp - 0x24], 2","mov dword [var_2ch], 2",c745dc02000000,cpu,mov,False,268435465,0,,,2.0,,,,,
16783761,"0,0x10,rbp,-,=[4]",True,16783648,16783944,7,"mov dword [rbp - 0x10], 0","mov dword [var_18h], 0",c745f000000000,cpu,mov,False,268435465,0,,,0.0,,,,,
16783768,"0,0xc,rbp,-,=[4]",True,16783648,16783944,7,"mov dword [rbp - 0xc], 0","mov dword [var_14h], 0",c745f400000000,cpu,mov,False,268435465,0,,,0.0,,,,,
16783775,"0x1001962,rip,=",False,16783648,16783949,2,jmp 0x1001962,jmp 0x1001962,ebc1,cpu,jmp,False,1,0,,,,16783714.0,,,"[{'addr': 16783714, 'type': 'CODE'}]",
16783777,"0x28,rbp,-,[4],rax,=",True,16783648,16783948,3,"mov eax, dword [rbp - 0x28]","mov eax, dword [var_30h]",8b45d8,cpu,mov,False,9,0,['case.0x100195e.2'],"[{'addr': 16783710, 'type': 'CODE'}]",,,,,,
16783780,"0xc,rbp,-,[4],rdx,=",True,16783648,16783948,3,"mov edx, dword [rbp - 0xc]","mov edx, dword [var_14h]",8b55f4,cpu,mov,False,9,0,,,,,,,,
16783783,"0x10,rbp,-,[4],rcx,=",True,16783648,16783948,3,"mov ecx, dword [rbp - 0x10]","mov ecx, dword [var_18h]",8b4df0,cpu,mov,False,9,0,,,,,,,,
16783786,"edx,0x14,rbp,-,=[4]",True,16783648,16783948,3,"mov dword [rbp - 0x14], edx","mov dword [var_1ch], edx",8955ec,cpu,mov,False,268435465,0,,,,,,,,
16783789,"ecx,0x18,rbp,-,=[4]",True,16783648,16783948,3,"mov dword [rbp - 0x18], ecx","mov dword [var_20h], ecx",894de8,cpu,mov,False,268435465,0,,,,,,,,
16783792,"0x18,rbp,-,[4],eax,+=,31,$o,of,:=,31,$s,sf,:=,$z,zf,:=,31,$c,cf,:=,$p,pf,:=,3,$c,af,:=",True,16783648,16783948,3,"add eax, dword [rbp - 0x18]","add eax, dword [var_20h]",0345e8,cpu,add,False,17,0,,,,,,,,
16783795,"3,rcx,=",False,16783648,16783946,5,"mov ecx, 3","mov ecx, 3",b903000000,cpu,mov,False,9,0,,,3.0,,,,,
16783800,"0,edx,=,31,eax,>>,?{,0xffffffff,edx,=,}",False,16783648,16783950,1,cdq,cdq,99,cpu,null,False,0,0,,,,,,,,
16783801,"32,ecx,~,32,edx,<<,eax,+,~%,32,ecx,~,32,edx,<<,eax,+,~/,eax,=,edx,=",False,16783648,16783949,2,idiv ecx,idiv ecx,f7f9,cpu,div,False,21,0,,,,,,,,
16783803,"4,rax,=",False,16783648,16783946,5,"mov eax, 4","mov eax, 4",b804000000,cpu,mov,False,9,0,,,4.0,,,,,
16783808,"3,rcx,=",False,16783648,16783946,5,"mov ecx, 3","mov ecx, 3",b903000000,cpu,mov,False,9,0,,,3.0,,,,,
16783813,"0,edx,==,$z,zf,:=,32,$b,cf,:=,$p,pf,:=,31,$s,sf,:=,0,0x80000000,-,!,31,$o,^,of,:=,3,$b,af,:=",False,16783648,16783948,3,"cmp edx, 0","cmp edx, 0",83fa00,cpu,cmp,False,15,0,,,0.0,,,0.0,,
16783816,"zf,?{,ecx,eax,=,}",False,16783648,16783948,3,"cmove eax, ecx","cmove eax, ecx",0f44c1,cpu,cmov,False,2147483657,0,,,,,,,,
16783819,"eax,0x24,rbp,-,=[4]",True,16783648,16783948,3,"mov dword [rbp - 0x24], eax","mov dword [var_2ch], eax",8945dc,cpu,mov,False,268435465,0,,,,,,,,
16783822,"0x1001962,rip,=",False,16783648,16783949,2,jmp 0x1001962,jmp 0x1001962,eb92,cpu,jmp,False,1,0,,,,16783714.0,,,"[{'addr': 16783714, 'type': 'CODE'}]",
16783824,"0x28,rbp,-,[4],rdi,=",True,16783648,16783948,3,"mov edi, dword [rbp - 0x28]","mov edi, dword [var_30h]",8b7dd8,cpu,mov,False,9,0,['case.0x100195e.3'],"[{'addr': 16783710, 'type': 'CODE'}]",,,,,,
16783827,"0x18,rbp,-,[4],rsi,=",True,16783648,16783948,3,"mov esi, dword [rbp - 0x18]","mov esi, dword [var_20h]",8b75e8,cpu,mov,False,9,0,,,,,,,,
16783830,"16783952,rip,8,rsp,-=,rsp,=[],rip,=",False,16783648,16783946,5,call 0x1001a50,call sym.complex_rule,e875000000,cpu,call,False,3,0,,,,16783952.0,16783835.0,,"[{'addr': 16783952, 'type': 'CALL'}]",
16783835,"5,0x24,rbp,-,=[4]",True,16783648,16783944,7,"mov dword [rbp - 0x24], 5","mov dword [var_2ch], 5",c745dc05000000,cpu,mov,False,268435465,0,,,5.0,,,,,
16783842,"eax,0x8,rbp,-,=[4]",True,16783648,16783948,3,"mov dword [rbp - 8], eax","mov dword [var_10h], eax",8945f8,cpu,mov,False,268435465,0,,,,,,,,
16783845,"0x1001962,rip,=",False,16783648,16783946,5,jmp 0x1001962,jmp 0x1001962,e978ffffff,cpu,jmp,False,1,0,,,,16783714.0,,,"[{'addr': 16783714, 'type': 'CODE'}]",
16783850,"0x28,rbp,-,[4],rax,=",True,16783648,16783948,3,"mov eax, dword [rbp - 0x28]","mov eax, dword [var_30h]",8b45d8,cpu,mov,False,9,0,['case.0x100195e.4'],"[{'addr': 16783710, 'type': 'CODE'}]",,,,,,
16783853,"32,eax,~,32,0x18,rbp,-,[4],~,*,DUP,eax,=,eax,-,?{,1,1,}{,0,0,},cf,:=,of,:=",False,16783648,16783947,4,"imul eax, dword [rbp - 0x18]","imul eax, dword [var_20h]",0faf45e8,cpu,mul,False,20,0,,,,,,,,
16783857,"5,0x24,rbp,-,=[4]",True,16783648,16783944,7,"mov dword [rbp - 0x24], 5","mov dword [var_2ch], 5",c745dc05000000,cpu,mov,False,268435465,0,,,5.0,,,,,
16783864,"eax,0x8,rbp,-,=[4]",True,16783648,16783948,3,"mov dword [rbp - 8], eax","mov dword [var_10h], eax",8945f8,cpu,mov,False,268435465,0,,,,,,,,
16783867,"0x1001962,rip,=",False,16783648,16783946,5,jmp 0x1001962,jmp 0x1001962,e962ffffff,cpu,jmp,False,1,0,,,,16783714.0,,,"[{'addr': 16783714, 'type': 'CODE'}]",
16783872,"0x8,rbp,-,[4],rax,=",True,16783648,16783948,3,"mov eax, dword [rbp - 8]","mov eax, dword [var_10h]",8b45f8,cpu,mov,False,9,0,['case.0x100195e.5'],"[{'addr': 16783710, 'type': 'CODE'}]",,,,,,
16783875,"0x14,rbp,-,[4],rcx,=",True,16783648,16783948,3,"mov ecx, dword [rbp - 0x14]","mov ecx, dword [var_1ch]",8b4dec,cpu,mov,False,9,0,,,,,,,,
16783878,"ecx,eax,+=,31,$o,of,:=,31,$s,sf,:=,$z,zf,:=,31,$c,cf,:=,$p,pf,:=,3,$c,af,:=",False,16783648,16783949,2,"add eax, ecx","add eax, ecx",01c8,cpu,add,False,17,0,,,,,,,,
16783880,"eax,rcx,=",False,16783648,16783949,2,"mov ecx, eax","mov ecx, eax",89c1,cpu,mov,False,9,0,,,,,,,,
16783882,"121,ecx,-=,121,0x80000000,-,!,31,$o,^,of,:=,31,$s,sf,:=,$z,zf,:=,$p,pf,:=,32,$b,cf,:=,3,$b,af,:=",False,16783648,16783948,3,"sub ecx, 0x79","sub ecx, 0x79",83e979,cpu,sub,False,18,0,,,121.0,,,121.0,,
16783885,"sf,of,^,!,dil,=",False,16783648,16783947,4,setge dil,setge dil,400f9dc7,cpu,cmov,False,2147483657,0,,,,,,,,
16783889,"0x18,rbp,-,[4],rdx,=",True,16783648,16783948,3,"mov edx, dword [rbp - 0x18]","mov edx, dword [var_20h]",8b55e8,cpu,mov,False,9,0,,,,,,,,
16783892,"edx,rcx,=",False,16783648,16783949,2,"mov ecx, edx","mov ecx, edx",89d1,cpu,mov,False,9,0,,,,,,,,
16783894,"1,ecx,+=,31,$o,of,:=,31,$s,sf,:=,$z,zf,:=,31,$c,cf,:=,$p,pf,:=,3,$c,af,:=",False,16783648,16783948,3,"add ecx, 1","add ecx, 1",83c101,cpu,add,False,17,0,,,1.0,,,,,
16783897,"0x1c,rbp,-,[4],rsi,=",True,16783648,16783948,3,"mov esi, dword [rbp - 0x1c]","mov esi, dword [var_24h]",8b75e4,cpu,mov,False,9,0,,,,,,,,
16783900,"esi,edx,-=,esi,0x80000000,-,!,31,$o,^,of,:=,31,$s,sf,:=,$z,zf,:=,$p,pf,:=,32,$b,cf,:=,3,$b,af,:=",False,16783648,16783949,2,"sub edx, esi","sub edx, esi",29f2,cpu,sub,False,18,0,,,,,,,,
16783902,"zf,dl,=",False,16783648,16783948,3,sete dl,sete dl,0f94c2,cpu,cmov,False,2147483657,0,,,,,,,,
16783905,"dl,dil,|=,7,$s,sf,:=,$z,zf,:=,$p,pf,:=,0,of,:=,0,cf,:=",False,16783648,16783948,3,"or dil, dl","or dil, dl",4008d7,cpu,or,False,26,0,,,,,,,,
16783908,"2,rdx,=",False,16783648,16783946,5,"mov edx, 2","mov edx, 2",ba02000000,cpu,mov,False,9,0,,,2.0,,,,,
16783913,"6,rsi,=",False,16783648,16783946,5,"mov esi, 6","mov esi, 6",be06000000,cpu,mov,False,9,0,,,6.0,,,,,
16783918,"0,1,dil,&,==,$z,zf,:=,$p,pf,:=,7,$s,sf,:=,0,cf,:=,0,of,:=",False,16783648,16783947,4,"test dil, 1","test dil, 1",40f6c701,cpu,acmp,False,16,0,,,1.0,,,1.0,,
16783922,"zf,!,?{,esi,edx,=,}",False,16783648,16783948,3,"cmovne edx, esi","cmovne edx, esi",0f45d6,cpu,cmov,False,2147483657,0,,,,,,,,
16783925,"edx,0x24,rbp,-,=[4]",True,16783648,16783948,3,"mov dword [rbp - 0x24], edx","mov dword [var_2ch], edx",8955dc,cpu,mov,False,268435465,0,,,,,,,,
16783928,"ecx,0x10,rbp,-,=[4]",True,16783648,16783948,3,"mov dword [rbp - 0x10], ecx","mov dword [var_18h], ecx",894df0,cpu,mov,False,268435465,0,,,,,,,,
16783931,"eax,0xc,rbp,-,=[4]",True,16783648,16783948,3,"mov dword [rbp - 0xc], eax","mov dword [var_14h], eax",8945f4,cpu,mov,False,268435465,0,,,,,,,,
16783934,"eax,0x4,rbp,-,=[4]",True,16783648,16783948,3,"mov dword [rbp - 4], eax","mov dword [var_ch], eax",8945fc,cpu,mov,False,268435465,0,,,,,,,,
16783937,"0x1001962,rip,=",False,16783648,16783946,5,jmp 0x1001962,jmp 0x1001962,e91cffffff,cpu,jmp,False,1,0,,,,16783714.0,,,"[{'addr': 16783714, 'type': 'CODE'}]",
16783942,"0x4,rbp,-,[4],rax,=",True,16783648,16783948,3,"mov eax, dword [rbp - 4]","mov eax, dword [var_ch]",8b45fc,cpu,mov,False,9,0,['case.0x100195e.6'],"[{'addr': 16783710, 'type': 'CODE'}]",,,,,,
16783945,"48,rsp,+=,63,$o,of,:=,63,$s,sf,:=,$z,zf,:=,63,$c,cf,:=,$p,pf,:=,3,$c,af,:=",False,16783648,16783947,4,"add rsp, 0x30","add rsp, 0x30",4883c430,cpu,add,False,17,0,,,48.0,,,,,
16783949,"rsp,[8],8,rsp,+=,rbp,=",False,16783648,16783950,1,pop rbp,pop rbp,5d,cpu,pop,False,14,0,,,,,,,,
16783950,"rsp,[8],rip,=,8,rsp,+=",False,16783648,16783950,1,ret,ret,c3,cpu,ret,False,5,0,,,,,,,,
