offset,esil,refptr,fcn_addr,fcn_last,size,opcode,disasm,bytes,family,type,reloc,type_num,type2_num,flags,xrefs_to,val,jump,fail,xrefs_from
16783008,"rbp,8,rsp,-,=[8],8,rsp,-=",False,16783008,16783038,1,push rbp,push rbp,55,cpu,rpush,False,268435468,0,"['main', 'sym.main']","[{'addr': 16782989, 'type': 'DATA'}]",,,,
16783009,"rsp,rbp,=",False,16783008,16783036,3,"mov rbp, rsp","mov rbp, rsp",4889e5,cpu,mov,False,9,0,,,,,,
16783012,"16,rsp,-=,16,0x8000000000000000,-,!,63,$o,^,of,:=,63,$s,sf,:=,$z,zf,:=,$p,pf,:=,64,$b,cf,:=,3,$b,af,:=",False,16783008,16783035,4,"sub rsp, 0x10","sub rsp, 0x10",4883ec10,cpu,sub,False,18,0,,,16.0,,,
16783016,"rsi,0x8,rbp,-,=[8]",True,16783008,16783035,4,"mov qword [rbp - 8], rsi","mov qword [var_10h], rsi",488975f8,cpu,mov,False,268435465,0,,,,,,
16783020,"edi,rax,=",False,16783008,16783037,2,"mov eax, edi","mov eax, edi",89f8,cpu,mov,False,9,0,,,,,,
16783022,"0x8,rbp,-,[8],rdi,=",True,16783008,16783035,4,"mov rdi, qword [rbp - 8]","mov rdi, qword [var_10h]",488b7df8,cpu,mov,False,9,0,,,,,,
16783026,"16783040,rip,8,rsp,-=,rsp,=[],rip,=",False,16783008,16783034,5,call 0x10016c0,call sym.process_events,e809000000,cpu,call,False,3,0,,,,16783040.0,16783031.0,"[{'addr': 16783040, 'type': 'CALL'}]"
16783031,"eax,rax,^,0xffffffff,&,rax,=,$z,zf,:=,$p,pf,:=,31,$s,sf,:=,0,cf,:=,0,of,:=",False,16783008,16783037,2,"xor eax, eax","xor eax, eax",31c0,cpu,xor,False,28,0,,,,,,
16783033,"16,rsp,+=,63,$o,of,:=,63,$s,sf,:=,$z,zf,:=,63,$c,cf,:=,$p,pf,:=,3,$c,af,:=",False,16783008,16783035,4,"add rsp, 0x10","add rsp, 0x10",4883c410,cpu,add,False,17,0,,,16.0,,,
16783037,"rsp,[8],8,rsp,+=,rbp,=",False,16783008,16783038,1,pop rbp,pop rbp,5d,cpu,pop,False,14,0,,,,,,
16783038,"rsp,[8],rip,=,8,rsp,+=",False,16783008,16783038,1,ret,ret,c3,cpu,ret,False,5,0,,,,,,
