offset,esil,refptr,fcn_addr,fcn_last,size,opcode,disasm,bytes,family,type,reloc,type_num,type2_num,flags,xrefs_to,val,jump,fail,ptr,xrefs_from,comment
16783376,"rbp,8,rsp,-,=[8],8,rsp,-=",False,16783376,16783646,1,push rbp,push rbp,55,cpu,rpush,False,268435468,0,['sym.handle_event'],"[{'addr': 16783186, 'type': 'CALL'}, {'addr': 16783199, 'type': 'CALL'}, {'addr': 16783212, 'type': 'CALL'}, {'addr': 16783225, 'type': 'CALL'}, {'addr': 16783238, 'type': 'CALL'}, {'addr': 16783276, 'type': 'CALL'}, {'addr': 16783308, 'type': 'CALL'}, {'addr': 16783352, 'type': 'CALL'}]",,,,,,
16783377,"rsp,rbp,=",False,16783376,16783644,3,"mov rbp, rsp","mov rbp, rsp",4889e5,cpu,mov,False,9,0,,,,,,,,
16783380,"32,rsp,-=,32,0x8000000000000000,-,!,63,$o,^,of,:=,63,$s,sf,:=,$z,zf,:=,$p,pf,:=,64,$b,cf,:=,3,$b,af,:=",False,16783376,16783643,4,"sub rsp, 0x20","sub rsp, 0x20",4883ec20,cpu,sub,False,18,0,,,32.0,,,,,
16783384,"edi,0x10,rbp,-,=[4]",True,16783376,16783644,3,"mov dword [rbp - 0x10], edi","mov dword [var_18h], edi",897df0,cpu,mov,False,268435465,0,,,,,,,,
16783387,"esi,0xc,rbp,-,=[4]",True,16783376,16783644,3,"mov dword [rbp - 0xc], esi","mov dword [var_14h], esi",8975f4,cpu,mov,False,268435465,0,,,,,,,,
16783390,"0,0x8,rbp,-,=[4]",True,16783376,16783640,7,"mov dword [rbp - 8], 0","mov dword [var_10h], 0",c745f800000000,cpu,mov,False,268435465,0,,,0.0,,,,,
16783397,"0x8,rbp,-,[4],rax,=",True,16783376,16783644,3,"mov eax, dword [rbp - 8]","mov eax, dword [var_10h]",8b45f8,cpu,mov,False,9,0,,"[{'addr': 16783432, 'type': 'CODE'}]",,,,,,
16783400,"rax,0x18,rbp,-,=[8]",True,16783376,16783643,4,"mov qword [rbp - 0x18], rax","mov qword [var_20h], rax",488945e8,cpu,mov,False,268435465,0,,,,,,,,
16783404,"7,rax,-=,7,0x8000000000000000,-,!,63,$o,^,of,:=,63,$s,sf,:=,$z,zf,:=,$p,pf,:=,64,$b,cf,:=,3,$b,af,:=",False,16783376,16783643,4,"sub rax, 7","sub rax, 7",4883e807,cpu,sub,False,18,0,,,7.0,,,,,
16783408,"cf,zf,|,!,?{,16783430,rip,=,}",False,16783376,16783645,2,ja 0x1001846,ja 0x1001846,7714,cpu,cjmp,False,2147483649,0,,,,16783430.0,16783410.0,,,
16783410,"0x18,rbp,-,[8],rax,=",True,16783376,16783643,4,"mov rax, qword [rbp - 0x18]","mov rax, qword [var_20h]",488b45e8,cpu,mov,False,9,0,,,,,,,,
16783414,"0x13e9,rip,-,rcx,=",True,16783376,16783640,7,"lea rcx, [rip - 0x13e9]","lea rcx, data.01000454",488d0d17ecffff,cpu,lea,False,33,0,,,,,,16778324.0,"[{'addr': 16778324, 'type': 'DATA'}]",
16783421,"32,rax,4,*,rcx,+,[4],~,rax,=",True,16783376,16783643,4,"movsxd rax, dword [rcx + rax*4]","movsxd rax, dword [rcx + rax*4]",48630481,cpu,mov,False,9,0,,,,,,,,
16783425,"rcx,rax,+=,63,$o,of,:=,63,$s,sf,:=,$z,zf,:=,63,$c,cf,:=,$p,pf,:=,3,$c,af,:=",False,16783376,16783644,3,"add rax, rcx","add rax, rcx",4801c8,cpu,add,False,17,0,,,,,,,,
16783428,"rax,rip,=",False,16783376,16783645,2,jmp rax,jmp rax,ffe0,cpu,rjmp,False,268435458,0,['switch.0x01001844'],,,,,,"[{'addr': 16783434, 'type': 'CODE'}, {'addr': 16783458, 'type': 'CODE'}, {'addr': 16783484, 'type': 'CODE'}, {'addr': 16783523, 'type': 'CODE'}, {'addr': 16783552, 'type': 'CODE'}, {'addr': 16783577, 'type': 'CODE'}, {'addr': 16783609, 'type': 'CODE'}, {'addr': 16783641, 'type': 'CODE'}]",c3dpdGNoIHRhYmxlICg4IGNhc2VzKSBhdCAweDEwMDA0NTQ=
16783430,"0x1001848,rip,=",False,16783376,16783645,2,jmp 0x1001848,jmp 0x1001848,eb00,cpu,jmp,False,1,0,,,,16783432.0,,,"[{'addr': 16783432, 'type': 'CODE'}]",
16783432,"0x1001825,rip,=",False,16783376,16783645,2,jmp 0x1001825,jmp 0x1001825,ebdb,cpu,jmp,False,1,0,,"[{'addr': 16783430, 'type': 'CODE'}, {'addr': 16783456, 'type': 'CODE'}, {'addr': 16783482, 'type': 'CODE'}, {'addr': 16783521, 'type': 'CODE'}, {'addr': 16783550, 'type': 'CODE'}, {'addr': 16783572, 'type': 'CODE'}, {'addr': 16783604, 'type': 'CODE'}, {'addr': 16783636, 'type': 'CODE'}]",,16783397.0,,,"[{'addr': 16783397, 'type': 'CODE'}]",
16783434,"0xc,rbp,-,[4],rdx,=",True,16783376,16783644,3,"mov edx, dword [rbp - 0xc]","mov edx, dword [var_14h]",8b55f4,cpu,mov,False,9,0,['case.0x1001844.0'],"[{'addr': 16783428, 'type': 'CODE'}]",,,,,,
16783437,"2,rax,=",False,16783376,16783642,5,"mov eax, 2","mov eax, 2",b802000000,cpu,mov,False,9,0,,,2.0,,,,,
16783442,"1,rcx,=",False,16783376,16783642,5,"mov ecx, 1","mov ecx, 1",b901000000,cpu,mov,False,9,0,,,1.0,,,,,
16783447,"10,edx,==,$z,zf,:=,32,$b,cf,:=,$p,pf,:=,31,$s,sf,:=,10,0x80000000,-,!,31,$o,^,of,:=,3,$b,af,:=",False,16783376,16783644,3,"cmp edx, 0xa","cmp edx, 0xa",83fa0a,cpu,cmp,False,15,0,,,10.0,,,10.0,,
16783450,"sf,of,^,?{,ecx,eax,=,}",False,16783376,16783644,3,"cmovl eax, ecx","cmovl eax, ecx",0f4cc1,cpu,cmov,False,2147483657,0,,,,,,,,
16783453,"eax,0x8,rbp,-,=[4]",True,16783376,16783644,3,"mov dword [rbp - 8], eax","mov dword [var_10h], eax",8945f8,cpu,mov,False,268435465,0,,,,,,,,
16783456,"0x1001848,rip,=",False,16783376,16783645,2,jmp 0x1001848,jmp 0x1001848,ebe6,cpu,jmp,False,1,0,,,,16783432.0,,,"[{'addr': 16783432, 'type': 'CODE'}]",
16783458,"0x10,rbp,-,[4],rsi,=",True,16783376,16783644,3,"mov esi, dword [rbp - 0x10]","mov esi, dword [var_18h]",8b75f0,cpu,mov,False,9,0,['case.0x1001844.1'],"[{'addr': 16783428, 'type': 'CODE'}]",,,,,,
16783461,"0x13aa,rip,-,rdi,=",True,16783376,16783640,7,"lea rdi, [rip - 0x13aa]","lea rdi, str.Event__d_discarded__too_low_.",488d3d56ecffff,cpu,lea,False,33,0,,,,,,16778434.0,"[{'addr': 16778434, 'type': 'DATA'}]",
16783468,"0,al,=",False,16783376,16783645,2,"mov al, 0","mov al, 0",b000,cpu,mov,False,9,0,,,0.0,,,,,
16783470,"16784400,rip,8,rsp,-=,rsp,=[],rip,=",False,16783376,16783642,5,call 0x1001c10,call sym.imp.printf,e89d030000,cpu,call,False,3,0,,,,16784400.0,16783475.0,,"[{'addr': 16784400, 'type': 'CALL'}]",
16783475,"7,0x8,rbp,-,=[4]",True,16783376,16783640,7,"mov dword [rbp - 8], 7","mov dword [var_10h], 7",c745f807000000,cpu,mov,False,268435465,0,,,7.0,,,,,
16783482,"0x1001848,rip,=",False,16783376,16783645,2,jmp 0x1001848,jmp 0x1001848,ebcc,cpu,jmp,False,1,0,,,,16783432.0,,,"[{'addr': 16783432, 'type': 'CODE'}]",
16783484,"0xc,rbp,-,[4],rsi,=",True,16783376,16783644,3,"mov esi, dword [rbp - 0xc]","mov esi, dword [var_14h]",8b75f4,cpu,mov,False,9,0,['case.0x1001844.2'],"[{'addr': 16783428, 'type': 'CODE'}]",,,,,,
16783487,"0x10,rbp,-,[4],rdi,=",True,16783376,16783644,3,"mov edi, dword [rbp - 0x10]","mov edi, dword [var_18h]",8b7df0,cpu,mov,False,9,0,,,,,,,,
16783490,"16783648,rip,8,rsp,-=,rsp,=[],rip,=",False,16783376,16783642,5,call 0x1001920,call sym.evaluate_event,e899000000,cpu,call,False,3,0,,,,16783648.0,16783495.0,,"[{'addr': 16783648, 'type': 'CALL'}]",
16783495,"eax,0x4,rbp,-,=[4]",True,16783376,16783644,3,"mov dword [rbp - 4], eax","mov dword [var_ch], eax",8945fc,cpu,mov,False,268435465,0,,,,,,,,
16783498,"4,rax,=",False,16783376,16783642,5,"mov eax, 4","mov eax, 4",b804000000,cpu,mov,False,9,0,,,4.0,,,,,
16783503,"3,rcx,=",False,16783376,16783642,5,"mov ecx, 3","mov ecx, 3",b903000000,cpu,mov,False,9,0,,,3.0,,,,,
16783508,"150,0x4,rbp,-,[4],==,$z,zf,:=,32,$b,cf,:=,$p,pf,:=,31,$s,sf,:=,150,0x80000000,-,!,31,$o,^,of,:=,3,$b,af,:=",True,16783376,16783640,7,"cmp dword [rbp - 4], 0x96","cmp dword [var_ch], 0x96",817dfc96000000,cpu,cmp,False,268435471,0,,,150.0,,,,,
16783515,"zf,!,sf,of,^,!,&,?{,ecx,eax,=,}",False,16783376,16783644,3,"cmovg eax, ecx","cmovg eax, ecx",0f4fc1,cpu,cmov,False,2147483657,0,,,,,,,,
16783518,"eax,0x8,rbp,-,=[4]",True,16783376,16783644,3,"mov dword [rbp - 8], eax","mov dword [var_10h], eax",8945f8,cpu,mov,False,268435465,0,,,,,,,,
16783521,"0x1001848,rip,=",False,16783376,16783645,2,jmp 0x1001848,jmp 0x1001848,eba5,cpu,jmp,False,1,0,,,,16783432.0,,,"[{'addr': 16783432, 'type': 'CODE'}]",
16783523,"0x10,rbp,-,[4],rsi,=",True,16783376,16783644,3,"mov esi, dword [rbp - 0x10]","mov esi, dword [var_18h]",8b75f0,cpu,mov,False,9,0,['case.0x1001844.3'],"[{'addr': 16783428, 'type': 'CODE'}]",,,,,,
16783526,"0x4,rbp,-,[4],rdx,=",True,16783376,16783644,3,"mov edx, dword [rbp - 4]","mov edx, dword [var_ch]",8b55fc,cpu,mov,False,9,0,,,,,,,,
16783529,"0x13cf,rip,-,rdi,=",True,16783376,16783640,7,"lea rdi, [rip - 0x13cf]","lea rdi, str.Event__d_promoted_to_urgent__score:__d",488d3d31ecffff,cpu,lea,False,33,0,,,,,,16778465.0,"[{'addr': 16778465, 'type': 'DATA'}]",
16783536,"0,al,=",False,16783376,16783645,2,"mov al, 0","mov al, 0",b000,cpu,mov,False,9,0,,,0.0,,,,,
16783538,"16784400,rip,8,rsp,-=,rsp,=[],rip,=",False,16783376,16783642,5,call 0x1001c10,call sym.imp.printf,e859030000,cpu,call,False,3,0,,,,16784400.0,16783543.0,,"[{'addr': 16784400, 'type': 'CALL'}]",
16783543,"7,0x8,rbp,-,=[4]",True,16783376,16783640,7,"mov dword [rbp - 8], 7","mov dword [var_10h], 7",c745f807000000,cpu,mov,False,268435465,0,,,7.0,,,,,
16783550,"0x1001848,rip,=",False,16783376,16783645,2,jmp 0x1001848,jmp 0x1001848,eb88,cpu,jmp,False,1,0,,,,16783432.0,,,"[{'addr': 16783432, 'type': 'CODE'}]",
16783552,"6,rax,=",False,16783376,16783642,5,"mov eax, 6","mov eax, 6",b806000000,cpu,mov,False,9,0,['case.0x1001844.4'],"[{'addr': 16783428, 'type': 'CODE'}]",6.0,,,,,
16783557,"5,rcx,=",False,16783376,16783642,5,"mov ecx, 5","mov ecx, 5",b905000000,cpu,mov,False,9,0,,,5.0,,,,,
16783562,"100,0x4,rbp,-,[4],==,$z,zf,:=,32,$b,cf,:=,$p,pf,:=,31,$s,sf,:=,100,0x80000000,-,!,31,$o,^,of,:=,3,$b,af,:=",True,16783376,16783643,4,"cmp dword [rbp - 4], 0x64","cmp dword [var_ch], 0x64",837dfc64,cpu,cmp,False,268435471,0,,,100.0,,,,,
16783566,"zf,!,sf,of,^,!,&,?{,ecx,eax,=,}",False,16783376,16783644,3,"cmovg eax, ecx","cmovg eax, ecx",0f4fc1,cpu,cmov,False,2147483657,0,,,,,,,,
16783569,"eax,0x8,rbp,-,=[4]",True,16783376,16783644,3,"mov dword [rbp - 8], eax","mov dword [var_10h], eax",8945f8,cpu,mov,False,268435465,0,,,,,,,,
16783572,"0x1001848,rip,=",False,16783376,16783642,5,jmp 0x1001848,jmp 0x1001848,e96fffffff,cpu,jmp,False,1,0,,,,16783432.0,,,"[{'addr': 16783432, 'type': 'CODE'}]",
16783577,"0x10,rbp,-,[4],rsi,=",True,16783376,16783644,3,"mov esi, dword [rbp - 0x10]","mov esi, dword [var_18h]",8b75f0,cpu,mov,False,9,0,['case.0x1001844.5'],"[{'addr': 16783428, 'type': 'CODE'}]",,,,,,
16783580,"0x4,rbp,-,[4],rdx,=",True,16783376,16783644,3,"mov edx, dword [rbp - 4]","mov edx, dword [var_ch]",8b55fc,cpu,mov,False,9,0,,,,,,,,
16783583,"0x13bb,rip,-,rdi,=",True,16783376,16783640,7,"lea rdi, [rip - 0x13bb]","lea rdi, str.Event__d_handled_normally__score:__d",488d3d45ecffff,cpu,lea,False,33,0,,,,,,16778539.0,"[{'addr': 16778539, 'type': 'DATA'}]",
16783590,"0,al,=",False,16783376,16783645,2,"mov al, 0","mov al, 0",b000,cpu,mov,False,9,0,,,0.0,,,,,
16783592,"16784400,rip,8,rsp,-=,rsp,=[],rip,=",False,16783376,16783642,5,call 0x1001c10,call sym.imp.printf,e823030000,cpu,call,False,3,0,,,,16784400.0,16783597.0,,"[{'addr': 16784400, 'type': 'CALL'}]",
16783597,"7,0x8,rbp,-,=[4]",True,16783376,16783640,7,"mov dword [rbp - 8], 7","mov dword [var_10h], 7",c745f807000000,cpu,mov,False,268435465,0,,,7.0,,,,,
16783604,"0x1001848,rip,=",False,16783376,16783642,5,jmp 0x1001848,jmp 0x1001848,e94fffffff,cpu,jmp,False,1,0,,,,16783432.0,,,"[{'addr': 16783432, 'type': 'CODE'}]",
16783609,"0x10,rbp,-,[4],rsi,=",True,16783376,16783644,3,"mov esi, dword [rbp - 0x10]","mov esi, dword [var_18h]",8b75f0,cpu,mov,False,9,0,['case.0x1001844.6'],"[{'addr': 16783428, 'type': 'CODE'}]",,,,,,
16783612,"0x4,rbp,-,[4],rdx,=",True,16783376,16783644,3,"mov edx, dword [rbp - 4]","mov edx, dword [var_ch]",8b55fc,cpu,mov,False,9,0,,,,,,,,
16783615,"0x1462,rip,-,rdi,=",True,16783376,16783640,7,"lea rdi, [rip - 0x1462]","lea rdi, str.Event__d_delayed__score:__d",488d3d9eebffff,cpu,lea,False,33,0,,,,,,16778404.0,"[{'addr': 16778404, 'type': 'DATA'}]",
16783622,"0,al,=",False,16783376,16783645,2,"mov al, 0","mov al, 0",b000,cpu,mov,False,9,0,,,0.0,,,,,
16783624,"16784400,rip,8,rsp,-=,rsp,=[],rip,=",False,16783376,16783642,5,call 0x1001c10,call sym.imp.printf,e803030000,cpu,call,False,3,0,,,,16784400.0,16783629.0,,"[{'addr': 16784400, 'type': 'CALL'}]",
16783629,"7,0x8,rbp,-,=[4]",True,16783376,16783640,7,"mov dword [rbp - 8], 7","mov dword [var_10h], 7",c745f807000000,cpu,mov,False,268435465,0,,,7.0,,,,,
16783636,"0x1001848,rip,=",False,16783376,16783642,5,jmp 0x1001848,jmp 0x1001848,e92fffffff,cpu,jmp,False,1,0,,,,16783432.0,,,"[{'addr': 16783432, 'type': 'CODE'}]",
16783641,"32,rsp,+=,63,$o,of,:=,63,$s,sf,:=,$z,zf,:=,63,$c,cf,:=,$p,pf,:=,3,$c,af,:=",False,16783376,16783643,4,"add rsp, 0x20","add rsp, 0x20",4883c420,cpu,add,False,17,0,['case.0x1001844.7'],"[{'addr': 16783428, 'type': 'CODE'}]",32.0,,,,,
16783645,"rsp,[8],8,rsp,+=,rbp,=",False,16783376,16783646,1,pop rbp,pop rbp,5d,cpu,pop,False,14,0,,,,,,,,
16783646,"rsp,[8],rip,=,8,rsp,+=",False,16783376,16783646,1,ret,ret,c3,cpu,ret,False,5,0,,,,,,,,
