offset,esil,refptr,fcn_addr,fcn_last,size,opcode,disasm,bytes,family,type,reloc,type_num,type2_num,flags,xrefs_to,jump,xrefs_from,ptr,val,fail
16786480,"rbp,8,rsp,-,=[8],8,rsp,-=",False,16786480,16786751,1,push rbp,push rbp,55,cpu,rpush,False,268435468,0,['sym.analyze_sequences'],"[{'addr': 16783922, 'type': 'CALL'}]",,,,,
16786481,"rsp,rbp,=",False,16786480,16786749,3,"mov rbp, rsp","mov rbp, rsp",4889e5,cpu,mov,False,9,0,,,,,,,
16786484,"rdi,0x18,rbp,-,=[8]",True,16786480,16786748,4,"mov qword [rbp - 0x18], rdi","mov qword [var_20h], rdi",48897de8,cpu,mov,False,268435465,0,,,,,,,
16786488,"rsi,0x10,rbp,-,=[8]",True,16786480,16786748,4,"mov qword [rbp - 0x10], rsi","mov qword [var_18h], rsi",488975f0,cpu,mov,False,268435465,0,,,,,,,
16786492,"eax,rax,^,0xffffffff,&,rax,=,$z,zf,:=,$p,pf,:=,31,$s,sf,:=,0,cf,:=,0,of,:=",False,16786480,16786750,2,"xor eax, eax","xor eax, eax",31c0,cpu,xor,False,28,0,,,,,,,
16786494,"rax,0x8,rbp,-,=[8]",True,16786480,16786748,4,"mov qword [rbp - 8], rax","mov qword [var_10h], rax",488945f8,cpu,mov,False,268435465,0,,,,,,,
16786498,"0x1002444,rip,=",False,16786480,16786750,2,jmp 0x1002444,jmp 0x1002444,eb00,cpu,jmp,False,1,0,,,16786500.0,"[{'addr': 16786500, 'type': 'CODE'}]",,,
16786500,"0x18,rbp,-,[8],rax,=",True,16786480,16786748,4,"mov rax, qword [rbp - 0x18]","mov rax, qword [var_20h]",488b45e8,cpu,mov,False,9,0,,"[{'addr': 16786498, 'type': 'CODE'}, {'addr': 16786747, 'type': 'CODE'}]",,,,,
16786504,"0x8,rbp,-,[8],rcx,=",True,16786480,16786748,4,"mov rcx, qword [rbp - 8]","mov rcx, qword [var_10h]",488b4df8,cpu,mov,False,9,0,,,,,,,
16786508,"rcx,0x28,rbp,-,=[8]",True,16786480,16786748,4,"mov qword [rbp - 0x28], rcx","mov qword [var_30h], rcx",48894dd8,cpu,mov,False,268435465,0,,,,,,,
16786512,"0,5,!,!,?{,1,5,-,rcx,<<,0x8000000000000000,&,!,!,^,},5,rcx,<<=,$z,zf,:=,$p,pf,:=,63,$s,sf,:=,cf,=",False,16786480,16786748,4,"shl rcx, 5","shl rcx, 5",48c1e105,cpu,shl,False,23,0,,,,,,,
16786516,"rcx,rax,+,[16],xmm2,=",True,16786480,16786748,4,"movups xmm2, xmmword [rax + rcx]","movups xmm2, xmmword [rax + rcx]",0f101408,sse,mov,False,9,0,,,,,,,
16786520,"0x10,rcx,rax,+,+,[16],xmm3,=",True,16786480,16786747,5,"movups xmm3, xmmword [rax + rcx + 0x10]","movups xmm3, xmmword [rax + rcx + 0x10]",0f105c0810,sse,mov,False,9,0,,,,,,,
16786525,"0x1e94,rip,-,[16],xmm4,=",True,16786480,16786745,7,"movaps xmm4, xmmword [rip - 0x1e94]","movaps xmm4, xmmword [data.010005d0]",0f28256ce1ffff,sse,mov,False,9,0,,,,"[{'addr': 16778704, 'type': 'DATA'}]",16778704.0,,
16786532,"xmm3,xmm1,=",False,16786480,16786749,3,"movaps xmm1, xmm3","movaps xmm1, xmm3",0f28cb,sse,mov,False,9,0,,,,,,,
16786535,,False,16786480,16786748,4,"pandn xmm1, xmm4","pandn xmm1, xmm4",660fdfcc,sse,null,False,0,0,,,,,,,
16786539,"xmm2,xmm0,=",False,16786480,16786749,3,"movaps xmm0, xmm2","movaps xmm0, xmm2",0f28c2,sse,mov,False,9,0,,,,,,,
16786542,,False,16786480,16786748,4,"pandn xmm0, xmm4","pandn xmm0, xmm4",660fdfc4,sse,null,False,0,0,,,,,,,
16786546,,False,16786480,16786748,4,"paddd xmm2, xmm3","paddd xmm2, xmm3",660ffed3,sse,add,False,17,0,,,,,,,
16786550,,False,16786480,16786747,5,"pshufd xmm3, xmm2, 0xee","pshufd xmm3, xmm2, 0xee",660f70daee,sse,null,False,0,0,,,,,,,
16786555,,False,16786480,16786748,4,"paddd xmm2, xmm3","paddd xmm2, xmm3",660ffed3,sse,add,False,17,0,,,,,,,
16786559,,False,16786480,16786747,5,"pshufd xmm3, xmm2, 0x55","pshufd xmm3, xmm2, 0x55",660f70da55,sse,null,False,0,0,,,,,,,
16786564,,False,16786480,16786748,4,"paddd xmm2, xmm3","paddd xmm2, xmm3",660ffed3,sse,add,False,17,0,,,,,,,
16786568,"xmm2l,eax,=",False,16786480,16786748,4,"movd eax, xmm2","movd eax, xmm2",660f7ed0,sse,mov,False,9,0,,,,,,,
16786572,"eax,0x1c,rbp,-,=[4]",True,16786480,16786749,3,"mov dword [rbp - 0x1c], eax","mov dword [var_24h], eax",8945e4,cpu,mov,False,268435465,0,,,,,,,
16786575,,False,16786480,16786748,4,"paddd xmm0, xmm1","paddd xmm0, xmm1",660ffec1,sse,add,False,17,0,,,,,,,
16786579,,False,16786480,16786747,5,"pshufd xmm1, xmm0, 0xee","pshufd xmm1, xmm0, 0xee",660f70c8ee,sse,null,False,0,0,,,,,,,
16786584,,False,16786480,16786748,4,"paddd xmm0, xmm1","paddd xmm0, xmm1",660ffec1,sse,add,False,17,0,,,,,,,
16786588,,False,16786480,16786747,5,"pshufd xmm1, xmm0, 0x55","pshufd xmm1, xmm0, 0x55",660f70c855,sse,null,False,0,0,,,,,,,
16786593,,False,16786480,16786748,4,"paddd xmm0, xmm1","paddd xmm0, xmm1",660ffec1,sse,add,False,17,0,,,,,,,
16786597,"xmm0l,ecx,=",False,16786480,16786748,4,"movd ecx, xmm0","movd ecx, xmm0",660f7ec1,sse,mov,False,9,0,,,,,,,
16786601,"301,eax,-=,301,0x80000000,-,!,31,$o,^,of,:=,31,$s,sf,:=,$z,zf,:=,$p,pf,:=,32,$b,cf,:=,3,$b,af,:=",False,16786480,16786747,5,"sub eax, 0x12d","sub eax, 0x12d",2d2d010000,cpu,sub,False,18,0,,,,,301.0,301.0,
16786606,"sf,of,^,!,al,=",False,16786480,16786749,3,setge al,setge al,0f9dc0,cpu,cmov,False,2147483657,0,,,,,,,
16786609,"5,ecx,-=,5,0x80000000,-,!,31,$o,^,of,:=,31,$s,sf,:=,$z,zf,:=,$p,pf,:=,32,$b,cf,:=,3,$b,af,:=",False,16786480,16786749,3,"sub ecx, 5","sub ecx, 5",83e905,cpu,sub,False,18,0,,,,,,5.0,
16786612,"cf,!,cl,=",False,16786480,16786749,3,setae cl,setae cl,0f93c1,cpu,cmov,False,2147483657,0,,,,,,,
16786615,"cl,al,&=,$z,zf,:=,$p,pf,:=,7,$s,sf,:=,0,cf,:=,0,of,:=",False,16786480,16786750,2,"and al, cl","and al, cl",20c8,cpu,and,False,27,0,,,,,,,
16786617,"0,1,al,&,==,$z,zf,:=,$p,pf,:=,7,$s,sf,:=,0,cf,:=,0,of,:=",False,16786480,16786750,2,"test al, 1","test al, 1",a801,cpu,acmp,False,16,0,,,,,1.0,1.0,
16786619,"zf,!,?{,16786625,rip,=,}",False,16786480,16786750,2,jne 0x10024c1,jne 0x10024c1,7504,cpu,cjmp,False,2147483649,0,,,16786625.0,,,,16786621.0
16786621,"0x10024d2,rip,=",False,16786480,16786750,2,jmp 0x10024d2,jmp 0x10024d2,eb13,cpu,jmp,False,1,0,,,16786642.0,"[{'addr': 16786642, 'type': 'CODE'}]",,,
16786623,"rsp,[8],8,rsp,+=,rbp,=",False,16786480,16786751,1,pop rbp,pop rbp,5d,cpu,pop,False,14,0,,,,,,,
16786624,"rsp,[8],rip,=,8,rsp,+=",False,16786480,16786751,1,ret,ret,c3,cpu,ret,False,5,0,,,,,,,
16786625,"0x10,rbp,-,[8],rax,=",True,16786480,16786748,4,"mov rax, qword [rbp - 0x10]","mov rax, qword [var_18h]",488b45f0,cpu,mov,False,9,0,,,,,,,
16786629,"0x28,rbp,-,[8],rcx,=",True,16786480,16786748,4,"mov rcx, qword [rbp - 0x28]","mov rcx, qword [var_30h]",488b4dd8,cpu,mov,False,9,0,,,,,,,
16786633,"1,rcx,4,*,rax,+,=[4]",True,16786480,16786745,7,"mov dword [rax + rcx*4], 1","mov dword [rax + rcx*4], 1",c7048801000000,cpu,mov,False,9,0,,,,,,1.0,
16786640,"0x1002521,rip,=",False,16786480,16786750,2,jmp 0x1002521,jmp 0x1002521,eb4f,cpu,jmp,False,1,0,,,16786721.0,"[{'addr': 16786721, 'type': 'CODE'}]",,,
16786642,"0x10,rbp,-,[8],rcx,=",True,16786480,16786748,4,"mov rcx, qword [rbp - 0x10]","mov rcx, qword [var_18h]",488b4df0,cpu,mov,False,9,0,,"[{'addr': 16786621, 'type': 'CODE'}]",,,,,
16786646,"0x1c,rbp,-,[4],rax,=",True,16786480,16786749,3,"mov eax, dword [rbp - 0x1c]","mov eax, dword [var_24h]",8b45e4,cpu,mov,False,9,0,,,,,,,
16786649,"7,rsi,=",False,16786480,16786747,5,"mov esi, 7","mov esi, 7",be07000000,cpu,mov,False,9,0,,,,,,7.0,
16786654,"0,edx,=,31,eax,>>,?{,0xffffffff,edx,=,}",False,16786480,16786751,1,cdq,cdq,99,cpu,null,False,0,0,,,,,,,
16786655,"32,esi,~,32,edx,<<,eax,+,~%,32,esi,~,32,edx,<<,eax,+,~/,eax,=,edx,=",False,16786480,16786750,2,idiv esi,idiv esi,f7fe,cpu,div,False,21,0,,,,,,,
16786657,"edx,rsi,=",False,16786480,16786750,2,"mov esi, edx","mov esi, edx",89d6,cpu,mov,False,9,0,,,,,,,
16786659,"0x28,rbp,-,[8],rdx,=",True,16786480,16786748,4,"mov rdx, qword [rbp - 0x28]","mov rdx, qword [var_30h]",488b55d8,cpu,mov,False,9,0,,,,,,,
16786663,"esi,rdi,=",False,16786480,16786750,2,"mov edi, esi","mov edi, esi",89f7,cpu,mov,False,9,0,,,,,,,
16786665,"4294967295,rdi,^,0xffffffff,&,rdi,=,$z,zf,:=,$p,pf,:=,31,$s,sf,:=,0,cf,:=,0,of,:=",False,16786480,16786749,3,"xor edi, 0xffffffff","xor edi, 0xffffffff",83f7ff,cpu,xor,False,28,0,,,,,4294967295.0,4294967295.0,
16786668,"esi,rax,=",False,16786480,16786750,2,"mov eax, esi","mov eax, esi",89f0,cpu,mov,False,9,0,,,,,,,
16786670,"edi,rax,^,0xffffffff,&,rax,=,$z,zf,:=,$p,pf,:=,31,$s,sf,:=,0,cf,:=,0,of,:=",False,16786480,16786750,2,"xor eax, edi","xor eax, edi",31f8,cpu,xor,False,28,0,,,,,,,
16786672,"4294967295,rax,^,0xffffffff,&,rax,=,$z,zf,:=,$p,pf,:=,31,$s,sf,:=,0,cf,:=,0,of,:=",False,16786480,16786749,3,"xor eax, 0xffffffff","xor eax, 0xffffffff",83f0ff,cpu,xor,False,28,0,,,,,4294967295.0,4294967295.0,
16786675,"76,rax,^,0xffffffff,&,rax,=,$z,zf,:=,$p,pf,:=,31,$s,sf,:=,0,cf,:=,0,of,:=",False,16786480,16786749,3,"xor eax, 0x4c","xor eax, 0x4c",83f04c,cpu,xor,False,28,0,,,,,76.0,76.0,
16786678,"40,rax,^,0xffffffff,&,rax,=,$z,zf,:=,$p,pf,:=,31,$s,sf,:=,0,cf,:=,0,of,:=",False,16786480,16786749,3,"xor eax, 0x28","xor eax, 0x28",83f028,cpu,xor,False,28,0,,,,,40.0,40.0,
16786681,"esi,rax,^,0xffffffff,&,rax,=,$z,zf,:=,$p,pf,:=,31,$s,sf,:=,0,cf,:=,0,of,:=",False,16786480,16786750,2,"xor eax, esi","xor eax, esi",31f0,cpu,xor,False,28,0,,,,,,,
16786683,"0,2,!,!,?{,1,2,-,rdx,<<,0x8000000000000000,&,!,!,^,},2,rdx,<<=,$z,zf,:=,$p,pf,:=,63,$s,sf,:=,cf,=",False,16786480,16786748,4,"shl rdx, 2","shl rdx, 2",48c1e202,cpu,shl,False,23,0,,,,,,,
16786687,"rdx,rcx,+=,63,$o,of,:=,63,$s,sf,:=,$z,zf,:=,63,$c,cf,:=,$p,pf,:=,3,$c,af,:=",False,16786480,16786749,3,"add rcx, rdx","add rcx, rdx",4801d1,cpu,add,False,17,0,,,,,,,
16786690,"rcx,0x30,rbp,-,=[8]",True,16786480,16786748,4,"mov qword [rbp - 0x30], rcx","mov qword [var_38h], rcx",48894dd0,cpu,mov,False,268435465,0,,,,,,,
16786694,"100,eax,==,$z,zf,:=,32,$b,cf,:=,$p,pf,:=,31,$s,sf,:=,100,0x80000000,-,!,31,$o,^,of,:=,3,$b,af,:=",False,16786480,16786749,3,"cmp eax, 0x64","cmp eax, 0x64",83f864,cpu,cmp,False,15,0,,,,,100.0,100.0,
16786697,"zf,!,?{,16786711,rip,=,}",False,16786480,16786750,2,jne 0x1002517,jne 0x1002517,750c,cpu,cjmp,False,2147483649,0,,,16786711.0,,,,16786699.0
16786699,"0x30,rbp,-,[8],rax,=",True,16786480,16786748,4,"mov rax, qword [rbp - 0x30]","mov rax, qword [var_38h]",488b45d0,cpu,mov,False,9,0,,,,,,,
16786703,"2,rax,=[4]",True,16786480,16786746,6,"mov dword [rax], 2","mov dword [rax], 2",c70002000000,cpu,mov,False,9,0,,,,,,2.0,
16786709,"0x1002521,rip,=",False,16786480,16786750,2,jmp 0x1002521,jmp 0x1002521,eb0a,cpu,jmp,False,1,0,,,16786721.0,"[{'addr': 16786721, 'type': 'CODE'}]",,,
16786711,"0x30,rbp,-,[8],rax,=",True,16786480,16786748,4,"mov rax, qword [rbp - 0x30]","mov rax, qword [var_38h]",488b45d0,cpu,mov,False,9,0,,,,,,,
16786715,"0,rax,=[4]",True,16786480,16786746,6,"mov dword [rax], 0","mov dword [rax], 0",c70000000000,cpu,mov,False,9,0,,,,,,0.0,
16786721,"0x28,rbp,-,[8],rax,=",True,16786480,16786748,4,"mov rax, qword [rbp - 0x28]","mov rax, qword [var_30h]",488b45d8,cpu,mov,False,9,0,,"[{'addr': 16786640, 'type': 'CODE'}, {'addr': 16786709, 'type': 'CODE'}]",,,,,
16786725,"18446744073709551615,rax,^=,$z,zf,:=,$p,pf,:=,63,$s,sf,:=,0,cf,:=,0,of,:=",False,16786480,16786748,4,"xor rax, 0xffffffffffffffff","xor rax, 0xffffffffffffffff",4883f0ff,cpu,xor,False,28,0,,,,,,,
16786729,"18446744073709551615,rax,^=,$z,zf,:=,$p,pf,:=,63,$s,sf,:=,0,cf,:=,0,of,:=",False,16786480,16786748,4,"xor rax, 0xffffffffffffffff","xor rax, 0xffffffffffffffff",4883f0ff,cpu,xor,False,28,0,,,,,,,
16786733,"1,rax,+=,63,$o,of,:=,63,$s,sf,:=,$z,zf,:=,63,$c,cf,:=,$p,pf,:=,3,$c,af,:=",False,16786480,16786748,4,"add rax, 1","add rax, 1",4883c001,cpu,add,False,17,0,,,,,,1.0,
16786737,"8,rax,==,$z,zf,:=,64,$b,cf,:=,$p,pf,:=,63,$s,sf,:=,8,0x8000000000000000,-,!,63,$o,^,of,:=,3,$b,af,:=",False,16786480,16786748,4,"cmp rax, 8","cmp rax, 8",4883f808,cpu,cmp,False,15,0,,,,,8.0,8.0,
16786741,"rax,0x8,rbp,-,=[8]",True,16786480,16786748,4,"mov qword [rbp - 8], rax","mov qword [var_10h], rax",488945f8,cpu,mov,False,268435465,0,,,,,,,
16786745,"zf,?{,16786623,rip,=,}",False,16786480,16786750,2,je 0x10024bf,je 0x10024bf,7484,cpu,cjmp,False,2147483649,0,,,16786623.0,,,,16786747.0
16786747,"0x1002444,rip,=",False,16786480,16786747,5,jmp 0x1002444,jmp 0x1002444,e904ffffff,cpu,jmp,False,1,0,,,16786500.0,"[{'addr': 16786500, 'type': 'CODE'}]",,,
