offset,esil,refptr,fcn_addr,fcn_last,size,opcode,disasm,bytes,family,type,reloc,type_num,type2_num,flags,xrefs_to,val,jump,fail,ptr,xrefs_from,comment
16787648,"rbp,8,rsp,-,=[8],8,rsp,-=",False,16787648,16787956,1,push rbp,push rbp,55,cpu,rpush,False,268435468,0,['sym.compute_fibonacci'],"[{'addr': 16786091, 'type': 'CALL'}, {'addr': 16786311, 'type': 'CALL'}, {'addr': 16787762, 'type': 'CALL'}, {'addr': 16787901, 'type': 'CALL'}]",,,,,,
16787649,"rsp,rbp,=",False,16787648,16787954,3,"mov rbp, rsp","mov rbp, rsp",4889e5,cpu,mov,False,9,0,,,,,,,,
16787652,"48,rsp,-=,48,0x8000000000000000,-,!,63,$o,^,of,:=,63,$s,sf,:=,$z,zf,:=,$p,pf,:=,64,$b,cf,:=,3,$b,af,:=",False,16787648,16787953,4,"sub rsp, 0x30","sub rsp, 0x30",4883ec30,cpu,sub,False,18,0,,,48.0,,,,,
16787656,"edi,0x18,rbp,-,=[4]",True,16787648,16787954,3,"mov dword [rbp - 0x18], edi","mov dword [var_20h], edi",897de8,cpu,mov,False,268435465,0,,,,,,,,
16787659,"0,0x14,rbp,-,=[4]",True,16787648,16787950,7,"mov dword [rbp - 0x14], 0","mov dword [var_1ch], 0",c745ec00000000,cpu,mov,False,268435465,0,,,0.0,,,,,
16787666,"0x14,rbp,-,[4],rax,=",True,16787648,16787954,3,"mov eax, dword [rbp - 0x14]","mov eax, dword [var_1ch]",8b45ec,cpu,mov,False,9,0,,"[{'addr': 16787701, 'type': 'CODE'}]",,,,,,
16787669,"rax,0x20,rbp,-,=[8]",True,16787648,16787953,4,"mov qword [rbp - 0x20], rax","mov qword [var_28h], rax",488945e0,cpu,mov,False,268435465,0,,,,,,,,
16787673,"5,rax,-=,5,0x8000000000000000,-,!,63,$o,^,of,:=,63,$s,sf,:=,$z,zf,:=,$p,pf,:=,64,$b,cf,:=,3,$b,af,:=",False,16787648,16787953,4,"sub rax, 5","sub rax, 5",4883e805,cpu,sub,False,18,0,,,5.0,,,,,
16787677,"cf,zf,|,!,?{,16787699,rip,=,}",False,16787648,16787955,2,ja 0x10028f3,ja 0x10028f3,7714,cpu,cjmp,False,2147483649,0,,,,16787699.0,16787679.0,,,
16787679,"0x20,rbp,-,[8],rax,=",True,16787648,16787953,4,"mov rax, qword [rbp - 0x20]","mov rax, qword [var_28h]",488b45e0,cpu,mov,False,9,0,,,,,,,,
16787683,"0x23b2,rip,-,rcx,=",True,16787648,16787950,7,"lea rcx, [rip - 0x23b2]","lea rcx, data.01000538",488d0d4edcffff,cpu,lea,False,33,0,,,,,,16778552.0,"[{'addr': 16778552, 'type': 'DATA'}]",
16787690,"32,rax,4,*,rcx,+,[4],~,rax,=",True,16787648,16787953,4,"movsxd rax, dword [rcx + rax*4]","movsxd rax, dword [rcx + rax*4]",48630481,cpu,mov,False,9,0,,,,,,,,
16787694,"rcx,rax,+=,63,$o,of,:=,63,$s,sf,:=,$z,zf,:=,63,$c,cf,:=,$p,pf,:=,3,$c,af,:=",False,16787648,16787954,3,"add rax, rcx","add rax, rcx",4801c8,cpu,add,False,17,0,,,,,,,,
16787697,"rax,rip,=",False,16787648,16787955,2,jmp rax,jmp rax,ffe0,cpu,rjmp,False,268435458,0,['switch.0x010028f1'],,,,,,"[{'addr': 16787703, 'type': 'CODE'}, {'addr': 16787747, 'type': 'CODE'}, {'addr': 16787815, 'type': 'CODE'}, {'addr': 16787827, 'type': 'CODE'}, {'addr': 16787874, 'type': 'CODE'}, {'addr': 16787886, 'type': 'CODE'}]",c3dpdGNoIHRhYmxlICg2IGNhc2VzKSBhdCAweDEwMDA1Mzg=
16787699,"0x10028f5,rip,=",False,16787648,16787955,2,jmp 0x10028f5,jmp 0x10028f5,eb00,cpu,jmp,False,1,0,,,,16787701.0,,,"[{'addr': 16787701, 'type': 'CODE'}]",
16787701,"0x10028d2,rip,=",False,16787648,16787955,2,jmp 0x10028d2,jmp 0x10028d2,ebdb,cpu,jmp,False,1,0,,"[{'addr': 16787699, 'type': 'CODE'}, {'addr': 16787745, 'type': 'CODE'}, {'addr': 16787813, 'type': 'CODE'}, {'addr': 16787869, 'type': 'CODE'}, {'addr': 16787952, 'type': 'CODE'}]",,16787666.0,,,"[{'addr': 16787666, 'type': 'CODE'}]",
16787703,"0x18,rbp,-,[4],rax,=",True,16787648,16787954,3,"mov eax, dword [rbp - 0x18]","mov eax, dword [var_20h]",8b45e8,cpu,mov,False,9,0,['case.0x10028f1.0'],"[{'addr': 16787697, 'type': 'CODE'}]",,,,,,
16787706,"1,rcx,=",False,16787648,16787952,5,"mov ecx, 1","mov ecx, 1",b901000000,cpu,mov,False,9,0,,,1.0,,,,,
16787711,"2,rdx,=",False,16787648,16787952,5,"mov edx, 2","mov edx, 2",ba02000000,cpu,mov,False,9,0,,,2.0,,,,,
16787716,"2,eax,==,$z,zf,:=,32,$b,cf,:=,$p,pf,:=,31,$s,sf,:=,2,0x80000000,-,!,31,$o,^,of,:=,3,$b,af,:=",False,16787648,16787954,3,"cmp eax, 2","cmp eax, 2",83f802,cpu,cmp,False,15,0,,,2.0,,,2.0,,
16787719,"sf,of,^,?{,edx,ecx,=,}",False,16787648,16787954,3,"cmovl ecx, edx","cmovl ecx, edx",0f4cca,cpu,cmov,False,2147483657,0,,,,,,,,
16787722,"ecx,0x14,rbp,-,=[4]",True,16787648,16787954,3,"mov dword [rbp - 0x14], ecx","mov dword [var_1ch], ecx",894dec,cpu,mov,False,268435465,0,,,,,,,,
16787725,"eax,0x10,rbp,-,=[4]",True,16787648,16787954,3,"mov dword [rbp - 0x10], eax","mov dword [var_18h], eax",8945f0,cpu,mov,False,268435465,0,,,,,,,,
16787728,"0,0xc,rbp,-,=[4]",True,16787648,16787950,7,"mov dword [rbp - 0xc], 0","mov dword [var_14h], 0",c745f400000000,cpu,mov,False,268435465,0,,,0.0,,,,,
16787735,"0,0x8,rbp,-,=[4]",True,16787648,16787950,7,"mov dword [rbp - 8], 0","mov dword [var_10h], 0",c745f800000000,cpu,mov,False,268435465,0,,,0.0,,,,,
16787742,"eax,0x4,rbp,-,=[4]",True,16787648,16787954,3,"mov dword [rbp - 4], eax","mov dword [var_ch], eax",8945fc,cpu,mov,False,268435465,0,,,,,,,,
16787745,"0x10028f5,rip,=",False,16787648,16787955,2,jmp 0x10028f5,jmp 0x10028f5,ebd2,cpu,jmp,False,1,0,,,,16787701.0,,,"[{'addr': 16787701, 'type': 'CODE'}]",
16787747,"0xc,rbp,-,[4],rax,=",True,16787648,16787954,3,"mov eax, dword [rbp - 0xc]","mov eax, dword [var_14h]",8b45f4,cpu,mov,False,9,0,['case.0x10028f1.1'],"[{'addr': 16787697, 'type': 'CODE'}]",,,,,,
16787750,"eax,0x28,rbp,-,=[4]",True,16787648,16787954,3,"mov dword [rbp - 0x28], eax","mov dword [var_30h], eax",8945d8,cpu,mov,False,268435465,0,,,,,,,,
16787753,"0x10,rbp,-,[4],rdi,=",True,16787648,16787954,3,"mov edi, dword [rbp - 0x10]","mov edi, dword [var_18h]",8b7df0,cpu,mov,False,9,0,,,,,,,,
16787756,"edi,0x24,rbp,-,=[4]",True,16787648,16787954,3,"mov dword [rbp - 0x24], edi","mov dword [var_2ch], edi",897ddc,cpu,mov,False,268435465,0,,,,,,,,
16787759,"18446744073709551615,edi,+=,31,$o,of,:=,31,$s,sf,:=,$z,zf,:=,31,$c,cf,:=,$p,pf,:=,3,$c,af,:=",False,16787648,16787954,3,"add edi, 0xffffffff","add edi, 0xffffffff",83c7ff,cpu,add,False,17,0,,,,,,,,
16787762,"16787648,rip,8,rsp,-=,rsp,=[],rip,=",False,16787648,16787952,5,call 0x10028c0,call sym.compute_fibonacci,e889ffffff,cpu,call,False,3,0,,,,16787648.0,16787767.0,,"[{'addr': 16787648, 'type': 'CALL'}]",
16787767,"0x28,rbp,-,[4],rdx,=",True,16787648,16787954,3,"mov edx, dword [rbp - 0x28]","mov edx, dword [var_30h]",8b55d8,cpu,mov,False,9,0,,,,,,,,
16787770,"0x24,rbp,-,[4],rdi,=",True,16787648,16787954,3,"mov edi, dword [rbp - 0x24]","mov edi, dword [var_2ch]",8b7ddc,cpu,mov,False,9,0,,,,,,,,
16787773,"eax,rcx,=",False,16787648,16787955,2,"mov ecx, eax","mov ecx, eax",89c1,cpu,mov,False,9,0,,,,,,,,
16787775,"edi,rax,=",False,16787648,16787955,2,"mov eax, edi","mov eax, edi",89f8,cpu,mov,False,9,0,,,,,,,,
16787777,"18446744073709551614,eax,+=,31,$o,of,:=,31,$s,sf,:=,$z,zf,:=,31,$c,cf,:=,$p,pf,:=,3,$c,af,:=",False,16787648,16787954,3,"add eax, 0xfffffffe","add eax, 0xfffffffe",83c0fe,cpu,add,False,17,0,,,1.8446744073709552e+19,,,,,
16787780,"edx,ecx,+=,31,$o,of,:=,31,$s,sf,:=,$z,zf,:=,31,$c,cf,:=,$p,pf,:=,3,$c,af,:=",False,16787648,16787955,2,"add ecx, edx","add ecx, edx",01d1,cpu,add,False,17,0,,,,,,,,
16787782,"1,rdx,=",False,16787648,16787952,5,"mov edx, 1","mov edx, 1",ba01000000,cpu,mov,False,9,0,,,1.0,,,,,
16787787,"2,rsi,=",False,16787648,16787952,5,"mov esi, 2","mov esi, 2",be02000000,cpu,mov,False,9,0,,,2.0,,,,,
16787792,"4,edi,==,$z,zf,:=,32,$b,cf,:=,$p,pf,:=,31,$s,sf,:=,4,0x80000000,-,!,31,$o,^,of,:=,3,$b,af,:=",False,16787648,16787954,3,"cmp edi, 4","cmp edi, 4",83ff04,cpu,cmp,False,15,0,,,4.0,,,4.0,,
16787795,"cf,?{,esi,edx,=,}",False,16787648,16787954,3,"cmovb edx, esi","cmovb edx, esi",0f42d6,cpu,cmov,False,2147483657,0,,,,,,,,
16787798,"edx,0x14,rbp,-,=[4]",True,16787648,16787954,3,"mov dword [rbp - 0x14], edx","mov dword [var_1ch], edx",8955ec,cpu,mov,False,268435465,0,,,,,,,,
16787801,"eax,0x10,rbp,-,=[4]",True,16787648,16787954,3,"mov dword [rbp - 0x10], eax","mov dword [var_18h], eax",8945f0,cpu,mov,False,268435465,0,,,,,,,,
16787804,"ecx,0xc,rbp,-,=[4]",True,16787648,16787954,3,"mov dword [rbp - 0xc], ecx","mov dword [var_14h], ecx",894df4,cpu,mov,False,268435465,0,,,,,,,,
16787807,"ecx,0x8,rbp,-,=[4]",True,16787648,16787954,3,"mov dword [rbp - 8], ecx","mov dword [var_10h], ecx",894df8,cpu,mov,False,268435465,0,,,,,,,,
16787810,"eax,0x4,rbp,-,=[4]",True,16787648,16787954,3,"mov dword [rbp - 4], eax","mov dword [var_ch], eax",8945fc,cpu,mov,False,268435465,0,,,,,,,,
16787813,"0x10028f5,rip,=",False,16787648,16787955,2,jmp 0x10028f5,jmp 0x10028f5,eb8e,cpu,jmp,False,1,0,,,,16787701.0,,,"[{'addr': 16787701, 'type': 'CODE'}]",
16787815,"0x4,rbp,-,[4],rax,=",True,16787648,16787954,3,"mov eax, dword [rbp - 4]","mov eax, dword [var_ch]",8b45fc,cpu,mov,False,9,0,['case.0x10028f1.2'],"[{'addr': 16787697, 'type': 'CODE'}]",,,,,,
16787818,"0x8,rbp,-,[4],eax,+=,31,$o,of,:=,31,$s,sf,:=,$z,zf,:=,31,$c,cf,:=,$p,pf,:=,3,$c,af,:=",True,16787648,16787954,3,"add eax, dword [rbp - 8]","add eax, dword [var_10h]",0345f8,cpu,add,False,17,0,,,,,,,,
16787821,"48,rsp,+=,63,$o,of,:=,63,$s,sf,:=,$z,zf,:=,63,$c,cf,:=,$p,pf,:=,3,$c,af,:=",False,16787648,16787953,4,"add rsp, 0x30","add rsp, 0x30",4883c430,cpu,add,False,17,0,,,48.0,,,,,
16787825,"rsp,[8],8,rsp,+=,rbp,=",False,16787648,16787956,1,pop rbp,pop rbp,5d,cpu,pop,False,14,0,,,,,,,,
16787826,"rsp,[8],rip,=,8,rsp,+=",False,16787648,16787956,1,ret,ret,c3,cpu,ret,False,5,0,,,,,,,,
16787827,"0x18,rbp,-,[4],rax,=",True,16787648,16787954,3,"mov eax, dword [rbp - 0x18]","mov eax, dword [var_20h]",8b45e8,cpu,mov,False,9,0,['case.0x10028f1.3'],"[{'addr': 16787697, 'type': 'CODE'}]",,,,,,
16787830,"1,rcx,=",False,16787648,16787952,5,"mov ecx, 1","mov ecx, 1",b901000000,cpu,mov,False,9,0,,,1.0,,,,,
16787835,"2,rdx,=",False,16787648,16787952,5,"mov edx, 2","mov edx, 2",ba02000000,cpu,mov,False,9,0,,,2.0,,,,,
16787840,"2,eax,==,$z,zf,:=,32,$b,cf,:=,$p,pf,:=,31,$s,sf,:=,2,0x80000000,-,!,31,$o,^,of,:=,3,$b,af,:=",False,16787648,16787954,3,"cmp eax, 2","cmp eax, 2",83f802,cpu,cmp,False,15,0,,,2.0,,,2.0,,
16787843,"sf,of,^,?{,edx,ecx,=,}",False,16787648,16787954,3,"cmovl ecx, edx","cmovl ecx, edx",0f4cca,cpu,cmov,False,2147483657,0,,,,,,,,
16787846,"ecx,0x14,rbp,-,=[4]",True,16787648,16787954,3,"mov dword [rbp - 0x14], ecx","mov dword [var_1ch], ecx",894dec,cpu,mov,False,268435465,0,,,,,,,,
16787849,"eax,0x10,rbp,-,=[4]",True,16787648,16787954,3,"mov dword [rbp - 0x10], eax","mov dword [var_18h], eax",8945f0,cpu,mov,False,268435465,0,,,,,,,,
16787852,"0,0xc,rbp,-,=[4]",True,16787648,16787950,7,"mov dword [rbp - 0xc], 0","mov dword [var_14h], 0",c745f400000000,cpu,mov,False,268435465,0,,,0.0,,,,,
16787859,"0,0x8,rbp,-,=[4]",True,16787648,16787950,7,"mov dword [rbp - 8], 0","mov dword [var_10h], 0",c745f800000000,cpu,mov,False,268435465,0,,,0.0,,,,,
16787866,"eax,0x4,rbp,-,=[4]",True,16787648,16787954,3,"mov dword [rbp - 4], eax","mov dword [var_ch], eax",8945fc,cpu,mov,False,268435465,0,,,,,,,,
16787869,"0x10028f5,rip,=",False,16787648,16787952,5,jmp 0x10028f5,jmp 0x10028f5,e953ffffff,cpu,jmp,False,1,0,,,,16787701.0,,,"[{'addr': 16787701, 'type': 'CODE'}]",
16787874,"0x4,rbp,-,[4],rax,=",True,16787648,16787954,3,"mov eax, dword [rbp - 4]","mov eax, dword [var_ch]",8b45fc,cpu,mov,False,9,0,['case.0x10028f1.4'],"[{'addr': 16787697, 'type': 'CODE'}]",,,,,,
16787877,"0x8,rbp,-,[4],eax,+=,31,$o,of,:=,31,$s,sf,:=,$z,zf,:=,31,$c,cf,:=,$p,pf,:=,3,$c,af,:=",True,16787648,16787954,3,"add eax, dword [rbp - 8]","add eax, dword [var_10h]",0345f8,cpu,add,False,17,0,,,,,,,,
16787880,"48,rsp,+=,63,$o,of,:=,63,$s,sf,:=,$z,zf,:=,63,$c,cf,:=,$p,pf,:=,3,$c,af,:=",False,16787648,16787953,4,"add rsp, 0x30","add rsp, 0x30",4883c430,cpu,add,False,17,0,,,48.0,,,,,
16787884,"rsp,[8],8,rsp,+=,rbp,=",False,16787648,16787956,1,pop rbp,pop rbp,5d,cpu,pop,False,14,0,,,,,,,,
16787885,"rsp,[8],rip,=,8,rsp,+=",False,16787648,16787956,1,ret,ret,c3,cpu,ret,False,5,0,,,,,,,,
16787886,"0xc,rbp,-,[4],rax,=",True,16787648,16787954,3,"mov eax, dword [rbp - 0xc]","mov eax, dword [var_14h]",8b45f4,cpu,mov,False,9,0,['case.0x10028f1.5'],"[{'addr': 16787697, 'type': 'CODE'}]",,,,,,
16787889,"eax,0x30,rbp,-,=[4]",True,16787648,16787954,3,"mov dword [rbp - 0x30], eax","mov dword [var_38h], eax",8945d0,cpu,mov,False,268435465,0,,,,,,,,
16787892,"0x10,rbp,-,[4],rdi,=",True,16787648,16787954,3,"mov edi, dword [rbp - 0x10]","mov edi, dword [var_18h]",8b7df0,cpu,mov,False,9,0,,,,,,,,
16787895,"edi,0x2c,rbp,-,=[4]",True,16787648,16787954,3,"mov dword [rbp - 0x2c], edi","mov dword [var_34h], edi",897dd4,cpu,mov,False,268435465,0,,,,,,,,
16787898,"18446744073709551615,edi,+=,31,$o,of,:=,31,$s,sf,:=,$z,zf,:=,31,$c,cf,:=,$p,pf,:=,3,$c,af,:=",False,16787648,16787954,3,"add edi, 0xffffffff","add edi, 0xffffffff",83c7ff,cpu,add,False,17,0,,,,,,,,
16787901,"16787648,rip,8,rsp,-=,rsp,=[],rip,=",False,16787648,16787952,5,call 0x10028c0,call sym.compute_fibonacci,e8fefeffff,cpu,call,False,3,0,,,,16787648.0,16787906.0,,"[{'addr': 16787648, 'type': 'CALL'}]",
16787906,"0x30,rbp,-,[4],rdx,=",True,16787648,16787954,3,"mov edx, dword [rbp - 0x30]","mov edx, dword [var_38h]",8b55d0,cpu,mov,False,9,0,,,,,,,,
16787909,"0x2c,rbp,-,[4],rdi,=",True,16787648,16787954,3,"mov edi, dword [rbp - 0x2c]","mov edi, dword [var_34h]",8b7dd4,cpu,mov,False,9,0,,,,,,,,
16787912,"eax,rcx,=",False,16787648,16787955,2,"mov ecx, eax","mov ecx, eax",89c1,cpu,mov,False,9,0,,,,,,,,
16787914,"edi,rax,=",False,16787648,16787955,2,"mov eax, edi","mov eax, edi",89f8,cpu,mov,False,9,0,,,,,,,,
16787916,"18446744073709551614,eax,+=,31,$o,of,:=,31,$s,sf,:=,$z,zf,:=,31,$c,cf,:=,$p,pf,:=,3,$c,af,:=",False,16787648,16787954,3,"add eax, 0xfffffffe","add eax, 0xfffffffe",83c0fe,cpu,add,False,17,0,,,1.8446744073709552e+19,,,,,
16787919,"edx,ecx,+=,31,$o,of,:=,31,$s,sf,:=,$z,zf,:=,31,$c,cf,:=,$p,pf,:=,3,$c,af,:=",False,16787648,16787955,2,"add ecx, edx","add ecx, edx",01d1,cpu,add,False,17,0,,,,,,,,
16787921,"1,rdx,=",False,16787648,16787952,5,"mov edx, 1","mov edx, 1",ba01000000,cpu,mov,False,9,0,,,1.0,,,,,
16787926,"2,rsi,=",False,16787648,16787952,5,"mov esi, 2","mov esi, 2",be02000000,cpu,mov,False,9,0,,,2.0,,,,,
16787931,"4,edi,==,$z,zf,:=,32,$b,cf,:=,$p,pf,:=,31,$s,sf,:=,4,0x80000000,-,!,31,$o,^,of,:=,3,$b,af,:=",False,16787648,16787954,3,"cmp edi, 4","cmp edi, 4",83ff04,cpu,cmp,False,15,0,,,4.0,,,4.0,,
16787934,"cf,?{,esi,edx,=,}",False,16787648,16787954,3,"cmovb edx, esi","cmovb edx, esi",0f42d6,cpu,cmov,False,2147483657,0,,,,,,,,
16787937,"edx,0x14,rbp,-,=[4]",True,16787648,16787954,3,"mov dword [rbp - 0x14], edx","mov dword [var_1ch], edx",8955ec,cpu,mov,False,268435465,0,,,,,,,,
16787940,"eax,0x10,rbp,-,=[4]",True,16787648,16787954,3,"mov dword [rbp - 0x10], eax","mov dword [var_18h], eax",8945f0,cpu,mov,False,268435465,0,,,,,,,,
16787943,"ecx,0xc,rbp,-,=[4]",True,16787648,16787954,3,"mov dword [rbp - 0xc], ecx","mov dword [var_14h], ecx",894df4,cpu,mov,False,268435465,0,,,,,,,,
16787946,"ecx,0x8,rbp,-,=[4]",True,16787648,16787954,3,"mov dword [rbp - 8], ecx","mov dword [var_10h], ecx",894df8,cpu,mov,False,268435465,0,,,,,,,,
16787949,"eax,0x4,rbp,-,=[4]",True,16787648,16787954,3,"mov dword [rbp - 4], eax","mov dword [var_ch], eax",8945fc,cpu,mov,False,268435465,0,,,,,,,,
16787952,"0x10028f5,rip,=",False,16787648,16787952,5,jmp 0x10028f5,jmp 0x10028f5,e900ffffff,cpu,jmp,False,1,0,,,,16787701.0,,,"[{'addr': 16787701, 'type': 'CODE'}]",
