offset,esil,refptr,fcn_addr,fcn_last,size,opcode,disasm,bytes,family,type,reloc,type_num,type2_num,flags,xrefs_to,val,jump,fail,ptr,xrefs_from,comment
16785056,"rbp,8,rsp,-,=[8],8,rsp,-=",False,16785056,16785348,1,push rbp,push rbp,55,cpu,rpush,False,268435468,0,['sym.validate_input'],"[{'addr': 16784015, 'type': 'CALL'}]",,,,,,
16785057,"rsp,rbp,=",False,16785056,16785346,3,"mov rbp, rsp","mov rbp, rsp",4889e5,cpu,mov,False,9,0,,,,,,,,
16785060,"rdi,0x18,rbp,-,=[8]",True,16785056,16785345,4,"mov qword [rbp - 0x18], rdi","mov qword [var_20h], rdi",48897de8,cpu,mov,False,268435465,0,,,,,,,,
16785064,"rdi,[4],rax,=",True,16785056,16785347,2,"mov eax, dword [rdi]","mov eax, dword [rdi]",8b07,cpu,mov,False,9,0,,,,,,,,
16785066,"eax,0x8,rbp,-,=[4]",True,16785056,16785346,3,"mov dword [rbp - 8], eax","mov dword [var_10h], eax",8945f8,cpu,mov,False,268435465,0,,,,,,,,
16785069,"0,0xc,rbp,-,=[4]",True,16785056,16785342,7,"mov dword [rbp - 0xc], 0","mov dword [var_14h], 0",c745f400000000,cpu,mov,False,268435465,0,,,0.0,,,,,
16785076,"0xc,rbp,-,[4],rax,=",True,16785056,16785346,3,"mov eax, dword [rbp - 0xc]","mov eax, dword [var_14h]",8b45f4,cpu,mov,False,9,0,,"[{'addr': 16785111, 'type': 'CODE'}]",,,,,,
16785079,"rax,0x20,rbp,-,=[8]",True,16785056,16785345,4,"mov qword [rbp - 0x20], rax","mov qword [var_28h], rax",488945e0,cpu,mov,False,268435465,0,,,,,,,,
16785083,"8,rax,-=,8,0x8000000000000000,-,!,63,$o,^,of,:=,63,$s,sf,:=,$z,zf,:=,$p,pf,:=,64,$b,cf,:=,3,$b,af,:=",False,16785056,16785345,4,"sub rax, 8","sub rax, 8",4883e808,cpu,sub,False,18,0,,,8.0,,,,,
16785087,"cf,zf,|,!,?{,16785109,rip,=,}",False,16785056,16785347,2,ja 0x1001ed5,ja 0x1001ed5,7714,cpu,cjmp,False,2147483649,0,,,,16785109.0,16785089.0,,,
16785089,"0x20,rbp,-,[8],rax,=",True,16785056,16785345,4,"mov rax, qword [rbp - 0x20]","mov rax, qword [var_28h]",488b45e0,cpu,mov,False,9,0,,,,,,,,
16785093,"0x1a10,rip,-,rcx,=",True,16785056,16785342,7,"lea rcx, [rip - 0x1a10]","lea rcx, data.010004bc",488d0df0e5ffff,cpu,lea,False,33,0,,,,,,16778428.0,"[{'addr': 16778428, 'type': 'DATA'}]",
16785100,"32,rax,4,*,rcx,+,[4],~,rax,=",True,16785056,16785345,4,"movsxd rax, dword [rcx + rax*4]","movsxd rax, dword [rcx + rax*4]",48630481,cpu,mov,False,9,0,,,,,,,,
16785104,"rcx,rax,+=,63,$o,of,:=,63,$s,sf,:=,$z,zf,:=,63,$c,cf,:=,$p,pf,:=,3,$c,af,:=",False,16785056,16785346,3,"add rax, rcx","add rax, rcx",4801c8,cpu,add,False,17,0,,,,,,,,
16785107,"rax,rip,=",False,16785056,16785347,2,jmp rax,jmp rax,ffe0,cpu,rjmp,False,268435458,0,['switch.0x01001ed3'],,,,,,"[{'addr': 16785113, 'type': 'CODE'}, {'addr': 16785142, 'type': 'CODE'}, {'addr': 16785175, 'type': 'CODE'}, {'addr': 16785208, 'type': 'CODE'}, {'addr': 16785236, 'type': 'CODE'}, {'addr': 16785241, 'type': 'CODE'}, {'addr': 16785246, 'type': 'CODE'}, {'addr': 16785282, 'type': 'CODE'}, {'addr': 16785318, 'type': 'CODE'}]",c3dpdGNoIHRhYmxlICg5IGNhc2VzKSBhdCAweDEwMDA0YmM=
16785109,"0x1001ed7,rip,=",False,16785056,16785347,2,jmp 0x1001ed7,jmp 0x1001ed7,eb00,cpu,jmp,False,1,0,,,,16785111.0,,,"[{'addr': 16785111, 'type': 'CODE'}]",
16785111,"0x1001eb4,rip,=",False,16785056,16785347,2,jmp 0x1001eb4,jmp 0x1001eb4,ebdb,cpu,jmp,False,1,0,,"[{'addr': 16785109, 'type': 'CODE'}, {'addr': 16785140, 'type': 'CODE'}, {'addr': 16785173, 'type': 'CODE'}, {'addr': 16785206, 'type': 'CODE'}, {'addr': 16785234, 'type': 'CODE'}, {'addr': 16785277, 'type': 'CODE'}, {'addr': 16785313, 'type': 'CODE'}, {'addr': 16785344, 'type': 'CODE'}]",,16785076.0,,,"[{'addr': 16785076, 'type': 'CODE'}]",
16785113,"1,rax,=",False,16785056,16785344,5,"mov eax, 1","mov eax, 1",b801000000,cpu,mov,False,9,0,['case.0x1001ed3.0'],"[{'addr': 16785107, 'type': 'CODE'}]",1.0,,,,,
16785118,"4,rcx,=",False,16785056,16785344,5,"mov ecx, 4","mov ecx, 4",b904000000,cpu,mov,False,9,0,,,4.0,,,,,
16785123,"40,0x8,rbp,-,[4],==,$z,zf,:=,32,$b,cf,:=,$p,pf,:=,31,$s,sf,:=,40,0x80000000,-,!,31,$o,^,of,:=,3,$b,af,:=",True,16785056,16785345,4,"cmp dword [rbp - 8], 0x28","cmp dword [var_10h], 0x28",837df828,cpu,cmp,False,268435471,0,,,40.0,,,,,
16785127,"cf,zf,|,!,?{,ecx,eax,=,}",False,16785056,16785346,3,"cmova eax, ecx","cmova eax, ecx",0f47c1,cpu,cmov,False,2147483657,0,,,,,,,,
16785130,"eax,0xc,rbp,-,=[4]",True,16785056,16785346,3,"mov dword [rbp - 0xc], eax","mov dword [var_14h], eax",8945f4,cpu,mov,False,268435465,0,,,,,,,,
16785133,"0,0x4,rbp,-,=[4]",True,16785056,16785342,7,"mov dword [rbp - 4], 0","mov dword [var_ch], 0",c745fc00000000,cpu,mov,False,268435465,0,,,0.0,,,,,
16785140,"0x1001ed7,rip,=",False,16785056,16785347,2,jmp 0x1001ed7,jmp 0x1001ed7,ebe1,cpu,jmp,False,1,0,,,,16785111.0,,,"[{'addr': 16785111, 'type': 'CODE'}]",
16785142,"0x18,rbp,-,[8],rdx,=",True,16785056,16785345,4,"mov rdx, qword [rbp - 0x18]","mov rdx, qword [var_20h]",488b55e8,cpu,mov,False,9,0,['case.0x1001ed3.1'],"[{'addr': 16785107, 'type': 'CODE'}]",,,,,,
16785146,"2,rax,=",False,16785056,16785344,5,"mov eax, 2","mov eax, 2",b802000000,cpu,mov,False,9,0,,,2.0,,,,,
16785151,"4,rcx,=",False,16785056,16785344,5,"mov ecx, 4","mov ecx, 4",b904000000,cpu,mov,False,9,0,,,4.0,,,,,
16785156,"40,0x4,rdx,+,[4],==,$z,zf,:=,32,$b,cf,:=,$p,pf,:=,31,$s,sf,:=,40,0x80000000,-,!,31,$o,^,of,:=,3,$b,af,:=",True,16785056,16785345,4,"cmp dword [rdx + 4], 0x28","cmp dword [rdx + 4], 0x28",837a0428,cpu,cmp,False,15,0,,,40.0,,,,,
16785160,"cf,zf,|,!,?{,ecx,eax,=,}",False,16785056,16785346,3,"cmova eax, ecx","cmova eax, ecx",0f47c1,cpu,cmov,False,2147483657,0,,,,,,,,
16785163,"eax,0xc,rbp,-,=[4]",True,16785056,16785346,3,"mov dword [rbp - 0xc], eax","mov dword [var_14h], eax",8945f4,cpu,mov,False,268435465,0,,,,,,,,
16785166,"0,0x4,rbp,-,=[4]",True,16785056,16785342,7,"mov dword [rbp - 4], 0","mov dword [var_ch], 0",c745fc00000000,cpu,mov,False,268435465,0,,,0.0,,,,,
16785173,"0x1001ed7,rip,=",False,16785056,16785347,2,jmp 0x1001ed7,jmp 0x1001ed7,ebc0,cpu,jmp,False,1,0,,,,16785111.0,,,"[{'addr': 16785111, 'type': 'CODE'}]",
16785175,"0x18,rbp,-,[8],rdx,=",True,16785056,16785345,4,"mov rdx, qword [rbp - 0x18]","mov rdx, qword [var_20h]",488b55e8,cpu,mov,False,9,0,['case.0x1001ed3.2'],"[{'addr': 16785107, 'type': 'CODE'}]",,,,,,
16785179,"3,rax,=",False,16785056,16785344,5,"mov eax, 3","mov eax, 3",b803000000,cpu,mov,False,9,0,,,3.0,,,,,
16785184,"4,rcx,=",False,16785056,16785344,5,"mov ecx, 4","mov ecx, 4",b904000000,cpu,mov,False,9,0,,,4.0,,,,,
16785189,"40,0x8,rdx,+,[4],==,$z,zf,:=,32,$b,cf,:=,$p,pf,:=,31,$s,sf,:=,40,0x80000000,-,!,31,$o,^,of,:=,3,$b,af,:=",True,16785056,16785345,4,"cmp dword [rdx + 8], 0x28","cmp dword [rdx + 8], 0x28",837a0828,cpu,cmp,False,15,0,,,40.0,,,,,
16785193,"cf,zf,|,!,?{,ecx,eax,=,}",False,16785056,16785346,3,"cmova eax, ecx","cmova eax, ecx",0f47c1,cpu,cmov,False,2147483657,0,,,,,,,,
16785196,"eax,0xc,rbp,-,=[4]",True,16785056,16785346,3,"mov dword [rbp - 0xc], eax","mov dword [var_14h], eax",8945f4,cpu,mov,False,268435465,0,,,,,,,,
16785199,"0,0x4,rbp,-,=[4]",True,16785056,16785342,7,"mov dword [rbp - 4], 0","mov dword [var_ch], 0",c745fc00000000,cpu,mov,False,268435465,0,,,0.0,,,,,
16785206,"0x1001ed7,rip,=",False,16785056,16785347,2,jmp 0x1001ed7,jmp 0x1001ed7,eb9f,cpu,jmp,False,1,0,,,,16785111.0,,,"[{'addr': 16785111, 'type': 'CODE'}]",
16785208,"0x18,rbp,-,[8],rax,=",True,16785056,16785345,4,"mov rax, qword [rbp - 0x18]","mov rax, qword [var_20h]",488b45e8,cpu,mov,False,9,0,['case.0x1001ed3.3'],"[{'addr': 16785107, 'type': 'CODE'}]",,,,,,
16785212,"41,0xc,rax,+,[4],==,$z,zf,:=,32,$b,cf,:=,$p,pf,:=,31,$s,sf,:=,41,0x80000000,-,!,31,$o,^,of,:=,3,$b,af,:=",True,16785056,16785345,4,"cmp dword [rax + 0xc], 0x29","cmp dword [rax + 0xc], 0x29",83780c29,cpu,cmp,False,15,0,,,41.0,,,,,
16785216,"cf,al,=",False,16785056,16785346,3,setb al,setb al,0f92c0,cpu,cmov,False,2147483657,0,,,,,,,,
16785219,"1,al,&=,$z,zf,:=,$p,pf,:=,7,$s,sf,:=,0,cf,:=,0,of,:=",False,16785056,16785347,2,"and al, 1","and al, 1",2401,cpu,and,False,27,0,,,1.0,,,,,
16785221,"al,rax,=",False,16785056,16785346,3,"movzx eax, al","movzx eax, al",0fb6c0,cpu,mov,False,9,0,,,,,,,,
16785224,"4,0xc,rbp,-,=[4]",True,16785056,16785342,7,"mov dword [rbp - 0xc], 4","mov dword [var_14h], 4",c745f404000000,cpu,mov,False,268435465,0,,,4.0,,,,,
16785231,"eax,0x4,rbp,-,=[4]",True,16785056,16785346,3,"mov dword [rbp - 4], eax","mov dword [var_ch], eax",8945fc,cpu,mov,False,268435465,0,,,,,,,,
16785234,"0x1001ed7,rip,=",False,16785056,16785347,2,jmp 0x1001ed7,jmp 0x1001ed7,eb83,cpu,jmp,False,1,0,,,,16785111.0,,,"[{'addr': 16785111, 'type': 'CODE'}]",
16785236,"0x4,rbp,-,[4],rax,=",True,16785056,16785346,3,"mov eax, dword [rbp - 4]","mov eax, dword [var_ch]",8b45fc,cpu,mov,False,9,0,['case.0x1001ed3.4'],"[{'addr': 16785107, 'type': 'CODE'}]",,,,,,
16785239,"rsp,[8],8,rsp,+=,rbp,=",False,16785056,16785348,1,pop rbp,pop rbp,5d,cpu,pop,False,14,0,,,,,,,,
16785240,"rsp,[8],rip,=,8,rsp,+=",False,16785056,16785348,1,ret,ret,c3,cpu,ret,False,5,0,,,,,,,,
16785241,"0x4,rbp,-,[4],rax,=",True,16785056,16785346,3,"mov eax, dword [rbp - 4]","mov eax, dword [var_ch]",8b45fc,cpu,mov,False,9,0,['case.0x1001ed3.5'],"[{'addr': 16785107, 'type': 'CODE'}]",,,,,,
16785244,"rsp,[8],8,rsp,+=,rbp,=",False,16785056,16785348,1,pop rbp,pop rbp,5d,cpu,pop,False,14,0,,,,,,,,
16785245,"rsp,[8],rip,=,8,rsp,+=",False,16785056,16785348,1,ret,ret,c3,cpu,ret,False,5,0,,,,,,,,
16785246,"0x18,rbp,-,[8],rdx,=",True,16785056,16785345,4,"mov rdx, qword [rbp - 0x18]","mov rdx, qword [var_20h]",488b55e8,cpu,mov,False,9,0,['case.0x1001ed3.6'],"[{'addr': 16785107, 'type': 'CODE'}]",,,,,,
16785250,"2,rax,=",False,16785056,16785344,5,"mov eax, 2","mov eax, 2",b802000000,cpu,mov,False,9,0,,,2.0,,,,,
16785255,"4,rcx,=",False,16785056,16785344,5,"mov ecx, 4","mov ecx, 4",b904000000,cpu,mov,False,9,0,,,4.0,,,,,
16785260,"40,0x4,rdx,+,[4],==,$z,zf,:=,32,$b,cf,:=,$p,pf,:=,31,$s,sf,:=,40,0x80000000,-,!,31,$o,^,of,:=,3,$b,af,:=",True,16785056,16785345,4,"cmp dword [rdx + 4], 0x28","cmp dword [rdx + 4], 0x28",837a0428,cpu,cmp,False,15,0,,,40.0,,,,,
16785264,"cf,zf,|,!,?{,ecx,eax,=,}",False,16785056,16785346,3,"cmova eax, ecx","cmova eax, ecx",0f47c1,cpu,cmov,False,2147483657,0,,,,,,,,
16785267,"eax,0xc,rbp,-,=[4]",True,16785056,16785346,3,"mov dword [rbp - 0xc], eax","mov dword [var_14h], eax",8945f4,cpu,mov,False,268435465,0,,,,,,,,
16785270,"0,0x4,rbp,-,=[4]",True,16785056,16785342,7,"mov dword [rbp - 4], 0","mov dword [var_ch], 0",c745fc00000000,cpu,mov,False,268435465,0,,,0.0,,,,,
16785277,"0x1001ed7,rip,=",False,16785056,16785344,5,jmp 0x1001ed7,jmp 0x1001ed7,e955ffffff,cpu,jmp,False,1,0,,,,16785111.0,,,"[{'addr': 16785111, 'type': 'CODE'}]",
16785282,"0x18,rbp,-,[8],rdx,=",True,16785056,16785345,4,"mov rdx, qword [rbp - 0x18]","mov rdx, qword [var_20h]",488b55e8,cpu,mov,False,9,0,['case.0x1001ed3.7'],"[{'addr': 16785107, 'type': 'CODE'}]",,,,,,
16785286,"3,rax,=",False,16785056,16785344,5,"mov eax, 3","mov eax, 3",b803000000,cpu,mov,False,9,0,,,3.0,,,,,
16785291,"4,rcx,=",False,16785056,16785344,5,"mov ecx, 4","mov ecx, 4",b904000000,cpu,mov,False,9,0,,,4.0,,,,,
16785296,"40,0x8,rdx,+,[4],==,$z,zf,:=,32,$b,cf,:=,$p,pf,:=,31,$s,sf,:=,40,0x80000000,-,!,31,$o,^,of,:=,3,$b,af,:=",True,16785056,16785345,4,"cmp dword [rdx + 8], 0x28","cmp dword [rdx + 8], 0x28",837a0828,cpu,cmp,False,15,0,,,40.0,,,,,
16785300,"cf,zf,|,!,?{,ecx,eax,=,}",False,16785056,16785346,3,"cmova eax, ecx","cmova eax, ecx",0f47c1,cpu,cmov,False,2147483657,0,,,,,,,,
16785303,"eax,0xc,rbp,-,=[4]",True,16785056,16785346,3,"mov dword [rbp - 0xc], eax","mov dword [var_14h], eax",8945f4,cpu,mov,False,268435465,0,,,,,,,,
16785306,"0,0x4,rbp,-,=[4]",True,16785056,16785342,7,"mov dword [rbp - 4], 0","mov dword [var_ch], 0",c745fc00000000,cpu,mov,False,268435465,0,,,0.0,,,,,
16785313,"0x1001ed7,rip,=",False,16785056,16785344,5,jmp 0x1001ed7,jmp 0x1001ed7,e931ffffff,cpu,jmp,False,1,0,,,,16785111.0,,,"[{'addr': 16785111, 'type': 'CODE'}]",
16785318,"0x18,rbp,-,[8],rax,=",True,16785056,16785345,4,"mov rax, qword [rbp - 0x18]","mov rax, qword [var_20h]",488b45e8,cpu,mov,False,9,0,['case.0x1001ed3.8'],"[{'addr': 16785107, 'type': 'CODE'}]",,,,,,
16785322,"41,0xc,rax,+,[4],==,$z,zf,:=,32,$b,cf,:=,$p,pf,:=,31,$s,sf,:=,41,0x80000000,-,!,31,$o,^,of,:=,3,$b,af,:=",True,16785056,16785345,4,"cmp dword [rax + 0xc], 0x29","cmp dword [rax + 0xc], 0x29",83780c29,cpu,cmp,False,15,0,,,41.0,,,,,
16785326,"cf,al,=",False,16785056,16785346,3,setb al,setb al,0f92c0,cpu,cmov,False,2147483657,0,,,,,,,,
16785329,"1,al,&=,$z,zf,:=,$p,pf,:=,7,$s,sf,:=,0,cf,:=,0,of,:=",False,16785056,16785347,2,"and al, 1","and al, 1",2401,cpu,and,False,27,0,,,1.0,,,,,
16785331,"al,rax,=",False,16785056,16785346,3,"movzx eax, al","movzx eax, al",0fb6c0,cpu,mov,False,9,0,,,,,,,,
16785334,"4,0xc,rbp,-,=[4]",True,16785056,16785342,7,"mov dword [rbp - 0xc], 4","mov dword [var_14h], 4",c745f404000000,cpu,mov,False,268435465,0,,,4.0,,,,,
16785341,"eax,0x4,rbp,-,=[4]",True,16785056,16785346,3,"mov dword [rbp - 4], eax","mov dword [var_ch], eax",8945fc,cpu,mov,False,268435465,0,,,,,,,,
16785344,"0x1001ed7,rip,=",False,16785056,16785344,5,jmp 0x1001ed7,jmp 0x1001ed7,e912ffffff,cpu,jmp,False,1,0,,,,16785111.0,,,"[{'addr': 16785111, 'type': 'CODE'}]",
