offset,esil,refptr,fcn_addr,fcn_last,size,opcode,disasm,bytes,family,type,reloc,type_num,type2_num,flags,xrefs_to,val,jump,fail,ptr,xrefs_from,comment
16783168,"rbp,8,rsp,-,=[8],8,rsp,-=",False,16783168,16783493,1,push rbp,push rbp,55,cpu,rpush,False,268435468,0,"['main', 'sym.main']","[{'addr': 16783149, 'type': 'DATA'}]",,,,,,
16783169,"rsp,rbp,=",False,16783168,16783491,3,"mov rbp, rsp","mov rbp, rsp",4889e5,cpu,mov,False,9,0,,,,,,,,
16783172,"144,rsp,-=,144,0x8000000000000000,-,!,63,$o,^,of,:=,63,$s,sf,:=,$z,zf,:=,$p,pf,:=,64,$b,cf,:=,3,$b,af,:=",False,16783168,16783487,7,"sub rsp, 0x90","sub rsp, 0x90",4881ec90000000,cpu,sub,False,18,0,,,144.0,,,,,
16783179,"edi,0x7c,rbp,-,=[4]",True,16783168,16783491,3,"mov dword [rbp - 0x7c], edi","mov dword [var_84h], edi",897d84,cpu,mov,False,268435465,0,,,,,,,,
16783182,"rsi,0x78,rbp,-,=[8]",True,16783168,16783490,4,"mov qword [rbp - 0x78], rsi","mov qword [endptr], rsi",48897588,cpu,mov,False,268435465,0,,,,,,,,
16783186,"0,0x8,rbp,-,=[4]",True,16783168,16783487,7,"mov dword [rbp - 8], 0","mov dword [var_10h], 0",c745f800000000,cpu,mov,False,268435465,0,,,0.0,,,,,
16783193,"0x8,rbp,-,[4],rax,=",True,16783168,16783491,3,"mov eax, dword [rbp - 8]","mov eax, dword [var_10h]",8b45f8,cpu,mov,False,9,0,,"[{'addr': 16783234, 'type': 'CODE'}]",,,,,,
16783196,"rax,0x88,rbp,-,=[8]",True,16783168,16783487,7,"mov qword [rbp - 0x88], rax","mov qword [var_90h], rax",48898578ffffff,cpu,mov,False,268435465,0,,,,,,,,
16783203,"6,rax,-=,6,0x8000000000000000,-,!,63,$o,^,of,:=,63,$s,sf,:=,$z,zf,:=,$p,pf,:=,64,$b,cf,:=,3,$b,af,:=",False,16783168,16783490,4,"sub rax, 6","sub rax, 6",4883e806,cpu,sub,False,18,0,,,6.0,,,,,
16783207,"cf,zf,|,!,?{,16783232,rip,=,}",False,16783168,16783492,2,ja 0x1001780,ja 0x1001780,7717,cpu,cjmp,False,2147483649,0,,,,16783232.0,16783209.0,,,
16783209,"0x88,rbp,-,[8],rax,=",True,16783168,16783487,7,"mov rax, qword [rbp - 0x88]","mov rax, qword [var_90h]",488b8578ffffff,cpu,mov,False,9,0,,,,,,,,
16783216,"0x12fb,rip,-,rcx,=",True,16783168,16783487,7,"lea rcx, [rip - 0x12fb]","lea rcx, data.0100047c",488d0d05edffff,cpu,lea,False,33,0,,,,,,16778364.0,"[{'addr': 16778364, 'type': 'DATA'}]",
16783223,"32,rax,4,*,rcx,+,[4],~,rax,=",True,16783168,16783490,4,"movsxd rax, dword [rcx + rax*4]","movsxd rax, dword [rcx + rax*4]",48630481,cpu,mov,False,9,0,,,,,,,,
16783227,"rcx,rax,+=,63,$o,of,:=,63,$s,sf,:=,$z,zf,:=,63,$c,cf,:=,$p,pf,:=,3,$c,af,:=",False,16783168,16783491,3,"add rax, rcx","add rax, rcx",4801c8,cpu,add,False,17,0,,,,,,,,
16783230,"rax,rip,=",False,16783168,16783492,2,jmp rax,jmp rax,ffe0,cpu,rjmp,False,268435458,0,['switch.0x0100177e'],,,,,,"[{'addr': 16783236, 'type': 'CODE'}, {'addr': 16783260, 'type': 'CODE'}, {'addr': 16783297, 'type': 'CODE'}, {'addr': 16783362, 'type': 'CODE'}, {'addr': 16783374, 'type': 'CODE'}, {'addr': 16783442, 'type': 'CODE'}, {'addr': 16783482, 'type': 'CODE'}]",c3dpdGNoIHRhYmxlICg3IGNhc2VzKSBhdCAweDEwMDA0N2M=
16783232,"0x1001782,rip,=",False,16783168,16783492,2,jmp 0x1001782,jmp 0x1001782,eb00,cpu,jmp,False,1,0,,,,16783234.0,,,"[{'addr': 16783234, 'type': 'CODE'}]",
16783234,"0x1001759,rip,=",False,16783168,16783492,2,jmp 0x1001759,jmp 0x1001759,ebd5,cpu,jmp,False,1,0,,"[{'addr': 16783232, 'type': 'CODE'}, {'addr': 16783258, 'type': 'CODE'}, {'addr': 16783295, 'type': 'CODE'}, {'addr': 16783360, 'type': 'CODE'}, {'addr': 16783437, 'type': 'CODE'}, {'addr': 16783477, 'type': 'CODE'}]",,16783193.0,,,"[{'addr': 16783193, 'type': 'CODE'}]",
16783236,"0x7c,rbp,-,[4],rdx,=",True,16783168,16783491,3,"mov edx, dword [rbp - 0x7c]","mov edx, dword [var_84h]",8b5584,cpu,mov,False,9,0,['case.0x100177e.0'],"[{'addr': 16783230, 'type': 'CODE'}]",,,,,,
16783239,"1,rax,=",False,16783168,16783489,5,"mov eax, 1","mov eax, 1",b801000000,cpu,mov,False,9,0,,,1.0,,,,,
16783244,"2,rcx,=",False,16783168,16783489,5,"mov ecx, 2","mov ecx, 2",b902000000,cpu,mov,False,9,0,,,2.0,,,,,
16783249,"2,edx,==,$z,zf,:=,32,$b,cf,:=,$p,pf,:=,31,$s,sf,:=,2,0x80000000,-,!,31,$o,^,of,:=,3,$b,af,:=",False,16783168,16783491,3,"cmp edx, 2","cmp edx, 2",83fa02,cpu,cmp,False,15,0,,,2.0,,,2.0,,
16783252,"zf,?{,ecx,eax,=,}",False,16783168,16783491,3,"cmove eax, ecx","cmove eax, ecx",0f44c1,cpu,cmov,False,2147483657,0,,,,,,,,
16783255,"eax,0x8,rbp,-,=[4]",True,16783168,16783491,3,"mov dword [rbp - 8], eax","mov dword [var_10h], eax",8945f8,cpu,mov,False,268435465,0,,,,,,,,
16783258,"0x1001782,rip,=",False,16783168,16783492,2,jmp 0x1001782,jmp 0x1001782,ebe6,cpu,jmp,False,1,0,,,,16783234.0,,,"[{'addr': 16783234, 'type': 'CODE'}]",
16783260,"0x78,rbp,-,[8],rax,=",True,16783168,16783490,4,"mov rax, qword [rbp - 0x78]","mov rax, qword [endptr]",488b4588,cpu,mov,False,9,0,['case.0x100177e.1'],"[{'addr': 16783230, 'type': 'CODE'}]",,,,,,
16783264,"rax,[8],rsi,=",True,16783168,16783491,3,"mov rsi, qword [rax]","mov rsi, qword [rax]",488b30,cpu,mov,False,9,0,,,,,,,,
16783267,"0x1292,rip,-,rdi,=",True,16783168,16783487,7,"lea rdi, [rip - 0x1292]","lea rdi, str.Usage:__s__integer",488d3d6eedffff,cpu,lea,False,33,0,,,,,,16778520.0,"[{'addr': 16778520, 'type': 'DATA'}]",
16783274,"0,al,=",False,16783168,16783492,2,"mov al, 0","mov al, 0",b000,cpu,mov,False,9,0,,,0.0,,,,,
16783276,"16786208,rip,8,rsp,-=,rsp,=[],rip,=",False,16783168,16783489,5,call 0x1002320,call sym.imp.printf,e86f0b0000,cpu,call,False,3,0,,,,16786208.0,16783281.0,,"[{'addr': 16786208, 'type': 'CALL'}]",
16783281,"6,0x8,rbp,-,=[4]",True,16783168,16783487,7,"mov dword [rbp - 8], 6","mov dword [var_10h], 6",c745f806000000,cpu,mov,False,268435465,0,,,6.0,,,,,
16783288,"1,0x4,rbp,-,=[4]",True,16783168,16783487,7,"mov dword [rbp - 4], 1","mov dword [var_ch], 1",c745fc01000000,cpu,mov,False,268435465,0,,,1.0,,,,,
16783295,"0x1001782,rip,=",False,16783168,16783492,2,jmp 0x1001782,jmp 0x1001782,ebc1,cpu,jmp,False,1,0,,,,16783234.0,,,"[{'addr': 16783234, 'type': 'CODE'}]",
16783297,"0x78,rbp,-,[8],rax,=",True,16783168,16783490,4,"mov rax, qword [rbp - 0x78]","mov rax, qword [endptr]",488b4588,cpu,mov,False,9,0,['case.0x100177e.2'],"[{'addr': 16783230, 'type': 'CODE'}]",,,,,,
16783301,"0x8,rax,+,[8],rdi,=",True,16783168,16783490,4,"mov rdi, qword [rax + 8]","mov rdi, qword [rax + 8]",488b7808,cpu,mov,False,9,0,,,,,,,,
16783305,"eax,rax,^,0xffffffff,&,rax,=,$z,zf,:=,$p,pf,:=,31,$s,sf,:=,0,cf,:=,0,of,:=",False,16783168,16783492,2,"xor eax, eax","xor eax, eax",31c0,cpu,xor,False,28,0,,,,,,,,
16783307,"eax,rsi,=",False,16783168,16783492,2,"mov esi, eax","mov esi, eax",89c6,cpu,mov,False,9,0,,,,,,,,
16783309,"10,rdx,=",False,16783168,16783489,5,"mov edx, 0xa","mov edx, 0xa",ba0a000000,cpu,mov,False,9,0,,,10.0,,,,,
16783314,"16786224,rip,8,rsp,-=,rsp,=[],rip,=",False,16783168,16783489,5,call 0x1002330,call sym.imp.strtol,e8590b0000,cpu,call,False,3,0,,,,16786224.0,16783319.0,,"[{'addr': 16786224, 'type': 'CALL'}]",
16783319,"eax,rsi,=",False,16783168,16783492,2,"mov esi, eax","mov esi, eax",89c6,cpu,mov,False,9,0,,,,,,,,
16783321,"0x70,rbp,-,rdi,=",True,16783168,16783490,4,"lea rdi, [rbp - 0x70]","lea rdi, [var_78h]",488d7d90,cpu,lea,False,33,0,,,,,,,,
16783325,"16783504,rip,8,rsp,-=,rsp,=[],rip,=",False,16783168,16783489,5,call 0x1001890,call sym.generate_matrix,e8ae000000,cpu,call,False,3,0,,,,16783504.0,16783330.0,,"[{'addr': 16783504, 'type': 'CALL'}]",
16783330,"0x70,rbp,-,rdi,=",True,16783168,16783490,4,"lea rdi, [rbp - 0x70]","lea rdi, [var_78h]",488d7d90,cpu,lea,False,33,0,,,,,,,,
16783334,"2,rdx,=",False,16783168,16783489,5,"mov edx, 2","mov edx, 2",ba02000000,cpu,mov,False,9,0,,,2.0,,,,,
16783339,"edx,rsi,=",False,16783168,16783492,2,"mov esi, edx","mov esi, edx",89d6,cpu,mov,False,9,0,,,,,,,,
16783341,"16784512,rip,8,rsp,-=,rsp,=[],rip,=",False,16783168,16783489,5,call 0x1001c80,call sym.analyze_path,e88e040000,cpu,call,False,3,0,,,,16784512.0,16783346.0,,"[{'addr': 16784512, 'type': 'CALL'}]",
16783346,"6,0x8,rbp,-,=[4]",True,16783168,16783487,7,"mov dword [rbp - 8], 6","mov dword [var_10h], 6",c745f806000000,cpu,mov,False,268435465,0,,,6.0,,,,,
16783353,"0,0x4,rbp,-,=[4]",True,16783168,16783487,7,"mov dword [rbp - 4], 0","mov dword [var_ch], 0",c745fc00000000,cpu,mov,False,268435465,0,,,0.0,,,,,
16783360,"0x1001782,rip,=",False,16783168,16783492,2,jmp 0x1001782,jmp 0x1001782,eb80,cpu,jmp,False,1,0,,,,16783234.0,,,"[{'addr': 16783234, 'type': 'CODE'}]",
16783362,"0x4,rbp,-,[4],rax,=",True,16783168,16783491,3,"mov eax, dword [rbp - 4]","mov eax, dword [var_ch]",8b45fc,cpu,mov,False,9,0,['case.0x100177e.3'],"[{'addr': 16783230, 'type': 'CODE'}]",,,,,,
16783365,"144,rsp,+=,63,$o,of,:=,63,$s,sf,:=,$z,zf,:=,63,$c,cf,:=,$p,pf,:=,3,$c,af,:=",False,16783168,16783487,7,"add rsp, 0x90","add rsp, 0x90",4881c490000000,cpu,add,False,17,0,,,144.0,,,,,
16783372,"rsp,[8],8,rsp,+=,rbp,=",False,16783168,16783493,1,pop rbp,pop rbp,5d,cpu,pop,False,14,0,,,,,,,,
16783373,"rsp,[8],rip,=,8,rsp,+=",False,16783168,16783493,1,ret,ret,c3,cpu,ret,False,5,0,,,,,,,,
16783374,"0x78,rbp,-,[8],rax,=",True,16783168,16783490,4,"mov rax, qword [rbp - 0x78]","mov rax, qword [endptr]",488b4588,cpu,mov,False,9,0,['case.0x100177e.4'],"[{'addr': 16783230, 'type': 'CODE'}]",,,,,,
16783378,"0x8,rax,+,[8],rdi,=",True,16783168,16783490,4,"mov rdi, qword [rax + 8]","mov rdi, qword [rax + 8]",488b7808,cpu,mov,False,9,0,,,,,,,,
16783382,"eax,rax,^,0xffffffff,&,rax,=,$z,zf,:=,$p,pf,:=,31,$s,sf,:=,0,cf,:=,0,of,:=",False,16783168,16783492,2,"xor eax, eax","xor eax, eax",31c0,cpu,xor,False,28,0,,,,,,,,
16783384,"eax,rsi,=",False,16783168,16783492,2,"mov esi, eax","mov esi, eax",89c6,cpu,mov,False,9,0,,,,,,,,
16783386,"10,rdx,=",False,16783168,16783489,5,"mov edx, 0xa","mov edx, 0xa",ba0a000000,cpu,mov,False,9,0,,,10.0,,,,,
16783391,"16786224,rip,8,rsp,-=,rsp,=[],rip,=",False,16783168,16783489,5,call 0x1002330,call sym.imp.strtol,e80c0b0000,cpu,call,False,3,0,,,,16786224.0,16783396.0,,"[{'addr': 16786224, 'type': 'CALL'}]",
16783396,"eax,rsi,=",False,16783168,16783492,2,"mov esi, eax","mov esi, eax",89c6,cpu,mov,False,9,0,,,,,,,,
16783398,"0x70,rbp,-,rdi,=",True,16783168,16783490,4,"lea rdi, [rbp - 0x70]","lea rdi, [var_78h]",488d7d90,cpu,lea,False,33,0,,,,,,,,
16783402,"16783504,rip,8,rsp,-=,rsp,=[],rip,=",False,16783168,16783489,5,call 0x1001890,call sym.generate_matrix,e861000000,cpu,call,False,3,0,,,,16783504.0,16783407.0,,"[{'addr': 16783504, 'type': 'CALL'}]",
16783407,"0x70,rbp,-,rdi,=",True,16783168,16783490,4,"lea rdi, [rbp - 0x70]","lea rdi, [var_78h]",488d7d90,cpu,lea,False,33,0,,,,,,,,
16783411,"2,rdx,=",False,16783168,16783489,5,"mov edx, 2","mov edx, 2",ba02000000,cpu,mov,False,9,0,,,2.0,,,,,
16783416,"edx,rsi,=",False,16783168,16783492,2,"mov esi, edx","mov esi, edx",89d6,cpu,mov,False,9,0,,,,,,,,
16783418,"16784512,rip,8,rsp,-=,rsp,=[],rip,=",False,16783168,16783489,5,call 0x1001c80,call sym.analyze_path,e841040000,cpu,call,False,3,0,,,,16784512.0,16783423.0,,"[{'addr': 16784512, 'type': 'CALL'}]",
16783423,"3,0x8,rbp,-,=[4]",True,16783168,16783487,7,"mov dword [rbp - 8], 3","mov dword [var_10h], 3",c745f803000000,cpu,mov,False,268435465,0,,,3.0,,,,,
16783430,"0,0x4,rbp,-,=[4]",True,16783168,16783487,7,"mov dword [rbp - 4], 0","mov dword [var_ch], 0",c745fc00000000,cpu,mov,False,268435465,0,,,0.0,,,,,
16783437,"0x1001782,rip,=",False,16783168,16783489,5,jmp 0x1001782,jmp 0x1001782,e930ffffff,cpu,jmp,False,1,0,,,,16783234.0,,,"[{'addr': 16783234, 'type': 'CODE'}]",
16783442,"0x78,rbp,-,[8],rax,=",True,16783168,16783490,4,"mov rax, qword [rbp - 0x78]","mov rax, qword [endptr]",488b4588,cpu,mov,False,9,0,['case.0x100177e.5'],"[{'addr': 16783230, 'type': 'CODE'}]",,,,,,
16783446,"rax,[8],rsi,=",True,16783168,16783491,3,"mov rsi, qword [rax]","mov rsi, qword [rax]",488b30,cpu,mov,False,9,0,,,,,,,,
16783449,"0x1348,rip,-,rdi,=",True,16783168,16783487,7,"lea rdi, [rip - 0x1348]","lea rdi, str.Usage:__s__integer",488d3db8ecffff,cpu,lea,False,33,0,,,,,,16778520.0,"[{'addr': 16778520, 'type': 'DATA'}]",
16783456,"0,al,=",False,16783168,16783492,2,"mov al, 0","mov al, 0",b000,cpu,mov,False,9,0,,,0.0,,,,,
16783458,"16786208,rip,8,rsp,-=,rsp,=[],rip,=",False,16783168,16783489,5,call 0x1002320,call sym.imp.printf,e8b90a0000,cpu,call,False,3,0,,,,16786208.0,16783463.0,,"[{'addr': 16786208, 'type': 'CALL'}]",
16783463,"3,0x8,rbp,-,=[4]",True,16783168,16783487,7,"mov dword [rbp - 8], 3","mov dword [var_10h], 3",c745f803000000,cpu,mov,False,268435465,0,,,3.0,,,,,
16783470,"1,0x4,rbp,-,=[4]",True,16783168,16783487,7,"mov dword [rbp - 4], 1","mov dword [var_ch], 1",c745fc01000000,cpu,mov,False,268435465,0,,,1.0,,,,,
16783477,"0x1001782,rip,=",False,16783168,16783489,5,jmp 0x1001782,jmp 0x1001782,e908ffffff,cpu,jmp,False,1,0,,,,16783234.0,,,"[{'addr': 16783234, 'type': 'CODE'}]",
16783482,"0x4,rbp,-,[4],rax,=",True,16783168,16783491,3,"mov eax, dword [rbp - 4]","mov eax, dword [var_ch]",8b45fc,cpu,mov,False,9,0,['case.0x100177e.6'],"[{'addr': 16783230, 'type': 'CODE'}]",,,,,,
16783485,"144,rsp,+=,63,$o,of,:=,63,$s,sf,:=,$z,zf,:=,63,$c,cf,:=,$p,pf,:=,3,$c,af,:=",False,16783168,16783487,7,"add rsp, 0x90","add rsp, 0x90",4881c490000000,cpu,add,False,17,0,,,144.0,,,,,
16783492,"rsp,[8],8,rsp,+=,rbp,=",False,16783168,16783493,1,pop rbp,pop rbp,5d,cpu,pop,False,14,0,,,,,,,,
16783493,"rsp,[8],rip,=,8,rsp,+=",False,16783168,16783493,1,ret,ret,c3,cpu,ret,False,5,0,,,,,,,,
