offset,esil,refptr,fcn_addr,fcn_last,size,opcode,disasm,bytes,family,type,reloc,type_num,type2_num,flags,xrefs_to,val,jump,fail,ptr,xrefs_from,comment
16782816,"rbp,8,rsp,-,=[8],8,rsp,-=",False,16782816,16783114,1,push rbp,push rbp,55,cpu,rpush,False,268435468,0,"['sym.palindrome', 'dbg.palindrome']","[{'addr': 16783165, 'type': 'CALL'}]",,,,,,
16782817,"rsp,rbp,=",False,16782816,16783112,3,"mov rbp, rsp","mov rbp, rsp",4889e5,cpu,mov,False,9,0,,,,,,,,
16782820,"48,rsp,-=,48,0x8000000000000000,-,!,63,$o,^,of,:=,63,$s,sf,:=,$z,zf,:=,$p,pf,:=,64,$b,cf,:=,3,$b,af,:=",False,16782816,16783111,4,"sub rsp, 0x30","sub rsp, 0x30",4883ec30,cpu,sub,False,18,0,,,48.0,,,,,
16782824,"edi,0x1c,rbp,-,=[4]",True,16782816,16783112,3,"mov dword [rbp - 0x1c], edi","mov dword [var_24h], edi",897de4,cpu,mov,False,268435465,0,,,,,,,,
16782827,"0,0x18,rbp,-,=[4]",True,16782816,16783108,7,"mov dword [rbp - 0x18], 0","mov dword [var_20h], 0",c745e800000000,cpu,mov,False,268435465,0,,,0.0,,,,,
16782834,"0x18,rbp,-,[4],rax,=",True,16782816,16783112,3,"mov eax, dword [rbp - 0x18]","mov eax, dword [var_20h]",8b45e8,cpu,mov,False,9,0,,"[{'addr': 16782869, 'type': 'CODE'}]",,,,,,
16782837,"rax,0x28,rbp,-,=[8]",True,16782816,16783111,4,"mov qword [rbp - 0x28], rax","mov qword [var_30h], rax",488945d8,cpu,mov,False,268435465,0,,,,,,,,
16782841,"5,rax,-=,5,0x8000000000000000,-,!,63,$o,^,of,:=,63,$s,sf,:=,$z,zf,:=,$p,pf,:=,64,$b,cf,:=,3,$b,af,:=",False,16782816,16783111,4,"sub rax, 5","sub rax, 5",4883e805,cpu,sub,False,18,0,,,5.0,,,,,
16782845,"cf,zf,|,!,?{,16782867,rip,=,}",False,16782816,16783113,2,ja 0x1001613,ja 0x1001613,7714,cpu,cjmp,False,2147483649,0,,,,16782867.0,16782847.0,,,
16782847,"0x28,rbp,-,[8],rax,=",True,16782816,16783111,4,"mov rax, qword [rbp - 0x28]","mov rax, qword [var_30h]",488b45d8,cpu,mov,False,9,0,,,,,,,,
16782851,"0x118e,rip,-,rcx,=",True,16782816,16783108,7,"lea rcx, [rip - 0x118e]","lea rcx, data.0100047c",488d0d72eeffff,cpu,lea,False,33,0,,,,,,16778364.0,"[{'addr': 16778364, 'type': 'DATA'}]",
16782858,"32,rax,4,*,rcx,+,[4],~,rax,=",True,16782816,16783111,4,"movsxd rax, dword [rcx + rax*4]","movsxd rax, dword [rcx + rax*4]",48630481,cpu,mov,False,9,0,,,,,,,,
16782862,"rcx,rax,+=,63,$o,of,:=,63,$s,sf,:=,$z,zf,:=,63,$c,cf,:=,$p,pf,:=,3,$c,af,:=",False,16782816,16783112,3,"add rax, rcx","add rax, rcx",4801c8,cpu,add,False,17,0,,,,,,,,
16782865,"rax,rip,=",False,16782816,16783113,2,jmp rax,jmp rax,ffe0,cpu,rjmp,False,268435458,0,['switch.0x01001611'],,,,,,"[{'addr': 16782871, 'type': 'CODE'}, {'addr': 16782912, 'type': 'CODE'}, {'addr': 16782988, 'type': 'CODE'}, {'addr': 16783021, 'type': 'CODE'}, {'addr': 16783057, 'type': 'CODE'}, {'addr': 16783106, 'type': 'CODE'}]",c3dpdGNoIHRhYmxlICg2IGNhc2VzKSBhdCAweDEwMDA0N2M=
16782867,"0x1001615,rip,=",False,16782816,16783113,2,jmp 0x1001615,jmp 0x1001615,eb00,cpu,jmp,False,1,0,,,,16782869.0,,,"[{'addr': 16782869, 'type': 'CODE'}]",
16782869,"0x10015f2,rip,=",False,16782816,16783113,2,jmp 0x10015f2,jmp 0x10015f2,ebdb,cpu,jmp,False,1,0,,"[{'addr': 16782867, 'type': 'CODE'}, {'addr': 16782910, 'type': 'CODE'}, {'addr': 16782986, 'type': 'CODE'}, {'addr': 16783016, 'type': 'CODE'}, {'addr': 16783052, 'type': 'CODE'}, {'addr': 16783101, 'type': 'CODE'}]",,16782834.0,,,"[{'addr': 16782834, 'type': 'CODE'}]",
16782871,"0x1c,rbp,-,[4],rax,=",True,16782816,16783112,3,"mov eax, dword [rbp - 0x1c]","mov eax, dword [var_24h]",8b45e4,cpu,mov,False,9,0,['case.0x1001611.0'],"[{'addr': 16782865, 'type': 'CODE'}]",,,,,,
16782874,"1,rcx,=",False,16782816,16783110,5,"mov ecx, 1","mov ecx, 1",b901000000,cpu,mov,False,9,0,,,1.0,,,,,
16782879,"2,rdx,=",False,16782816,16783110,5,"mov edx, 2","mov edx, 2",ba02000000,cpu,mov,False,9,0,,,2.0,,,,,
16782884,"0,eax,==,$z,zf,:=,32,$b,cf,:=,$p,pf,:=,31,$s,sf,:=,0,0x80000000,-,!,31,$o,^,of,:=,3,$b,af,:=",False,16782816,16783112,3,"cmp eax, 0","cmp eax, 0",83f800,cpu,cmp,False,15,0,,,0.0,,,0.0,,
16782887,"zf,?{,edx,ecx,=,}",False,16782816,16783112,3,"cmove ecx, edx","cmove ecx, edx",0f44ca,cpu,cmov,False,2147483657,0,,,,,,,,
16782890,"ecx,0x18,rbp,-,=[4]",True,16782816,16783112,3,"mov dword [rbp - 0x18], ecx","mov dword [var_20h], ecx",894de8,cpu,mov,False,268435465,0,,,,,,,,
16782893,"eax,0x10,rbp,-,=[4]",True,16782816,16783112,3,"mov dword [rbp - 0x10], eax","mov dword [var_18h], eax",8945f0,cpu,mov,False,268435465,0,,,,,,,,
16782896,"0,0xc,rbp,-,=[4]",True,16782816,16783108,7,"mov dword [rbp - 0xc], 0","mov dword [var_14h], 0",c745f400000000,cpu,mov,False,268435465,0,,,0.0,,,,,
16782903,"0,0x8,rbp,-,=[4]",True,16782816,16783108,7,"mov dword [rbp - 8], 0","mov dword [var_10h], 0",c745f800000000,cpu,mov,False,268435465,0,,,0.0,,,,,
16782910,"0x1001615,rip,=",False,16782816,16783113,2,jmp 0x1001615,jmp 0x1001615,ebd5,cpu,jmp,False,1,0,,,,16782869.0,,,"[{'addr': 16782869, 'type': 'CODE'}]",
16782912,"0xc,rbp,-,[4],rax,=",True,16782816,16783112,3,"mov eax, dword [rbp - 0xc]","mov eax, dword [var_14h]",8b45f4,cpu,mov,False,9,0,['case.0x1001611.1'],"[{'addr': 16782865, 'type': 'CODE'}]",,,,,,
16782915,"eax,0x30,rbp,-,=[4]",True,16782816,16783112,3,"mov dword [rbp - 0x30], eax","mov dword [var_38h], eax",8945d0,cpu,mov,False,268435465,0,,,,,,,,
16782918,"0x10,rbp,-,[4],rdi,=",True,16782816,16783112,3,"mov edi, dword [rbp - 0x10]","mov edi, dword [var_18h]",8b7df0,cpu,mov,False,9,0,,,,,,,,
16782921,"10,rcx,=",False,16782816,16783110,5,"mov ecx, 0xa","mov ecx, 0xa",b90a000000,cpu,mov,False,9,0,,,10.0,,,,,
16782926,"edi,rax,=",False,16782816,16783113,2,"mov eax, edi","mov eax, edi",89f8,cpu,mov,False,9,0,,,,,,,,
16782928,"0,edx,=,31,eax,>>,?{,0xffffffff,edx,=,}",False,16782816,16783114,1,cdq,cdq,99,cpu,null,False,0,0,,,,,,,,
16782929,"32,ecx,~,32,edx,<<,eax,+,~%,32,ecx,~,32,edx,<<,eax,+,~/,eax,=,edx,=",False,16782816,16783113,2,idiv ecx,idiv ecx,f7f9,cpu,div,False,21,0,,,,,,,,
16782931,"0x30,rbp,-,[4],rax,=",True,16782816,16783112,3,"mov eax, dword [rbp - 0x30]","mov eax, dword [var_38h]",8b45d0,cpu,mov,False,9,0,,,,,,,,
16782934,"32,10,~,32,eax,~,*,DUP,eax,=,eax,-,?{,1,1,}{,0,0,},cf,:=,of,:=",False,16782816,16783112,3,"imul eax, eax, 0xa","imul eax, eax, 0xa",6bc00a,cpu,mul,False,20,0,,,,,,,,
16782937,"eax,edx,+=,31,$o,of,:=,31,$s,sf,:=,$z,zf,:=,31,$c,cf,:=,$p,pf,:=,3,$c,af,:=",False,16782816,16783113,2,"add edx, eax","add edx, eax",01c2,cpu,add,False,17,0,,,,,,,,
16782939,"edx,0x2c,rbp,-,=[4]",True,16782816,16783112,3,"mov dword [rbp - 0x2c], edx","mov dword [var_34h], edx",8955d4,cpu,mov,False,268435465,0,,,,,,,,
16782942,"10,rcx,=",False,16782816,16783110,5,"mov ecx, 0xa","mov ecx, 0xa",b90a000000,cpu,mov,False,9,0,,,10.0,,,,,
16782947,"edi,rax,=",False,16782816,16783113,2,"mov eax, edi","mov eax, edi",89f8,cpu,mov,False,9,0,,,,,,,,
16782949,"0,edx,=,31,eax,>>,?{,0xffffffff,edx,=,}",False,16782816,16783114,1,cdq,cdq,99,cpu,null,False,0,0,,,,,,,,
16782950,"32,ecx,~,32,edx,<<,eax,+,~%,32,ecx,~,32,edx,<<,eax,+,~/,eax,=,edx,=",False,16782816,16783113,2,idiv ecx,idiv ecx,f7f9,cpu,div,False,21,0,,,,,,,,
16782952,"0x2c,rbp,-,[4],rdx,=",True,16782816,16783112,3,"mov edx, dword [rbp - 0x2c]","mov edx, dword [var_34h]",8b55d4,cpu,mov,False,9,0,,,,,,,,
16782955,"9,edi,+=,31,$o,of,:=,31,$s,sf,:=,$z,zf,:=,31,$c,cf,:=,$p,pf,:=,3,$c,af,:=",False,16782816,16783112,3,"add edi, 9","add edi, 9",83c709,cpu,add,False,17,0,,,9.0,,,,,
16782958,"1,rcx,=",False,16782816,16783110,5,"mov ecx, 1","mov ecx, 1",b901000000,cpu,mov,False,9,0,,,1.0,,,,,
16782963,"2,rsi,=",False,16782816,16783110,5,"mov esi, 2","mov esi, 2",be02000000,cpu,mov,False,9,0,,,2.0,,,,,
16782968,"19,edi,==,$z,zf,:=,32,$b,cf,:=,$p,pf,:=,31,$s,sf,:=,19,0x80000000,-,!,31,$o,^,of,:=,3,$b,af,:=",False,16782816,16783112,3,"cmp edi, 0x13","cmp edi, 0x13",83ff13,cpu,cmp,False,15,0,,,19.0,,,19.0,,
16782971,"cf,?{,esi,ecx,=,}",False,16782816,16783112,3,"cmovb ecx, esi","cmovb ecx, esi",0f42ce,cpu,cmov,False,2147483657,0,,,,,,,,
16782974,"ecx,0x18,rbp,-,=[4]",True,16782816,16783112,3,"mov dword [rbp - 0x18], ecx","mov dword [var_20h], ecx",894de8,cpu,mov,False,268435465,0,,,,,,,,
16782977,"eax,0x10,rbp,-,=[4]",True,16782816,16783112,3,"mov dword [rbp - 0x10], eax","mov dword [var_18h], eax",8945f0,cpu,mov,False,268435465,0,,,,,,,,
16782980,"edx,0xc,rbp,-,=[4]",True,16782816,16783112,3,"mov dword [rbp - 0xc], edx","mov dword [var_14h], edx",8955f4,cpu,mov,False,268435465,0,,,,,,,,
16782983,"edx,0x8,rbp,-,=[4]",True,16782816,16783112,3,"mov dword [rbp - 8], edx","mov dword [var_10h], edx",8955f8,cpu,mov,False,268435465,0,,,,,,,,
16782986,"0x1001615,rip,=",False,16782816,16783113,2,jmp 0x1001615,jmp 0x1001615,eb89,cpu,jmp,False,1,0,,,,16782869.0,,,"[{'addr': 16782869, 'type': 'CODE'}]",
16782988,"0x1c,rbp,-,[4],rdx,=",True,16782816,16783112,3,"mov edx, dword [rbp - 0x1c]","mov edx, dword [var_24h]",8b55e4,cpu,mov,False,9,0,['case.0x1001611.2'],"[{'addr': 16782865, 'type': 'CODE'}]",,,,,,
16782991,"0x8,rbp,-,[4],rax,=",True,16782816,16783112,3,"mov eax, dword [rbp - 8]","mov eax, dword [var_10h]",8b45f8,cpu,mov,False,9,0,,,,,,,,
16782994,"eax,0x14,rbp,-,=[4]",True,16782816,16783112,3,"mov dword [rbp - 0x14], eax","mov dword [var_1ch], eax",8945ec,cpu,mov,False,268435465,0,,,,,,,,
16782997,"4,rax,=",False,16782816,16783110,5,"mov eax, 4","mov eax, 4",b804000000,cpu,mov,False,9,0,,,4.0,,,,,
16783002,"3,rcx,=",False,16782816,16783110,5,"mov ecx, 3","mov ecx, 3",b903000000,cpu,mov,False,9,0,,,3.0,,,,,
16783007,"edx,0x14,rbp,-,[4],==,$z,zf,:=,32,$b,cf,:=,$p,pf,:=,31,$s,sf,:=,edx,0x80000000,-,!,31,$o,^,of,:=,3,$b,af,:=",True,16782816,16783112,3,"cmp dword [rbp - 0x14], edx","cmp dword [var_1ch], edx",3955ec,cpu,cmp,False,268435471,0,,,,,,,,
16783010,"zf,?{,ecx,eax,=,}",False,16782816,16783112,3,"cmove eax, ecx","cmove eax, ecx",0f44c1,cpu,cmov,False,2147483657,0,,,,,,,,
16783013,"eax,0x18,rbp,-,=[4]",True,16782816,16783112,3,"mov dword [rbp - 0x18], eax","mov dword [var_20h], eax",8945e8,cpu,mov,False,268435465,0,,,,,,,,
16783016,"0x1001615,rip,=",False,16782816,16783110,5,jmp 0x1001615,jmp 0x1001615,e968ffffff,cpu,jmp,False,1,0,,,,16782869.0,,,"[{'addr': 16782869, 'type': 'CODE'}]",
16783021,"0x1c,rbp,-,[4],rsi,=",True,16782816,16783112,3,"mov esi, dword [rbp - 0x1c]","mov esi, dword [var_24h]",8b75e4,cpu,mov,False,9,0,['case.0x1001611.3'],"[{'addr': 16782865, 'type': 'CODE'}]",,,,,,
16783024,"0x1217,rip,-,rdi,=",True,16782816,16783108,7,"lea rdi, [rip - 0x1217]","lea rdi, str.d_is_a_palindrome.",488d3de9edffff,cpu,lea,False,33,0,,,,,,16778400.0,"[{'addr': 16778400, 'type': 'DATA'}]",
16783031,"0,al,=",False,16782816,16783113,2,"mov al, 0","mov al, 0",b000,cpu,mov,False,9,0,,,0.0,,,,,
16783033,"16783376,rip,8,rsp,-=,rsp,=[],rip,=",False,16782816,16783110,5,call 0x1001810,call sym.imp.printf,e852010000,cpu,call,False,3,0,,,,16783376.0,16783038.0,,"[{'addr': 16783376, 'type': 'CALL'}]",
16783038,"5,0x18,rbp,-,=[4]",True,16782816,16783108,7,"mov dword [rbp - 0x18], 5","mov dword [var_20h], 5",c745e805000000,cpu,mov,False,268435465,0,,,5.0,,,,,
16783045,"1,0x4,rbp,-,=[4]",True,16782816,16783108,7,"mov dword [rbp - 4], 1","mov dword [var_ch], 1",c745fc01000000,cpu,mov,False,268435465,0,,,1.0,,,,,
16783052,"0x1001615,rip,=",False,16782816,16783110,5,jmp 0x1001615,jmp 0x1001615,e944ffffff,cpu,jmp,False,1,0,,,,16782869.0,,,"[{'addr': 16782869, 'type': 'CODE'}]",
16783057,"0x1c,rbp,-,[4],rsi,=",True,16782816,16783112,3,"mov esi, dword [rbp - 0x1c]","mov esi, dword [var_24h]",8b75e4,cpu,mov,False,9,0,['case.0x1001611.4'],"[{'addr': 16782865, 'type': 'CODE'}]",,,,,,
16783060,"0x1227,rip,-,rdi,=",True,16782816,16783108,7,"lea rdi, [rip - 0x1227]","lea rdi, str.d_is_not_a_palindrome.",488d3dd9edffff,cpu,lea,False,33,0,,,,,,16778420.0,"[{'addr': 16778420, 'type': 'DATA'}]",
16783067,"0,al,=",False,16782816,16783113,2,"mov al, 0","mov al, 0",b000,cpu,mov,False,9,0,,,0.0,,,,,
16783069,"16783376,rip,8,rsp,-=,rsp,=[],rip,=",False,16782816,16783110,5,call 0x1001810,call sym.imp.printf,e82e010000,cpu,call,False,3,0,,,,16783376.0,16783074.0,,"[{'addr': 16783376, 'type': 'CALL'}]",
16783074,"eax,rax,^,0xffffffff,&,rax,=,$z,zf,:=,$p,pf,:=,31,$s,sf,:=,0,cf,:=,0,of,:=",False,16782816,16783113,2,"xor eax, eax","xor eax, eax",31c0,cpu,xor,False,28,0,,,,,,,,
16783076,"987623,rcx,=",False,16782816,16783110,5,"mov ecx, 0xf11e7","mov ecx, 0xf11e7",b9e7110f00,cpu,mov,False,9,0,,,987623.0,,,987623.0,,
16783081,"987623,0x14,rbp,-,[4],==,$z,zf,:=,32,$b,cf,:=,$p,pf,:=,31,$s,sf,:=,987623,0x80000000,-,!,31,$o,^,of,:=,3,$b,af,:=",True,16782816,16783108,7,"cmp dword [rbp - 0x14], 0xf11e7","cmp dword [var_1ch], 0xf11e7",817dece7110f00,cpu,cmp,False,268435471,0,,,987623.0,,,,,
16783088,"zf,?{,ecx,eax,=,}",False,16782816,16783112,3,"cmove eax, ecx","cmove eax, ecx",0f44c1,cpu,cmov,False,2147483657,0,,,,,,,,
16783091,"5,0x18,rbp,-,=[4]",True,16782816,16783108,7,"mov dword [rbp - 0x18], 5","mov dword [var_20h], 5",c745e805000000,cpu,mov,False,268435465,0,,,5.0,,,,,
16783098,"eax,0x4,rbp,-,=[4]",True,16782816,16783112,3,"mov dword [rbp - 4], eax","mov dword [var_ch], eax",8945fc,cpu,mov,False,268435465,0,,,,,,,,
16783101,"0x1001615,rip,=",False,16782816,16783110,5,jmp 0x1001615,jmp 0x1001615,e913ffffff,cpu,jmp,False,1,0,,,,16782869.0,,,"[{'addr': 16782869, 'type': 'CODE'}]",
16783106,"0x4,rbp,-,[4],rax,=",True,16782816,16783112,3,"mov eax, dword [rbp - 4]","mov eax, dword [var_ch]",8b45fc,cpu,mov,False,9,0,['case.0x1001611.5'],"[{'addr': 16782865, 'type': 'CODE'}]",,,,,,
16783109,"48,rsp,+=,63,$o,of,:=,63,$s,sf,:=,$z,zf,:=,63,$c,cf,:=,$p,pf,:=,3,$c,af,:=",False,16782816,16783111,4,"add rsp, 0x30","add rsp, 0x30",4883c430,cpu,add,False,17,0,,,48.0,,,,,
16783113,"rsp,[8],8,rsp,+=,rbp,=",False,16782816,16783114,1,pop rbp,pop rbp,5d,cpu,pop,False,14,0,,,,,,,,
16783114,"rsp,[8],rip,=,8,rsp,+=",False,16782816,16783114,1,ret,ret,c3,cpu,ret,False,5,0,,,,,,,,
