offset,esil,refptr,fcn_addr,fcn_last,size,opcode,disasm,bytes,family,type,reloc,type_num,type2_num,flags,xrefs_to,val,ptr,jump,fail,xrefs_from
16782800,"rbp,8,rsp,-,=[8],8,rsp,-=",False,16782800,16782914,1,push rbp,push rbp,55,cpu,rpush,False,268435468,0,"['main', 'sym.main']","[{'addr': 16782781, 'type': 'DATA'}]",,,,,
16782801,"rsp,rbp,=",False,16782800,16782912,3,"mov rbp, rsp","mov rbp, rsp",4889e5,cpu,mov,False,9,0,,,,,,,
16782804,"32,rsp,-=,32,0x8000000000000000,-,!,63,$o,^,of,:=,63,$s,sf,:=,$z,zf,:=,$p,pf,:=,64,$b,cf,:=,3,$b,af,:=",False,16782800,16782911,4,"sub rsp, 0x20","sub rsp, 0x20",4883ec20,cpu,sub,False,18,0,,,32.0,,,,
16782808,"rsi,0x8,rbp,-,=[8]",True,16782800,16782911,4,"mov qword [rbp - 8], rsi","mov qword [endptr], rsi",488975f8,cpu,mov,False,268435465,0,,,,,,,
16782812,"2,edi,==,$z,zf,:=,32,$b,cf,:=,$p,pf,:=,31,$s,sf,:=,2,0x80000000,-,!,31,$o,^,of,:=,3,$b,af,:=",False,16782800,16782912,3,"cmp edi, 2","cmp edi, 2",83ff02,cpu,cmp,False,15,0,,,2.0,2.0,,,
16782815,"zf,?{,16782848,rip,=,}",False,16782800,16782913,2,je 0x1001600,je 0x1001600,741f,cpu,cjmp,False,2147483649,0,,,,,16782848.0,16782817.0,
16782817,"0x8,rbp,-,[8],rax,=",True,16782800,16782911,4,"mov rax, qword [rbp - 8]","mov rax, qword [endptr]",488b45f8,cpu,mov,False,9,0,,,,,,,
16782821,"rax,[8],rsi,=",True,16782800,16782912,3,"mov rsi, qword [rax]","mov rsi, qword [rax]",488b30,cpu,mov,False,9,0,,,,,,,
16782824,"0x11b3,rip,-,rdi,=",True,16782800,16782908,7,"lea rdi, [rip - 0x11b3]","lea rdi, str.Usage:__s__integer",488d3d4deeffff,cpu,lea,False,33,0,,,,16778300.0,,,"[{'addr': 16778300, 'type': 'DATA'}]"
16782831,"0,al,=",False,16782800,16782913,2,"mov al, 0","mov al, 0",b000,cpu,mov,False,9,0,,,0.0,,,,
16782833,"16784512,rip,8,rsp,-=,rsp,=[],rip,=",False,16782800,16782910,5,call 0x1001c80,call sym.imp.printf,e88a060000,cpu,call,False,3,0,,,,,16784512.0,16782838.0,"[{'addr': 16784512, 'type': 'CALL'}]"
16782838,"1,rax,=",False,16782800,16782910,5,"mov eax, 1","mov eax, 1",b801000000,cpu,mov,False,9,0,,,1.0,,,,
16782843,"eax,0xc,rbp,-,=[4]",True,16782800,16782912,3,"mov dword [rbp - 0xc], eax","mov dword [var_14h], eax",8945f4,cpu,mov,False,268435465,0,,,,,,,
16782846,"0x100163a,rip,=",False,16782800,16782913,2,jmp 0x100163a,jmp 0x100163a,eb3a,cpu,jmp,False,1,0,,,,,16782906.0,,"[{'addr': 16782906, 'type': 'CODE'}]"
16782848,"0x8,rbp,-,[8],rax,=",True,16782800,16782911,4,"mov rax, qword [rbp - 8]","mov rax, qword [endptr]",488b45f8,cpu,mov,False,9,0,,,,,,,
16782852,"0x8,rax,+,[8],rdi,=",True,16782800,16782911,4,"mov rdi, qword [rax + 8]","mov rdi, qword [rax + 8]",488b7808,cpu,mov,False,9,0,,,,,,,
16782856,"eax,rax,^,0xffffffff,&,rax,=,$z,zf,:=,$p,pf,:=,31,$s,sf,:=,0,cf,:=,0,of,:=",False,16782800,16782913,2,"xor eax, eax","xor eax, eax",31c0,cpu,xor,False,28,0,,,,,,,
16782858,"eax,rsi,=",False,16782800,16782913,2,"mov esi, eax","mov esi, eax",89c6,cpu,mov,False,9,0,,,,,,,
16782860,"10,rdx,=",False,16782800,16782910,5,"mov edx, 0xa","mov edx, 0xa",ba0a000000,cpu,mov,False,9,0,,,10.0,,,,
16782865,"16784528,rip,8,rsp,-=,rsp,=[],rip,=",False,16782800,16782910,5,call 0x1001c90,call sym.imp.strtol,e87a060000,cpu,call,False,3,0,,,,,16784528.0,16782870.0,"[{'addr': 16784528, 'type': 'CALL'}]"
16782870,"eax,rdx,=",False,16782800,16782913,2,"mov edx, eax","mov edx, eax",89c2,cpu,mov,False,9,0,,,,,,,
16782872,"r8d,r8,^,0xffffffff,&,r8,=,$z,zf,:=,$p,pf,:=,31,$s,sf,:=,0,cf,:=,0,of,:=",False,16782800,16782912,3,"xor r8d, r8d","xor r8d, r8d",4531c0,cpu,xor,False,28,0,,,,,,,
16782875,"eax,rax,^,0xffffffff,&,rax,=,$z,zf,:=,$p,pf,:=,31,$s,sf,:=,0,cf,:=,0,of,:=",False,16782800,16782913,2,"xor eax, eax","xor eax, eax",31c0,cpu,xor,False,28,0,,,,,,,
16782877,"eax,r9,=",False,16782800,16782912,3,"mov r9d, eax","mov r9d, eax",4189c1,cpu,mov,False,9,0,,,,,,,
16782880,"r8d,rdi,=",False,16782800,16782912,3,"mov edi, r8d","mov edi, r8d",4489c7,cpu,mov,False,9,0,,,,,,,
16782883,"r9,rsi,=",False,16782800,16782912,3,"mov rsi, r9","mov rsi, r9",4c89ce,cpu,mov,False,9,0,,,,,,,
16782886,"r9,rcx,=",False,16782800,16782912,3,"mov rcx, r9","mov rcx, r9",4c89c9,cpu,mov,False,9,0,,,,,,,
16782889,"0,rsp,=[4]",True,16782800,16782908,7,"mov dword [rsp], 0","mov dword [rsp], 0",c7042400000000,cpu,mov,False,9,0,,,0.0,,,,
16782896,"16782928,rip,8,rsp,-=,rsp,=[],rip,=",False,16782800,16782910,5,call 0x1001650,call sym.merged,e81b000000,cpu,call,False,3,0,,,,,16782928.0,16782901.0,"[{'addr': 16782928, 'type': 'CALL'}]"
16782901,"eax,rax,^,0xffffffff,&,rax,=,$z,zf,:=,$p,pf,:=,31,$s,sf,:=,0,cf,:=,0,of,:=",False,16782800,16782913,2,"xor eax, eax","xor eax, eax",31c0,cpu,xor,False,28,0,,,,,,,
16782903,"eax,0xc,rbp,-,=[4]",True,16782800,16782912,3,"mov dword [rbp - 0xc], eax","mov dword [var_14h], eax",8945f4,cpu,mov,False,268435465,0,,,,,,,
16782906,"0xc,rbp,-,[4],rax,=",True,16782800,16782912,3,"mov eax, dword [rbp - 0xc]","mov eax, dword [var_14h]",8b45f4,cpu,mov,False,9,0,,"[{'addr': 16782846, 'type': 'CODE'}]",,,,,
16782909,"32,rsp,+=,63,$o,of,:=,63,$s,sf,:=,$z,zf,:=,63,$c,cf,:=,$p,pf,:=,3,$c,af,:=",False,16782800,16782911,4,"add rsp, 0x20","add rsp, 0x20",4883c420,cpu,add,False,17,0,,,32.0,,,,
16782913,"rsp,[8],8,rsp,+=,rbp,=",False,16782800,16782914,1,pop rbp,pop rbp,5d,cpu,pop,False,14,0,,,,,,,
16782914,"rsp,[8],rip,=,8,rsp,+=",False,16782800,16782914,1,ret,ret,c3,cpu,ret,False,5,0,,,,,,,
