offset,esil,refptr,fcn_addr,fcn_last,size,opcode,disasm,bytes,family,type,reloc,type_num,type2_num,flags,xrefs_to,val,jump,fail,xrefs_from,ptr
16783136,"rbp,8,rsp,-,=[8],8,rsp,-=",False,16783136,16783233,1,push rbp,push rbp,55,cpu,rpush,False,268435468,0,"['main', 'sym.main', 'dbg.main']","[{'addr': 16782797, 'type': 'DATA'}]",,,,,
16783137,"rsp,rbp,=",False,16783136,16783231,3,"mov rbp, rsp","mov rbp, rsp",4889e5,cpu,mov,False,9,0,,,,,,,
16783140,"16,rsp,-=,16,0x8000000000000000,-,!,63,$o,^,of,:=,63,$s,sf,:=,$z,zf,:=,$p,pf,:=,64,$b,cf,:=,3,$b,af,:=",False,16783136,16783230,4,"sub rsp, 0x10","sub rsp, 0x10",4883ec10,cpu,sub,False,18,0,,,16.0,,,,
16783144,"0x8,rsi,+,[8],rdi,=",True,16783136,16783230,4,"mov rdi, qword [rsi + 8]","mov rdi, qword [rsi + 8]",488b7e08,cpu,mov,False,9,0,,,,,,,
16783148,"eax,rax,^,0xffffffff,&,rax,=,$z,zf,:=,$p,pf,:=,31,$s,sf,:=,0,cf,:=,0,of,:=",False,16783136,16783232,2,"xor eax, eax","xor eax, eax",31c0,cpu,xor,False,28,0,,,,,,,
16783150,"eax,rsi,=",False,16783136,16783232,2,"mov esi, eax","mov esi, eax",89c6,cpu,mov,False,9,0,,,,,,,
16783152,"16783392,rip,8,rsp,-=,rsp,=[],rip,=",False,16783136,16783229,5,call 0x1001820,call sym.imp.strtod,e8eb000000,cpu,call,False,3,0,,,,16783392.0,16783157.0,"[{'addr': 16783392, 'type': 'CALL'}]",
16783157,,False,16783136,16783230,4,"cvtsd2ss xmm0, xmm0","cvtsd2ss xmm0, xmm0",f20f5ac0,sse,null,False,0,0,,,,,,,
16783161,,False,16783136,16783230,4,"cvttss2si edi, xmm0","cvttss2si edi, xmm0",f30f2cf8,sse,null,False,0,0,,,,,,,
16783165,"16782816,rip,8,rsp,-=,rsp,=[],rip,=",False,16783136,16783229,5,call 0x10015e0,call dbg.square_root,e89efeffff,cpu,call,False,3,0,,,,16782816.0,16783170.0,"[{'addr': 16782816, 'type': 'CALL'}]",
16783170,,False,16783136,16783229,5,"cvttsd2si rax, xmm0","cvttsd2si rax, xmm0",f2480f2cc0,sse,null,False,0,0,,,,,,,
16783175,"eax,rcx,=",False,16783136,16783232,2,"mov ecx, eax","mov ecx, eax",89c1,cpu,mov,False,9,0,,,,,,,
16783177,"ecx,0x4,rbp,-,=[4]",True,16783136,16783231,3,"mov dword [rbp - 4], ecx","mov dword [result], ecx",894dfc,cpu,mov,False,268435465,0,,,,,,,
16783180,"0x127c,rip,-,rdi,=",True,16783136,16783227,7,"lea rdi, [rip - 0x127c]","lea rdi, str.You_loose",488d3d84edffff,cpu,lea,False,33,0,,,,,,"[{'addr': 16778455, 'type': 'DATA'}]",16778455.0
16783187,"0x128c,rip,-,rax,=",True,16783136,16783227,7,"lea rax, [rip - 0x128c]","lea rax, str.You_win",488d0574edffff,cpu,lea,False,33,0,,,,,,"[{'addr': 16778446, 'type': 'DATA'}]",16778446.0
16783194,"5878,ecx,==,$z,zf,:=,32,$b,cf,:=,$p,pf,:=,31,$s,sf,:=,5878,0x80000000,-,!,31,$o,^,of,:=,3,$b,af,:=",False,16783136,16783228,6,"cmp ecx, 0x16f6","cmp ecx, 0x16f6",81f9f6160000,cpu,cmp,False,15,0,,,5878.0,,,,5878.0
16783200,"zf,?{,rax,rdi,=,}",False,16783136,16783230,4,"cmove rdi, rax","cmove rdi, rax",480f44f8,cpu,cmov,False,2147483657,0,,,,,,,
16783204,"16783408,rip,8,rsp,-=,rsp,=[],rip,=",False,16783136,16783229,5,call 0x1001830,call sym.imp.puts,e8c7000000,cpu,call,False,3,0,,,,16783408.0,16783209.0,"[{'addr': 16783408, 'type': 'CALL'}]",
16783209,"0x4,rbp,-,[4],rsi,=",True,16783136,16783231,3,"mov esi, dword [rbp - 4]","mov esi, dword [result]",8b75fc,cpu,mov,False,9,0,,,,,,,
16783212,"0x12b3,rip,-,rdi,=",True,16783136,16783227,7,"lea rdi, [rip - 0x12b3]","lea rdi, [0x010004c0]",488d3d4dedffff,cpu,lea,False,33,0,,,,,,"[{'addr': 16778432, 'type': 'DATA'}]",16778432.0
16783219,"0,al,=",False,16783136,16783232,2,"mov al, 0","mov al, 0",b000,cpu,mov,False,9,0,,,0.0,,,,
16783221,"16783424,rip,8,rsp,-=,rsp,=[],rip,=",False,16783136,16783229,5,call 0x1001840,call sym.imp.printf,e8c6000000,cpu,call,False,3,0,,,,16783424.0,16783226.0,"[{'addr': 16783424, 'type': 'CALL'}]",
16783226,"eax,rax,^,0xffffffff,&,rax,=,$z,zf,:=,$p,pf,:=,31,$s,sf,:=,0,cf,:=,0,of,:=",False,16783136,16783232,2,"xor eax, eax","xor eax, eax",31c0,cpu,xor,False,28,0,,,,,,,
16783228,"16,rsp,+=,63,$o,of,:=,63,$s,sf,:=,$z,zf,:=,63,$c,cf,:=,$p,pf,:=,3,$c,af,:=",False,16783136,16783230,4,"add rsp, 0x10","add rsp, 0x10",4883c410,cpu,add,False,17,0,,,16.0,,,,
16783232,"rsp,[8],8,rsp,+=,rbp,=",False,16783136,16783233,1,pop rbp,pop rbp,5d,cpu,pop,False,14,0,,,,,,,
16783233,"rsp,[8],rip,=,8,rsp,+=",False,16783136,16783233,1,ret,ret,c3,cpu,ret,False,5,0,,,,,,,
