offset,esil,refptr,fcn_addr,fcn_last,size,opcode,disasm,bytes,family,type,reloc,type_num,type2_num,flags,xrefs_to,val,ptr,xrefs_from,jump,fail
16782816,"rbp,8,rsp,-,=[8],8,rsp,-=",False,16782816,16783105,1,push rbp,push rbp,55,cpu,rpush,False,268435468,0,"['sym.square_root', 'dbg.square_root']","[{'addr': 16783165, 'type': 'CALL'}]",,,,,
16782817,"rsp,rbp,=",False,16782816,16783103,3,"mov rbp, rsp","mov rbp, rsp",4889e5,cpu,mov,False,9,0,,,,,,,
16782820,,False,16782816,16783102,4,"cvtsi2sd xmm0, edi","cvtsi2sd xmm0, edi",f20f2ac7,sse,null,False,0,0,,,,,,,
16782824,"xmm0,0x28,rbp,-,=[8]",True,16782816,16783101,5,"movsd qword [rbp - 0x28], xmm0","movsd qword [var_30h], xmm0",f20f1145d8,sse,mov,False,268435465,0,,,,,,,
16782829,"0x28,rbp,-,[8],xmm0,=",True,16782816,16783101,5,"movsd xmm0, qword [rbp - 0x28]","movsd xmm0, qword [var_30h]",f20f1045d8,sse,mov,False,9,0,,,,,,,
16782834,"xmm0,rax,=",False,16782816,16783101,5,"movq rax, xmm0","movq rax, xmm0",66480f7ec0,sse,mov,False,9,0,,,,,,,
16782839,"9223372036854775808,rcx,=",False,16782816,16783096,10,"movabs rcx, 0x8000000000000000","movabs rcx, 0x8000000000000000",48b90000000000000080,cpu,mov,False,9,0,,,9.223372036854776e+18,,,,
16782849,"rcx,rax,^=,$z,zf,:=,$p,pf,:=,63,$s,sf,:=,0,cf,:=,0,of,:=",False,16782816,16783103,3,"xor rax, rcx","xor rax, rcx",4831c8,cpu,xor,False,28,0,,,,,,,
16782852,"rax,xmm0,=",False,16782816,16783101,5,"movq xmm0, rax","movq xmm0, rax",66480f6ec0,sse,mov,False,9,0,,,,,,,
16782857,"xmm0,0x20,rbp,-,=[8]",True,16782816,16783101,5,"movsd qword [rbp - 0x20], xmm0","movsd qword [var_28h], xmm0",f20f1145e0,sse,mov,False,268435465,0,,,,,,,
16782862,"0x1176,rip,-,[8],xmm0,=",True,16782816,16783098,8,"movsd xmm0, qword [rip - 0x1176]","movsd xmm0, qword [data.010004a0]",f20f10058aeeffff,sse,mov,False,9,0,,,,16778400.0,"[{'addr': 16778400, 'type': 'DATA'}]",,
16782870,,False,16782816,16783101,5,"subsd xmm0, qword [rbp - 0x28]","subsd xmm0, qword [var_30h]",f20f5c45d8,sse,null,False,0,0,,,,,,,
16782875,"0x1192,rip,-,[16],xmm1,=",True,16782816,16783099,7,"movaps xmm1, xmmword [rip - 0x1192]","movaps xmm1, xmmword [data.01000490]",0f280d6eeeffff,sse,mov,False,9,0,,,,16778384.0,"[{'addr': 16778384, 'type': 'DATA'}]",,
16782882,,False,16782816,16783102,4,"pand xmm0, xmm1","pand xmm0, xmm1",660fdbc1,sse,null,False,0,0,,,,,,,
16782886,"xmm0,0x18,rbp,-,=[8]",True,16782816,16783101,5,"movsd qword [rbp - 0x18], xmm0","movsd qword [var_20h], xmm0",f20f1145e8,sse,mov,False,268435465,0,,,,,,,
16782891,"0,0x2c,rbp,-,=[4]",True,16782816,16783099,7,"mov dword [rbp - 0x2c], 0","mov dword [var_34h], 0",c745d400000000,cpu,mov,False,268435465,0,,,0.0,,,,
16782898,"0x2c,rbp,-,[4],rax,=",True,16782816,16783103,3,"mov eax, dword [rbp - 0x2c]","mov eax, dword [var_34h]",8b45d4,cpu,mov,False,9,0,,"[{'addr': 16782936, 'type': 'CODE'}]",,,,,
16782901,"eax,0x30,rbp,-,=[4]",True,16782816,16783103,3,"mov dword [rbp - 0x30], eax","mov dword [var_38h], eax",8945d0,cpu,mov,False,268435465,0,,,,,,,
16782904,"0,eax,eax,&,==,$z,zf,:=,$p,pf,:=,31,$s,sf,:=,0,cf,:=,0,of,:=",False,16782816,16783104,2,"test eax, eax","test eax, eax",85c0,cpu,acmp,False,16,0,,,,,,,
16782906,"zf,?{,16782938,rip,=,}",False,16782816,16783104,2,je 0x100165a,je 0x100165a,741e,cpu,cjmp,False,2147483649,0,,,,,,16782938.0,16782908.0
16782908,"0x100163e,rip,=",False,16782816,16783104,2,jmp 0x100163e,jmp 0x100163e,eb00,cpu,jmp,False,1,0,,,,,"[{'addr': 16782910, 'type': 'CODE'}]",16782910.0,
16782910,"0x30,rbp,-,[4],rax,=",True,16782816,16783103,3,"mov eax, dword [rbp - 0x30]","mov eax, dword [var_38h]",8b45d0,cpu,mov,False,9,0,,"[{'addr': 16782908, 'type': 'CODE'}]",,,,,
16782913,"1,eax,-=,1,0x80000000,-,!,31,$o,^,of,:=,31,$s,sf,:=,$z,zf,:=,$p,pf,:=,32,$b,cf,:=,3,$b,af,:=",False,16782816,16783103,3,"sub eax, 1","sub eax, 1",83e801,cpu,sub,False,18,0,,,1.0,,,,
16782916,"zf,?{,16782999,rip,=,}",False,16782816,16783104,2,je 0x1001697,je 0x1001697,7451,cpu,cjmp,False,2147483649,0,,,,,,16782999.0,16782918.0
16782918,"0x1001648,rip,=",False,16782816,16783104,2,jmp 0x1001648,jmp 0x1001648,eb00,cpu,jmp,False,1,0,,,,,"[{'addr': 16782920, 'type': 'CODE'}]",16782920.0,
16782920,"0x30,rbp,-,[4],rax,=",True,16782816,16783103,3,"mov eax, dword [rbp - 0x30]","mov eax, dword [var_38h]",8b45d0,cpu,mov,False,9,0,,"[{'addr': 16782918, 'type': 'CODE'}]",,,,,
16782923,"2,eax,-=,2,0x80000000,-,!,31,$o,^,of,:=,31,$s,sf,:=,$z,zf,:=,$p,pf,:=,32,$b,cf,:=,3,$b,af,:=",False,16782816,16783103,3,"sub eax, 2","sub eax, 2",83e802,cpu,sub,False,18,0,,,2.0,,,,
16782926,"zf,?{,16783099,rip,=,}",False,16782816,16783100,6,je 0x10016fb,je 0x10016fb,0f84a7000000,cpu,cjmp,False,2147483649,0,,,,,,16783099.0,16782932.0
16782932,"0x1001656,rip,=",False,16782816,16783104,2,jmp 0x1001656,jmp 0x1001656,eb00,cpu,jmp,False,1,0,,,,,"[{'addr': 16782934, 'type': 'CODE'}]",16782934.0,
16782934,"0x1001658,rip,=",False,16782816,16783104,2,jmp 0x1001658,jmp 0x1001658,eb00,cpu,jmp,False,1,0,,"[{'addr': 16782932, 'type': 'CODE'}]",,,"[{'addr': 16782936, 'type': 'CODE'}]",16782936.0,
16782936,"0x1001632,rip,=",False,16782816,16783104,2,jmp 0x1001632,jmp 0x1001632,ebd8,cpu,jmp,False,1,0,,"[{'addr': 16782934, 'type': 'CODE'}, {'addr': 16782997, 'type': 'CODE'}, {'addr': 16783094, 'type': 'CODE'}]",,,"[{'addr': 16782898, 'type': 'CODE'}]",16782898.0,
16782938,"0x18,rbp,-,[8],xmm0,=",True,16782816,16783101,5,"movsd xmm0, qword [rbp - 0x18]","movsd xmm0, qword [var_20h]",f20f1045e8,sse,mov,False,9,0,,,,,,,
16782943,"0x11b7,rip,-,[8],xmm1,=",True,16782816,16783098,8,"movsd xmm1, qword [rip - 0x11b7]","movsd xmm1, qword [data.010004b0]",f20f100d49eeffff,sse,mov,False,9,0,,,,16778416.0,"[{'addr': 16778416, 'type': 'DATA'}]",,
16782951,"2,rax,=",False,16782816,16783101,5,"mov eax, 2","mov eax, 2",b802000000,cpu,mov,False,9,0,,,2.0,,,,
16782956,"1,rcx,=",False,16782816,16783101,5,"mov ecx, 1","mov ecx, 1",b901000000,cpu,mov,False,9,0,,,1.0,,,,
16782961,,False,16782816,16783102,4,"ucomisd xmm0, xmm1","ucomisd xmm0, xmm1",660f2ec1,sse,null,False,0,0,,,,,,,
16782965,"cf,zf,|,!,?{,ecx,eax,=,}",False,16782816,16783103,3,"cmova eax, ecx","cmova eax, ecx",0f47c1,cpu,cmov,False,2147483657,0,,,,,,,
16782968,"eax,0x2c,rbp,-,=[4]",True,16782816,16783103,3,"mov dword [rbp - 0x2c], eax","mov dword [var_34h], eax",8945d4,cpu,mov,False,268435465,0,,,,,,,
16782971,"0x11e3,rip,-,[8],xmm0,=",True,16782816,16783098,8,"movsd xmm0, qword [rip - 0x11e3]","movsd xmm0, qword [data.010004a0]",f20f10051deeffff,sse,mov,False,9,0,,,,16778400.0,"[{'addr': 16778400, 'type': 'DATA'}]",,
16782979,"xmm0,0x10,rbp,-,=[8]",True,16782816,16783101,5,"movsd qword [rbp - 0x10], xmm0","movsd qword [var_18h], xmm0",f20f1145f0,sse,mov,False,268435465,0,,,,,,,
16782984,"0x11f0,rip,-,[8],xmm0,=",True,16782816,16783098,8,"movsd xmm0, qword [rip - 0x11f0]","movsd xmm0, qword [data.010004a0]",f20f100510eeffff,sse,mov,False,9,0,,,,16778400.0,"[{'addr': 16778400, 'type': 'DATA'}]",,
16782992,"xmm0,0x8,rbp,-,=[8]",True,16782816,16783101,5,"movsd qword [rbp - 8], xmm0","movsd qword [var_10h], xmm0",f20f1145f8,sse,mov,False,268435465,0,,,,,,,
16782997,"0x1001658,rip,=",False,16782816,16783104,2,jmp 0x1001658,jmp 0x1001658,ebc1,cpu,jmp,False,1,0,,,,,"[{'addr': 16782936, 'type': 'CODE'}]",16782936.0,
16782999,"0x10,rbp,-,[8],xmm0,=",True,16782816,16783101,5,"movsd xmm0, qword [rbp - 0x10]","movsd xmm0, qword [var_18h]",f20f1045f0,sse,mov,False,9,0,,,,,,,
16783004,"0x28,rbp,-,[8],xmm1,=",True,16782816,16783101,5,"movsd xmm1, qword [rbp - 0x28]","movsd xmm1, qword [var_30h]",f20f104dd8,sse,mov,False,9,0,,,,,,,
16783009,,False,16782816,16783102,4,"divsd xmm1, xmm0","divsd xmm1, xmm0",f20f5ec8,sse,null,False,0,0,,,,,,,
16783013,"xmm1,xmm0,+=",False,16782816,16783102,4,"addsd xmm0, xmm1","addsd xmm0, xmm1",f20f58c1,sse,add,False,17,0,,,123.0,,,,
16783017,"0x1209,rip,-,[8],xmm1,=",True,16782816,16783098,8,"movsd xmm1, qword [rip - 0x1209]","movsd xmm1, qword [data.010004a8]",f20f100df7edffff,sse,mov,False,9,0,,,,16778408.0,"[{'addr': 16778408, 'type': 'DATA'}]",,
16783025,"xmm1,xmm0,*=",False,16782816,16783102,4,"mulsd xmm0, xmm1","mulsd xmm0, xmm1",f20f59c1,sse,mul,False,20,0,,,,,,,
16783029,"0x20,rbp,-,[8],xmm2,=",True,16782816,16783101,5,"movsd xmm2, qword [rbp - 0x20]","movsd xmm2, qword [var_28h]",f20f1055e0,sse,mov,False,9,0,,,,,,,
16783034,"xmm0,xmm1,=",False,16782816,16783103,3,"movaps xmm1, xmm0","movaps xmm1, xmm0",0f28c8,sse,mov,False,9,0,,,,,,,
16783037,"xmm1,xmm1,*=",False,16782816,16783102,4,"mulsd xmm1, xmm1","mulsd xmm1, xmm1",f20f59c9,sse,mul,False,20,0,,,,,,,
16783041,"xmm2,xmm1,+=",False,16782816,16783102,4,"addsd xmm1, xmm2","addsd xmm1, xmm2",f20f58ca,sse,add,False,17,0,,,124.0,,,,
16783045,"0x123c,rip,-,[16],xmm2,=",True,16782816,16783099,7,"movaps xmm2, xmmword [rip - 0x123c]","movaps xmm2, xmmword [data.01000490]",0f2815c4edffff,sse,mov,False,9,0,,,,16778384.0,"[{'addr': 16778384, 'type': 'DATA'}]",,
16783052,,False,16782816,16783102,4,"pand xmm1, xmm2","pand xmm1, xmm2",660fdbca,sse,null,False,0,0,,,,,,,
16783056,"0x1228,rip,-,[8],xmm2,=",True,16782816,16783098,8,"movsd xmm2, qword [rip - 0x1228]","movsd xmm2, qword [data.010004b0]",f20f1015d8edffff,sse,mov,False,9,0,,,,16778416.0,"[{'addr': 16778416, 'type': 'DATA'}]",,
16783064,"2,rax,=",False,16782816,16783101,5,"mov eax, 2","mov eax, 2",b802000000,cpu,mov,False,9,0,,,2.0,,,,
16783069,"1,rcx,=",False,16782816,16783101,5,"mov ecx, 1","mov ecx, 1",b901000000,cpu,mov,False,9,0,,,1.0,,,,
16783074,,False,16782816,16783102,4,"ucomisd xmm1, xmm2","ucomisd xmm1, xmm2",660f2eca,sse,null,False,0,0,,,,,,,
16783078,"cf,zf,|,!,?{,ecx,eax,=,}",False,16782816,16783103,3,"cmova eax, ecx","cmova eax, ecx",0f47c1,cpu,cmov,False,2147483657,0,,,,,,,
16783081,"eax,0x2c,rbp,-,=[4]",True,16782816,16783103,3,"mov dword [rbp - 0x2c], eax","mov dword [var_34h], eax",8945d4,cpu,mov,False,268435465,0,,,,,,,
16783084,"xmm0,0x10,rbp,-,=[8]",True,16782816,16783101,5,"movsd qword [rbp - 0x10], xmm0","movsd qword [var_18h], xmm0",f20f1145f0,sse,mov,False,268435465,0,,,,,,,
16783089,"xmm0,0x8,rbp,-,=[8]",True,16782816,16783101,5,"movsd qword [rbp - 8], xmm0","movsd qword [var_10h], xmm0",f20f1145f8,sse,mov,False,268435465,0,,,,,,,
16783094,"0x1001658,rip,=",False,16782816,16783101,5,jmp 0x1001658,jmp 0x1001658,e95dffffff,cpu,jmp,False,1,0,,,,,"[{'addr': 16782936, 'type': 'CODE'}]",16782936.0,
16783099,"0x8,rbp,-,[8],xmm0,=",True,16782816,16783101,5,"movsd xmm0, qword [rbp - 8]","movsd xmm0, qword [var_10h]",f20f1045f8,sse,mov,False,9,0,,,,,,,
16783104,"rsp,[8],8,rsp,+=,rbp,=",False,16782816,16783105,1,pop rbp,pop rbp,5d,cpu,pop,False,14,0,,,,,,,
16783105,"rsp,[8],rip,=,8,rsp,+=",False,16782816,16783105,1,ret,ret,c3,cpu,ret,False,5,0,,,,,,,
