offset,esil,refptr,fcn_addr,fcn_last,size,opcode,disasm,bytes,family,type,reloc,type_num,type2_num,flags,xrefs_to,val,jump,fail,ptr,xrefs_from,comment
16782784,"rbp,8,rsp,-,=[8],8,rsp,-=",False,16782784,16783084,1,push rbp,push rbp,55,cpu,rpush,False,268435468,0,"['sym.reverse', 'dbg.reverse']","[{'addr': 16783133, 'type': 'CALL'}]",,,,,,
16782785,"rsp,rbp,=",False,16782784,16783082,3,"mov rbp, rsp","mov rbp, rsp",4889e5,cpu,mov,False,9,0,,,,,,,,
16782788,"edi,0x14,rbp,-,=[4]",True,16782784,16783082,3,"mov dword [rbp - 0x14], edi","mov dword [var_1ch], edi",897dec,cpu,mov,False,268435465,0,,,,,,,,
16782791,"0,0x10,rbp,-,=[4]",True,16782784,16783078,7,"mov dword [rbp - 0x10], 0","mov dword [var_18h], 0",c745f000000000,cpu,mov,False,268435465,0,,,0.0,,,,,
16782798,"0x10,rbp,-,[4],rax,=",True,16782784,16783082,3,"mov eax, dword [rbp - 0x10]","mov eax, dword [var_18h]",8b45f0,cpu,mov,False,9,0,,"[{'addr': 16782833, 'type': 'CODE'}]",,,,,,
16782801,"rax,0x20,rbp,-,=[8]",True,16782784,16783081,4,"mov qword [rbp - 0x20], rax","mov qword [var_28h], rax",488945e0,cpu,mov,False,268435465,0,,,,,,,,
16782805,"5,rax,-=,5,0x8000000000000000,-,!,63,$o,^,of,:=,63,$s,sf,:=,$z,zf,:=,$p,pf,:=,64,$b,cf,:=,3,$b,af,:=",False,16782784,16783081,4,"sub rax, 5","sub rax, 5",4883e805,cpu,sub,False,18,0,,,5.0,,,,,
16782809,"cf,zf,|,!,?{,16782831,rip,=,}",False,16782784,16783083,2,ja 0x10015ef,ja 0x10015ef,7714,cpu,cjmp,False,2147483649,0,,,,16782831.0,16782811.0,,,
16782811,"0x20,rbp,-,[8],rax,=",True,16782784,16783081,4,"mov rax, qword [rbp - 0x20]","mov rax, qword [var_28h]",488b45e0,cpu,mov,False,9,0,,,,,,,,
16782815,"0x116a,rip,-,rcx,=",True,16782784,16783078,7,"lea rcx, [rip - 0x116a]","lea rcx, data.0100047c",488d0d96eeffff,cpu,lea,False,33,0,,,,,,16778364.0,"[{'addr': 16778364, 'type': 'DATA'}]",
16782822,"32,rax,4,*,rcx,+,[4],~,rax,=",True,16782784,16783081,4,"movsxd rax, dword [rcx + rax*4]","movsxd rax, dword [rcx + rax*4]",48630481,cpu,mov,False,9,0,,,,,,,,
16782826,"rcx,rax,+=,63,$o,of,:=,63,$s,sf,:=,$z,zf,:=,63,$c,cf,:=,$p,pf,:=,3,$c,af,:=",False,16782784,16783082,3,"add rax, rcx","add rax, rcx",4801c8,cpu,add,False,17,0,,,,,,,,
16782829,"rax,rip,=",False,16782784,16783083,2,jmp rax,jmp rax,ffe0,cpu,rjmp,False,268435458,0,['switch.0x010015ed'],,,,,,"[{'addr': 16782835, 'type': 'CODE'}, {'addr': 16782876, 'type': 'CODE'}, {'addr': 16782952, 'type': 'CODE'}, {'addr': 16782957, 'type': 'CODE'}, {'addr': 16782962, 'type': 'CODE'}, {'addr': 16783041, 'type': 'CODE'}]",c3dpdGNoIHRhYmxlICg2IGNhc2VzKSBhdCAweDEwMDA0N2M=
16782831,"0x10015f1,rip,=",False,16782784,16783083,2,jmp 0x10015f1,jmp 0x10015f1,eb00,cpu,jmp,False,1,0,,,,16782833.0,,,"[{'addr': 16782833, 'type': 'CODE'}]",
16782833,"0x10015ce,rip,=",False,16782784,16783083,2,jmp 0x10015ce,jmp 0x10015ce,ebdb,cpu,jmp,False,1,0,,"[{'addr': 16782831, 'type': 'CODE'}, {'addr': 16782874, 'type': 'CODE'}, {'addr': 16782950, 'type': 'CODE'}, {'addr': 16783036, 'type': 'CODE'}, {'addr': 16783080, 'type': 'CODE'}]",,16782798.0,,,"[{'addr': 16782798, 'type': 'CODE'}]",
16782835,"0x14,rbp,-,[4],rax,=",True,16782784,16783082,3,"mov eax, dword [rbp - 0x14]","mov eax, dword [var_1ch]",8b45ec,cpu,mov,False,9,0,['case.0x10015ed.0'],"[{'addr': 16782829, 'type': 'CODE'}]",,,,,,
16782838,"1,rcx,=",False,16782784,16783080,5,"mov ecx, 1","mov ecx, 1",b901000000,cpu,mov,False,9,0,,,1.0,,,,,
16782843,"2,rdx,=",False,16782784,16783080,5,"mov edx, 2","mov edx, 2",ba02000000,cpu,mov,False,9,0,,,2.0,,,,,
16782848,"0,eax,==,$z,zf,:=,32,$b,cf,:=,$p,pf,:=,31,$s,sf,:=,0,0x80000000,-,!,31,$o,^,of,:=,3,$b,af,:=",False,16782784,16783082,3,"cmp eax, 0","cmp eax, 0",83f800,cpu,cmp,False,15,0,,,0.0,,,0.0,,
16782851,"zf,?{,edx,ecx,=,}",False,16782784,16783082,3,"cmove ecx, edx","cmove ecx, edx",0f44ca,cpu,cmov,False,2147483657,0,,,,,,,,
16782854,"ecx,0x10,rbp,-,=[4]",True,16782784,16783082,3,"mov dword [rbp - 0x10], ecx","mov dword [var_18h], ecx",894df0,cpu,mov,False,268435465,0,,,,,,,,
16782857,"eax,0xc,rbp,-,=[4]",True,16782784,16783082,3,"mov dword [rbp - 0xc], eax","mov dword [var_14h], eax",8945f4,cpu,mov,False,268435465,0,,,,,,,,
16782860,"0,0x8,rbp,-,=[4]",True,16782784,16783078,7,"mov dword [rbp - 8], 0","mov dword [var_10h], 0",c745f800000000,cpu,mov,False,268435465,0,,,0.0,,,,,
16782867,"0,0x4,rbp,-,=[4]",True,16782784,16783078,7,"mov dword [rbp - 4], 0","mov dword [var_ch], 0",c745fc00000000,cpu,mov,False,268435465,0,,,0.0,,,,,
16782874,"0x10015f1,rip,=",False,16782784,16783083,2,jmp 0x10015f1,jmp 0x10015f1,ebd5,cpu,jmp,False,1,0,,,,16782833.0,,,"[{'addr': 16782833, 'type': 'CODE'}]",
16782876,"0x8,rbp,-,[4],rax,=",True,16782784,16783082,3,"mov eax, dword [rbp - 8]","mov eax, dword [var_10h]",8b45f8,cpu,mov,False,9,0,['case.0x10015ed.1'],"[{'addr': 16782829, 'type': 'CODE'}]",,,,,,
16782879,"eax,0x28,rbp,-,=[4]",True,16782784,16783082,3,"mov dword [rbp - 0x28], eax","mov dword [var_30h], eax",8945d8,cpu,mov,False,268435465,0,,,,,,,,
16782882,"0xc,rbp,-,[4],rdi,=",True,16782784,16783082,3,"mov edi, dword [rbp - 0xc]","mov edi, dword [var_14h]",8b7df4,cpu,mov,False,9,0,,,,,,,,
16782885,"10,rcx,=",False,16782784,16783080,5,"mov ecx, 0xa","mov ecx, 0xa",b90a000000,cpu,mov,False,9,0,,,10.0,,,,,
16782890,"edi,rax,=",False,16782784,16783083,2,"mov eax, edi","mov eax, edi",89f8,cpu,mov,False,9,0,,,,,,,,
16782892,"0,edx,=,31,eax,>>,?{,0xffffffff,edx,=,}",False,16782784,16783084,1,cdq,cdq,99,cpu,null,False,0,0,,,,,,,,
16782893,"32,ecx,~,32,edx,<<,eax,+,~%,32,ecx,~,32,edx,<<,eax,+,~/,eax,=,edx,=",False,16782784,16783083,2,idiv ecx,idiv ecx,f7f9,cpu,div,False,21,0,,,,,,,,
16782895,"0x28,rbp,-,[4],rax,=",True,16782784,16783082,3,"mov eax, dword [rbp - 0x28]","mov eax, dword [var_30h]",8b45d8,cpu,mov,False,9,0,,,,,,,,
16782898,"32,10,~,32,eax,~,*,DUP,eax,=,eax,-,?{,1,1,}{,0,0,},cf,:=,of,:=",False,16782784,16783082,3,"imul eax, eax, 0xa","imul eax, eax, 0xa",6bc00a,cpu,mul,False,20,0,,,,,,,,
16782901,"eax,edx,+=,31,$o,of,:=,31,$s,sf,:=,$z,zf,:=,31,$c,cf,:=,$p,pf,:=,3,$c,af,:=",False,16782784,16783083,2,"add edx, eax","add edx, eax",01c2,cpu,add,False,17,0,,,,,,,,
16782903,"edx,0x24,rbp,-,=[4]",True,16782784,16783082,3,"mov dword [rbp - 0x24], edx","mov dword [var_2ch], edx",8955dc,cpu,mov,False,268435465,0,,,,,,,,
16782906,"10,rcx,=",False,16782784,16783080,5,"mov ecx, 0xa","mov ecx, 0xa",b90a000000,cpu,mov,False,9,0,,,10.0,,,,,
16782911,"edi,rax,=",False,16782784,16783083,2,"mov eax, edi","mov eax, edi",89f8,cpu,mov,False,9,0,,,,,,,,
16782913,"0,edx,=,31,eax,>>,?{,0xffffffff,edx,=,}",False,16782784,16783084,1,cdq,cdq,99,cpu,null,False,0,0,,,,,,,,
16782914,"32,ecx,~,32,edx,<<,eax,+,~%,32,ecx,~,32,edx,<<,eax,+,~/,eax,=,edx,=",False,16782784,16783083,2,idiv ecx,idiv ecx,f7f9,cpu,div,False,21,0,,,,,,,,
16782916,"0x24,rbp,-,[4],rdx,=",True,16782784,16783082,3,"mov edx, dword [rbp - 0x24]","mov edx, dword [var_2ch]",8b55dc,cpu,mov,False,9,0,,,,,,,,
16782919,"9,edi,+=,31,$o,of,:=,31,$s,sf,:=,$z,zf,:=,31,$c,cf,:=,$p,pf,:=,3,$c,af,:=",False,16782784,16783082,3,"add edi, 9","add edi, 9",83c709,cpu,add,False,17,0,,,9.0,,,,,
16782922,"1,rcx,=",False,16782784,16783080,5,"mov ecx, 1","mov ecx, 1",b901000000,cpu,mov,False,9,0,,,1.0,,,,,
16782927,"2,rsi,=",False,16782784,16783080,5,"mov esi, 2","mov esi, 2",be02000000,cpu,mov,False,9,0,,,2.0,,,,,
16782932,"19,edi,==,$z,zf,:=,32,$b,cf,:=,$p,pf,:=,31,$s,sf,:=,19,0x80000000,-,!,31,$o,^,of,:=,3,$b,af,:=",False,16782784,16783082,3,"cmp edi, 0x13","cmp edi, 0x13",83ff13,cpu,cmp,False,15,0,,,19.0,,,19.0,,
16782935,"cf,?{,esi,ecx,=,}",False,16782784,16783082,3,"cmovb ecx, esi","cmovb ecx, esi",0f42ce,cpu,cmov,False,2147483657,0,,,,,,,,
16782938,"ecx,0x10,rbp,-,=[4]",True,16782784,16783082,3,"mov dword [rbp - 0x10], ecx","mov dword [var_18h], ecx",894df0,cpu,mov,False,268435465,0,,,,,,,,
16782941,"eax,0xc,rbp,-,=[4]",True,16782784,16783082,3,"mov dword [rbp - 0xc], eax","mov dword [var_14h], eax",8945f4,cpu,mov,False,268435465,0,,,,,,,,
16782944,"edx,0x8,rbp,-,=[4]",True,16782784,16783082,3,"mov dword [rbp - 8], edx","mov dword [var_10h], edx",8955f8,cpu,mov,False,268435465,0,,,,,,,,
16782947,"edx,0x4,rbp,-,=[4]",True,16782784,16783082,3,"mov dword [rbp - 4], edx","mov dword [var_ch], edx",8955fc,cpu,mov,False,268435465,0,,,,,,,,
16782950,"0x10015f1,rip,=",False,16782784,16783083,2,jmp 0x10015f1,jmp 0x10015f1,eb89,cpu,jmp,False,1,0,,,,16782833.0,,,"[{'addr': 16782833, 'type': 'CODE'}]",
16782952,"0x4,rbp,-,[4],rax,=",True,16782784,16783082,3,"mov eax, dword [rbp - 4]","mov eax, dword [var_ch]",8b45fc,cpu,mov,False,9,0,['case.0x10015ed.2'],"[{'addr': 16782829, 'type': 'CODE'}]",,,,,,
16782955,"rsp,[8],8,rsp,+=,rbp,=",False,16782784,16783084,1,pop rbp,pop rbp,5d,cpu,pop,False,14,0,,,,,,,,
16782956,"rsp,[8],rip,=,8,rsp,+=",False,16782784,16783084,1,ret,ret,c3,cpu,ret,False,5,0,,,,,,,,
16782957,"0x4,rbp,-,[4],rax,=",True,16782784,16783082,3,"mov eax, dword [rbp - 4]","mov eax, dword [var_ch]",8b45fc,cpu,mov,False,9,0,['case.0x10015ed.3'],"[{'addr': 16782829, 'type': 'CODE'}]",,,,,,
16782960,"rsp,[8],8,rsp,+=,rbp,=",False,16782784,16783084,1,pop rbp,pop rbp,5d,cpu,pop,False,14,0,,,,,,,,
16782961,"rsp,[8],rip,=,8,rsp,+=",False,16782784,16783084,1,ret,ret,c3,cpu,ret,False,5,0,,,,,,,,
16782962,"0x8,rbp,-,[4],rax,=",True,16782784,16783082,3,"mov eax, dword [rbp - 8]","mov eax, dword [var_10h]",8b45f8,cpu,mov,False,9,0,['case.0x10015ed.4'],"[{'addr': 16782829, 'type': 'CODE'}]",,,,,,
16782965,"eax,0x30,rbp,-,=[4]",True,16782784,16783082,3,"mov dword [rbp - 0x30], eax","mov dword [var_38h], eax",8945d0,cpu,mov,False,268435465,0,,,,,,,,
16782968,"0xc,rbp,-,[4],rdi,=",True,16782784,16783082,3,"mov edi, dword [rbp - 0xc]","mov edi, dword [var_14h]",8b7df4,cpu,mov,False,9,0,,,,,,,,
16782971,"10,rcx,=",False,16782784,16783080,5,"mov ecx, 0xa","mov ecx, 0xa",b90a000000,cpu,mov,False,9,0,,,10.0,,,,,
16782976,"edi,rax,=",False,16782784,16783083,2,"mov eax, edi","mov eax, edi",89f8,cpu,mov,False,9,0,,,,,,,,
16782978,"0,edx,=,31,eax,>>,?{,0xffffffff,edx,=,}",False,16782784,16783084,1,cdq,cdq,99,cpu,null,False,0,0,,,,,,,,
16782979,"32,ecx,~,32,edx,<<,eax,+,~%,32,ecx,~,32,edx,<<,eax,+,~/,eax,=,edx,=",False,16782784,16783083,2,idiv ecx,idiv ecx,f7f9,cpu,div,False,21,0,,,,,,,,
16782981,"0x30,rbp,-,[4],rax,=",True,16782784,16783082,3,"mov eax, dword [rbp - 0x30]","mov eax, dword [var_38h]",8b45d0,cpu,mov,False,9,0,,,,,,,,
16782984,"32,10,~,32,eax,~,*,DUP,eax,=,eax,-,?{,1,1,}{,0,0,},cf,:=,of,:=",False,16782784,16783082,3,"imul eax, eax, 0xa","imul eax, eax, 0xa",6bc00a,cpu,mul,False,20,0,,,,,,,,
16782987,"eax,edx,+=,31,$o,of,:=,31,$s,sf,:=,$z,zf,:=,31,$c,cf,:=,$p,pf,:=,3,$c,af,:=",False,16782784,16783083,2,"add edx, eax","add edx, eax",01c2,cpu,add,False,17,0,,,,,,,,
16782989,"edx,0x2c,rbp,-,=[4]",True,16782784,16783082,3,"mov dword [rbp - 0x2c], edx","mov dword [var_34h], edx",8955d4,cpu,mov,False,268435465,0,,,,,,,,
16782992,"10,rcx,=",False,16782784,16783080,5,"mov ecx, 0xa","mov ecx, 0xa",b90a000000,cpu,mov,False,9,0,,,10.0,,,,,
16782997,"edi,rax,=",False,16782784,16783083,2,"mov eax, edi","mov eax, edi",89f8,cpu,mov,False,9,0,,,,,,,,
16782999,"0,edx,=,31,eax,>>,?{,0xffffffff,edx,=,}",False,16782784,16783084,1,cdq,cdq,99,cpu,null,False,0,0,,,,,,,,
16783000,"32,ecx,~,32,edx,<<,eax,+,~%,32,ecx,~,32,edx,<<,eax,+,~/,eax,=,edx,=",False,16782784,16783083,2,idiv ecx,idiv ecx,f7f9,cpu,div,False,21,0,,,,,,,,
16783002,"0x2c,rbp,-,[4],rdx,=",True,16782784,16783082,3,"mov edx, dword [rbp - 0x2c]","mov edx, dword [var_34h]",8b55d4,cpu,mov,False,9,0,,,,,,,,
16783005,"9,edi,+=,31,$o,of,:=,31,$s,sf,:=,$z,zf,:=,31,$c,cf,:=,$p,pf,:=,3,$c,af,:=",False,16782784,16783082,3,"add edi, 9","add edi, 9",83c709,cpu,add,False,17,0,,,9.0,,,,,
16783008,"1,rcx,=",False,16782784,16783080,5,"mov ecx, 1","mov ecx, 1",b901000000,cpu,mov,False,9,0,,,1.0,,,,,
16783013,"2,rsi,=",False,16782784,16783080,5,"mov esi, 2","mov esi, 2",be02000000,cpu,mov,False,9,0,,,2.0,,,,,
16783018,"19,edi,==,$z,zf,:=,32,$b,cf,:=,$p,pf,:=,31,$s,sf,:=,19,0x80000000,-,!,31,$o,^,of,:=,3,$b,af,:=",False,16782784,16783082,3,"cmp edi, 0x13","cmp edi, 0x13",83ff13,cpu,cmp,False,15,0,,,19.0,,,19.0,,
16783021,"cf,?{,esi,ecx,=,}",False,16782784,16783082,3,"cmovb ecx, esi","cmovb ecx, esi",0f42ce,cpu,cmov,False,2147483657,0,,,,,,,,
16783024,"ecx,0x10,rbp,-,=[4]",True,16782784,16783082,3,"mov dword [rbp - 0x10], ecx","mov dword [var_18h], ecx",894df0,cpu,mov,False,268435465,0,,,,,,,,
16783027,"eax,0xc,rbp,-,=[4]",True,16782784,16783082,3,"mov dword [rbp - 0xc], eax","mov dword [var_14h], eax",8945f4,cpu,mov,False,268435465,0,,,,,,,,
16783030,"edx,0x8,rbp,-,=[4]",True,16782784,16783082,3,"mov dword [rbp - 8], edx","mov dword [var_10h], edx",8955f8,cpu,mov,False,268435465,0,,,,,,,,
16783033,"edx,0x4,rbp,-,=[4]",True,16782784,16783082,3,"mov dword [rbp - 4], edx","mov dword [var_ch], edx",8955fc,cpu,mov,False,268435465,0,,,,,,,,
16783036,"0x10015f1,rip,=",False,16782784,16783080,5,jmp 0x10015f1,jmp 0x10015f1,e930ffffff,cpu,jmp,False,1,0,,,,16782833.0,,,"[{'addr': 16782833, 'type': 'CODE'}]",
16783041,"0x14,rbp,-,[4],rax,=",True,16782784,16783082,3,"mov eax, dword [rbp - 0x14]","mov eax, dword [var_1ch]",8b45ec,cpu,mov,False,9,0,['case.0x10015ed.5'],"[{'addr': 16782829, 'type': 'CODE'}]",,,,,,
16783044,"1,rcx,=",False,16782784,16783080,5,"mov ecx, 1","mov ecx, 1",b901000000,cpu,mov,False,9,0,,,1.0,,,,,
16783049,"2,rdx,=",False,16782784,16783080,5,"mov edx, 2","mov edx, 2",ba02000000,cpu,mov,False,9,0,,,2.0,,,,,
16783054,"0,eax,==,$z,zf,:=,32,$b,cf,:=,$p,pf,:=,31,$s,sf,:=,0,0x80000000,-,!,31,$o,^,of,:=,3,$b,af,:=",False,16782784,16783082,3,"cmp eax, 0","cmp eax, 0",83f800,cpu,cmp,False,15,0,,,0.0,,,0.0,,
16783057,"zf,?{,edx,ecx,=,}",False,16782784,16783082,3,"cmove ecx, edx","cmove ecx, edx",0f44ca,cpu,cmov,False,2147483657,0,,,,,,,,
16783060,"ecx,0x10,rbp,-,=[4]",True,16782784,16783082,3,"mov dword [rbp - 0x10], ecx","mov dword [var_18h], ecx",894df0,cpu,mov,False,268435465,0,,,,,,,,
16783063,"eax,0xc,rbp,-,=[4]",True,16782784,16783082,3,"mov dword [rbp - 0xc], eax","mov dword [var_14h], eax",8945f4,cpu,mov,False,268435465,0,,,,,,,,
16783066,"0,0x8,rbp,-,=[4]",True,16782784,16783078,7,"mov dword [rbp - 8], 0","mov dword [var_10h], 0",c745f800000000,cpu,mov,False,268435465,0,,,0.0,,,,,
16783073,"0,0x4,rbp,-,=[4]",True,16782784,16783078,7,"mov dword [rbp - 4], 0","mov dword [var_ch], 0",c745fc00000000,cpu,mov,False,268435465,0,,,0.0,,,,,
16783080,"0x10015f1,rip,=",False,16782784,16783080,5,jmp 0x10015f1,jmp 0x10015f1,e904ffffff,cpu,jmp,False,1,0,,,,16782833.0,,,"[{'addr': 16782833, 'type': 'CODE'}]",
