offset,esil,refptr,fcn_addr,fcn_last,size,opcode,disasm,bytes,family,type,reloc,type_num,type2_num,flags,xrefs_to,ptr,xrefs_from
16786624,"rbp,8,rsp,-,=[8],8,rsp,-=",False,16786624,16786722,1,push rbp,push rbp,55,cpu,rpush,False,268435468,0,['sym.step11'],"[{'addr': 16783802, 'type': 'CALL'}]",,
16786625,"rsp,rbp,=",False,16786624,16786720,3,"mov rbp, rsp","mov rbp, rsp",4889e5,cpu,mov,False,9,0,,,,
16786628,"rdi,[16],xmm1,=",True,16786624,16786720,3,"movups xmm1, xmmword [rdi]","movups xmm1, xmmword [rdi]",0f100f,sse,mov,False,9,0,,,,
16786631,"xmm1,xmm0,=",False,16786624,16786720,3,"movaps xmm0, xmm1","movaps xmm0, xmm1",0f28c1,sse,mov,False,9,0,,,,
16786634,,False,16786624,16786718,5,"pslld xmm0, 0x1f","pslld xmm0, 0x1f",660f72f01f,sse,null,False,0,0,,,,
16786639,,False,16786624,16786718,5,"psrad xmm0, 0x1f","psrad xmm0, 0x1f",660f72e01f,sse,null,False,0,0,,,,
16786644,"0x1f3b,rip,-,[16],xmm4,=",True,16786624,16786716,7,"movaps xmm4, xmmword [rip - 0x1f3b]","movaps xmm4, xmmword [data.010005a0]",0f2825c5e0ffff,sse,mov,False,9,0,,,16778656.0,"[{'addr': 16778656, 'type': 'DATA'}]"
16786651,"xmm0,xmm2,=",False,16786624,16786720,3,"movaps xmm2, xmm0","movaps xmm2, xmm0",0f28d0,sse,mov,False,9,0,,,,
16786654,,False,16786624,16786719,4,"pandn xmm2, xmm4","pandn xmm2, xmm4",660fdfd4,sse,null,False,0,0,,,,
16786658,"0x1fc9,rip,-,[16],xmm3,=",True,16786624,16786716,7,"movaps xmm3, xmmword [rip - 0x1fc9]","movaps xmm3, xmmword [data.01000520]",0f281d37e0ffff,sse,mov,False,9,0,,,16778528.0,"[{'addr': 16778528, 'type': 'DATA'}]"
16786665,,False,16786624,16786719,4,"pand xmm0, xmm3","pand xmm0, xmm3",660fdbc3,sse,null,False,0,0,,,,
16786669,,False,16786624,16786719,4,"por xmm0, xmm2","por xmm0, xmm2",660febc2,sse,null,False,0,0,,,,
16786673,"xmm1,xmm0,^=,$z,zf,:=,$p,pf,:=,127,$s,sf,:=,0,cf,:=,0,of,:=",False,16786624,16786719,4,"pxor xmm0, xmm1","pxor xmm0, xmm1",660fefc1,sse,xor,False,28,0,,,,
16786677,"xmm0,rdi,=[16]",True,16786624,16786720,3,"movups xmmword [rdi], xmm0","movups xmmword [rdi], xmm0",0f1107,sse,mov,False,9,0,,,,
16786680,"0x10,rdi,+,[16],xmm1,=",True,16786624,16786719,4,"movups xmm1, xmmword [rdi + 0x10]","movups xmm1, xmmword [rdi + 0x10]",0f104f10,sse,mov,False,9,0,,,,
16786684,"xmm1,xmm0,=",False,16786624,16786720,3,"movaps xmm0, xmm1","movaps xmm0, xmm1",0f28c1,sse,mov,False,9,0,,,,
16786687,,False,16786624,16786718,5,"pslld xmm0, 0x1f","pslld xmm0, 0x1f",660f72f01f,sse,null,False,0,0,,,,
16786692,,False,16786624,16786718,5,"psrad xmm0, 0x1f","psrad xmm0, 0x1f",660f72e01f,sse,null,False,0,0,,,,
16786697,"xmm0,xmm2,=",False,16786624,16786720,3,"movaps xmm2, xmm0","movaps xmm2, xmm0",0f28d0,sse,mov,False,9,0,,,,
16786700,,False,16786624,16786719,4,"pandn xmm2, xmm4","pandn xmm2, xmm4",660fdfd4,sse,null,False,0,0,,,,
16786704,,False,16786624,16786719,4,"pand xmm0, xmm3","pand xmm0, xmm3",660fdbc3,sse,null,False,0,0,,,,
16786708,,False,16786624,16786719,4,"por xmm0, xmm2","por xmm0, xmm2",660febc2,sse,null,False,0,0,,,,
16786712,"xmm1,xmm0,^=,$z,zf,:=,$p,pf,:=,127,$s,sf,:=,0,cf,:=,0,of,:=",False,16786624,16786719,4,"pxor xmm0, xmm1","pxor xmm0, xmm1",660fefc1,sse,xor,False,28,0,,,,
16786716,"xmm0,0x10,rdi,+,=[16]",False,16786624,16786718,5,"movdqu xmmword [rdi + 0x10], xmm0","movdqu xmmword [rdi + 0x10], xmm0",f30f7f4710,sse,null,False,0,0,,,,
16786721,"rsp,[8],8,rsp,+=,rbp,=",False,16786624,16786722,1,pop rbp,pop rbp,5d,cpu,pop,False,14,0,,,,
16786722,"rsp,[8],rip,=,8,rsp,+=",False,16786624,16786722,1,ret,ret,c3,cpu,ret,False,5,0,,,,
