offset,esil,refptr,fcn_addr,fcn_last,size,opcode,disasm,bytes,family,type,reloc,type_num,type2_num,flags,xrefs_to,ptr,xrefs_from
16783968,"rbp,8,rsp,-,=[8],8,rsp,-=",False,16783968,16784133,1,push rbp,push rbp,55,cpu,rpush,False,268435468,0,['sym.step2'],"[{'addr': 16783712, 'type': 'CALL'}]",,
16783969,"rsp,rbp,=",False,16783968,16784131,3,"mov rbp, rsp","mov rbp, rsp",4889e5,cpu,mov,False,9,0,,,,
16783972,"rdi,[16],xmm3,=",True,16783968,16784131,3,"movups xmm3, xmmword [rdi]","movups xmm3, xmmword [rdi]",0f101f,sse,mov,False,9,0,,,,
16783975,"xmm3,xmm2,=",False,16783968,16784131,3,"movaps xmm2, xmm3","movaps xmm2, xmm3",0f28d3,sse,mov,False,9,0,,,,
16783978,,False,16783968,16784129,5,"pslld xmm2, 0x1f","pslld xmm2, 0x1f",660f72f21f,sse,null,False,0,0,,,,
16783983,,False,16783968,16784129,5,"psrad xmm2, 0x1f","psrad xmm2, 0x1f",660f72e21f,sse,null,False,0,0,,,,
16783988,"0x14cb,rip,-,[16],xmm4,=",True,16783968,16784127,7,"movaps xmm4, xmmword [rip - 0x14cb]","movaps xmm4, xmmword [data.010005b0]",0f282535ebffff,sse,mov,False,9,0,,,16778672.0,"[{'addr': 16778672, 'type': 'DATA'}]"
16783995,"xmm2,xmm0,=",False,16783968,16784131,3,"movaps xmm0, xmm2","movaps xmm0, xmm2",0f28c2,sse,mov,False,9,0,,,,
16783998,,False,16783968,16784130,4,"pandn xmm0, xmm4","pandn xmm0, xmm4",660fdfc4,sse,null,False,0,0,,,,
16784002,"0x14c9,rip,-,[16],xmm1,=",True,16783968,16784127,7,"movaps xmm1, xmmword [rip - 0x14c9]","movaps xmm1, xmmword [data.010005c0]",0f280d37ebffff,sse,mov,False,9,0,,,16778688.0,"[{'addr': 16778688, 'type': 'DATA'}]"
16784009,,False,16783968,16784130,4,"pand xmm2, xmm1","pand xmm2, xmm1",660fdbd1,sse,null,False,0,0,,,,
16784013,,False,16783968,16784130,4,"por xmm2, xmm0","por xmm2, xmm0",660febd0,sse,null,False,0,0,,,,
16784017,"xmm3,xmm0,=",False,16783968,16784131,3,"movaps xmm0, xmm3","movaps xmm0, xmm3",0f28c3,sse,mov,False,9,0,,,,
16784020,,False,16783968,16784130,4,"por xmm0, xmm2","por xmm0, xmm2",660febc2,sse,null,False,0,0,,,,
16784024,,False,16783968,16784130,4,"pand xmm0, xmm3","pand xmm0, xmm3",660fdbc3,sse,null,False,0,0,,,,
16784028,,False,16783968,16784130,4,"paddd xmm0, xmm2","paddd xmm0, xmm2",660ffec2,sse,add,False,17,0,,,,
16784032,"xmm0,rdi,=[16]",True,16783968,16784131,3,"movups xmmword [rdi], xmm0","movups xmmword [rdi], xmm0",0f1107,sse,mov,False,9,0,,,,
16784035,"0x10,rdi,+,[16],xmm3,=",True,16783968,16784130,4,"movups xmm3, xmmword [rdi + 0x10]","movups xmm3, xmmword [rdi + 0x10]",0f105f10,sse,mov,False,9,0,,,,
16784039,"xmm3,xmm2,=",False,16783968,16784131,3,"movaps xmm2, xmm3","movaps xmm2, xmm3",0f28d3,sse,mov,False,9,0,,,,
16784042,,False,16783968,16784129,5,"pslld xmm2, 0x1f","pslld xmm2, 0x1f",660f72f21f,sse,null,False,0,0,,,,
16784047,,False,16783968,16784129,5,"psrad xmm2, 0x1f","psrad xmm2, 0x1f",660f72e21f,sse,null,False,0,0,,,,
16784052,"xmm2,xmm0,=",False,16783968,16784131,3,"movaps xmm0, xmm2","movaps xmm0, xmm2",0f28c2,sse,mov,False,9,0,,,,
16784055,,False,16783968,16784130,4,"pandn xmm0, xmm4","pandn xmm0, xmm4",660fdfc4,sse,null,False,0,0,,,,
16784059,,False,16783968,16784130,4,"pand xmm2, xmm1","pand xmm2, xmm1",660fdbd1,sse,null,False,0,0,,,,
16784063,,False,16783968,16784130,4,"por xmm2, xmm0","por xmm2, xmm0",660febd0,sse,null,False,0,0,,,,
16784067,,False,16783968,16784130,4,"pcmpeqd xmm6, xmm6","pcmpeqd xmm6, xmm6",660f76f6,sse,cmp,False,15,0,,,,
16784071,"xmm2,xmm0,=",False,16783968,16784131,3,"movaps xmm0, xmm2","movaps xmm0, xmm2",0f28c2,sse,mov,False,9,0,,,,
16784074,"xmm6,xmm0,^=,$z,zf,:=,$p,pf,:=,127,$s,sf,:=,0,cf,:=,0,of,:=",False,16783968,16784130,4,"pxor xmm0, xmm6","pxor xmm0, xmm6",660fefc6,sse,xor,False,28,0,,,,
16784078,"xmm0,xmm1,=",False,16783968,16784131,3,"movaps xmm1, xmm0","movaps xmm1, xmm0",0f28c8,sse,mov,False,9,0,,,,
16784081,"xmm2,xmm4,=",False,16783968,16784131,3,"movaps xmm4, xmm2","movaps xmm4, xmm2",0f28e2,sse,mov,False,9,0,,,,
16784084,"xmm3,xmm5,=",False,16783968,16784131,3,"movaps xmm5, xmm3","movaps xmm5, xmm3",0f28eb,sse,mov,False,9,0,,,,
16784087,,False,16783968,16784130,4,"pand xmm5, xmm2","pand xmm5, xmm2",660fdbea,sse,null,False,0,0,,,,
16784091,"xmm6,xmm5,^=,$z,zf,:=,$p,pf,:=,127,$s,sf,:=,0,cf,:=,0,of,:=",False,16783968,16784130,4,"pxor xmm5, xmm6","pxor xmm5, xmm6",660fefee,sse,xor,False,28,0,,,,
16784095,"xmm5,xmm4,^=,$z,zf,:=,$p,pf,:=,127,$s,sf,:=,0,cf,:=,0,of,:=",False,16783968,16784130,4,"pxor xmm4, xmm5","pxor xmm4, xmm5",660fefe5,sse,xor,False,28,0,,,,
16784099,"xmm4,xmm0,^=,$z,zf,:=,$p,pf,:=,127,$s,sf,:=,0,cf,:=,0,of,:=",False,16783968,16784130,4,"pxor xmm0, xmm4","pxor xmm0, xmm4",660fefc4,sse,xor,False,28,0,,,,
16784103,"xmm1,xmm1,^=,$z,zf,:=,$p,pf,:=,127,$s,sf,:=,0,cf,:=,0,of,:=",False,16783968,16784130,4,"pxor xmm1, xmm1","pxor xmm1, xmm1",660fefc9,sse,xor,False,28,0,,,,
16784107,,False,16783968,16784130,4,"por xmm1, xmm3","por xmm1, xmm3",660febcb,sse,null,False,0,0,,,,
16784111,,False,16783968,16784130,4,"por xmm1, xmm2","por xmm1, xmm2",660febca,sse,null,False,0,0,,,,
16784115,,False,16783968,16784130,4,"por xmm1, xmm2","por xmm1, xmm2",660febca,sse,null,False,0,0,,,,
16784119,,False,16783968,16784130,4,"por xmm1, xmm2","por xmm1, xmm2",660febca,sse,null,False,0,0,,,,
16784123,,False,16783968,16784130,4,"paddd xmm0, xmm1","paddd xmm0, xmm1",660ffec1,sse,add,False,17,0,,,,
16784127,"xmm0,0x10,rdi,+,=[16]",False,16783968,16784129,5,"movdqu xmmword [rdi + 0x10], xmm0","movdqu xmmword [rdi + 0x10], xmm0",f30f7f4710,sse,null,False,0,0,,,,
16784132,"rsp,[8],8,rsp,+=,rbp,=",False,16783968,16784133,1,pop rbp,pop rbp,5d,cpu,pop,False,14,0,,,,
16784133,"rsp,[8],rip,=,8,rsp,+=",False,16783968,16784133,1,ret,ret,c3,cpu,ret,False,5,0,,,,
