offset,esil,refptr,fcn_addr,fcn_last,size,opcode,disasm,bytes,family,type,reloc,type_num,type2_num,flags,xrefs_to,val,ptr,xrefs_from
16784560,"rbp,8,rsp,-,=[8],8,rsp,-=",False,16784560,16784866,1,push rbp,push rbp,55,cpu,rpush,False,268435468,0,['sym.step5'],"[{'addr': 16783742, 'type': 'CALL'}]",,,
16784561,"rsp,rbp,=",False,16784560,16784864,3,"mov rbp, rsp","mov rbp, rsp",4889e5,cpu,mov,False,9,0,,,,,
16784564,"32,rdi,[4],~,rcx,=",True,16784560,16784864,3,"movsxd rcx, dword [rdi]","movsxd rcx, dword [rdi]",48630f,cpu,mov,False,9,0,,,,,
16784567,"ecx,rax,=",False,16784560,16784865,2,"mov eax, ecx","mov eax, ecx",89c8,cpu,mov,False,9,0,,,,,
16784569,"64,1374389535,~,64,rcx,~,*,DUP,rcx,=,rcx,-,?{,1,1,}{,0,0,},cf,:=,of,:=",False,16784560,16784860,7,"imul rcx, rcx, 0x51eb851f","imul rcx, rcx, 0x51eb851f",4869c91f85eb51,cpu,mul,False,20,0,,,,,
16784576,"rcx,rdx,=",False,16784560,16784864,3,"mov rdx, rcx","mov rdx, rcx",4889ca,cpu,mov,False,9,0,,,,,
16784579,"0,cf,:=,1,63,-,1,<<,rdx,&,?{,1,cf,:=,},63,rdx,>>,rdx,=,$z,zf,:=,$p,pf,:=,63,$s,sf,:=",False,16784560,16784863,4,"shr rdx, 0x3f","shr rdx, 0x3f",48c1ea3f,cpu,shr,False,22,0,,,63.0,,
16784583,"0,cf,:=,1,37,-,1,<<,rcx,&,?{,1,cf,:=,},37,rcx,>>>>,rcx,=,$z,zf,:=,$p,pf,:=,63,$s,sf,:=",False,16784560,16784863,4,"sar rcx, 0x25","sar rcx, 0x25",48c1f925,cpu,sar,False,25,0,,,,,
16784587,"edx,ecx,+=,31,$o,of,:=,31,$s,sf,:=,$z,zf,:=,31,$c,cf,:=,$p,pf,:=,3,$c,af,:=",False,16784560,16784865,2,"add ecx, edx","add ecx, edx",01d1,cpu,add,False,17,0,,,,,
16784589,"32,100,~,32,ecx,~,*,DUP,ecx,=,ecx,-,?{,1,1,}{,0,0,},cf,:=,of,:=",False,16784560,16784864,3,"imul ecx, ecx, 0x64","imul ecx, ecx, 0x64",6bc964,cpu,mul,False,20,0,,,,,
16784592,"ecx,eax,-=,ecx,0x80000000,-,!,31,$o,^,of,:=,31,$s,sf,:=,$z,zf,:=,$p,pf,:=,32,$b,cf,:=,3,$b,af,:=",False,16784560,16784865,2,"sub eax, ecx","sub eax, ecx",29c8,cpu,sub,False,18,0,,,,,
16784594,"eax,rdi,=[4]",True,16784560,16784865,2,"mov dword [rdi], eax","mov dword [rdi], eax",8907,cpu,mov,False,9,0,,,,,
16784596,"esi,rdx,=",False,16784560,16784865,2,"mov edx, esi","mov edx, esi",89f2,cpu,mov,False,9,0,,,,,
16784598,"edx,edx,+=,31,$o,of,:=,31,$s,sf,:=,$z,zf,:=,31,$c,cf,:=,$p,pf,:=,3,$c,af,:=",False,16784560,16784865,2,"add edx, edx","add edx, edx",01d2,cpu,add,False,17,0,,,,,
16784600,"esi,rax,=",False,16784560,16784865,2,"mov eax, esi","mov eax, esi",89f0,cpu,mov,False,9,0,,,,,
16784602,"rax,2,*,rax,+,ecx,=",True,16784560,16784864,3,"lea ecx, [rax + rax*2]","lea ecx, [rax + rax*2]",8d0c40,cpu,lea,False,33,0,,,,,
16784605,"esi,rax,=",False,16784560,16784865,2,"mov eax, esi","mov eax, esi",89f0,cpu,mov,False,9,0,,,,,
16784607,"0,2,!,!,?{,1,2,-,eax,<<,0x80000000,&,!,!,^,},2,eax,<<=,$z,zf,:=,$p,pf,:=,31,$s,sf,:=,cf,=",False,16784560,16784864,3,"shl eax, 2","shl eax, 2",c1e002,cpu,shl,False,23,0,,,,,
16784610,"0x4,rdi,+,[16],xmm1,=",True,16784560,16784863,4,"movups xmm1, xmmword [rdi + 4]","movups xmm1, xmmword [rdi + 4]",0f104f04,sse,mov,False,9,0,,,,,
16784614,"esi,xmm2l,=",False,16784560,16784863,4,"movd xmm2, esi","movd xmm2, esi",660f6ed6,sse,mov,False,9,0,,,,,
16784618,"edx,xmm0l,=",False,16784560,16784863,4,"movd xmm0, edx","movd xmm0, edx",660f6ec2,sse,mov,False,9,0,,,,,
16784622,,False,16784560,16784863,4,"punpckldq xmm2, xmm0","punpckldq xmm2, xmm0",660f62d0,sse,null,False,0,0,,,,,
16784626,"ecx,xmm0l,=",False,16784560,16784863,4,"movd xmm0, ecx","movd xmm0, ecx",660f6ec1,sse,mov,False,9,0,,,,,
16784630,"eax,xmm3l,=",False,16784560,16784863,4,"movd xmm3, eax","movd xmm3, eax",660f6ed8,sse,mov,False,9,0,,,,,
16784634,,False,16784560,16784863,4,"punpckldq xmm0, xmm3","punpckldq xmm0, xmm3",660f62c3,sse,null,False,0,0,,,,,
16784638,,False,16784560,16784863,4,"punpcklqdq xmm2, xmm0","punpcklqdq xmm2, xmm0",660f6cd0,sse,null,False,0,0,,,,,
16784642,"xmm2,xmm0,=",False,16784560,16784864,3,"movaps xmm0, xmm2","movaps xmm0, xmm2",0f28c2,sse,mov,False,9,0,,,,,
16784645,,False,16784560,16784863,4,"por xmm0, xmm1","por xmm0, xmm1",660febc1,sse,null,False,0,0,,,,,
16784649,,False,16784560,16784863,4,"pand xmm0, xmm2","pand xmm0, xmm2",660fdbc2,sse,null,False,0,0,,,,,
16784653,,False,16784560,16784863,4,"paddd xmm0, xmm1","paddd xmm0, xmm1",660ffec1,sse,add,False,17,0,,,,,
16784657,"0x1848,rip,-,[16],xmm3,=",True,16784560,16784860,7,"movaps xmm3, xmmword [rip - 0x1848]","movaps xmm3, xmmword [data.010004d0]",0f281db8e7ffff,sse,mov,False,9,0,,,,16778448.0,"[{'addr': 16778448, 'type': 'DATA'}]"
16784664,"xmm0,xmm1,=",False,16784560,16784864,3,"movaps xmm1, xmm0","movaps xmm1, xmm0",0f28c8,sse,mov,False,9,0,,,,,
16784667,,False,16784560,16784863,4,"pmuludq xmm1, xmm3","pmuludq xmm1, xmm3",660ff4cb,sse,null,False,0,0,,,,,
16784671,,False,16784560,16784862,5,"pshufd xmm2, xmm1, 0xed","pshufd xmm2, xmm1, 0xed",660f70d1ed,sse,null,False,0,0,,,,,
16784676,,False,16784560,16784862,5,"pshufd xmm1, xmm0, 0xf5","pshufd xmm1, xmm0, 0xf5",660f70c8f5,sse,null,False,0,0,,,,,
16784681,,False,16784560,16784863,4,"pmuludq xmm1, xmm3","pmuludq xmm1, xmm3",660ff4cb,sse,null,False,0,0,,,,,
16784685,,False,16784560,16784862,5,"pshufd xmm1, xmm1, 0xed","pshufd xmm1, xmm1, 0xed",660f70c9ed,sse,null,False,0,0,,,,,
16784690,,False,16784560,16784863,4,"punpckldq xmm2, xmm1","punpckldq xmm2, xmm1",660f62d1,sse,null,False,0,0,,,,,
16784694,"xmm1,xmm1,^=,$z,zf,:=,$p,pf,:=,127,$s,sf,:=,0,cf,:=,0,of,:=",False,16784560,16784864,3,"xorps xmm1, xmm1","xorps xmm1, xmm1",0f57c9,sse,xor,False,28,0,,,,,
16784697,,False,16784560,16784863,4,"pcmpgtd xmm1, xmm0","pcmpgtd xmm1, xmm0",660f66c8,sse,cmp,False,15,0,,,,,
16784701,,False,16784560,16784863,4,"pand xmm1, xmm3","pand xmm1, xmm3",660fdbcb,sse,null,False,0,0,,,,,
16784705,"xmm1,xmm2,-=",False,16784560,16784863,4,"psubd xmm2, xmm1","psubd xmm2, xmm1",660ffad1,sse,sub,False,18,0,,,,,
16784709,"xmm2,xmm1,=",False,16784560,16784864,3,"movaps xmm1, xmm2","movaps xmm1, xmm2",0f28ca,sse,mov,False,9,0,,,,,
16784712,,False,16784560,16784862,5,"psrld xmm1, 0x1f","psrld xmm1, 0x1f",660f72d11f,sse,null,False,0,0,,,,,
16784717,,False,16784560,16784862,5,"psrad xmm2, 5","psrad xmm2, 5",660f72e205,sse,null,False,0,0,,,,,
16784722,,False,16784560,16784863,4,"paddd xmm2, xmm1","paddd xmm2, xmm1",660ffed1,sse,add,False,17,0,,,,,
16784726,"0x181d,rip,-,[16],xmm3,=",True,16784560,16784860,7,"movaps xmm3, xmmword [rip - 0x181d]","movaps xmm3, xmmword [str.dddd]",0f281de3e7ffff,sse,mov,False,9,0,,,,16778560.0,"[{'addr': 16778560, 'type': 'DATA'}]"
16784733,"xmm2,xmm1,=",False,16784560,16784864,3,"movaps xmm1, xmm2","movaps xmm1, xmm2",0f28ca,sse,mov,False,9,0,,,,,
16784736,,False,16784560,16784863,4,"pmuludq xmm1, xmm3","pmuludq xmm1, xmm3",660ff4cb,sse,null,False,0,0,,,,,
16784740,,False,16784560,16784862,5,"pshufd xmm1, xmm1, 0xe8","pshufd xmm1, xmm1, 0xe8",660f70c9e8,sse,null,False,0,0,,,,,
16784745,,False,16784560,16784862,5,"pshufd xmm2, xmm2, 0xf5","pshufd xmm2, xmm2, 0xf5",660f70d2f5,sse,null,False,0,0,,,,,
16784750,,False,16784560,16784863,4,"pmuludq xmm2, xmm3","pmuludq xmm2, xmm3",660ff4d3,sse,null,False,0,0,,,,,
16784754,,False,16784560,16784862,5,"pshufd xmm2, xmm2, 0xe8","pshufd xmm2, xmm2, 0xe8",660f70d2e8,sse,null,False,0,0,,,,,
16784759,,False,16784560,16784863,4,"punpckldq xmm1, xmm2","punpckldq xmm1, xmm2",660f62ca,sse,null,False,0,0,,,,,
16784763,"xmm1,xmm0,-=",False,16784560,16784863,4,"psubd xmm0, xmm1","psubd xmm0, xmm1",660ffac1,sse,sub,False,18,0,,,,,
16784767,"xmm0,0x4,rdi,+,=[16]",False,16784560,16784862,5,"movdqu xmmword [rdi + 4], xmm0","movdqu xmmword [rdi + 4], xmm0",f30f7f4704,sse,null,False,0,0,,,,,
16784772,"0x14,rdi,+,[4],rdx,=",True,16784560,16784864,3,"mov edx, dword [rdi + 0x14]","mov edx, dword [rdi + 0x14]",8b5714,cpu,mov,False,9,0,,,,,
16784775,"32,5,~,32,esi,~,*,DUP,ecx,=,ecx,-,?{,1,1,}{,0,0,},cf,:=,of,:=",False,16784560,16784864,3,"imul ecx, esi, 5","imul ecx, esi, 5",6bce05,cpu,mul,False,20,0,,,,,
16784778,"ecx,rax,=",False,16784560,16784865,2,"mov eax, ecx","mov eax, ecx",89c8,cpu,mov,False,9,0,,,,,
16784780,"eax,eax,|=,31,$s,sf,:=,$z,zf,:=,$p,pf,:=,0,of,:=,0,cf,:=",False,16784560,16784865,2,"or eax, eax","or eax, eax",09c0,cpu,or,False,26,0,,,,,
16784782,"4294967295,rax,^,0xffffffff,&,rax,=,$z,zf,:=,$p,pf,:=,31,$s,sf,:=,0,cf,:=,0,of,:=",False,16784560,16784864,3,"xor eax, 0xffffffff","xor eax, 0xffffffff",83f0ff,cpu,xor,False,28,0,,,4294967295.0,4294967295.0,
16784785,"4294967295,rdx,^,0xffffffff,&,rdx,=,$z,zf,:=,$p,pf,:=,31,$s,sf,:=,0,cf,:=,0,of,:=",False,16784560,16784864,3,"xor edx, 0xffffffff","xor edx, 0xffffffff",83f2ff,cpu,xor,False,28,0,,,4294967295.0,4294967295.0,
16784788,"ecx,rax,^,0xffffffff,&,rax,=,$z,zf,:=,$p,pf,:=,31,$s,sf,:=,0,cf,:=,0,of,:=",False,16784560,16784865,2,"xor eax, ecx","xor eax, ecx",31c8,cpu,xor,False,28,0,,,,,
16784790,"edx,rax,^,0xffffffff,&,rax,=,$z,zf,:=,$p,pf,:=,31,$s,sf,:=,0,cf,:=,0,of,:=",False,16784560,16784865,2,"xor eax, edx","xor eax, edx",31d0,cpu,xor,False,28,0,,,,,
16784792,"ecx,eax,+=,31,$o,of,:=,31,$s,sf,:=,$z,zf,:=,31,$c,cf,:=,$p,pf,:=,3,$c,af,:=",False,16784560,16784865,2,"add eax, ecx","add eax, ecx",01c8,cpu,add,False,17,0,,,,,
16784794,"100,rcx,=",False,16784560,16784862,5,"mov ecx, 0x64","mov ecx, 0x64",b964000000,cpu,mov,False,9,0,,,100.0,100.0,
16784799,"0,edx,=,31,eax,>>,?{,0xffffffff,edx,=,}",False,16784560,16784866,1,cdq,cdq,99,cpu,null,False,0,0,,,,,
16784800,"32,ecx,~,32,edx,<<,eax,+,~%,32,ecx,~,32,edx,<<,eax,+,~/,eax,=,edx,=",False,16784560,16784865,2,idiv ecx,idiv ecx,f7f9,cpu,div,False,21,0,,,,,
16784802,"edx,0x14,rdi,+,=[4]",True,16784560,16784864,3,"mov dword [rdi + 0x14], edx","mov dword [rdi + 0x14], edx",895714,cpu,mov,False,9,0,,,,,
16784805,"0x18,rdi,+,[4],rcx,=",True,16784560,16784864,3,"mov ecx, dword [rdi + 0x18]","mov ecx, dword [rdi + 0x18]",8b4f18,cpu,mov,False,9,0,,,,,
16784808,"32,6,~,32,esi,~,*,DUP,edx,=,edx,-,?{,1,1,}{,0,0,},cf,:=,of,:=",False,16784560,16784864,3,"imul edx, esi, 6","imul edx, esi, 6",6bd606,cpu,mul,False,20,0,,,,,
16784811,"edx,rax,=",False,16784560,16784865,2,"mov eax, edx","mov eax, edx",89d0,cpu,mov,False,9,0,,,,,
16784813,"ecx,eax,|=,31,$s,sf,:=,$z,zf,:=,$p,pf,:=,0,of,:=,0,cf,:=",False,16784560,16784865,2,"or eax, ecx","or eax, ecx",09c8,cpu,or,False,26,0,,,,,
16784815,"edx,edx,|=,31,$s,sf,:=,$z,zf,:=,$p,pf,:=,0,of,:=,0,cf,:=",False,16784560,16784865,2,"or edx, edx","or edx, edx",09d2,cpu,or,False,26,0,,,,,
16784817,"edx,rax,&,0xffffffff,&,rax,=,$z,zf,:=,$p,pf,:=,31,$s,sf,:=,0,cf,:=,0,of,:=",False,16784560,16784865,2,"and eax, edx","and eax, edx",21d0,cpu,and,False,27,0,,,,,
16784819,"ecx,eax,+=,31,$o,of,:=,31,$s,sf,:=,$z,zf,:=,31,$c,cf,:=,$p,pf,:=,3,$c,af,:=",False,16784560,16784865,2,"add eax, ecx","add eax, ecx",01c8,cpu,add,False,17,0,,,,,
16784821,"100,rcx,=",False,16784560,16784862,5,"mov ecx, 0x64","mov ecx, 0x64",b964000000,cpu,mov,False,9,0,,,100.0,100.0,
16784826,"0,edx,=,31,eax,>>,?{,0xffffffff,edx,=,}",False,16784560,16784866,1,cdq,cdq,99,cpu,null,False,0,0,,,,,
16784827,"32,ecx,~,32,edx,<<,eax,+,~%,32,ecx,~,32,edx,<<,eax,+,~/,eax,=,edx,=",False,16784560,16784865,2,idiv ecx,idiv ecx,f7f9,cpu,div,False,21,0,,,,,
16784829,"edx,0x18,rdi,+,=[4]",True,16784560,16784864,3,"mov dword [rdi + 0x18], edx","mov dword [rdi + 0x18], edx",895718,cpu,mov,False,9,0,,,,,
16784832,"0x1c,rdi,+,[4],rdx,=",True,16784560,16784864,3,"mov edx, dword [rdi + 0x1c]","mov edx, dword [rdi + 0x1c]",8b571c,cpu,mov,False,9,0,,,,,
16784835,"32,7,~,32,esi,~,*,DUP,ecx,=,ecx,-,?{,1,1,}{,0,0,},cf,:=,of,:=",False,16784560,16784864,3,"imul ecx, esi, 7","imul ecx, esi, 7",6bce07,cpu,mul,False,20,0,,,,,
16784838,"ecx,rax,=",False,16784560,16784865,2,"mov eax, ecx","mov eax, ecx",89c8,cpu,mov,False,9,0,,,,,
16784840,"eax,eax,|=,31,$s,sf,:=,$z,zf,:=,$p,pf,:=,0,of,:=,0,cf,:=",False,16784560,16784865,2,"or eax, eax","or eax, eax",09c0,cpu,or,False,26,0,,,,,
16784842,"4294967295,rax,^,0xffffffff,&,rax,=,$z,zf,:=,$p,pf,:=,31,$s,sf,:=,0,cf,:=,0,of,:=",False,16784560,16784864,3,"xor eax, 0xffffffff","xor eax, 0xffffffff",83f0ff,cpu,xor,False,28,0,,,4294967295.0,4294967295.0,
16784845,"4294967295,rdx,^,0xffffffff,&,rdx,=,$z,zf,:=,$p,pf,:=,31,$s,sf,:=,0,cf,:=,0,of,:=",False,16784560,16784864,3,"xor edx, 0xffffffff","xor edx, 0xffffffff",83f2ff,cpu,xor,False,28,0,,,4294967295.0,4294967295.0,
16784848,"ecx,rax,^,0xffffffff,&,rax,=,$z,zf,:=,$p,pf,:=,31,$s,sf,:=,0,cf,:=,0,of,:=",False,16784560,16784865,2,"xor eax, ecx","xor eax, ecx",31c8,cpu,xor,False,28,0,,,,,
16784850,"edx,rax,^,0xffffffff,&,rax,=,$z,zf,:=,$p,pf,:=,31,$s,sf,:=,0,cf,:=,0,of,:=",False,16784560,16784865,2,"xor eax, edx","xor eax, edx",31d0,cpu,xor,False,28,0,,,,,
16784852,"ecx,eax,+=,31,$o,of,:=,31,$s,sf,:=,$z,zf,:=,31,$c,cf,:=,$p,pf,:=,3,$c,af,:=",False,16784560,16784865,2,"add eax, ecx","add eax, ecx",01c8,cpu,add,False,17,0,,,,,
16784854,"100,rcx,=",False,16784560,16784862,5,"mov ecx, 0x64","mov ecx, 0x64",b964000000,cpu,mov,False,9,0,,,100.0,100.0,
16784859,"0,edx,=,31,eax,>>,?{,0xffffffff,edx,=,}",False,16784560,16784866,1,cdq,cdq,99,cpu,null,False,0,0,,,,,
16784860,"32,ecx,~,32,edx,<<,eax,+,~%,32,ecx,~,32,edx,<<,eax,+,~/,eax,=,edx,=",False,16784560,16784865,2,idiv ecx,idiv ecx,f7f9,cpu,div,False,21,0,,,,,
16784862,"edx,0x1c,rdi,+,=[4]",True,16784560,16784864,3,"mov dword [rdi + 0x1c], edx","mov dword [rdi + 0x1c], edx",89571c,cpu,mov,False,9,0,,,,,
16784865,"rsp,[8],8,rsp,+=,rbp,=",False,16784560,16784866,1,pop rbp,pop rbp,5d,cpu,pop,False,14,0,,,,,
16784866,"rsp,[8],rip,=,8,rsp,+=",False,16784560,16784866,1,ret,ret,c3,cpu,ret,False,5,0,,,,,
