offset,esil,refptr,fcn_addr,fcn_last,size,opcode,disasm,bytes,family,type,reloc,type_num,type2_num,flags,xrefs_to,val,ptr,xrefs_from
16786272,"rbp,8,rsp,-,=[8],8,rsp,-=",False,16786272,16786615,1,push rbp,push rbp,55,cpu,rpush,False,268435468,0,['sym.step10'],"[{'addr': 16783793, 'type': 'CALL'}]",,,
16786273,"rsp,rbp,=",False,16786272,16786613,3,"mov rbp, rsp","mov rbp, rsp",4889e5,cpu,mov,False,9,0,,,,,
16786276,"esi,rax,=",False,16786272,16786614,2,"mov eax, esi","mov eax, esi",89f0,cpu,mov,False,9,0,,,,,
16786278,"eax,rsi,=",False,16786272,16786614,2,"mov esi, eax","mov esi, eax",89c6,cpu,mov,False,9,0,,,,,
16786280,"1,esi,+=,31,$o,of,:=,31,$s,sf,:=,$z,zf,:=,31,$c,cf,:=,$p,pf,:=,3,$c,af,:=",False,16786272,16786613,3,"add esi, 1","add esi, 1",83c601,cpu,add,False,17,0,,,1.0,,
16786283,"eax,xmm0l,=",False,16786272,16786612,4,"movd xmm0, eax","movd xmm0, eax",660f6ec0,sse,mov,False,9,0,,,,,
16786287,,False,16786272,16786611,5,"pshufd xmm1, xmm0, 0x50","pshufd xmm1, xmm0, 0x50",660f70c850,sse,null,False,0,0,,,,,
16786292,"0x1dfb,rip,-,[16],xmm3,=",True,16786272,16786609,7,"movaps xmm3, xmmword [rip - 0x1dfb]","movaps xmm3, xmmword [data.01000580]",0f281d05e2ffff,sse,mov,False,9,0,,,,16778624.0,"[{'addr': 16778624, 'type': 'DATA'}]"
16786299,"xmm1,xmm2,=",False,16786272,16786613,3,"movaps xmm2, xmm1","movaps xmm2, xmm1",0f28d1,sse,mov,False,9,0,,,,,
16786302,,False,16786272,16786612,4,"pand xmm2, xmm3","pand xmm2, xmm3",660fdbd3,sse,null,False,0,0,,,,,
16786306,,False,16786272,16786612,4,"por xmm1, xmm3","por xmm1, xmm3",660febcb,sse,null,False,0,0,,,,,
16786310,,False,16786272,16786612,4,"paddd xmm2, xmm1","paddd xmm2, xmm1",660ffed1,sse,add,False,17,0,,,,,
16786314,"rdi,[16],xmm3,=",True,16786272,16786613,3,"movups xmm3, xmmword [rdi]","movups xmm3, xmmword [rdi]",0f101f,sse,mov,False,9,0,,,,,
16786317,"esi,xmm4l,=",False,16786272,16786612,4,"movd xmm4, esi","movd xmm4, esi",660f6ee6,sse,mov,False,9,0,,,,,
16786321,"xmm0,xmm1,=",False,16786272,16786613,3,"movaps xmm1, xmm0","movaps xmm1, xmm0",0f28c8,sse,mov,False,9,0,,,,,
16786324,,False,16786272,16786612,4,"punpckldq xmm1, xmm4","punpckldq xmm1, xmm4",660f62cc,sse,null,False,0,0,,,,,
16786328,,False,16786272,16786612,4,"punpcklqdq xmm1, xmm2","punpcklqdq xmm1, xmm2",660f6cca,sse,null,False,0,0,,,,,
16786332,"xmm3,xmm2,=",False,16786272,16786613,3,"movaps xmm2, xmm3","movaps xmm2, xmm3",0f28d3,sse,mov,False,9,0,,,,,
16786335,,False,16786272,16786612,4,"por xmm2, xmm1","por xmm2, xmm1",660febd1,sse,null,False,0,0,,,,,
16786339,,False,16786272,16786612,4,"pand xmm2, xmm3","pand xmm2, xmm3",660fdbd3,sse,null,False,0,0,,,,,
16786343,,False,16786272,16786612,4,"paddd xmm2, xmm1","paddd xmm2, xmm1",660ffed1,sse,add,False,17,0,,,,,
16786347,"0x1e42,rip,-,[16],xmm4,=",True,16786272,16786609,7,"movaps xmm4, xmmword [rip - 0x1e42]","movaps xmm4, xmmword [data.01000570]",0f2825bee1ffff,sse,mov,False,9,0,,,,16778608.0,"[{'addr': 16778608, 'type': 'DATA'}]"
16786354,"xmm2,xmm1,=",False,16786272,16786613,3,"movaps xmm1, xmm2","movaps xmm1, xmm2",0f28ca,sse,mov,False,9,0,,,,,
16786357,,False,16786272,16786612,4,"pmuludq xmm1, xmm4","pmuludq xmm1, xmm4",660ff4cc,sse,null,False,0,0,,,,,
16786361,,False,16786272,16786611,5,"pshufd xmm6, xmm1, 0xed","pshufd xmm6, xmm1, 0xed",660f70f1ed,sse,null,False,0,0,,,,,
16786366,,False,16786272,16786611,5,"pshufd xmm1, xmm2, 0xf5","pshufd xmm1, xmm2, 0xf5",660f70caf5,sse,null,False,0,0,,,,,
16786371,,False,16786272,16786612,4,"pmuludq xmm1, xmm4","pmuludq xmm1, xmm4",660ff4cc,sse,null,False,0,0,,,,,
16786375,,False,16786272,16786611,5,"pshufd xmm1, xmm1, 0xed","pshufd xmm1, xmm1, 0xed",660f70c9ed,sse,null,False,0,0,,,,,
16786380,,False,16786272,16786612,4,"punpckldq xmm6, xmm1","punpckldq xmm6, xmm1",660f62f1,sse,null,False,0,0,,,,,
16786384,"xmm1,xmm1,^=,$z,zf,:=,$p,pf,:=,127,$s,sf,:=,0,cf,:=,0,of,:=",False,16786272,16786613,3,"xorps xmm1, xmm1","xorps xmm1, xmm1",0f57c9,sse,xor,False,28,0,,,,,
16786387,"xmm1,xmm3,=",False,16786272,16786613,3,"movaps xmm3, xmm1","movaps xmm3, xmm1",0f28d9,sse,mov,False,9,0,,,,,
16786390,,False,16786272,16786612,4,"pcmpgtd xmm3, xmm2","pcmpgtd xmm3, xmm2",660f66da,sse,cmp,False,15,0,,,,,
16786394,,False,16786272,16786612,4,"pand xmm3, xmm4","pand xmm3, xmm4",660fdbdc,sse,null,False,0,0,,,,,
16786398,"xmm3,xmm6,-=",False,16786272,16786612,4,"psubd xmm6, xmm3","psubd xmm6, xmm3",660ffaf3,sse,sub,False,18,0,,,,,
16786402,"xmm6,xmm3,=",False,16786272,16786613,3,"movaps xmm3, xmm6","movaps xmm3, xmm6",0f28de,sse,mov,False,9,0,,,,,
16786405,,False,16786272,16786611,5,"psrld xmm3, 0x1f","psrld xmm3, 0x1f",660f72d31f,sse,null,False,0,0,,,,,
16786410,,False,16786272,16786611,5,"psrad xmm6, 5","psrad xmm6, 5",660f72e605,sse,null,False,0,0,,,,,
16786415,,False,16786272,16786612,4,"paddd xmm6, xmm3","paddd xmm6, xmm3",660ffef3,sse,add,False,17,0,,,,,
16786419,"0x1f1a,rip,-,[16],xmm3,=",True,16786272,16786609,7,"movaps xmm3, xmmword [rip - 0x1f1a]","movaps xmm3, xmmword [data.010004e0]",0f281de6e0ffff,sse,mov,False,9,0,,,,16778464.0,"[{'addr': 16778464, 'type': 'DATA'}]"
16786426,"xmm6,xmm5,=",False,16786272,16786613,3,"movaps xmm5, xmm6","movaps xmm5, xmm6",0f28ee,sse,mov,False,9,0,,,,,
16786429,,False,16786272,16786612,4,"pmuludq xmm5, xmm3","pmuludq xmm5, xmm3",660ff4eb,sse,null,False,0,0,,,,,
16786433,,False,16786272,16786611,5,"pshufd xmm5, xmm5, 0xe8","pshufd xmm5, xmm5, 0xe8",660f70ede8,sse,null,False,0,0,,,,,
16786438,,False,16786272,16786611,5,"pshufd xmm6, xmm6, 0xf5","pshufd xmm6, xmm6, 0xf5",660f70f6f5,sse,null,False,0,0,,,,,
16786443,,False,16786272,16786612,4,"pmuludq xmm6, xmm3","pmuludq xmm6, xmm3",660ff4f3,sse,null,False,0,0,,,,,
16786447,,False,16786272,16786611,5,"pshufd xmm6, xmm6, 0xe8","pshufd xmm6, xmm6, 0xe8",660f70f6e8,sse,null,False,0,0,,,,,
16786452,,False,16786272,16786612,4,"punpckldq xmm5, xmm6","punpckldq xmm5, xmm6",660f62ee,sse,null,False,0,0,,,,,
16786456,"xmm5,xmm2,-=",False,16786272,16786612,4,"psubd xmm2, xmm5","psubd xmm2, xmm5",660ffad5,sse,sub,False,18,0,,,,,
16786460,"xmm2,rdi,=[16]",True,16786272,16786613,3,"movups xmmword [rdi], xmm2","movups xmmword [rdi], xmm2",0f1117,sse,mov,False,9,0,,,,,
16786463,,False,16786272,16786611,5,"pshufd xmm0, xmm0, 0","pshufd xmm0, xmm0, 0",660f70c000,sse,null,False,0,0,,,,,
16786468,"0x1e4b,rip,-,[16],xmm2,=",True,16786272,16786609,7,"movaps xmm2, xmmword [rip - 0x1e4b]","movaps xmm2, xmmword [data.010005e0]",0f2815b5e1ffff,sse,mov,False,9,0,,,,16778720.0,"[{'addr': 16778720, 'type': 'DATA'}]"
16786475,"xmm0,xmm5,=",False,16786272,16786613,3,"movaps xmm5, xmm0","movaps xmm5, xmm0",0f28e8,sse,mov,False,9,0,,,,,
16786478,,False,16786272,16786612,4,"pand xmm5, xmm2","pand xmm5, xmm2",660fdbea,sse,null,False,0,0,,,,,
16786482,,False,16786272,16786612,4,"por xmm0, xmm2","por xmm0, xmm2",660febc2,sse,null,False,0,0,,,,,
16786486,,False,16786272,16786612,4,"paddd xmm5, xmm0","paddd xmm5, xmm0",660ffee8,sse,add,False,17,0,,,,,
16786490,"0x10,rdi,+,[16],xmm0,=",True,16786272,16786612,4,"movups xmm0, xmmword [rdi + 0x10]","movups xmm0, xmmword [rdi + 0x10]",0f104710,sse,mov,False,9,0,,,,,
16786494,"xmm0,xmm6,=",False,16786272,16786613,3,"movaps xmm6, xmm0","movaps xmm6, xmm0",0f28f0,sse,mov,False,9,0,,,,,
16786497,,False,16786272,16786612,4,"pand xmm6, xmm5","pand xmm6, xmm5",660fdbf5,sse,null,False,0,0,,,,,
16786501,"xmm0,xmm2,=",False,16786272,16786613,3,"movaps xmm2, xmm0","movaps xmm2, xmm0",0f28d0,sse,mov,False,9,0,,,,,
16786504,"xmm6,xmm2,^=,$z,zf,:=,$p,pf,:=,127,$s,sf,:=,0,cf,:=,0,of,:=",False,16786272,16786612,4,"pxor xmm2, xmm6","pxor xmm2, xmm6",660fefd6,sse,xor,False,28,0,,,,,
16786508,,False,16786272,16786612,4,"pandn xmm2, xmm5","pandn xmm2, xmm5",660fdfd5,sse,null,False,0,0,,,,,
16786512,,False,16786272,16786612,4,"paddd xmm0, xmm2","paddd xmm0, xmm2",660ffec2,sse,add,False,17,0,,,,,
16786516,"xmm0,xmm2,=",False,16786272,16786613,3,"movaps xmm2, xmm0","movaps xmm2, xmm0",0f28d0,sse,mov,False,9,0,,,,,
16786519,,False,16786272,16786612,4,"pmuludq xmm2, xmm4","pmuludq xmm2, xmm4",660ff4d4,sse,null,False,0,0,,,,,
16786523,,False,16786272,16786611,5,"pshufd xmm2, xmm2, 0xed","pshufd xmm2, xmm2, 0xed",660f70d2ed,sse,null,False,0,0,,,,,
16786528,,False,16786272,16786611,5,"pshufd xmm5, xmm0, 0xf5","pshufd xmm5, xmm0, 0xf5",660f70e8f5,sse,null,False,0,0,,,,,
16786533,,False,16786272,16786612,4,"pmuludq xmm5, xmm4","pmuludq xmm5, xmm4",660ff4ec,sse,null,False,0,0,,,,,
16786537,,False,16786272,16786611,5,"pshufd xmm5, xmm5, 0xed","pshufd xmm5, xmm5, 0xed",660f70eded,sse,null,False,0,0,,,,,
16786542,,False,16786272,16786612,4,"punpckldq xmm2, xmm5","punpckldq xmm2, xmm5",660f62d5,sse,null,False,0,0,,,,,
16786546,,False,16786272,16786612,4,"pcmpgtd xmm1, xmm0","pcmpgtd xmm1, xmm0",660f66c8,sse,cmp,False,15,0,,,,,
16786550,,False,16786272,16786612,4,"pand xmm1, xmm4","pand xmm1, xmm4",660fdbcc,sse,null,False,0,0,,,,,
16786554,"xmm1,xmm2,-=",False,16786272,16786612,4,"psubd xmm2, xmm1","psubd xmm2, xmm1",660ffad1,sse,sub,False,18,0,,,,,
16786558,"xmm2,xmm1,=",False,16786272,16786613,3,"movaps xmm1, xmm2","movaps xmm1, xmm2",0f28ca,sse,mov,False,9,0,,,,,
16786561,,False,16786272,16786611,5,"psrld xmm1, 0x1f","psrld xmm1, 0x1f",660f72d11f,sse,null,False,0,0,,,,,
16786566,,False,16786272,16786611,5,"psrad xmm2, 5","psrad xmm2, 5",660f72e205,sse,null,False,0,0,,,,,
16786571,,False,16786272,16786612,4,"paddd xmm2, xmm1","paddd xmm2, xmm1",660ffed1,sse,add,False,17,0,,,,,
16786575,"xmm2,xmm1,=",False,16786272,16786613,3,"movaps xmm1, xmm2","movaps xmm1, xmm2",0f28ca,sse,mov,False,9,0,,,,,
16786578,,False,16786272,16786612,4,"pmuludq xmm1, xmm3","pmuludq xmm1, xmm3",660ff4cb,sse,null,False,0,0,,,,,
16786582,,False,16786272,16786611,5,"pshufd xmm1, xmm1, 0xe8","pshufd xmm1, xmm1, 0xe8",660f70c9e8,sse,null,False,0,0,,,,,
16786587,,False,16786272,16786611,5,"pshufd xmm2, xmm2, 0xf5","pshufd xmm2, xmm2, 0xf5",660f70d2f5,sse,null,False,0,0,,,,,
16786592,,False,16786272,16786612,4,"pmuludq xmm2, xmm3","pmuludq xmm2, xmm3",660ff4d3,sse,null,False,0,0,,,,,
16786596,,False,16786272,16786611,5,"pshufd xmm2, xmm2, 0xe8","pshufd xmm2, xmm2, 0xe8",660f70d2e8,sse,null,False,0,0,,,,,
16786601,,False,16786272,16786612,4,"punpckldq xmm1, xmm2","punpckldq xmm1, xmm2",660f62ca,sse,null,False,0,0,,,,,
16786605,"xmm1,xmm0,-=",False,16786272,16786612,4,"psubd xmm0, xmm1","psubd xmm0, xmm1",660ffac1,sse,sub,False,18,0,,,,,
16786609,"xmm0,0x10,rdi,+,=[16]",False,16786272,16786611,5,"movdqu xmmword [rdi + 0x10], xmm0","movdqu xmmword [rdi + 0x10], xmm0",f30f7f4710,sse,null,False,0,0,,,,,
16786614,"rsp,[8],8,rsp,+=,rbp,=",False,16786272,16786615,1,pop rbp,pop rbp,5d,cpu,pop,False,14,0,,,,,
16786615,"rsp,[8],rip,=,8,rsp,+=",False,16786272,16786615,1,ret,ret,c3,cpu,ret,False,5,0,,,,,
