offset,esil,refptr,fcn_addr,fcn_last,size,opcode,disasm,bytes,family,type,reloc,type_num,type2_num,flags,xrefs_to,val,ptr,xrefs_from,jump,fail
16786736,"rbp,8,rsp,-,=[8],8,rsp,-=",False,16786736,16786934,1,push rbp,push rbp,55,cpu,rpush,False,268435468,0,['sym.step12'],"[{'addr': 16783811, 'type': 'CALL'}]",,,,,
16786737,"rsp,rbp,=",False,16786736,16786932,3,"mov rbp, rsp","mov rbp, rsp",4889e5,cpu,mov,False,9,0,,,,,,,
16786740,"32,rsp,-=,32,0x8000000000000000,-,!,63,$o,^,of,:=,63,$s,sf,:=,$z,zf,:=,$p,pf,:=,64,$b,cf,:=,3,$b,af,:=",False,16786736,16786931,4,"sub rsp, 0x20","sub rsp, 0x20",4883ec20,cpu,sub,False,18,0,,,32.0,,,,
16786744,"rdi,0x18,rbp,-,=[8]",True,16786736,16786931,4,"mov qword [rbp - 0x18], rdi","mov qword [format], rdi",48897de8,cpu,mov,False,268435465,0,,,,,,,
16786748,"0x1f2c,rip,-,rdi,=",True,16786736,16786928,7,"lea rdi, [rip - 0x1f2c]","lea rdi, str.Final_output:",488d3dd4e0ffff,cpu,lea,False,33,0,,,,16778775.0,"[{'addr': 16778775, 'type': 'DATA'}]",,
16786755,"16787120,rip,8,rsp,-=,rsp,=[],rip,=",False,16786736,16786930,5,call 0x10026b0,call sym.imp.puts,e868010000,cpu,call,False,3,0,,,,,"[{'addr': 16787120, 'type': 'CALL'}]",16787120.0,16786760.0
16786760,"0x18,rbp,-,[8],rdi,=",True,16786736,16786931,4,"mov rdi, qword [rbp - 0x18]","mov rdi, qword [format]",488b7de8,cpu,mov,False,9,0,,,,,,,
16786764,"rdi,[4],rsi,=",True,16786736,16786933,2,"mov esi, dword [rdi]","mov esi, dword [rdi]",8b37,cpu,mov,False,9,0,,,,,,,
16786766,"0x1f2f,rip,-,rdi,=",True,16786736,16786928,7,"lea rdi, [rip - 0x1f2f]","lea rdi, data.01000626",488d3dd1e0ffff,cpu,lea,False,33,0,,,,16778790.0,"[{'addr': 16778790, 'type': 'DATA'}]",,
16786773,"rdi,0x10,rbp,-,=[8]",True,16786736,16786931,4,"mov qword [rbp - 0x10], rdi","mov qword [var_18h], rdi",48897df0,cpu,mov,False,268435465,0,,,,,,,
16786777,"eax,rax,^,0xffffffff,&,rax,=,$z,zf,:=,$p,pf,:=,31,$s,sf,:=,0,cf,:=,0,of,:=",False,16786736,16786933,2,"xor eax, eax","xor eax, eax",31c0,cpu,xor,False,28,0,,,,,,,
16786779,"al,0x1,rbp,-,=[1]",True,16786736,16786932,3,"mov byte [rbp - 1], al","mov byte [var_9h], al",8845ff,cpu,mov,False,268435465,0,,,,,,,
16786782,"16787088,rip,8,rsp,-=,rsp,=[],rip,=",False,16786736,16786930,5,call 0x1002690,call sym.imp.printf,e82d010000,cpu,call,False,3,0,,,,,"[{'addr': 16787088, 'type': 'CALL'}]",16787088.0,16786787.0
16786787,"0x18,rbp,-,[8],rcx,=",True,16786736,16786931,4,"mov rcx, qword [rbp - 0x18]","mov rcx, qword [format]",488b4de8,cpu,mov,False,9,0,,,,,,,
16786791,"0x10,rbp,-,[8],rdi,=",True,16786736,16786931,4,"mov rdi, qword [rbp - 0x10]","mov rdi, qword [var_18h]",488b7df0,cpu,mov,False,9,0,,,,,,,
16786795,"0x1,rbp,-,[1],al,=",True,16786736,16786932,3,"mov al, byte [rbp - 1]","mov al, byte [var_9h]",8a45ff,cpu,mov,False,9,0,,,,,,,
16786798,"0x4,rcx,+,[4],rsi,=",True,16786736,16786932,3,"mov esi, dword [rcx + 4]","mov esi, dword [rcx + 4]",8b7104,cpu,mov,False,9,0,,,,,,,
16786801,"16787088,rip,8,rsp,-=,rsp,=[],rip,=",False,16786736,16786930,5,call 0x1002690,call sym.imp.printf,e81a010000,cpu,call,False,3,0,,,,,"[{'addr': 16787088, 'type': 'CALL'}]",16787088.0,16786806.0
16786806,"0x18,rbp,-,[8],rcx,=",True,16786736,16786931,4,"mov rcx, qword [rbp - 0x18]","mov rcx, qword [format]",488b4de8,cpu,mov,False,9,0,,,,,,,
16786810,"0x10,rbp,-,[8],rdi,=",True,16786736,16786931,4,"mov rdi, qword [rbp - 0x10]","mov rdi, qword [var_18h]",488b7df0,cpu,mov,False,9,0,,,,,,,
16786814,"0x1,rbp,-,[1],al,=",True,16786736,16786932,3,"mov al, byte [rbp - 1]","mov al, byte [var_9h]",8a45ff,cpu,mov,False,9,0,,,,,,,
16786817,"0x8,rcx,+,[4],rsi,=",True,16786736,16786932,3,"mov esi, dword [rcx + 8]","mov esi, dword [rcx + 8]",8b7108,cpu,mov,False,9,0,,,,,,,
16786820,"16787088,rip,8,rsp,-=,rsp,=[],rip,=",False,16786736,16786930,5,call 0x1002690,call sym.imp.printf,e807010000,cpu,call,False,3,0,,,,,"[{'addr': 16787088, 'type': 'CALL'}]",16787088.0,16786825.0
16786825,"0x18,rbp,-,[8],rcx,=",True,16786736,16786931,4,"mov rcx, qword [rbp - 0x18]","mov rcx, qword [format]",488b4de8,cpu,mov,False,9,0,,,,,,,
16786829,"0x10,rbp,-,[8],rdi,=",True,16786736,16786931,4,"mov rdi, qword [rbp - 0x10]","mov rdi, qword [var_18h]",488b7df0,cpu,mov,False,9,0,,,,,,,
16786833,"0x1,rbp,-,[1],al,=",True,16786736,16786932,3,"mov al, byte [rbp - 1]","mov al, byte [var_9h]",8a45ff,cpu,mov,False,9,0,,,,,,,
16786836,"0xc,rcx,+,[4],rsi,=",True,16786736,16786932,3,"mov esi, dword [rcx + 0xc]","mov esi, dword [rcx + 0xc]",8b710c,cpu,mov,False,9,0,,,,,,,
16786839,"16787088,rip,8,rsp,-=,rsp,=[],rip,=",False,16786736,16786930,5,call 0x1002690,call sym.imp.printf,e8f4000000,cpu,call,False,3,0,,,,,"[{'addr': 16787088, 'type': 'CALL'}]",16787088.0,16786844.0
16786844,"0x18,rbp,-,[8],rcx,=",True,16786736,16786931,4,"mov rcx, qword [rbp - 0x18]","mov rcx, qword [format]",488b4de8,cpu,mov,False,9,0,,,,,,,
16786848,"0x10,rbp,-,[8],rdi,=",True,16786736,16786931,4,"mov rdi, qword [rbp - 0x10]","mov rdi, qword [var_18h]",488b7df0,cpu,mov,False,9,0,,,,,,,
16786852,"0x1,rbp,-,[1],al,=",True,16786736,16786932,3,"mov al, byte [rbp - 1]","mov al, byte [var_9h]",8a45ff,cpu,mov,False,9,0,,,,,,,
16786855,"0x10,rcx,+,[4],rsi,=",True,16786736,16786932,3,"mov esi, dword [rcx + 0x10]","mov esi, dword [rcx + 0x10]",8b7110,cpu,mov,False,9,0,,,,,,,
16786858,"16787088,rip,8,rsp,-=,rsp,=[],rip,=",False,16786736,16786930,5,call 0x1002690,call sym.imp.printf,e8e1000000,cpu,call,False,3,0,,,,,"[{'addr': 16787088, 'type': 'CALL'}]",16787088.0,16786863.0
16786863,"0x18,rbp,-,[8],rcx,=",True,16786736,16786931,4,"mov rcx, qword [rbp - 0x18]","mov rcx, qword [format]",488b4de8,cpu,mov,False,9,0,,,,,,,
16786867,"0x10,rbp,-,[8],rdi,=",True,16786736,16786931,4,"mov rdi, qword [rbp - 0x10]","mov rdi, qword [var_18h]",488b7df0,cpu,mov,False,9,0,,,,,,,
16786871,"0x1,rbp,-,[1],al,=",True,16786736,16786932,3,"mov al, byte [rbp - 1]","mov al, byte [var_9h]",8a45ff,cpu,mov,False,9,0,,,,,,,
16786874,"0x14,rcx,+,[4],rsi,=",True,16786736,16786932,3,"mov esi, dword [rcx + 0x14]","mov esi, dword [rcx + 0x14]",8b7114,cpu,mov,False,9,0,,,,,,,
16786877,"16787088,rip,8,rsp,-=,rsp,=[],rip,=",False,16786736,16786930,5,call 0x1002690,call sym.imp.printf,e8ce000000,cpu,call,False,3,0,,,,,"[{'addr': 16787088, 'type': 'CALL'}]",16787088.0,16786882.0
16786882,"0x18,rbp,-,[8],rcx,=",True,16786736,16786931,4,"mov rcx, qword [rbp - 0x18]","mov rcx, qword [format]",488b4de8,cpu,mov,False,9,0,,,,,,,
16786886,"0x10,rbp,-,[8],rdi,=",True,16786736,16786931,4,"mov rdi, qword [rbp - 0x10]","mov rdi, qword [var_18h]",488b7df0,cpu,mov,False,9,0,,,,,,,
16786890,"0x1,rbp,-,[1],al,=",True,16786736,16786932,3,"mov al, byte [rbp - 1]","mov al, byte [var_9h]",8a45ff,cpu,mov,False,9,0,,,,,,,
16786893,"0x18,rcx,+,[4],rsi,=",True,16786736,16786932,3,"mov esi, dword [rcx + 0x18]","mov esi, dword [rcx + 0x18]",8b7118,cpu,mov,False,9,0,,,,,,,
16786896,"16787088,rip,8,rsp,-=,rsp,=[],rip,=",False,16786736,16786930,5,call 0x1002690,call sym.imp.printf,e8bb000000,cpu,call,False,3,0,,,,,"[{'addr': 16787088, 'type': 'CALL'}]",16787088.0,16786901.0
16786901,"0x18,rbp,-,[8],rcx,=",True,16786736,16786931,4,"mov rcx, qword [rbp - 0x18]","mov rcx, qword [format]",488b4de8,cpu,mov,False,9,0,,,,,,,
16786905,"0x10,rbp,-,[8],rdi,=",True,16786736,16786931,4,"mov rdi, qword [rbp - 0x10]","mov rdi, qword [var_18h]",488b7df0,cpu,mov,False,9,0,,,,,,,
16786909,"0x1,rbp,-,[1],al,=",True,16786736,16786932,3,"mov al, byte [rbp - 1]","mov al, byte [var_9h]",8a45ff,cpu,mov,False,9,0,,,,,,,
16786912,"0x1c,rcx,+,[4],rsi,=",True,16786736,16786932,3,"mov esi, dword [rcx + 0x1c]","mov esi, dword [rcx + 0x1c]",8b711c,cpu,mov,False,9,0,,,,,,,
16786915,"16787088,rip,8,rsp,-=,rsp,=[],rip,=",False,16786736,16786930,5,call 0x1002690,call sym.imp.printf,e8a8000000,cpu,call,False,3,0,,,,,"[{'addr': 16787088, 'type': 'CALL'}]",16787088.0,16786920.0
16786920,"10,rdi,=",False,16786736,16786930,5,"mov edi, 0xa","mov edi, 0xa",bf0a000000,cpu,mov,False,9,0,,,10.0,,,,
16786925,"32,rsp,+=,63,$o,of,:=,63,$s,sf,:=,$z,zf,:=,63,$c,cf,:=,$p,pf,:=,3,$c,af,:=",False,16786736,16786931,4,"add rsp, 0x20","add rsp, 0x20",4883c420,cpu,add,False,17,0,,,32.0,,,,
16786929,"rsp,[8],8,rsp,+=,rbp,=",False,16786736,16786934,1,pop rbp,pop rbp,5d,cpu,pop,False,14,0,,,,,,,
16786930,"0x10026c0,rip,=",False,16786736,16786930,5,jmp 0x10026c0,jmp sym.imp.putchar,e9c9000000,cpu,jmp,False,1,0,,,,,"[{'addr': 16787136, 'type': 'CODE'}]",16787136.0,
