offset,esil,refptr,fcn_addr,fcn_last,size,opcode,disasm,bytes,family,type,reloc,type_num,type2_num,flags,xrefs_to,val,ptr,xrefs_from
16785952,"rbp,8,rsp,-,=[8],8,rsp,-=",False,16785952,16786258,1,push rbp,push rbp,55,cpu,rpush,False,268435468,0,['sym.step9'],"[{'addr': 16783781, 'type': 'CALL'}]",,,
16785953,"rsp,rbp,=",False,16785952,16786256,3,"mov rbp, rsp","mov rbp, rsp",4889e5,cpu,mov,False,9,0,,,,,
16785956,"rdi,[4],rcx,=",True,16785952,16786257,2,"mov ecx, dword [rdi]","mov ecx, dword [rdi]",8b0f,cpu,mov,False,9,0,,,,,
16785958,"ecx,rax,=",False,16785952,16786257,2,"mov eax, ecx","mov eax, ecx",89c8,cpu,mov,False,9,0,,,,,
16785960,"0,3,!,!,?{,1,3,-,eax,<<,0x80000000,&,!,!,^,},3,eax,<<=,$z,zf,:=,$p,pf,:=,31,$s,sf,:=,cf,=",False,16785952,16786256,3,"shl eax, 3","shl eax, 3",c1e003,cpu,shl,False,23,0,,,,,
16785963,"ecx,eax,-=,ecx,0x80000000,-,!,31,$o,^,of,:=,31,$s,sf,:=,$z,zf,:=,$p,pf,:=,32,$b,cf,:=,3,$b,af,:=",False,16785952,16786257,2,"sub eax, ecx","sub eax, ecx",29c8,cpu,sub,False,18,0,,,,,
16785965,"32,eax,~,rcx,=",False,16785952,16786256,3,"movsxd rcx, eax","movsxd rcx, eax",4863c8,cpu,mov,False,9,0,,,,,
16785968,"64,125400505,~,64,rcx,~,*,DUP,rcx,=,rcx,-,?{,1,1,}{,0,0,},cf,:=,of,:=",False,16785952,16786252,7,"imul rcx, rcx, 0x77975b9","imul rcx, rcx, 0x77975b9",4869c9b9757907,cpu,mul,False,20,0,,,,,
16785975,"rcx,rdx,=",False,16785952,16786256,3,"mov rdx, rcx","mov rdx, rcx",4889ca,cpu,mov,False,9,0,,,,,
16785978,"0,cf,:=,1,63,-,1,<<,rdx,&,?{,1,cf,:=,},63,rdx,>>,rdx,=,$z,zf,:=,$p,pf,:=,63,$s,sf,:=",False,16785952,16786255,4,"shr rdx, 0x3f","shr rdx, 0x3f",48c1ea3f,cpu,shr,False,22,0,,,63.0,,
16785982,"0,cf,:=,1,34,-,1,<<,rcx,&,?{,1,cf,:=,},34,rcx,>>>>,rcx,=,$z,zf,:=,$p,pf,:=,63,$s,sf,:=",False,16785952,16786255,4,"sar rcx, 0x22","sar rcx, 0x22",48c1f922,cpu,sar,False,25,0,,,,,
16785986,"edx,ecx,+=,31,$o,of,:=,31,$s,sf,:=,$z,zf,:=,31,$c,cf,:=,$p,pf,:=,3,$c,af,:=",False,16785952,16786257,2,"add ecx, edx","add ecx, edx",01d1,cpu,add,False,17,0,,,,,
16785988,"32,137,~,32,ecx,~,*,DUP,ecx,=,ecx,-,?{,1,1,}{,0,0,},cf,:=,of,:=",False,16785952,16786253,6,"imul ecx, ecx, 0x89","imul ecx, ecx, 0x89",69c989000000,cpu,mul,False,20,0,,,,,
16785994,"ecx,eax,-=,ecx,0x80000000,-,!,31,$o,^,of,:=,31,$s,sf,:=,$z,zf,:=,$p,pf,:=,32,$b,cf,:=,3,$b,af,:=",False,16785952,16786257,2,"sub eax, ecx","sub eax, ecx",29c8,cpu,sub,False,18,0,,,,,
16785996,"eax,rdi,=[4]",True,16785952,16786257,2,"mov dword [rdi], eax","mov dword [rdi], eax",8907,cpu,mov,False,9,0,,,,,
16785998,"0x4,rdi,+,[16],xmm0,=",True,16785952,16786255,4,"movups xmm0, xmmword [rdi + 4]","movups xmm0, xmmword [rdi + 4]",0f104704,sse,mov,False,9,0,,,,,
16786002,"xmm0,xmm1,=",False,16785952,16786256,3,"movaps xmm1, xmm0","movaps xmm1, xmm0",0f28c8,sse,mov,False,9,0,,,,,
16786005,,False,16785952,16786254,5,"pslld xmm1, 3","pslld xmm1, 3",660f72f103,sse,null,False,0,0,,,,,
16786010,"xmm0,xmm1,-=",False,16785952,16786255,4,"psubd xmm1, xmm0","psubd xmm1, xmm0",660ffac8,sse,sub,False,18,0,,,,,
16786014,"0x1c95,rip,-,[16],xmm2,=",True,16785952,16786252,7,"movaps xmm2, xmmword [rip - 0x1c95]","movaps xmm2, xmmword [data.010005d0]",0f28156be3ffff,sse,mov,False,9,0,,,,16778704.0,"[{'addr': 16778704, 'type': 'DATA'}]"
16786021,"xmm1,xmm0,=",False,16785952,16786256,3,"movaps xmm0, xmm1","movaps xmm0, xmm1",0f28c1,sse,mov,False,9,0,,,,,
16786024,,False,16785952,16786255,4,"pand xmm0, xmm2","pand xmm0, xmm2",660fdbc2,sse,null,False,0,0,,,,,
16786028,,False,16785952,16786255,4,"por xmm1, xmm2","por xmm1, xmm2",660febca,sse,null,False,0,0,,,,,
16786032,,False,16785952,16786255,4,"paddd xmm0, xmm1","paddd xmm0, xmm1",660ffec1,sse,add,False,17,0,,,,,
16786036,"0x1d1b,rip,-,[16],xmm3,=",True,16785952,16786252,7,"movaps xmm3, xmmword [rip - 0x1d1b]","movaps xmm3, xmmword [data.01000560]",0f281de5e2ffff,sse,mov,False,9,0,,,,16778592.0,"[{'addr': 16778592, 'type': 'DATA'}]"
16786043,"xmm0,xmm1,=",False,16785952,16786256,3,"movaps xmm1, xmm0","movaps xmm1, xmm0",0f28c8,sse,mov,False,9,0,,,,,
16786046,,False,16785952,16786255,4,"pmuludq xmm1, xmm3","pmuludq xmm1, xmm3",660ff4cb,sse,null,False,0,0,,,,,
16786050,,False,16785952,16786254,5,"pshufd xmm2, xmm1, 0xed","pshufd xmm2, xmm1, 0xed",660f70d1ed,sse,null,False,0,0,,,,,
16786055,,False,16785952,16786254,5,"pshufd xmm1, xmm0, 0xf5","pshufd xmm1, xmm0, 0xf5",660f70c8f5,sse,null,False,0,0,,,,,
16786060,,False,16785952,16786255,4,"pmuludq xmm1, xmm3","pmuludq xmm1, xmm3",660ff4cb,sse,null,False,0,0,,,,,
16786064,,False,16785952,16786254,5,"pshufd xmm1, xmm1, 0xed","pshufd xmm1, xmm1, 0xed",660f70c9ed,sse,null,False,0,0,,,,,
16786069,,False,16785952,16786255,4,"punpckldq xmm2, xmm1","punpckldq xmm2, xmm1",660f62d1,sse,null,False,0,0,,,,,
16786073,"xmm1,xmm1,^=,$z,zf,:=,$p,pf,:=,127,$s,sf,:=,0,cf,:=,0,of,:=",False,16785952,16786256,3,"xorps xmm1, xmm1","xorps xmm1, xmm1",0f57c9,sse,xor,False,28,0,,,,,
16786076,,False,16785952,16786255,4,"pcmpgtd xmm1, xmm0","pcmpgtd xmm1, xmm0",660f66c8,sse,cmp,False,15,0,,,,,
16786080,,False,16785952,16786255,4,"pand xmm1, xmm3","pand xmm1, xmm3",660fdbcb,sse,null,False,0,0,,,,,
16786084,"xmm1,xmm2,-=",False,16785952,16786255,4,"psubd xmm2, xmm1","psubd xmm2, xmm1",660ffad1,sse,sub,False,18,0,,,,,
16786088,"xmm2,xmm1,=",False,16785952,16786256,3,"movaps xmm1, xmm2","movaps xmm1, xmm2",0f28ca,sse,mov,False,9,0,,,,,
16786091,,False,16785952,16786254,5,"psrld xmm1, 0x1f","psrld xmm1, 0x1f",660f72d11f,sse,null,False,0,0,,,,,
16786096,,False,16785952,16786254,5,"psrad xmm2, 2","psrad xmm2, 2",660f72e202,sse,null,False,0,0,,,,,
16786101,,False,16785952,16786255,4,"paddd xmm2, xmm1","paddd xmm2, xmm1",660ffed1,sse,add,False,17,0,,,,,
16786105,"0x1d30,rip,-,[16],xmm3,=",True,16785952,16786252,7,"movaps xmm3, xmmword [rip - 0x1d30]","movaps xmm3, xmmword [data.01000590]",0f281dd0e2ffff,sse,mov,False,9,0,,,,16778640.0,"[{'addr': 16778640, 'type': 'DATA'}]"
16786112,"xmm2,xmm1,=",False,16785952,16786256,3,"movaps xmm1, xmm2","movaps xmm1, xmm2",0f28ca,sse,mov,False,9,0,,,,,
16786115,,False,16785952,16786255,4,"pmuludq xmm1, xmm3","pmuludq xmm1, xmm3",660ff4cb,sse,null,False,0,0,,,,,
16786119,,False,16785952,16786254,5,"pshufd xmm1, xmm1, 0xe8","pshufd xmm1, xmm1, 0xe8",660f70c9e8,sse,null,False,0,0,,,,,
16786124,,False,16785952,16786254,5,"pshufd xmm2, xmm2, 0xf5","pshufd xmm2, xmm2, 0xf5",660f70d2f5,sse,null,False,0,0,,,,,
16786129,,False,16785952,16786255,4,"pmuludq xmm2, xmm3","pmuludq xmm2, xmm3",660ff4d3,sse,null,False,0,0,,,,,
16786133,,False,16785952,16786254,5,"pshufd xmm2, xmm2, 0xe8","pshufd xmm2, xmm2, 0xe8",660f70d2e8,sse,null,False,0,0,,,,,
16786138,,False,16785952,16786255,4,"punpckldq xmm1, xmm2","punpckldq xmm1, xmm2",660f62ca,sse,null,False,0,0,,,,,
16786142,"xmm1,xmm0,-=",False,16785952,16786255,4,"psubd xmm0, xmm1","psubd xmm0, xmm1",660ffac1,sse,sub,False,18,0,,,,,
16786146,"xmm0,0x4,rdi,+,=[16]",False,16785952,16786254,5,"movdqu xmmword [rdi + 4], xmm0","movdqu xmmword [rdi + 4], xmm0",f30f7f4704,sse,null,False,0,0,,,,,
16786151,"32,7,~,32,0x14,rdi,+,[4],~,*,DUP,ecx,=,ecx,-,?{,1,1,}{,0,0,},cf,:=,of,:=",False,16785952,16786255,4,"imul ecx, dword [rdi + 0x14], 7","imul ecx, dword [rdi + 0x14], 7",6b4f1407,cpu,mul,False,20,0,,,,,
16786155,"ecx,rax,=",False,16785952,16786257,2,"mov eax, ecx","mov eax, ecx",89c8,cpu,mov,False,9,0,,,,,
16786157,"5,rax,&,0xffffffff,&,rax,=,$z,zf,:=,$p,pf,:=,31,$s,sf,:=,0,cf,:=,0,of,:=",False,16785952,16786256,3,"and eax, 5","and eax, 5",83e005,cpu,and,False,27,0,,,5.0,,
16786160,"5,ecx,|=,31,$s,sf,:=,$z,zf,:=,$p,pf,:=,0,of,:=,0,cf,:=",False,16785952,16786256,3,"or ecx, 5","or ecx, 5",83c905,cpu,or,False,26,0,,,5.0,,
16786163,"ecx,eax,+=,31,$o,of,:=,31,$s,sf,:=,$z,zf,:=,31,$c,cf,:=,$p,pf,:=,3,$c,af,:=",False,16785952,16786257,2,"add eax, ecx","add eax, ecx",01c8,cpu,add,False,17,0,,,,,
16786165,"137,rcx,=",False,16785952,16786254,5,"mov ecx, 0x89","mov ecx, 0x89",b989000000,cpu,mov,False,9,0,,,137.0,137.0,
16786170,"0,edx,=,31,eax,>>,?{,0xffffffff,edx,=,}",False,16785952,16786258,1,cdq,cdq,99,cpu,null,False,0,0,,,,,
16786171,"32,ecx,~,32,edx,<<,eax,+,~%,32,ecx,~,32,edx,<<,eax,+,~/,eax,=,edx,=",False,16785952,16786257,2,idiv ecx,idiv ecx,f7f9,cpu,div,False,21,0,,,,,
16786173,"edx,0x14,rdi,+,=[4]",True,16785952,16786256,3,"mov dword [rdi + 0x14], edx","mov dword [rdi + 0x14], edx",895714,cpu,mov,False,9,0,,,,,
16786176,"32,7,~,32,0x18,rdi,+,[4],~,*,DUP,eax,=,eax,-,?{,1,1,}{,0,0,},cf,:=,of,:=",False,16785952,16786255,4,"imul eax, dword [rdi + 0x18], 7","imul eax, dword [rdi + 0x18], 7",6b471807,cpu,mul,False,20,0,,,,,
16786180,"eax,rsi,=",False,16785952,16786257,2,"mov esi, eax","mov esi, eax",89c6,cpu,mov,False,9,0,,,,,
16786182,"4294967295,rsi,^,0xffffffff,&,rsi,=,$z,zf,:=,$p,pf,:=,31,$s,sf,:=,0,cf,:=,0,of,:=",False,16785952,16786256,3,"xor esi, 0xffffffff","xor esi, 0xffffffff",83f6ff,cpu,xor,False,28,0,,,4294967295.0,4294967295.0,
16786185,"esi,rdx,=",False,16785952,16786257,2,"mov edx, esi","mov edx, esi",89f2,cpu,mov,False,9,0,,,,,
16786187,"edx,edx,|=,31,$s,sf,:=,$z,zf,:=,$p,pf,:=,0,of,:=,0,cf,:=",False,16785952,16786257,2,"or edx, edx","or edx, edx",09d2,cpu,or,False,26,0,,,,,
16786189,"0,rdx,&,0xffffffff,&,rdx,=,$z,zf,:=,$p,pf,:=,31,$s,sf,:=,0,cf,:=,0,of,:=",False,16785952,16786256,3,"and edx, 0","and edx, 0",83e200,cpu,and,False,27,0,,,0.0,,
16786192,"eax,rdx,^,0xffffffff,&,rdx,=,$z,zf,:=,$p,pf,:=,31,$s,sf,:=,0,cf,:=,0,of,:=",False,16785952,16786257,2,"xor edx, eax","xor edx, eax",31c2,cpu,xor,False,28,0,,,,,
16786194,"eax,rcx,=",False,16785952,16786257,2,"mov ecx, eax","mov ecx, eax",89c1,cpu,mov,False,9,0,,,,,
16786196,"6,ecx,|=,31,$s,sf,:=,$z,zf,:=,$p,pf,:=,0,of,:=,0,cf,:=",False,16785952,16786256,3,"or ecx, 6","or ecx, 6",83c906,cpu,or,False,26,0,,,6.0,,
16786199,"ecx,rsi,^,0xffffffff,&,rsi,=,$z,zf,:=,$p,pf,:=,31,$s,sf,:=,0,cf,:=,0,of,:=",False,16785952,16786257,2,"xor esi, ecx","xor esi, ecx",31ce,cpu,xor,False,28,0,,,,,
16786201,"eax,rcx,=",False,16785952,16786257,2,"mov ecx, eax","mov ecx, eax",89c1,cpu,mov,False,9,0,,,,,
16786203,"esi,rcx,&,0xffffffff,&,rcx,=,$z,zf,:=,$p,pf,:=,31,$s,sf,:=,0,cf,:=,0,of,:=",False,16785952,16786257,2,"and ecx, esi","and ecx, esi",21f1,cpu,and,False,27,0,,,,,
16786205,"edx,eax,|=,31,$s,sf,:=,$z,zf,:=,$p,pf,:=,0,of,:=,0,cf,:=",False,16785952,16786257,2,"or eax, edx","or eax, edx",09d0,cpu,or,False,26,0,,,,,
16786207,"ecx,eax,|=,31,$s,sf,:=,$z,zf,:=,$p,pf,:=,0,of,:=,0,cf,:=",False,16785952,16786257,2,"or eax, ecx","or eax, ecx",09c8,cpu,or,False,26,0,,,,,
16786209,"6,eax,+=,31,$o,of,:=,31,$s,sf,:=,$z,zf,:=,31,$c,cf,:=,$p,pf,:=,3,$c,af,:=",False,16785952,16786256,3,"add eax, 6","add eax, 6",83c006,cpu,add,False,17,0,,,6.0,,
16786212,"137,rcx,=",False,16785952,16786254,5,"mov ecx, 0x89","mov ecx, 0x89",b989000000,cpu,mov,False,9,0,,,137.0,137.0,
16786217,"0,edx,=,31,eax,>>,?{,0xffffffff,edx,=,}",False,16785952,16786258,1,cdq,cdq,99,cpu,null,False,0,0,,,,,
16786218,"32,ecx,~,32,edx,<<,eax,+,~%,32,ecx,~,32,edx,<<,eax,+,~/,eax,=,edx,=",False,16785952,16786257,2,idiv ecx,idiv ecx,f7f9,cpu,div,False,21,0,,,,,
16786220,"edx,0x18,rdi,+,=[4]",True,16785952,16786256,3,"mov dword [rdi + 0x18], edx","mov dword [rdi + 0x18], edx",895718,cpu,mov,False,9,0,,,,,
16786223,"32,7,~,32,0x1c,rdi,+,[4],~,*,DUP,ecx,=,ecx,-,?{,1,1,}{,0,0,},cf,:=,of,:=",False,16785952,16786255,4,"imul ecx, dword [rdi + 0x1c], 7","imul ecx, dword [rdi + 0x1c], 7",6b4f1c07,cpu,mul,False,20,0,,,,,
16786227,"ecx,rax,=",False,16785952,16786257,2,"mov eax, ecx","mov eax, ecx",89c8,cpu,mov,False,9,0,,,,,
16786229,"7,rax,&,0xffffffff,&,rax,=,$z,zf,:=,$p,pf,:=,31,$s,sf,:=,0,cf,:=,0,of,:=",False,16785952,16786256,3,"and eax, 7","and eax, 7",83e007,cpu,and,False,27,0,,,7.0,,
16786232,"4294967288,rax,^,0xffffffff,&,rax,=,$z,zf,:=,$p,pf,:=,31,$s,sf,:=,0,cf,:=,0,of,:=",False,16785952,16786256,3,"xor eax, 0xfffffff8","xor eax, 0xfffffff8",83f0f8,cpu,xor,False,28,0,,,4294967288.0,4294967288.0,
16786235,"7,rcx,^,0xffffffff,&,rcx,=,$z,zf,:=,$p,pf,:=,31,$s,sf,:=,0,cf,:=,0,of,:=",False,16785952,16786256,3,"xor ecx, 7","xor ecx, 7",83f107,cpu,xor,False,28,0,,,7.0,,
16786238,"7,rcx,^,0xffffffff,&,rcx,=,$z,zf,:=,$p,pf,:=,31,$s,sf,:=,0,cf,:=,0,of,:=",False,16785952,16786256,3,"xor ecx, 7","xor ecx, 7",83f107,cpu,xor,False,28,0,,,7.0,,
16786241,"ecx,rax,&,0xffffffff,&,rax,=,$z,zf,:=,$p,pf,:=,31,$s,sf,:=,0,cf,:=,0,of,:=",False,16785952,16786257,2,"and eax, ecx","and eax, ecx",21c8,cpu,and,False,27,0,,,,,
16786243,"7,eax,+=,31,$o,of,:=,31,$s,sf,:=,$z,zf,:=,31,$c,cf,:=,$p,pf,:=,3,$c,af,:=",False,16785952,16786256,3,"add eax, 7","add eax, 7",83c007,cpu,add,False,17,0,,,7.0,,
16786246,"137,rcx,=",False,16785952,16786254,5,"mov ecx, 0x89","mov ecx, 0x89",b989000000,cpu,mov,False,9,0,,,137.0,137.0,
16786251,"0,edx,=,31,eax,>>,?{,0xffffffff,edx,=,}",False,16785952,16786258,1,cdq,cdq,99,cpu,null,False,0,0,,,,,
16786252,"32,ecx,~,32,edx,<<,eax,+,~%,32,ecx,~,32,edx,<<,eax,+,~/,eax,=,edx,=",False,16785952,16786257,2,idiv ecx,idiv ecx,f7f9,cpu,div,False,21,0,,,,,
16786254,"edx,0x1c,rdi,+,=[4]",True,16785952,16786256,3,"mov dword [rdi + 0x1c], edx","mov dword [rdi + 0x1c], edx",89571c,cpu,mov,False,9,0,,,,,
16786257,"rsp,[8],8,rsp,+=,rbp,=",False,16785952,16786258,1,pop rbp,pop rbp,5d,cpu,pop,False,14,0,,,,,
16786258,"rsp,[8],rip,=,8,rsp,+=",False,16785952,16786258,1,ret,ret,c3,cpu,ret,False,5,0,,,,,
