offset,esil,refptr,fcn_addr,fcn_last,size,opcode,disasm,bytes,family,type,reloc,type_num,type2_num,flags,xrefs_to,val,jump,fail,ptr,xrefs_from,comment
16784992,"rbp,8,rsp,-,=[8],8,rsp,-=",False,16784992,16785143,1,push rbp,push rbp,55,cpu,rpush,False,268435468,0,['sym.validate_input'],"[{'addr': 16784294, 'type': 'CALL'}]",,,,,,
16784993,"rsp,rbp,=",False,16784992,16785141,3,"mov rbp, rsp","mov rbp, rsp",4889e5,cpu,mov,False,9,0,,,,,,,,
16784996,"rdi,0x18,rbp,-,=[8]",True,16784992,16785140,4,"mov qword [rbp - 0x18], rdi","mov qword [var_20h], rdi",48897de8,cpu,mov,False,268435465,0,,,,,,,,
16785000,"rdi,[4],rax,=",True,16784992,16785142,2,"mov eax, dword [rdi]","mov eax, dword [rdi]",8b07,cpu,mov,False,9,0,,,,,,,,
16785002,"eax,0x8,rbp,-,=[4]",True,16784992,16785141,3,"mov dword [rbp - 8], eax","mov dword [var_10h], eax",8945f8,cpu,mov,False,268435465,0,,,,,,,,
16785005,"0,0xc,rbp,-,=[4]",True,16784992,16785137,7,"mov dword [rbp - 0xc], 0","mov dword [var_14h], 0",c745f400000000,cpu,mov,False,268435465,0,,,0.0,,,,,
16785012,"0xc,rbp,-,[4],rax,=",True,16784992,16785141,3,"mov eax, dword [rbp - 0xc]","mov eax, dword [var_14h]",8b45f4,cpu,mov,False,9,0,,"[{'addr': 16785047, 'type': 'CODE'}]",,,,,,
16785015,"rax,0x20,rbp,-,=[8]",True,16784992,16785140,4,"mov qword [rbp - 0x20], rax","mov qword [var_28h], rax",488945e0,cpu,mov,False,268435465,0,,,,,,,,
16785019,"3,rax,-=,3,0x8000000000000000,-,!,63,$o,^,of,:=,63,$s,sf,:=,$z,zf,:=,$p,pf,:=,64,$b,cf,:=,3,$b,af,:=",False,16784992,16785140,4,"sub rax, 3","sub rax, 3",4883e803,cpu,sub,False,18,0,,,3.0,,,,,
16785023,"cf,zf,|,!,?{,16785045,rip,=,}",False,16784992,16785142,2,ja 0x1001e95,ja 0x1001e95,7714,cpu,cjmp,False,2147483649,0,,,,16785045.0,16785025.0,,,
16785025,"0x20,rbp,-,[8],rax,=",True,16784992,16785140,4,"mov rax, qword [rbp - 0x20]","mov rax, qword [var_28h]",488b45e0,cpu,mov,False,9,0,,,,,,,,
16785029,"0x1954,rip,-,rcx,=",True,16784992,16785137,7,"lea rcx, [rip - 0x1954]","lea rcx, data.01000538",488d0dace6ffff,cpu,lea,False,33,0,,,,,,16778552.0,"[{'addr': 16778552, 'type': 'DATA'}]",
16785036,"32,rax,4,*,rcx,+,[4],~,rax,=",True,16784992,16785140,4,"movsxd rax, dword [rcx + rax*4]","movsxd rax, dword [rcx + rax*4]",48630481,cpu,mov,False,9,0,,,,,,,,
16785040,"rcx,rax,+=,63,$o,of,:=,63,$s,sf,:=,$z,zf,:=,63,$c,cf,:=,$p,pf,:=,3,$c,af,:=",False,16784992,16785141,3,"add rax, rcx","add rax, rcx",4801c8,cpu,add,False,17,0,,,,,,,,
16785043,"rax,rip,=",False,16784992,16785142,2,jmp rax,jmp rax,ffe0,cpu,rjmp,False,268435458,0,['switch.0x01001e93'],,,,,,"[{'addr': 16785049, 'type': 'CODE'}, {'addr': 16785078, 'type': 'CODE'}, {'addr': 16785111, 'type': 'CODE'}, {'addr': 16785139, 'type': 'CODE'}]",c3dpdGNoIHRhYmxlICg0IGNhc2VzKSBhdCAweDEwMDA1Mzg=
16785045,"0x1001e97,rip,=",False,16784992,16785142,2,jmp 0x1001e97,jmp 0x1001e97,eb00,cpu,jmp,False,1,0,,,,16785047.0,,,"[{'addr': 16785047, 'type': 'CODE'}]",
16785047,"0x1001e74,rip,=",False,16784992,16785142,2,jmp 0x1001e74,jmp 0x1001e74,ebdb,cpu,jmp,False,1,0,,"[{'addr': 16785045, 'type': 'CODE'}, {'addr': 16785076, 'type': 'CODE'}, {'addr': 16785109, 'type': 'CODE'}, {'addr': 16785137, 'type': 'CODE'}]",,16785012.0,,,"[{'addr': 16785012, 'type': 'CODE'}]",
16785049,"1,rax,=",False,16784992,16785139,5,"mov eax, 1","mov eax, 1",b801000000,cpu,mov,False,9,0,['case.0x1001e93.0'],"[{'addr': 16785043, 'type': 'CODE'}]",1.0,,,,,
16785054,"3,rcx,=",False,16784992,16785139,5,"mov ecx, 3","mov ecx, 3",b903000000,cpu,mov,False,9,0,,,3.0,,,,,
16785059,"100,0x8,rbp,-,[4],==,$z,zf,:=,32,$b,cf,:=,$p,pf,:=,31,$s,sf,:=,100,0x80000000,-,!,31,$o,^,of,:=,3,$b,af,:=",True,16784992,16785140,4,"cmp dword [rbp - 8], 0x64","cmp dword [var_10h], 0x64",837df864,cpu,cmp,False,268435471,0,,,100.0,,,,,
16785063,"cf,zf,|,!,?{,ecx,eax,=,}",False,16784992,16785141,3,"cmova eax, ecx","cmova eax, ecx",0f47c1,cpu,cmov,False,2147483657,0,,,,,,,,
16785066,"eax,0xc,rbp,-,=[4]",True,16784992,16785141,3,"mov dword [rbp - 0xc], eax","mov dword [var_14h], eax",8945f4,cpu,mov,False,268435465,0,,,,,,,,
16785069,"0,0x4,rbp,-,=[4]",True,16784992,16785137,7,"mov dword [rbp - 4], 0","mov dword [var_ch], 0",c745fc00000000,cpu,mov,False,268435465,0,,,0.0,,,,,
16785076,"0x1001e97,rip,=",False,16784992,16785142,2,jmp 0x1001e97,jmp 0x1001e97,ebe1,cpu,jmp,False,1,0,,,,16785047.0,,,"[{'addr': 16785047, 'type': 'CODE'}]",
16785078,"0x18,rbp,-,[8],rdx,=",True,16784992,16785140,4,"mov rdx, qword [rbp - 0x18]","mov rdx, qword [var_20h]",488b55e8,cpu,mov,False,9,0,['case.0x1001e93.1'],"[{'addr': 16785043, 'type': 'CODE'}]",,,,,,
16785082,"2,rax,=",False,16784992,16785139,5,"mov eax, 2","mov eax, 2",b802000000,cpu,mov,False,9,0,,,2.0,,,,,
16785087,"3,rcx,=",False,16784992,16785139,5,"mov ecx, 3","mov ecx, 3",b903000000,cpu,mov,False,9,0,,,3.0,,,,,
16785092,"100,0x4,rdx,+,[4],==,$z,zf,:=,32,$b,cf,:=,$p,pf,:=,31,$s,sf,:=,100,0x80000000,-,!,31,$o,^,of,:=,3,$b,af,:=",True,16784992,16785140,4,"cmp dword [rdx + 4], 0x64","cmp dword [rdx + 4], 0x64",837a0464,cpu,cmp,False,15,0,,,100.0,,,,,
16785096,"cf,zf,|,!,?{,ecx,eax,=,}",False,16784992,16785141,3,"cmova eax, ecx","cmova eax, ecx",0f47c1,cpu,cmov,False,2147483657,0,,,,,,,,
16785099,"eax,0xc,rbp,-,=[4]",True,16784992,16785141,3,"mov dword [rbp - 0xc], eax","mov dword [var_14h], eax",8945f4,cpu,mov,False,268435465,0,,,,,,,,
16785102,"0,0x4,rbp,-,=[4]",True,16784992,16785137,7,"mov dword [rbp - 4], 0","mov dword [var_ch], 0",c745fc00000000,cpu,mov,False,268435465,0,,,0.0,,,,,
16785109,"0x1001e97,rip,=",False,16784992,16785142,2,jmp 0x1001e97,jmp 0x1001e97,ebc0,cpu,jmp,False,1,0,,,,16785047.0,,,"[{'addr': 16785047, 'type': 'CODE'}]",
16785111,"0x18,rbp,-,[8],rax,=",True,16784992,16785140,4,"mov rax, qword [rbp - 0x18]","mov rax, qword [var_20h]",488b45e8,cpu,mov,False,9,0,['case.0x1001e93.2'],"[{'addr': 16785043, 'type': 'CODE'}]",,,,,,
16785115,"101,0x8,rax,+,[4],==,$z,zf,:=,32,$b,cf,:=,$p,pf,:=,31,$s,sf,:=,101,0x80000000,-,!,31,$o,^,of,:=,3,$b,af,:=",True,16784992,16785140,4,"cmp dword [rax + 8], 0x65","cmp dword [rax + 8], 0x65",83780865,cpu,cmp,False,15,0,,,101.0,,,,,
16785119,"cf,al,=",False,16784992,16785141,3,setb al,setb al,0f92c0,cpu,cmov,False,2147483657,0,,,,,,,,
16785122,"1,al,&=,$z,zf,:=,$p,pf,:=,7,$s,sf,:=,0,cf,:=,0,of,:=",False,16784992,16785142,2,"and al, 1","and al, 1",2401,cpu,and,False,27,0,,,1.0,,,,,
16785124,"al,rax,=",False,16784992,16785141,3,"movzx eax, al","movzx eax, al",0fb6c0,cpu,mov,False,9,0,,,,,,,,
16785127,"3,0xc,rbp,-,=[4]",True,16784992,16785137,7,"mov dword [rbp - 0xc], 3","mov dword [var_14h], 3",c745f403000000,cpu,mov,False,268435465,0,,,3.0,,,,,
16785134,"eax,0x4,rbp,-,=[4]",True,16784992,16785141,3,"mov dword [rbp - 4], eax","mov dword [var_ch], eax",8945fc,cpu,mov,False,268435465,0,,,,,,,,
16785137,"0x1001e97,rip,=",False,16784992,16785142,2,jmp 0x1001e97,jmp 0x1001e97,eba4,cpu,jmp,False,1,0,,,,16785047.0,,,"[{'addr': 16785047, 'type': 'CODE'}]",
16785139,"0x4,rbp,-,[4],rax,=",True,16784992,16785141,3,"mov eax, dword [rbp - 4]","mov eax, dword [var_ch]",8b45fc,cpu,mov,False,9,0,['case.0x1001e93.3'],"[{'addr': 16785043, 'type': 'CODE'}]",,,,,,
16785142,"rsp,[8],8,rsp,+=,rbp,=",False,16784992,16785143,1,pop rbp,pop rbp,5d,cpu,pop,False,14,0,,,,,,,,
16785143,"rsp,[8],rip,=,8,rsp,+=",False,16784992,16785143,1,ret,ret,c3,cpu,ret,False,5,0,,,,,,,,
