offset,esil,refptr,fcn_addr,fcn_last,size,opcode,disasm,bytes,family,type,reloc,type_num,type2_num,flags,xrefs_to,jump,xrefs_from,ptr,val,fail
16783248,"rbp,8,rsp,-,=[8],8,rsp,-=",False,16783248,16783504,1,push rbp,push rbp,55,cpu,rpush,False,268435468,0,['sym.recursive_modulation'],"[{'addr': 16783137, 'type': 'CALL'}]",,,,,
16783249,"rsp,rbp,=",False,16783248,16783502,3,"mov rbp, rsp","mov rbp, rsp",4889e5,cpu,mov,False,9,0,,,,,,,
16783252,"eax,rax,^,0xffffffff,&,rax,=,$z,zf,:=,$p,pf,:=,31,$s,sf,:=,0,cf,:=,0,of,:=",False,16783248,16783503,2,"xor eax, eax","xor eax, eax",31c0,cpu,xor,False,28,0,,,,,,,
16783254,"eax,0xc,rbp,-,=[4]",True,16783248,16783502,3,"mov dword [rbp - 0xc], eax","mov dword [var_14h], eax",8945f4,cpu,mov,False,268435465,0,,,,,,,
16783257,"edi,0x8,rbp,-,=[4]",True,16783248,16783502,3,"mov dword [rbp - 8], edi","mov dword [var_10h], edi",897df8,cpu,mov,False,268435465,0,,,,,,,
16783260,"esi,0x4,rbp,-,=[4]",True,16783248,16783502,3,"mov dword [rbp - 4], esi","mov dword [var_ch], esi",8975fc,cpu,mov,False,268435465,0,,,,,,,
16783263,"0x10017a1,rip,=",False,16783248,16783503,2,jmp 0x10017a1,jmp 0x10017a1,eb00,cpu,jmp,False,1,0,,,16783265.0,"[{'addr': 16783265, 'type': 'CODE'}]",,,
16783265,"0xc,rbp,-,[4],rax,=",True,16783248,16783502,3,"mov eax, dword [rbp - 0xc]","mov eax, dword [var_14h]",8b45f4,cpu,mov,False,9,0,,"[{'addr': 16783263, 'type': 'CODE'}, {'addr': 16783490, 'type': 'CODE'}]",,,,,
16783268,"0x8,rbp,-,[4],rcx,=",True,16783248,16783502,3,"mov ecx, dword [rbp - 8]","mov ecx, dword [var_10h]",8b4df8,cpu,mov,False,9,0,,,,,,,
16783271,"0x4,rbp,-,[4],rdx,=",True,16783248,16783502,3,"mov edx, dword [rbp - 4]","mov edx, dword [var_ch]",8b55fc,cpu,mov,False,9,0,,,,,,,
16783274,"eax,0x1c,rbp,-,=[4]",True,16783248,16783502,3,"mov dword [rbp - 0x1c], eax","mov dword [var_24h], eax",8945e4,cpu,mov,False,268435465,0,,,,,,,
16783277,"1,edx,==,$z,zf,:=,32,$b,cf,:=,$p,pf,:=,31,$s,sf,:=,1,0x80000000,-,!,31,$o,^,of,:=,3,$b,af,:=",False,16783248,16783502,3,"cmp edx, 1","cmp edx, 1",83fa01,cpu,cmp,False,15,0,,,,,1.0,1.0,
16783280,"sf,of,^,al,=",False,16783248,16783502,3,setl al,setl al,0f9cc0,cpu,cmov,False,2147483657,0,,,,,,,
16783283,"1,ecx,==,$z,zf,:=,32,$b,cf,:=,$p,pf,:=,31,$s,sf,:=,1,0x80000000,-,!,31,$o,^,of,:=,3,$b,af,:=",False,16783248,16783502,3,"cmp ecx, 1","cmp ecx, 1",83f901,cpu,cmp,False,15,0,,,,,1.0,1.0,
16783286,"sf,of,^,sil,=",False,16783248,16783501,4,setl sil,setl sil,400f9cc6,cpu,cmov,False,2147483657,0,,,,,,,
16783290,"al,sil,|=,7,$s,sf,:=,$z,zf,:=,$p,pf,:=,0,of,:=,0,cf,:=",False,16783248,16783502,3,"or sil, al","or sil, al",4008c6,cpu,or,False,26,0,,,,,,,
16783293,"eax,rax,^,0xffffffff,&,rax,=,$z,zf,:=,$p,pf,:=,31,$s,sf,:=,0,cf,:=,0,of,:=",False,16783248,16783503,2,"xor eax, eax","xor eax, eax",31c0,cpu,xor,False,28,0,,,,,,,
16783295,"0,1,sil,&,==,$z,zf,:=,$p,pf,:=,7,$s,sf,:=,0,cf,:=,0,of,:=",False,16783248,16783501,4,"test sil, 1","test sil, 1",40f6c601,cpu,acmp,False,16,0,,,,,1.0,1.0,
16783299,"edx,0x18,rbp,-,=[4]",True,16783248,16783502,3,"mov dword [rbp - 0x18], edx","mov dword [var_20h], edx",8955e8,cpu,mov,False,268435465,0,,,,,,,
16783302,"ecx,0x14,rbp,-,=[4]",True,16783248,16783502,3,"mov dword [rbp - 0x14], ecx","mov dword [var_1ch], ecx",894dec,cpu,mov,False,268435465,0,,,,,,,
16783305,"eax,0x10,rbp,-,=[4]",True,16783248,16783502,3,"mov dword [rbp - 0x10], eax","mov dword [var_18h], eax",8945f0,cpu,mov,False,268435465,0,,,,,,,
16783308,"zf,!,?{,16783495,rip,=,}",False,16783248,16783499,6,jne 0x1001887,jne 0x1001887,0f85b5000000,cpu,cjmp,False,2147483649,0,,,16783495.0,,,,16783314.0
16783314,"0x18,rbp,-,[4],rcx,=",True,16783248,16783502,3,"mov ecx, dword [rbp - 0x18]","mov ecx, dword [var_20h]",8b4de8,cpu,mov,False,9,0,,"[{'addr': 16783403, 'type': 'CODE'}]",,,,,
16783317,"0x14,rbp,-,[4],rax,=",True,16783248,16783502,3,"mov eax, dword [rbp - 0x14]","mov eax, dword [var_1ch]",8b45ec,cpu,mov,False,9,0,,,,,,,
16783320,"0x10,rbp,-,[4],rdx,=",True,16783248,16783502,3,"mov edx, dword [rbp - 0x10]","mov edx, dword [var_18h]",8b55f0,cpu,mov,False,9,0,,,,,,,
16783323,"edx,0x28,rbp,-,=[4]",True,16783248,16783502,3,"mov dword [rbp - 0x28], edx","mov dword [var_30h], edx",8955d8,cpu,mov,False,268435465,0,,,,,,,
16783326,"eax,0x24,rbp,-,=[4]",True,16783248,16783502,3,"mov dword [rbp - 0x24], eax","mov dword [var_2ch], eax",8945dc,cpu,mov,False,268435465,0,,,,,,,
16783329,"ecx,0x20,rbp,-,=[4]",True,16783248,16783502,3,"mov dword [rbp - 0x20], ecx","mov dword [var_28h], ecx",894de0,cpu,mov,False,268435465,0,,,,,,,
16783332,"3,rcx,=",False,16783248,16783500,5,"mov ecx, 3","mov ecx, 3",b903000000,cpu,mov,False,9,0,,,,,,3.0,
16783337,"edx,rdx,^,0xffffffff,&,rdx,=,$z,zf,:=,$p,pf,:=,31,$s,sf,:=,0,cf,:=,0,of,:=",False,16783248,16783503,2,"xor edx, edx","xor edx, edx",31d2,cpu,xor,False,28,0,,,,,,,
16783339,"ecx,32,edx,<<,eax,+,%,ecx,32,edx,<<,eax,+,/,eax,=,edx,=",False,16783248,16783503,2,div ecx,div ecx,f7f1,cpu,div,False,21,0,,,,,,,
16783341,"0,edx,==,$z,zf,:=,32,$b,cf,:=,$p,pf,:=,31,$s,sf,:=,0,0x80000000,-,!,31,$o,^,of,:=,3,$b,af,:=",False,16783248,16783502,3,"cmp edx, 0","cmp edx, 0",83fa00,cpu,cmp,False,15,0,,,,,0.0,0.0,
16783344,"zf,!,?{,16783405,rip,=,}",False,16783248,16783503,2,jne 0x100182d,jne 0x100182d,753b,cpu,cjmp,False,2147483649,0,,,16783405.0,,,,16783346.0
16783346,"0x24,rbp,-,[4],rsi,=",True,16783248,16783502,3,"mov esi, dword [rbp - 0x24]","mov esi, dword [var_2ch]",8b75dc,cpu,mov,False,9,0,,,,,,,
16783349,"0x20,rbp,-,[4],rdi,=",True,16783248,16783502,3,"mov edi, dword [rbp - 0x20]","mov edi, dword [var_28h]",8b7de0,cpu,mov,False,9,0,,,,,,,
16783352,"0x28,rbp,-,[4],r8,=",True,16783248,16783501,4,"mov r8d, dword [rbp - 0x28]","mov r8d, dword [var_30h]",448b45d8,cpu,mov,False,9,0,,,,,,,
16783356,"esi,rcx,=",False,16783248,16783503,2,"mov ecx, esi","mov ecx, esi",89f1,cpu,mov,False,9,0,,,,,,,
16783358,"18446744073709551614,ecx,+=,31,$o,of,:=,31,$s,sf,:=,$z,zf,:=,31,$c,cf,:=,$p,pf,:=,3,$c,af,:=",False,16783248,16783502,3,"add ecx, 0xfffffffe","add ecx, 0xfffffffe",83c1fe,cpu,add,False,17,0,,,,,,1.8446744073709552e+19,
16783361,"edi,rdx,=",False,16783248,16783503,2,"mov edx, edi","mov edx, edi",89fa,cpu,mov,False,9,0,,,,,,,
16783363,"18446744073709551615,edx,+=,31,$o,of,:=,31,$s,sf,:=,$z,zf,:=,31,$c,cf,:=,$p,pf,:=,3,$c,af,:=",False,16783248,16783502,3,"add edx, 0xffffffff","add edx, 0xffffffff",83c2ff,cpu,add,False,17,0,,,,,,,
16783366,"esi,rax,=",False,16783248,16783503,2,"mov eax, esi","mov eax, esi",89f0,cpu,mov,False,9,0,,,,,,,
16783368,"r8d,eax,+=,31,$o,of,:=,31,$s,sf,:=,$z,zf,:=,31,$c,cf,:=,$p,pf,:=,3,$c,af,:=",False,16783248,16783502,3,"add eax, r8d","add eax, r8d",4401c0,cpu,add,False,17,0,,,,,,,
16783371,"2,edi,==,$z,zf,:=,32,$b,cf,:=,$p,pf,:=,31,$s,sf,:=,2,0x80000000,-,!,31,$o,^,of,:=,3,$b,af,:=",False,16783248,16783502,3,"cmp edi, 2","cmp edi, 2",83ff02,cpu,cmp,False,15,0,,,,,2.0,2.0,
16783374,"sf,of,^,dil,=",False,16783248,16783501,4,setl dil,setl dil,400f9cc7,cpu,cmov,False,2147483657,0,,,,,,,
16783378,"3,esi,==,$z,zf,:=,32,$b,cf,:=,$p,pf,:=,31,$s,sf,:=,3,0x80000000,-,!,31,$o,^,of,:=,3,$b,af,:=",False,16783248,16783502,3,"cmp esi, 3","cmp esi, 3",83fe03,cpu,cmp,False,15,0,,,,,3.0,3.0,
16783381,"sf,of,^,sil,=",False,16783248,16783501,4,setl sil,setl sil,400f9cc6,cpu,cmov,False,2147483657,0,,,,,,,
16783385,"dil,sil,|=,7,$s,sf,:=,$z,zf,:=,$p,pf,:=,0,of,:=,0,cf,:=",False,16783248,16783502,3,"or sil, dil","or sil, dil",4008fe,cpu,or,False,26,0,,,,,,,
16783388,"0,1,sil,&,==,$z,zf,:=,$p,pf,:=,7,$s,sf,:=,0,cf,:=,0,of,:=",False,16783248,16783501,4,"test sil, 1","test sil, 1",40f6c601,cpu,acmp,False,16,0,,,,,1.0,1.0,
16783392,"edx,0x18,rbp,-,=[4]",True,16783248,16783502,3,"mov dword [rbp - 0x18], edx","mov dword [var_20h], edx",8955e8,cpu,mov,False,268435465,0,,,,,,,
16783395,"ecx,0x14,rbp,-,=[4]",True,16783248,16783502,3,"mov dword [rbp - 0x14], ecx","mov dword [var_1ch], ecx",894dec,cpu,mov,False,268435465,0,,,,,,,
16783398,"eax,0x10,rbp,-,=[4]",True,16783248,16783502,3,"mov dword [rbp - 0x10], eax","mov dword [var_18h], eax",8945f0,cpu,mov,False,268435465,0,,,,,,,
16783401,"zf,!,?{,16783495,rip,=,}",False,16783248,16783503,2,jne 0x1001887,jne 0x1001887,755c,cpu,cjmp,False,2147483649,0,,,16783495.0,,,,16783403.0
16783403,"0x10017d2,rip,=",False,16783248,16783503,2,jmp 0x10017d2,jmp 0x10017d2,eba5,cpu,jmp,False,1,0,,,16783314.0,"[{'addr': 16783314, 'type': 'CODE'}]",,,
16783405,"0x1c,rbp,-,[4],rsi,=",True,16783248,16783502,3,"mov esi, dword [rbp - 0x1c]","mov esi, dword [var_24h]",8b75e4,cpu,mov,False,9,0,,,,,,,
16783408,"0x28,rbp,-,[4],rdi,=",True,16783248,16783502,3,"mov edi, dword [rbp - 0x28]","mov edi, dword [var_30h]",8b7dd8,cpu,mov,False,9,0,,,,,,,
16783411,"0x24,rbp,-,[4],rcx,=",True,16783248,16783502,3,"mov ecx, dword [rbp - 0x24]","mov ecx, dword [var_2ch]",8b4ddc,cpu,mov,False,9,0,,,,,,,
16783414,"5,r8,=",False,16783248,16783499,6,"mov r8d, 5","mov r8d, 5",41b805000000,cpu,mov,False,9,0,,,,,,5.0,
16783420,"ecx,rax,=",False,16783248,16783503,2,"mov eax, ecx","mov eax, ecx",89c8,cpu,mov,False,9,0,,,,,,,
16783422,"edx,rdx,^,0xffffffff,&,rdx,=,$z,zf,:=,$p,pf,:=,31,$s,sf,:=,0,cf,:=,0,of,:=",False,16783248,16783503,2,"xor edx, edx","xor edx, edx",31d2,cpu,xor,False,28,0,,,,,,,
16783424,"r8d,32,edx,<<,eax,+,%,r8d,32,edx,<<,eax,+,/,eax,=,edx,=",False,16783248,16783502,3,div r8d,div r8d,41f7f0,cpu,div,False,21,0,,,,,,,
16783427,"0x20,rbp,-,[4],rax,=",True,16783248,16783502,3,"mov eax, dword [rbp - 0x20]","mov eax, dword [var_28h]",8b45e0,cpu,mov,False,9,0,,,,,,,
16783430,"edx,r10,=",False,16783248,16783502,3,"mov r10d, edx","mov r10d, edx",4189d2,cpu,mov,False,9,0,,,,,,,
16783433,"18446744073709551615,eax,+=,31,$o,of,:=,31,$s,sf,:=,$z,zf,:=,31,$c,cf,:=,$p,pf,:=,3,$c,af,:=",False,16783248,16783502,3,"add eax, 0xffffffff","add eax, 0xffffffff",83c0ff,cpu,add,False,17,0,,,,,,,
16783436,"ecx,rdx,=",False,16783248,16783503,2,"mov edx, ecx","mov edx, ecx",89ca,cpu,mov,False,9,0,,,,,,,
16783438,"0,cf,:=,1,1,-,1,<<,edx,&,?{,1,cf,:=,},1,edx,>>,edx,=,$z,zf,:=,$p,pf,:=,31,$s,sf,:=",False,16783248,16783503,2,"shr edx, 1","shr edx, 1",d1ea,cpu,shr,False,22,0,,,,,,1.0,
16783440,"ecx,r9,=",False,16783248,16783502,3,"mov r9d, ecx","mov r9d, ecx",4189c9,cpu,mov,False,9,0,,,,,,,
16783443,"0,1,!,!,?{,1,1,-,r9d,<<,0x80000000,&,!,!,^,},1,r9d,<<=,$z,zf,:=,$p,pf,:=,31,$s,sf,:=,cf,=",False,16783248,16783502,3,"shl r9d, 1","shl r9d, 1",41d1e1,cpu,shl,False,23,0,,,,,,,
16783446,"4294967293,r8,=",False,16783248,16783499,6,"mov r8d, 0xfffffffd","mov r8d, 0xfffffffd",41b8fdffffff,cpu,mov,False,9,0,,,,,4294967293.0,4294967293.0,
16783452,"4294967295,r11,=",False,16783248,16783499,6,"mov r11d, 0xffffffff","mov r11d, 0xffffffff",41bbffffffff,cpu,mov,False,9,0,,,,,4294967295.0,4294967295.0,
16783458,"0,r10d,==,$z,zf,:=,32,$b,cf,:=,$p,pf,:=,31,$s,sf,:=,0,0x80000000,-,!,31,$o,^,of,:=,3,$b,af,:=",False,16783248,16783501,4,"cmp r10d, 0","cmp r10d, 0",4183fa00,cpu,cmp,False,15,0,,,,,0.0,0.0,
16783462,"zf,?{,r11d,r8d,=,}",False,16783248,16783501,4,"cmove r8d, r11d","cmove r8d, r11d",450f44c3,cpu,cmov,False,2147483657,0,,,,,,,
16783466,"0,r10d,==,$z,zf,:=,32,$b,cf,:=,$p,pf,:=,31,$s,sf,:=,0,0x80000000,-,!,31,$o,^,of,:=,3,$b,af,:=",False,16783248,16783501,4,"cmp r10d, 0","cmp r10d, 0",4183fa00,cpu,cmp,False,15,0,,,,,0.0,0.0,
16783470,"zf,?{,r9d,edx,=,}",False,16783248,16783501,4,"cmove edx, r9d","cmove edx, r9d",410f44d1,cpu,cmov,False,2147483657,0,,,,,,,
16783474,"r8d,ecx,+=,31,$o,of,:=,31,$s,sf,:=,$z,zf,:=,31,$c,cf,:=,$p,pf,:=,3,$c,af,:=",False,16783248,16783502,3,"add ecx, r8d","add ecx, r8d",4401c1,cpu,add,False,17,0,,,,,,,
16783477,"edi,edx,+=,31,$o,of,:=,31,$s,sf,:=,$z,zf,:=,31,$c,cf,:=,$p,pf,:=,3,$c,af,:=",False,16783248,16783503,2,"add edx, edi","add edx, edi",01fa,cpu,add,False,17,0,,,,,,,
16783479,"esi,edx,+=,31,$o,of,:=,31,$s,sf,:=,$z,zf,:=,31,$c,cf,:=,$p,pf,:=,3,$c,af,:=",False,16783248,16783503,2,"add edx, esi","add edx, esi",01f2,cpu,add,False,17,0,,,,,,,
16783481,"edx,0xc,rbp,-,=[4]",True,16783248,16783502,3,"mov dword [rbp - 0xc], edx","mov dword [var_14h], edx",8955f4,cpu,mov,False,268435465,0,,,,,,,
16783484,"ecx,0x8,rbp,-,=[4]",True,16783248,16783502,3,"mov dword [rbp - 8], ecx","mov dword [var_10h], ecx",894df8,cpu,mov,False,268435465,0,,,,,,,
16783487,"eax,0x4,rbp,-,=[4]",True,16783248,16783502,3,"mov dword [rbp - 4], eax","mov dword [var_ch], eax",8945fc,cpu,mov,False,268435465,0,,,,,,,
16783490,"0x10017a1,rip,=",False,16783248,16783500,5,jmp 0x10017a1,jmp 0x10017a1,e91affffff,cpu,jmp,False,1,0,,,16783265.0,"[{'addr': 16783265, 'type': 'CODE'}]",,,
16783495,"0x1c,rbp,-,[4],rcx,=",True,16783248,16783502,3,"mov ecx, dword [rbp - 0x1c]","mov ecx, dword [var_24h]",8b4de4,cpu,mov,False,9,0,,,,,,,
16783498,"0x10,rbp,-,[4],rax,=",True,16783248,16783502,3,"mov eax, dword [rbp - 0x10]","mov eax, dword [var_18h]",8b45f0,cpu,mov,False,9,0,,,,,,,
16783501,"ecx,eax,+=,31,$o,of,:=,31,$s,sf,:=,$z,zf,:=,31,$c,cf,:=,$p,pf,:=,3,$c,af,:=",False,16783248,16783503,2,"add eax, ecx","add eax, ecx",01c8,cpu,add,False,17,0,,,,,,,
16783503,"rsp,[8],8,rsp,+=,rbp,=",False,16783248,16783504,1,pop rbp,pop rbp,5d,cpu,pop,False,14,0,,,,,,,
16783504,"rsp,[8],rip,=,8,rsp,+=",False,16783248,16783504,1,ret,ret,c3,cpu,ret,False,5,0,,,,,,,
