offset,esil,refptr,fcn_addr,fcn_last,size,opcode,disasm,bytes,family,type,reloc,type_num,type2_num,flags,xrefs_to,val,ptr,jump,fail,xrefs_from
16782992,"rbp,8,rsp,-,=[8],8,rsp,-=",False,16782992,16783082,1,push rbp,push rbp,55,cpu,rpush,False,268435468,0,"['main', 'sym.main']","[{'addr': 16782973, 'type': 'DATA'}]",,,,,
16782993,"rsp,rbp,=",False,16782992,16783080,3,"mov rbp, rsp","mov rbp, rsp",4889e5,cpu,mov,False,9,0,,,,,,,
16782996,"16,rsp,-=,16,0x8000000000000000,-,!,63,$o,^,of,:=,63,$s,sf,:=,$z,zf,:=,$p,pf,:=,64,$b,cf,:=,3,$b,af,:=",False,16782992,16783079,4,"sub rsp, 0x10","sub rsp, 0x10",4883ec10,cpu,sub,False,18,0,,,16.0,,,,
16783000,"rsi,0x8,rbp,-,=[8]",True,16782992,16783079,4,"mov qword [rbp - 8], rsi","mov qword [endptr], rsi",488975f8,cpu,mov,False,268435465,0,,,,,,,
16783004,"2,edi,==,$z,zf,:=,32,$b,cf,:=,$p,pf,:=,31,$s,sf,:=,2,0x80000000,-,!,31,$o,^,of,:=,3,$b,af,:=",False,16782992,16783080,3,"cmp edi, 2","cmp edi, 2",83ff02,cpu,cmp,False,15,0,,,2.0,2.0,,,
16783007,"zf,?{,16783040,rip,=,}",False,16782992,16783081,2,je 0x10016c0,je 0x10016c0,741f,cpu,cjmp,False,2147483649,0,,,,,16783040.0,16783009.0,
16783009,"0x8,rbp,-,[8],rax,=",True,16782992,16783079,4,"mov rax, qword [rbp - 8]","mov rax, qword [endptr]",488b45f8,cpu,mov,False,9,0,,,,,,,
16783013,"rax,[8],rsi,=",True,16782992,16783080,3,"mov rsi, qword [rax]","mov rsi, qword [rax]",488b30,cpu,mov,False,9,0,,,,,,,
16783016,"0x1233,rip,-,rdi,=",True,16782992,16783076,7,"lea rdi, [rip - 0x1233]","lea rdi, str.Usage:__s__integer",488d3dcdedffff,cpu,lea,False,33,0,,,,16778364.0,,,"[{'addr': 16778364, 'type': 'DATA'}]"
16783023,"0,al,=",False,16782992,16783081,2,"mov al, 0","mov al, 0",b000,cpu,mov,False,9,0,,,0.0,,,,
16783025,"16784688,rip,8,rsp,-=,rsp,=[],rip,=",False,16782992,16783078,5,call 0x1001d30,call sym.imp.printf,e87a060000,cpu,call,False,3,0,,,,,16784688.0,16783030.0,"[{'addr': 16784688, 'type': 'CALL'}]"
16783030,"1,rax,=",False,16782992,16783078,5,"mov eax, 1","mov eax, 1",b801000000,cpu,mov,False,9,0,,,1.0,,,,
16783035,"eax,0xc,rbp,-,=[4]",True,16782992,16783080,3,"mov dword [rbp - 0xc], eax","mov dword [var_14h], eax",8945f4,cpu,mov,False,268435465,0,,,,,,,
16783038,"0x10016e2,rip,=",False,16782992,16783081,2,jmp 0x10016e2,jmp 0x10016e2,eb22,cpu,jmp,False,1,0,,,,,16783074.0,,"[{'addr': 16783074, 'type': 'CODE'}]"
16783040,"0x8,rbp,-,[8],rax,=",True,16782992,16783079,4,"mov rax, qword [rbp - 8]","mov rax, qword [endptr]",488b45f8,cpu,mov,False,9,0,,,,,,,
16783044,"0x8,rax,+,[8],rdi,=",True,16782992,16783079,4,"mov rdi, qword [rax + 8]","mov rdi, qword [rax + 8]",488b7808,cpu,mov,False,9,0,,,,,,,
16783048,"eax,rax,^,0xffffffff,&,rax,=,$z,zf,:=,$p,pf,:=,31,$s,sf,:=,0,cf,:=,0,of,:=",False,16782992,16783081,2,"xor eax, eax","xor eax, eax",31c0,cpu,xor,False,28,0,,,,,,,
16783050,"eax,rsi,=",False,16782992,16783081,2,"mov esi, eax","mov esi, eax",89c6,cpu,mov,False,9,0,,,,,,,
16783052,"10,rdx,=",False,16782992,16783078,5,"mov edx, 0xa","mov edx, 0xa",ba0a000000,cpu,mov,False,9,0,,,10.0,,,,
16783057,"16784704,rip,8,rsp,-=,rsp,=[],rip,=",False,16782992,16783078,5,call 0x1001d40,call sym.imp.strtol,e86a060000,cpu,call,False,3,0,,,,,16784704.0,16783062.0,"[{'addr': 16784704, 'type': 'CALL'}]"
16783062,"eax,rdi,=",False,16782992,16783081,2,"mov edi, eax","mov edi, eax",89c7,cpu,mov,False,9,0,,,,,,,
16783064,"16783088,rip,8,rsp,-=,rsp,=[],rip,=",False,16782992,16783078,5,call 0x10016f0,call sym.run_logic_reactor,e813000000,cpu,call,False,3,0,,,,,16783088.0,16783069.0,"[{'addr': 16783088, 'type': 'CALL'}]"
16783069,"eax,rax,^,0xffffffff,&,rax,=,$z,zf,:=,$p,pf,:=,31,$s,sf,:=,0,cf,:=,0,of,:=",False,16782992,16783081,2,"xor eax, eax","xor eax, eax",31c0,cpu,xor,False,28,0,,,,,,,
16783071,"eax,0xc,rbp,-,=[4]",True,16782992,16783080,3,"mov dword [rbp - 0xc], eax","mov dword [var_14h], eax",8945f4,cpu,mov,False,268435465,0,,,,,,,
16783074,"0xc,rbp,-,[4],rax,=",True,16782992,16783080,3,"mov eax, dword [rbp - 0xc]","mov eax, dword [var_14h]",8b45f4,cpu,mov,False,9,0,,"[{'addr': 16783038, 'type': 'CODE'}]",,,,,
16783077,"16,rsp,+=,63,$o,of,:=,63,$s,sf,:=,$z,zf,:=,63,$c,cf,:=,$p,pf,:=,3,$c,af,:=",False,16782992,16783079,4,"add rsp, 0x10","add rsp, 0x10",4883c410,cpu,add,False,17,0,,,16.0,,,,
16783081,"rsp,[8],8,rsp,+=,rbp,=",False,16782992,16783082,1,pop rbp,pop rbp,5d,cpu,pop,False,14,0,,,,,,,
16783082,"rsp,[8],rip,=,8,rsp,+=",False,16782992,16783082,1,ret,ret,c3,cpu,ret,False,5,0,,,,,,,
