offset,esil,refptr,fcn_addr,fcn_last,size,opcode,disasm,bytes,family,type,reloc,type_num,type2_num,flags,xrefs_to,val,ptr,jump,fail,xrefs_from
16783520,"rbp,8,rsp,-,=[8],8,rsp,-=",False,16783520,16783713,1,push rbp,push rbp,55,cpu,rpush,False,268435468,0,['sym.evaluate_conditions'],"[{'addr': 16783150, 'type': 'CALL'}]",,,,,
16783521,"rsp,rbp,=",False,16783520,16783711,3,"mov rbp, rsp","mov rbp, rsp",4889e5,cpu,mov,False,9,0,,,,,,,
16783524,"edi,rax,=",False,16783520,16783712,2,"mov eax, edi","mov eax, edi",89f8,cpu,mov,False,9,0,,,,,,,
16783526,"eax,0xc,rbp,-,=[4]",True,16783520,16783711,3,"mov dword [rbp - 0xc], eax","mov dword [var_14h], eax",8945f4,cpu,mov,False,268435465,0,,,,,,,
16783529,"10,rcx,=",False,16783520,16783709,5,"mov ecx, 0xa","mov ecx, 0xa",b90a000000,cpu,mov,False,9,0,,,10.0,,,,
16783534,"0,edx,=,31,eax,>>,?{,0xffffffff,edx,=,}",False,16783520,16783713,1,cdq,cdq,99,cpu,null,False,0,0,,,,,,,
16783535,"32,ecx,~,32,edx,<<,eax,+,~%,32,ecx,~,32,edx,<<,eax,+,~/,eax,=,edx,=",False,16783520,16783712,2,idiv ecx,idiv ecx,f7f9,cpu,div,False,21,0,,,,,,,
16783537,"edx,0x8,rbp,-,=[4]",True,16783520,16783711,3,"mov dword [rbp - 8], edx","mov dword [var_10h], edx",8955f8,cpu,mov,False,268435465,0,,,,,,,
16783540,"eax,rax,^,0xffffffff,&,rax,=,$z,zf,:=,$p,pf,:=,31,$s,sf,:=,0,cf,:=,0,of,:=",False,16783520,16783712,2,"xor eax, eax","xor eax, eax",31c0,cpu,xor,False,28,0,,,,,,,
16783542,"18446744073709551614,edx,==,$z,zf,:=,32,$b,cf,:=,$p,pf,:=,31,$s,sf,:=,18446744073709551614,0x80000000,-,!,31,$o,^,of,:=,3,$b,af,:=",False,16783520,16783711,3,"cmp edx, 0xfffffffe","cmp edx, 0xfffffffe",83fafe,cpu,cmp,False,15,0,,,1.8446744073709552e+19,1.8446744073709552e+19,,,
16783545,"eax,0x4,rbp,-,=[4]",True,16783520,16783711,3,"mov dword [rbp - 4], eax","mov dword [var_ch], eax",8945fc,cpu,mov,False,268435465,0,,,,,,,
16783548,"of,sf,^,?{,16783709,rip,=,}",False,16783520,16783708,6,jl 0x100195d,jl 0x100195d,0f8c9b000000,cpu,cjmp,False,2147483649,0,,,,,16783709.0,16783554.0,
16783554,"0x8,rbp,-,[4],rax,=",True,16783520,16783711,3,"mov eax, dword [rbp - 8]","mov eax, dword [var_10h]",8b45f8,cpu,mov,False,9,0,,,,,,,
16783557,"3,eax,+=,31,$o,of,:=,31,$s,sf,:=,$z,zf,:=,31,$c,cf,:=,$p,pf,:=,3,$c,af,:=",False,16783520,16783711,3,"add eax, 3","add eax, 3",83c003,cpu,add,False,17,0,,,3.0,,,,
16783560,"eax,0x18,rbp,-,=[4]",True,16783520,16783711,3,"mov dword [rbp - 0x18], eax","mov dword [var_20h], eax",8945e8,cpu,mov,False,268435465,0,,,,,,,
16783563,"1,rcx,=",False,16783520,16783709,5,"mov ecx, 1","mov ecx, 1",b901000000,cpu,mov,False,9,0,,,1.0,,,,
16783568,"eax,rax,^,0xffffffff,&,rax,=,$z,zf,:=,$p,pf,:=,31,$s,sf,:=,0,cf,:=,0,of,:=",False,16783520,16783712,2,"xor eax, eax","xor eax, eax",31c0,cpu,xor,False,28,0,,,,,,,
16783570,"ecx,0x14,rbp,-,=[4]",True,16783520,16783711,3,"mov dword [rbp - 0x14], ecx","mov dword [var_1ch], ecx",894dec,cpu,mov,False,268435465,0,,,,,,,
16783573,"eax,0x10,rbp,-,=[4]",True,16783520,16783711,3,"mov dword [rbp - 0x10], eax","mov dword [var_18h], eax",8945f0,cpu,mov,False,268435465,0,,,,,,,
16783576,"0x14,rbp,-,[4],rax,=",True,16783520,16783711,3,"mov eax, dword [rbp - 0x14]","mov eax, dword [var_1ch]",8b45ec,cpu,mov,False,9,0,,"[{'addr': 16783704, 'type': 'CODE'}]",,,,,
16783579,"0x10,rbp,-,[4],rcx,=",True,16783520,16783711,3,"mov ecx, dword [rbp - 0x10]","mov ecx, dword [var_18h]",8b4df0,cpu,mov,False,9,0,,,,,,,
16783582,"ecx,0x20,rbp,-,=[4]",True,16783520,16783711,3,"mov dword [rbp - 0x20], ecx","mov dword [var_28h], ecx",894de0,cpu,mov,False,268435465,0,,,,,,,
16783585,"eax,0x1c,rbp,-,=[4]",True,16783520,16783711,3,"mov dword [rbp - 0x1c], eax","mov dword [var_24h], eax",8945e4,cpu,mov,False,268435465,0,,,,,,,
16783588,"1,rax,&,0xffffffff,&,rax,=,$z,zf,:=,$p,pf,:=,31,$s,sf,:=,0,cf,:=,0,of,:=",False,16783520,16783711,3,"and eax, 1","and eax, 1",83e001,cpu,and,False,27,0,,,1.0,,,,
16783591,"0,eax,==,$z,zf,:=,32,$b,cf,:=,$p,pf,:=,31,$s,sf,:=,0,0x80000000,-,!,31,$o,^,of,:=,3,$b,af,:=",False,16783520,16783711,3,"cmp eax, 0","cmp eax, 0",83f800,cpu,cmp,False,15,0,,,0.0,0.0,,,
16783594,"zf,!,?{,16783620,rip,=,}",False,16783520,16783712,2,jne 0x1001904,jne 0x1001904,7518,cpu,cjmp,False,2147483649,0,,,,,16783620.0,16783596.0,
16783596,"0x1c,rbp,-,[4],rcx,=",True,16783520,16783711,3,"mov ecx, dword [rbp - 0x1c]","mov ecx, dword [var_24h]",8b4de4,cpu,mov,False,9,0,,,,,,,
16783599,"0xc,rbp,-,[4],rax,=",True,16783520,16783711,3,"mov eax, dword [rbp - 0xc]","mov eax, dword [var_14h]",8b45f4,cpu,mov,False,9,0,,,,,,,
16783602,"0,edx,=,31,eax,>>,?{,0xffffffff,edx,=,}",False,16783520,16783713,1,cdq,cdq,99,cpu,null,False,0,0,,,,,,,
16783603,"32,ecx,~,32,edx,<<,eax,+,~%,32,ecx,~,32,edx,<<,eax,+,~/,eax,=,edx,=",False,16783520,16783712,2,idiv ecx,idiv ecx,f7f9,cpu,div,False,21,0,,,,,,,
16783605,"0,edx,==,$z,zf,:=,32,$b,cf,:=,$p,pf,:=,31,$s,sf,:=,0,0x80000000,-,!,31,$o,^,of,:=,3,$b,af,:=",False,16783520,16783711,3,"cmp edx, 0","cmp edx, 0",83fa00,cpu,cmp,False,15,0,,,0.0,0.0,,,
16783608,"zf,?{,16783620,rip,=,}",False,16783520,16783712,2,je 0x1001904,je 0x1001904,740a,cpu,cjmp,False,2147483649,0,,,,,16783620.0,16783610.0,
16783610,"0x1c,rbp,-,[4],rax,=",True,16783520,16783711,3,"mov eax, dword [rbp - 0x1c]","mov eax, dword [var_24h]",8b45e4,cpu,mov,False,9,0,,,,,,,
16783613,"0,1,!,!,?{,1,1,-,eax,<<,0x80000000,&,!,!,^,},1,eax,<<=,$z,zf,:=,$p,pf,:=,31,$s,sf,:=,cf,=",False,16783520,16783712,2,"shl eax, 1","shl eax, 1",d1e0,cpu,shl,False,23,0,,,,,,,
16783615,"eax,0x24,rbp,-,=[4]",True,16783520,16783711,3,"mov dword [rbp - 0x24], eax","mov dword [var_2ch], eax",8945dc,cpu,mov,False,268435465,0,,,,,,,
16783618,"0x1001924,rip,=",False,16783520,16783712,2,jmp 0x1001924,jmp 0x1001924,eb20,cpu,jmp,False,1,0,,,,,16783652.0,,"[{'addr': 16783652, 'type': 'CODE'}]"
16783620,"0x1c,rbp,-,[4],rcx,=",True,16783520,16783711,3,"mov ecx, dword [rbp - 0x1c]","mov ecx, dword [var_24h]",8b4de4,cpu,mov,False,9,0,,,,,,,
16783623,"3,rsi,=",False,16783520,16783709,5,"mov esi, 3","mov esi, 3",be03000000,cpu,mov,False,9,0,,,3.0,,,,
16783628,"ecx,rax,=",False,16783520,16783712,2,"mov eax, ecx","mov eax, ecx",89c8,cpu,mov,False,9,0,,,,,,,
16783630,"edx,rdx,^,0xffffffff,&,rdx,=,$z,zf,:=,$p,pf,:=,31,$s,sf,:=,0,cf,:=,0,of,:=",False,16783520,16783712,2,"xor edx, edx","xor edx, edx",31d2,cpu,xor,False,28,0,,,,,,,
16783632,"esi,32,edx,<<,eax,+,%,esi,32,edx,<<,eax,+,/,eax,=,edx,=",False,16783520,16783712,2,div esi,div esi,f7f6,cpu,div,False,21,0,,,,,,,
16783634,"edx,rsi,=",False,16783520,16783712,2,"mov esi, edx","mov esi, edx",89d6,cpu,mov,False,9,0,,,,,,,
16783636,"0xc,rbp,-,[4],rdx,=",True,16783520,16783711,3,"mov edx, dword [rbp - 0xc]","mov edx, dword [var_14h]",8b55f4,cpu,mov,False,9,0,,,,,,,
16783639,"eax,rax,^,0xffffffff,&,rax,=,$z,zf,:=,$p,pf,:=,31,$s,sf,:=,0,cf,:=,0,of,:=",False,16783520,16783712,2,"xor eax, eax","xor eax, eax",31c0,cpu,xor,False,28,0,,,,,,,
16783641,"0,esi,==,$z,zf,:=,32,$b,cf,:=,$p,pf,:=,31,$s,sf,:=,0,0x80000000,-,!,31,$o,^,of,:=,3,$b,af,:=",False,16783520,16783711,3,"cmp esi, 0","cmp esi, 0",83fe00,cpu,cmp,False,15,0,,,0.0,0.0,,,
16783644,"zf,?{,edx,eax,=,}",False,16783520,16783711,3,"cmove eax, edx","cmove eax, edx",0f44c2,cpu,cmov,False,2147483657,0,,,,,,,
16783647,"ecx,eax,+=,31,$o,of,:=,31,$s,sf,:=,$z,zf,:=,31,$c,cf,:=,$p,pf,:=,3,$c,af,:=",False,16783520,16783712,2,"add eax, ecx","add eax, ecx",01c8,cpu,add,False,17,0,,,,,,,
16783649,"eax,0x24,rbp,-,=[4]",True,16783520,16783711,3,"mov dword [rbp - 0x24], eax","mov dword [var_2ch], eax",8945dc,cpu,mov,False,268435465,0,,,,,,,
16783652,"0x18,rbp,-,[4],rdi,=",True,16783520,16783711,3,"mov edi, dword [rbp - 0x18]","mov edi, dword [var_20h]",8b7de8,cpu,mov,False,9,0,,"[{'addr': 16783618, 'type': 'CODE'}]",,,,,
16783655,"0x1c,rbp,-,[4],rsi,=",True,16783520,16783711,3,"mov esi, dword [rbp - 0x1c]","mov esi, dword [var_24h]",8b75e4,cpu,mov,False,9,0,,,,,,,
16783658,"0x20,rbp,-,[4],rcx,=",True,16783520,16783711,3,"mov ecx, dword [rbp - 0x20]","mov ecx, dword [var_28h]",8b4de0,cpu,mov,False,9,0,,,,,,,
16783661,"0x24,rbp,-,[4],rax,=",True,16783520,16783711,3,"mov eax, dword [rbp - 0x24]","mov eax, dword [var_2ch]",8b45dc,cpu,mov,False,9,0,,,,,,,
16783664,"ecx,eax,+=,31,$o,of,:=,31,$s,sf,:=,$z,zf,:=,31,$c,cf,:=,$p,pf,:=,3,$c,af,:=",False,16783520,16783712,2,"add eax, ecx","add eax, ecx",01c8,cpu,add,False,17,0,,,,,,,
16783666,"eax,rcx,=",False,16783520,16783712,2,"mov ecx, eax","mov ecx, eax",89c1,cpu,mov,False,9,0,,,,,,,
16783668,"101,ecx,-=,101,0x80000000,-,!,31,$o,^,of,:=,31,$s,sf,:=,$z,zf,:=,$p,pf,:=,32,$b,cf,:=,3,$b,af,:=",False,16783520,16783711,3,"sub ecx, 0x65","sub ecx, 0x65",83e965,cpu,sub,False,18,0,,,101.0,101.0,,,
16783671,"sf,of,^,!,dl,=",False,16783520,16783711,3,setge dl,setge dl,0f9dc2,cpu,cmov,False,2147483657,0,,,,,,,
16783674,"esi,rcx,=",False,16783520,16783712,2,"mov ecx, esi","mov ecx, esi",89f1,cpu,mov,False,9,0,,,,,,,
16783676,"1,ecx,+=,31,$o,of,:=,31,$s,sf,:=,$z,zf,:=,31,$c,cf,:=,$p,pf,:=,3,$c,af,:=",False,16783520,16783711,3,"add ecx, 1","add ecx, 1",83c101,cpu,add,False,17,0,,,1.0,,,,
16783679,"edi,esi,-=,edi,0x80000000,-,!,31,$o,^,of,:=,31,$s,sf,:=,$z,zf,:=,$p,pf,:=,32,$b,cf,:=,3,$b,af,:=",False,16783520,16783712,2,"sub esi, edi","sub esi, edi",29fe,cpu,sub,False,18,0,,,,,,,
16783681,"zf,sil,=",False,16783520,16783710,4,sete sil,sete sil,400f94c6,cpu,cmov,False,2147483657,0,,,,,,,
16783685,"sil,dl,|=,7,$s,sf,:=,$z,zf,:=,$p,pf,:=,0,of,:=,0,cf,:=",False,16783520,16783711,3,"or dl, sil","or dl, sil",4008f2,cpu,or,False,26,0,,,,,,,
16783688,"0,1,dl,&,==,$z,zf,:=,$p,pf,:=,7,$s,sf,:=,0,cf,:=,0,of,:=",False,16783520,16783711,3,"test dl, 1","test dl, 1",f6c201,cpu,acmp,False,16,0,,,1.0,1.0,,,
16783691,"ecx,0x14,rbp,-,=[4]",True,16783520,16783711,3,"mov dword [rbp - 0x14], ecx","mov dword [var_1ch], ecx",894dec,cpu,mov,False,268435465,0,,,,,,,
16783694,"eax,rcx,=",False,16783520,16783712,2,"mov ecx, eax","mov ecx, eax",89c1,cpu,mov,False,9,0,,,,,,,
16783696,"ecx,0x10,rbp,-,=[4]",True,16783520,16783711,3,"mov dword [rbp - 0x10], ecx","mov dword [var_18h], ecx",894df0,cpu,mov,False,268435465,0,,,,,,,
16783699,"eax,0x4,rbp,-,=[4]",True,16783520,16783711,3,"mov dword [rbp - 4], eax","mov dword [var_ch], eax",8945fc,cpu,mov,False,268435465,0,,,,,,,
16783702,"zf,!,?{,16783709,rip,=,}",False,16783520,16783712,2,jne 0x100195d,jne 0x100195d,7505,cpu,cjmp,False,2147483649,0,,,,,16783709.0,16783704.0,
16783704,"0x10018d8,rip,=",False,16783520,16783709,5,jmp 0x10018d8,jmp 0x10018d8,e97bffffff,cpu,jmp,False,1,0,,,,,16783576.0,,"[{'addr': 16783576, 'type': 'CODE'}]"
16783709,"0x4,rbp,-,[4],rax,=",True,16783520,16783711,3,"mov eax, dword [rbp - 4]","mov eax, dword [var_ch]",8b45fc,cpu,mov,False,9,0,,,,,,,
16783712,"rsp,[8],8,rsp,+=,rbp,=",False,16783520,16783713,1,pop rbp,pop rbp,5d,cpu,pop,False,14,0,,,,,,,
16783713,"rsp,[8],rip,=,8,rsp,+=",False,16783520,16783713,1,ret,ret,c3,cpu,ret,False,5,0,,,,,,,
