offset,esil,refptr,fcn_addr,fcn_last,size,opcode,disasm,bytes,family,type,reloc,type_num,type2_num,flags,xrefs_to,jump,xrefs_from,val,ptr,fail
16785648,"rbp,8,rsp,-,=[8],8,rsp,-=",False,16785648,16785991,1,push rbp,push rbp,55,cpu,rpush,False,268435468,0,['sym.scramble_data'],"[{'addr': 16783924, 'type': 'CALL'}]",,,,,
16785649,"rsp,rbp,=",False,16785648,16785989,3,"mov rbp, rsp","mov rbp, rsp",4889e5,cpu,mov,False,9,0,,,,,,,
16785652,"rdi,0x18,rbp,-,=[8]",True,16785648,16785988,4,"mov qword [rbp - 0x18], rdi","mov qword [var_20h], rdi",48897de8,cpu,mov,False,268435465,0,,,,,,,
16785656,"esi,0x10,rbp,-,=[4]",True,16785648,16785989,3,"mov dword [rbp - 0x10], esi","mov dword [var_18h], esi",8975f0,cpu,mov,False,268435465,0,,,,,,,
16785659,"0,1,!,!,?{,1,1,-,esi,<<,0x80000000,&,!,!,^,},1,esi,<<=,$z,zf,:=,$p,pf,:=,31,$s,sf,:=,cf,=",False,16785648,16785990,2,"shl esi, 1","shl esi, 1",d1e6,cpu,shl,False,23,0,,,,,,,
16785661,"esi,0xc,rbp,-,=[4]",True,16785648,16785989,3,"mov dword [rbp - 0xc], esi","mov dword [var_14h], esi",8975f4,cpu,mov,False,268435465,0,,,,,,,
16785664,"eax,rax,^,0xffffffff,&,rax,=,$z,zf,:=,$p,pf,:=,31,$s,sf,:=,0,cf,:=,0,of,:=",False,16785648,16785990,2,"xor eax, eax","xor eax, eax",31c0,cpu,xor,False,28,0,,,,,,,
16785666,"rax,0x8,rbp,-,=[8]",True,16785648,16785988,4,"mov qword [rbp - 8], rax","mov qword [var_10h], rax",488945f8,cpu,mov,False,268435465,0,,,,,,,
16785670,"0x8,rbp,-,[8],rax,=",True,16785648,16785988,4,"mov rax, qword [rbp - 8]","mov rax, qword [var_10h]",488b45f8,cpu,mov,False,9,0,,"[{'addr': 16785709, 'type': 'CODE'}]",,,,,
16785674,"rax,0x30,rbp,-,=[8]",True,16785648,16785988,4,"mov qword [rbp - 0x30], rax","mov qword [var_38h], rax",488945d0,cpu,mov,False,268435465,0,,,,,,,
16785678,"eax,0x24,rbp,-,=[4]",True,16785648,16785989,3,"mov dword [rbp - 0x24], eax","mov dword [var_2ch], eax",8945dc,cpu,mov,False,268435465,0,,,,,,,
16785681,"eax,rax,^,0xffffffff,&,rax,=,$z,zf,:=,$p,pf,:=,31,$s,sf,:=,0,cf,:=,0,of,:=",False,16785648,16785990,2,"xor eax, eax","xor eax, eax",31c0,cpu,xor,False,28,0,,,,,,,
16785683,"rax,0x20,rbp,-,=[8]",True,16785648,16785988,4,"mov qword [rbp - 0x20], rax","mov qword [var_28h], rax",488945e0,cpu,mov,False,268435465,0,,,,,,,
16785687,"0x100212f,rip,=",False,16785648,16785990,2,jmp 0x100212f,jmp 0x100212f,eb16,cpu,jmp,False,1,0,,,16785711.0,"[{'addr': 16785711, 'type': 'CODE'}]",,,
16785689,"rsp,[8],8,rsp,+=,rbp,=",False,16785648,16785991,1,pop rbp,pop rbp,5d,cpu,pop,False,14,0,,,,,,,
16785690,"rsp,[8],rip,=,8,rsp,+=",False,16785648,16785991,1,ret,ret,c3,cpu,ret,False,5,0,,,,,,,
16785691,"0x30,rbp,-,[8],rax,=",True,16785648,16785988,4,"mov rax, qword [rbp - 0x30]","mov rax, qword [var_38h]",488b45d0,cpu,mov,False,9,0,,,,,,,
16785695,"1,rax,+=,63,$o,of,:=,63,$s,sf,:=,$z,zf,:=,63,$c,cf,:=,$p,pf,:=,3,$c,af,:=",False,16785648,16785988,4,"add rax, 1","add rax, 1",4883c001,cpu,add,False,17,0,,,,,1.0,,
16785699,"8,rax,==,$z,zf,:=,64,$b,cf,:=,$p,pf,:=,63,$s,sf,:=,8,0x8000000000000000,-,!,63,$o,^,of,:=,3,$b,af,:=",False,16785648,16785988,4,"cmp rax, 8","cmp rax, 8",4883f808,cpu,cmp,False,15,0,,,,,8.0,8.0,
16785703,"rax,0x8,rbp,-,=[8]",True,16785648,16785988,4,"mov qword [rbp - 8], rax","mov qword [var_10h], rax",488945f8,cpu,mov,False,268435465,0,,,,,,,
16785707,"zf,?{,16785689,rip,=,}",False,16785648,16785990,2,je 0x1002119,je 0x1002119,74ec,cpu,cjmp,False,2147483649,0,,,16785689.0,,,,16785709.0
16785709,"0x1002106,rip,=",False,16785648,16785990,2,jmp 0x1002106,jmp 0x1002106,ebd7,cpu,jmp,False,1,0,,,16785670.0,"[{'addr': 16785670, 'type': 'CODE'}]",,,
16785711,"0x30,rbp,-,[8],rcx,=",True,16785648,16785988,4,"mov rcx, qword [rbp - 0x30]","mov rcx, qword [var_38h]",488b4dd0,cpu,mov,False,9,0,,"[{'addr': 16785687, 'type': 'CODE'}, {'addr': 16785987, 'type': 'CODE'}]",,,,,
16785715,"0x20,rbp,-,[8],rax,=",True,16785648,16785988,4,"mov rax, qword [rbp - 0x20]","mov rax, qword [var_28h]",488b45e0,cpu,mov,False,9,0,,,,,,,
16785719,"rax,0x40,rbp,-,=[8]",True,16785648,16785988,4,"mov qword [rbp - 0x40], rax","mov qword [var_48h], rax",488945c0,cpu,mov,False,268435465,0,,,,,,,
16785723,"rcx,rax,+=,63,$o,of,:=,63,$s,sf,:=,$z,zf,:=,63,$c,cf,:=,$p,pf,:=,3,$c,af,:=",False,16785648,16785989,3,"add rax, rcx","add rax, rcx",4801c8,cpu,add,False,17,0,,,,,,,
16785726,"eax,0x34,rbp,-,=[4]",True,16785648,16785989,3,"mov dword [rbp - 0x34], eax","mov dword [var_3ch], eax",8945cc,cpu,mov,False,268435465,0,,,,,,,
16785729,"1,rax,&,0xffffffff,&,rax,=,$z,zf,:=,$p,pf,:=,31,$s,sf,:=,0,cf,:=,0,of,:=",False,16785648,16785989,3,"and eax, 1","and eax, 1",83e001,cpu,and,False,27,0,,,,,1.0,,
16785732,"0,eax,==,$z,zf,:=,32,$b,cf,:=,$p,pf,:=,31,$s,sf,:=,0,0x80000000,-,!,31,$o,^,of,:=,3,$b,af,:=",False,16785648,16785989,3,"cmp eax, 0","cmp eax, 0",83f800,cpu,cmp,False,15,0,,,,,0.0,0.0,
16785735,"zf,!,?{,16785783,rip,=,}",False,16785648,16785990,2,jne 0x1002177,jne 0x1002177,752e,cpu,cjmp,False,2147483649,0,,,16785783.0,,,,16785737.0
16785737,"0x24,rbp,-,[4],rdx,=",True,16785648,16785989,3,"mov edx, dword [rbp - 0x24]","mov edx, dword [var_2ch]",8b55dc,cpu,mov,False,9,0,,,,,,,
16785740,"0x10,rbp,-,[4],rcx,=",True,16785648,16785989,3,"mov ecx, dword [rbp - 0x10]","mov ecx, dword [var_18h]",8b4df0,cpu,mov,False,9,0,,,,,,,
16785743,"0x40,rbp,-,[8],rsi,=",True,16785648,16785988,4,"mov rsi, qword [rbp - 0x40]","mov rsi, qword [var_48h]",488b75c0,cpu,mov,False,9,0,,,,,,,
16785747,"0x18,rbp,-,[8],rax,=",True,16785648,16785988,4,"mov rax, qword [rbp - 0x18]","mov rax, qword [var_20h]",488b45e8,cpu,mov,False,9,0,,,,,,,
16785751,"0x30,rbp,-,[8],rdi,=",True,16785648,16785988,4,"mov rdi, qword [rbp - 0x30]","mov rdi, qword [var_38h]",488b7dd0,cpu,mov,False,9,0,,,,,,,
16785755,"0,5,!,!,?{,1,5,-,rdi,<<,0x8000000000000000,&,!,!,^,},5,rdi,<<=,$z,zf,:=,$p,pf,:=,63,$s,sf,:=,cf,=",False,16785648,16785988,4,"shl rdi, 5","shl rdi, 5",48c1e705,cpu,shl,False,23,0,,,,,,,
16785759,"rdi,rax,+=,63,$o,of,:=,63,$s,sf,:=,$z,zf,:=,63,$c,cf,:=,$p,pf,:=,3,$c,af,:=",False,16785648,16785989,3,"add rax, rdi","add rax, rdi",4801f8,cpu,add,False,17,0,,,,,,,
16785762,"0,2,!,!,?{,1,2,-,rsi,<<,0x8000000000000000,&,!,!,^,},2,rsi,<<=,$z,zf,:=,$p,pf,:=,63,$s,sf,:=,cf,=",False,16785648,16785988,4,"shl rsi, 2","shl rsi, 2",48c1e602,cpu,shl,False,23,0,,,,,,,
16785766,"rsi,rax,+=,63,$o,of,:=,63,$s,sf,:=,$z,zf,:=,63,$c,cf,:=,$p,pf,:=,3,$c,af,:=",False,16785648,16785989,3,"add rax, rsi","add rax, rsi",4801f0,cpu,add,False,17,0,,,,,,,
16785769,"32,ecx,~,32,rax,[4],~,*,DUP,ecx,=,ecx,-,?{,1,1,}{,0,0,},cf,:=,of,:=",False,16785648,16785989,3,"imul ecx, dword [rax]","imul ecx, dword [rax]",0faf08,cpu,mul,False,20,0,,,,,,,
16785772,"edx,ecx,+=,31,$o,of,:=,31,$s,sf,:=,$z,zf,:=,31,$c,cf,:=,$p,pf,:=,3,$c,af,:=",False,16785648,16785990,2,"add ecx, edx","add ecx, edx",01d1,cpu,add,False,17,0,,,,,,,
16785774,"ecx,0x4c,rbp,-,=[4]",True,16785648,16785989,3,"mov dword [rbp - 0x4c], ecx","mov dword [var_54h], ecx",894db4,cpu,mov,False,268435465,0,,,,,,,
16785777,"rax,0x48,rbp,-,=[8]",True,16785648,16785988,4,"mov qword [rbp - 0x48], rax","mov qword [var_50h], rax",488945b8,cpu,mov,False,268435465,0,,,,,,,
16785781,"0x10021dd,rip,=",False,16785648,16785990,2,jmp 0x10021dd,jmp 0x10021dd,eb66,cpu,jmp,False,1,0,,,16785885.0,"[{'addr': 16785885, 'type': 'CODE'}]",,,
16785783,"0x40,rbp,-,[8],rcx,=",True,16785648,16785988,4,"mov rcx, qword [rbp - 0x40]","mov rcx, qword [var_48h]",488b4dc0,cpu,mov,False,9,0,,,,,,,
16785787,"0x30,rbp,-,[8],rsi,=",True,16785648,16785988,4,"mov rsi, qword [rbp - 0x30]","mov rsi, qword [var_38h]",488b75d0,cpu,mov,False,9,0,,,,,,,
16785791,"rcx,rax,=",False,16785648,16785989,3,"mov rax, rcx","mov rax, rcx",4889c8,cpu,mov,False,9,0,,,,,,,
16785794,"64,rax,~,64,rsi,~,*,DUP,rax,=,rax,-,?{,1,1,}{,0,0,},cf,:=,of,:=",False,16785648,16785988,4,"imul rax, rsi","imul rax, rsi",480fafc6,cpu,mul,False,20,0,,,,,,,
16785798,"3,rdi,=",False,16785648,16785987,5,"mov edi, 3","mov edi, 3",bf03000000,cpu,mov,False,9,0,,,,,3.0,,
16785803,"edx,rdx,^,0xffffffff,&,rdx,=,$z,zf,:=,$p,pf,:=,31,$s,sf,:=,0,cf,:=,0,of,:=",False,16785648,16785990,2,"xor edx, edx","xor edx, edx",31d2,cpu,xor,False,28,0,,,,,,,
16785805,"edi,32,edx,<<,eax,+,%,edi,32,edx,<<,eax,+,/,eax,=,edx,=",False,16785648,16785990,2,div edi,div edi,f7f7,cpu,div,False,21,0,,,,,,,
16785807,"0x18,rbp,-,[8],rax,=",True,16785648,16785988,4,"mov rax, qword [rbp - 0x18]","mov rax, qword [var_20h]",488b45e8,cpu,mov,False,9,0,,,,,,,
16785811,"0,5,!,!,?{,1,5,-,rsi,<<,0x8000000000000000,&,!,!,^,},5,rsi,<<=,$z,zf,:=,$p,pf,:=,63,$s,sf,:=,cf,=",False,16785648,16785988,4,"shl rsi, 5","shl rsi, 5",48c1e605,cpu,shl,False,23,0,,,,,,,
16785815,"rsi,rax,+=,63,$o,of,:=,63,$s,sf,:=,$z,zf,:=,63,$c,cf,:=,$p,pf,:=,3,$c,af,:=",False,16785648,16785989,3,"add rax, rsi","add rax, rsi",4801f0,cpu,add,False,17,0,,,,,,,
16785818,"0,2,!,!,?{,1,2,-,rcx,<<,0x8000000000000000,&,!,!,^,},2,rcx,<<=,$z,zf,:=,$p,pf,:=,63,$s,sf,:=,cf,=",False,16785648,16785988,4,"shl rcx, 2","shl rcx, 2",48c1e102,cpu,shl,False,23,0,,,,,,,
16785822,"rcx,rax,+=,63,$o,of,:=,63,$s,sf,:=,$z,zf,:=,63,$c,cf,:=,$p,pf,:=,3,$c,af,:=",False,16785648,16785989,3,"add rax, rcx","add rax, rcx",4801c8,cpu,add,False,17,0,,,,,,,
16785825,"rax,0x58,rbp,-,=[8]",True,16785648,16785988,4,"mov qword [rbp - 0x58], rax","mov qword [var_60h], rax",488945a8,cpu,mov,False,268435465,0,,,,,,,
16785829,"rax,[4],rax,=",True,16785648,16785990,2,"mov eax, dword [rax]","mov eax, dword [rax]",8b00,cpu,mov,False,9,0,,,,,,,
16785831,"eax,0x50,rbp,-,=[4]",True,16785648,16785989,3,"mov dword [rbp - 0x50], eax","mov dword [var_58h], eax",8945b0,cpu,mov,False,268435465,0,,,,,,,
16785834,"0,edx,==,$z,zf,:=,32,$b,cf,:=,$p,pf,:=,31,$s,sf,:=,0,0x80000000,-,!,31,$o,^,of,:=,3,$b,af,:=",False,16785648,16785989,3,"cmp edx, 0","cmp edx, 0",83fa00,cpu,cmp,False,15,0,,,,,0.0,0.0,
16785837,"zf,!,?{,16785866,rip,=,}",False,16785648,16785990,2,jne 0x10021ca,jne 0x10021ca,751b,cpu,cjmp,False,2147483649,0,,,16785866.0,,,,16785839.0
16785839,"0x58,rbp,-,[8],rax,=",True,16785648,16785988,4,"mov rax, qword [rbp - 0x58]","mov rax, qword [var_60h]",488b45a8,cpu,mov,False,9,0,,,,,,,
16785843,"0x50,rbp,-,[4],rdx,=",True,16785648,16785989,3,"mov edx, dword [rbp - 0x50]","mov edx, dword [var_58h]",8b55b0,cpu,mov,False,9,0,,,,,,,
16785846,"0xc,rbp,-,[4],rcx,=",True,16785648,16785989,3,"mov ecx, dword [rbp - 0xc]","mov ecx, dword [var_14h]",8b4df4,cpu,mov,False,9,0,,,,,,,
16785849,"0x40,rbp,-,[8],rsi,=",True,16785648,16785988,4,"mov rsi, qword [rbp - 0x40]","mov rsi, qword [var_48h]",488b75c0,cpu,mov,False,9,0,,,,,,,
16785853,"esi,ecx,-=,esi,0x80000000,-,!,31,$o,^,of,:=,31,$s,sf,:=,$z,zf,:=,$p,pf,:=,32,$b,cf,:=,3,$b,af,:=",False,16785648,16785990,2,"sub ecx, esi","sub ecx, esi",29f1,cpu,sub,False,18,0,,,,,,,
16785855,"edx,ecx,+=,31,$o,of,:=,31,$s,sf,:=,$z,zf,:=,31,$c,cf,:=,$p,pf,:=,3,$c,af,:=",False,16785648,16785990,2,"add ecx, edx","add ecx, edx",01d1,cpu,add,False,17,0,,,,,,,
16785857,"ecx,0x4c,rbp,-,=[4]",True,16785648,16785989,3,"mov dword [rbp - 0x4c], ecx","mov dword [var_54h], ecx",894db4,cpu,mov,False,268435465,0,,,,,,,
16785860,"rax,0x48,rbp,-,=[8]",True,16785648,16785988,4,"mov qword [rbp - 0x48], rax","mov qword [var_50h], rax",488945b8,cpu,mov,False,268435465,0,,,,,,,
16785864,"0x10021dd,rip,=",False,16785648,16785990,2,jmp 0x10021dd,jmp 0x10021dd,eb13,cpu,jmp,False,1,0,,,16785885.0,"[{'addr': 16785885, 'type': 'CODE'}]",,,
16785866,"0x58,rbp,-,[8],rax,=",True,16785648,16785988,4,"mov rax, qword [rbp - 0x58]","mov rax, qword [var_60h]",488b45a8,cpu,mov,False,9,0,,,,,,,
16785870,"0x10,rbp,-,[4],rdx,=",True,16785648,16785989,3,"mov edx, dword [rbp - 0x10]","mov edx, dword [var_18h]",8b55f0,cpu,mov,False,9,0,,,,,,,
16785873,"0x50,rbp,-,[4],rcx,=",True,16785648,16785989,3,"mov ecx, dword [rbp - 0x50]","mov ecx, dword [var_58h]",8b4db0,cpu,mov,False,9,0,,,,,,,
16785876,"edx,rcx,^,0xffffffff,&,rcx,=,$z,zf,:=,$p,pf,:=,31,$s,sf,:=,0,cf,:=,0,of,:=",False,16785648,16785990,2,"xor ecx, edx","xor ecx, edx",31d1,cpu,xor,False,28,0,,,,,,,
16785878,"ecx,0x4c,rbp,-,=[4]",True,16785648,16785989,3,"mov dword [rbp - 0x4c], ecx","mov dword [var_54h], ecx",894db4,cpu,mov,False,268435465,0,,,,,,,
16785881,"rax,0x48,rbp,-,=[8]",True,16785648,16785988,4,"mov qword [rbp - 0x48], rax","mov qword [var_50h], rax",488945b8,cpu,mov,False,268435465,0,,,,,,,
16785885,"0x4c,rbp,-,[4],rax,=",True,16785648,16785989,3,"mov eax, dword [rbp - 0x4c]","mov eax, dword [var_54h]",8b45b4,cpu,mov,False,9,0,,"[{'addr': 16785781, 'type': 'CODE'}, {'addr': 16785864, 'type': 'CODE'}]",,,,,
16785888,"0x48,rbp,-,[8],rcx,=",True,16785648,16785988,4,"mov rcx, qword [rbp - 0x48]","mov rcx, qword [var_50h]",488b4db8,cpu,mov,False,9,0,,,,,,,
16785892,"rcx,0x68,rbp,-,=[8]",True,16785648,16785988,4,"mov qword [rbp - 0x68], rcx","mov qword [var_70h], rcx",48894d98,cpu,mov,False,268435465,0,,,,,,,
16785896,"127,rcx,=",False,16785648,16785987,5,"mov ecx, 0x7f","mov ecx, 0x7f",b97f000000,cpu,mov,False,9,0,,,,,127.0,127.0,
16785901,"0,edx,=,31,eax,>>,?{,0xffffffff,edx,=,}",False,16785648,16785991,1,cdq,cdq,99,cpu,null,False,0,0,,,,,,,
16785902,"32,ecx,~,32,edx,<<,eax,+,~%,32,ecx,~,32,edx,<<,eax,+,~/,eax,=,edx,=",False,16785648,16785990,2,idiv ecx,idiv ecx,f7f9,cpu,div,False,21,0,,,,,,,
16785904,"0x68,rbp,-,[8],rax,=",True,16785648,16785988,4,"mov rax, qword [rbp - 0x68]","mov rax, qword [var_70h]",488b4598,cpu,mov,False,9,0,,,,,,,
16785908,"edx,0x5c,rbp,-,=[4]",True,16785648,16785989,3,"mov dword [rbp - 0x5c], edx","mov dword [var_64h], edx",8955a4,cpu,mov,False,268435465,0,,,,,,,
16785911,"edx,rax,=[4]",True,16785648,16785990,2,"mov dword [rax], edx","mov dword [rax], edx",8910,cpu,mov,False,9,0,,,,,,,
16785913,"dl,al,=",False,16785648,16785990,2,"mov al, dl","mov al, dl",88d0,cpu,mov,False,9,0,,,,,,,
16785915,"7,cl,=",False,16785648,16785990,2,"mov cl, 7","mov cl, 7",b107,cpu,mov,False,9,0,,,,,7.0,,
16785917,"al,ax,=,7,ax,>>,?{,0xff00,ax,|=,}",False,16785648,16785990,2,cbw,cbw,6698,cpu,null,False,0,0,,,,,,,
16785919,"8,cl,~,8,ah,<<,ax,+,~%,8,cl,~,8,ah,<<,ax,+,~/,al,=,ah,=",False,16785648,16785990,2,idiv cl,idiv cl,f6f9,cpu,div,False,21,0,,,,,,,
16785921,"0,cf,:=,1,8,-,1,<<,ax,&,?{,1,cf,:=,},8,ax,>>,ax,=,$z,zf,:=,$p,pf,:=,15,$s,sf,:=",False,16785648,16785988,4,"shr ax, 8","shr ax, 8",66c1e808,cpu,shr,False,22,0,,,,,8.0,,
16785925,"0,al,==,$z,zf,:=,8,$b,cf,:=,$p,pf,:=,7,$s,sf,:=,0,0x80,-,!,7,$o,^,of,:=,3,$b,af,:=",False,16785648,16785990,2,"cmp al, 0","cmp al, 0",3c00,cpu,cmp,False,15,0,,,,,0.0,0.0,
16785927,"zf,!,?{,16785965,rip,=,}",False,16785648,16785990,2,jne 0x100222d,jne 0x100222d,7524,cpu,cjmp,False,2147483649,0,,,16785965.0,,,,16785929.0
16785929,"0x34,rbp,-,[4],rdx,=",True,16785648,16785989,3,"mov edx, dword [rbp - 0x34]","mov edx, dword [var_3ch]",8b55cc,cpu,mov,False,9,0,,,,,,,
16785932,"0x5c,rbp,-,[4],rcx,=",True,16785648,16785989,3,"mov ecx, dword [rbp - 0x5c]","mov ecx, dword [var_64h]",8b4da4,cpu,mov,False,9,0,,,,,,,
16785935,"0x40,rbp,-,[8],rsi,=",True,16785648,16785988,4,"mov rsi, qword [rbp - 0x40]","mov rsi, qword [var_48h]",488b75c0,cpu,mov,False,9,0,,,,,,,
16785939,"0x18,rbp,-,[8],rax,=",True,16785648,16785988,4,"mov rax, qword [rbp - 0x18]","mov rax, qword [var_20h]",488b45e8,cpu,mov,False,9,0,,,,,,,
16785943,"0x30,rbp,-,[8],rdi,=",True,16785648,16785988,4,"mov rdi, qword [rbp - 0x30]","mov rdi, qword [var_38h]",488b7dd0,cpu,mov,False,9,0,,,,,,,
16785947,"0,5,!,!,?{,1,5,-,rdi,<<,0x8000000000000000,&,!,!,^,},5,rdi,<<=,$z,zf,:=,$p,pf,:=,63,$s,sf,:=,cf,=",False,16785648,16785988,4,"shl rdi, 5","shl rdi, 5",48c1e705,cpu,shl,False,23,0,,,,,,,
16785951,"rdi,rax,+=,63,$o,of,:=,63,$s,sf,:=,$z,zf,:=,63,$c,cf,:=,$p,pf,:=,3,$c,af,:=",False,16785648,16785989,3,"add rax, rdi","add rax, rdi",4801f8,cpu,add,False,17,0,,,,,,,
16785954,"0,2,!,!,?{,1,2,-,rsi,<<,0x8000000000000000,&,!,!,^,},2,rsi,<<=,$z,zf,:=,$p,pf,:=,63,$s,sf,:=,cf,=",False,16785648,16785988,4,"shl rsi, 2","shl rsi, 2",48c1e602,cpu,shl,False,23,0,,,,,,,
16785958,"rsi,rax,+=,63,$o,of,:=,63,$s,sf,:=,$z,zf,:=,63,$c,cf,:=,$p,pf,:=,3,$c,af,:=",False,16785648,16785989,3,"add rax, rsi","add rax, rsi",4801f0,cpu,add,False,17,0,,,,,,,
16785961,"edx,ecx,+=,31,$o,of,:=,31,$s,sf,:=,$z,zf,:=,31,$c,cf,:=,$p,pf,:=,3,$c,af,:=",False,16785648,16785990,2,"add ecx, edx","add ecx, edx",01d1,cpu,add,False,17,0,,,,,,,
16785963,"ecx,rax,=[4]",True,16785648,16785990,2,"mov dword [rax], ecx","mov dword [rax], ecx",8908,cpu,mov,False,9,0,,,,,,,
16785965,"0x40,rbp,-,[8],rax,=",True,16785648,16785988,4,"mov rax, qword [rbp - 0x40]","mov rax, qword [var_48h]",488b45c0,cpu,mov,False,9,0,,,,,,,
16785969,"1,rax,+=,63,$o,of,:=,63,$s,sf,:=,$z,zf,:=,63,$c,cf,:=,$p,pf,:=,3,$c,af,:=",False,16785648,16785988,4,"add rax, 1","add rax, 1",4883c001,cpu,add,False,17,0,,,,,1.0,,
16785973,"8,rax,==,$z,zf,:=,64,$b,cf,:=,$p,pf,:=,63,$s,sf,:=,8,0x8000000000000000,-,!,63,$o,^,of,:=,3,$b,af,:=",False,16785648,16785988,4,"cmp rax, 8","cmp rax, 8",4883f808,cpu,cmp,False,15,0,,,,,8.0,8.0,
16785977,"rax,0x20,rbp,-,=[8]",True,16785648,16785988,4,"mov qword [rbp - 0x20], rax","mov qword [var_28h], rax",488945e0,cpu,mov,False,268435465,0,,,,,,,
16785981,"zf,?{,16785691,rip,=,}",False,16785648,16785986,6,je 0x100211b,je 0x100211b,0f84d8feffff,cpu,cjmp,False,2147483649,0,,,16785691.0,,,,16785987.0
16785987,"0x100212f,rip,=",False,16785648,16785987,5,jmp 0x100212f,jmp 0x100212f,e9e7feffff,cpu,jmp,False,1,0,,,16785711.0,"[{'addr': 16785711, 'type': 'CODE'}]",,,
