offset,esil,refptr,fcn_addr,fcn_last,size,opcode,disasm,bytes,family,type,reloc,type_num,type2_num,flags,xrefs_to,ptr,val,jump,fail,xrefs_from
16787936,"rbp,8,rsp,-,=[8],8,rsp,-=",False,16787936,16788100,1,push rbp,push rbp,55,cpu,rpush,False,268435468,0,['sym.deep_compare'],"[{'addr': 16784016, 'type': 'CALL'}]",,,,,
16787937,"rsp,rbp,=",False,16787936,16788098,3,"mov rbp, rsp","mov rbp, rsp",4889e5,cpu,mov,False,9,0,,,,,,,
16787940,"rdi,0x18,rbp,-,=[8]",True,16787936,16788097,4,"mov qword [rbp - 0x18], rdi","mov qword [var_20h], rdi",48897de8,cpu,mov,False,268435465,0,,,,,,,
16787944,"rsi,0x10,rbp,-,=[8]",True,16787936,16788097,4,"mov qword [rbp - 0x10], rsi","mov qword [var_18h], rsi",488975f0,cpu,mov,False,268435465,0,,,,,,,
16787948,"edx,0x8,rbp,-,=[4]",True,16787936,16788098,3,"mov dword [rbp - 8], edx","mov dword [var_10h], edx",8955f8,cpu,mov,False,268435465,0,,,,,,,
16787951,"eax,rax,^,0xffffffff,&,rax,=,$z,zf,:=,$p,pf,:=,31,$s,sf,:=,0,cf,:=,0,of,:=",False,16787936,16788099,2,"xor eax, eax","xor eax, eax",31c0,cpu,xor,False,28,0,,,,,,,
16787953,"0,edx,==,$z,zf,:=,32,$b,cf,:=,$p,pf,:=,31,$s,sf,:=,0,0x80000000,-,!,31,$o,^,of,:=,3,$b,af,:=",False,16787936,16788098,3,"cmp edx, 0","cmp edx, 0",83fa00,cpu,cmp,False,15,0,,,0.0,0.0,,,
16787956,"eax,0x4,rbp,-,=[4]",True,16787936,16788098,3,"mov dword [rbp - 4], eax","mov dword [var_ch], eax",8945fc,cpu,mov,False,268435465,0,,,,,,,
16787959,"of,sf,^,zf,|,?{,16787985,rip,=,}",False,16787936,16788099,2,jle 0x1002a11,jle 0x1002a11,7e18,cpu,cjmp,False,2147483649,0,,,,,16787985.0,16787961.0,
16787961,"0x8,rbp,-,[4],rax,=",True,16787936,16788098,3,"mov eax, dword [rbp - 8]","mov eax, dword [var_10h]",8b45f8,cpu,mov,False,9,0,,,,,,,
16787964,"eax,rax,=",False,16787936,16788099,2,"mov eax, eax","mov eax, eax",89c0,cpu,mov,False,9,0,,,,,,,
16787966,"rax,0x30,rbp,-,=[8]",True,16787936,16788097,4,"mov qword [rbp - 0x30], rax","mov qword [var_38h], rax",488945d0,cpu,mov,False,268435465,0,,,,,,,
16787970,"eax,rax,^,0xffffffff,&,rax,=,$z,zf,:=,$p,pf,:=,31,$s,sf,:=,0,cf,:=,0,of,:=",False,16787936,16788099,2,"xor eax, eax","xor eax, eax",31c0,cpu,xor,False,28,0,,,,,,,
16787972,"eax,rcx,=",False,16787936,16788099,2,"mov ecx, eax","mov ecx, eax",89c1,cpu,mov,False,9,0,,,,,,,
16787974,"eax,rax,^,0xffffffff,&,rax,=,$z,zf,:=,$p,pf,:=,31,$s,sf,:=,0,cf,:=,0,of,:=",False,16787936,16788099,2,"xor eax, eax","xor eax, eax",31c0,cpu,xor,False,28,0,,,,,,,
16787976,"rcx,0x28,rbp,-,=[8]",True,16787936,16788097,4,"mov qword [rbp - 0x28], rcx","mov qword [var_30h], rcx",48894dd8,cpu,mov,False,268435465,0,,,,,,,
16787980,"eax,0x1c,rbp,-,=[4]",True,16787936,16788098,3,"mov dword [rbp - 0x1c], eax","mov dword [var_24h], eax",8945e4,cpu,mov,False,268435465,0,,,,,,,
16787983,"0x1002a16,rip,=",False,16787936,16788099,2,jmp 0x1002a16,jmp 0x1002a16,eb05,cpu,jmp,False,1,0,,,,,16787990.0,,"[{'addr': 16787990, 'type': 'CODE'}]"
16787985,"0x4,rbp,-,[4],rax,=",True,16787936,16788098,3,"mov eax, dword [rbp - 4]","mov eax, dword [var_ch]",8b45fc,cpu,mov,False,9,0,,,,,,,
16787988,"rsp,[8],8,rsp,+=,rbp,=",False,16787936,16788100,1,pop rbp,pop rbp,5d,cpu,pop,False,14,0,,,,,,,
16787989,"rsp,[8],rip,=,8,rsp,+=",False,16787936,16788100,1,ret,ret,c3,cpu,ret,False,5,0,,,,,,,
16787990,"0x10,rbp,-,[8],rcx,=",True,16787936,16788097,4,"mov rcx, qword [rbp - 0x10]","mov rcx, qword [var_18h]",488b4df0,cpu,mov,False,9,0,,"[{'addr': 16787983, 'type': 'CODE'}, {'addr': 16788099, 'type': 'CODE'}]",,,,,
16787994,"0x18,rbp,-,[8],rax,=",True,16787936,16788097,4,"mov rax, qword [rbp - 0x18]","mov rax, qword [var_20h]",488b45e8,cpu,mov,False,9,0,,,,,,,
16787998,"0x28,rbp,-,[8],rdx,=",True,16787936,16788097,4,"mov rdx, qword [rbp - 0x28]","mov rdx, qword [var_30h]",488b55d8,cpu,mov,False,9,0,,,,,,,
16788002,"0x1c,rbp,-,[4],rsi,=",True,16787936,16788098,3,"mov esi, dword [rbp - 0x1c]","mov esi, dword [var_24h]",8b75e4,cpu,mov,False,9,0,,,,,,,
16788005,"esi,0x44,rbp,-,=[4]",True,16787936,16788098,3,"mov dword [rbp - 0x44], esi","mov dword [var_4ch], esi",8975bc,cpu,mov,False,268435465,0,,,,,,,
16788008,"rdx,0x40,rbp,-,=[8]",True,16787936,16788097,4,"mov qword [rbp - 0x40], rdx","mov qword [var_48h], rdx",488955c0,cpu,mov,False,268435465,0,,,,,,,
16788012,"rdx,4,*,rax,+,[4],rax,=",True,16787936,16788098,3,"mov eax, dword [rax + rdx*4]","mov eax, dword [rax + rdx*4]",8b0490,cpu,mov,False,9,0,,,,,,,
16788015,"rdx,4,*,rcx,+,[4],eax,-=,rdx,4,*,rcx,+,[4],0x80000000,-,!,31,$o,^,of,:=,31,$s,sf,:=,$z,zf,:=,$p,pf,:=,32,$b,cf,:=,3,$b,af,:=",True,16787936,16788098,3,"sub eax, dword [rcx + rdx*4]","sub eax, dword [rcx + rdx*4]",2b0491,cpu,sub,False,18,0,,,,,,,
16788018,"5,rcx,=",False,16787936,16788096,5,"mov ecx, 5","mov ecx, 5",b905000000,cpu,mov,False,9,0,,,,5.0,,,
16788023,"0,edx,=,31,eax,>>,?{,0xffffffff,edx,=,}",False,16787936,16788100,1,cdq,cdq,99,cpu,null,False,0,0,,,,,,,
16788024,"32,ecx,~,32,edx,<<,eax,+,~%,32,ecx,~,32,edx,<<,eax,+,~/,eax,=,edx,=",False,16787936,16788099,2,idiv ecx,idiv ecx,f7f9,cpu,div,False,21,0,,,,,,,
16788026,"edx,0x38,rbp,-,=[4]",True,16787936,16788098,3,"mov dword [rbp - 0x38], edx","mov dword [var_40h], edx",8955c8,cpu,mov,False,268435465,0,,,,,,,
16788029,"4294967295,rax,=",False,16787936,16788096,5,"mov eax, 0xffffffff","mov eax, 0xffffffff",b8ffffffff,cpu,mov,False,9,0,,,4294967295.0,4294967295.0,,,
16788034,"4,edx,==,$z,zf,:=,32,$b,cf,:=,$p,pf,:=,31,$s,sf,:=,4,0x80000000,-,!,31,$o,^,of,:=,3,$b,af,:=",False,16787936,16788098,3,"cmp edx, 4","cmp edx, 4",83fa04,cpu,cmp,False,15,0,,,4.0,4.0,,,
16788037,"eax,0x34,rbp,-,=[4]",True,16787936,16788098,3,"mov dword [rbp - 0x34], eax","mov dword [var_3ch], eax",8945cc,cpu,mov,False,268435465,0,,,,,,,
16788040,"cf,!,?{,16788062,rip,=,}",False,16787936,16788099,2,jae 0x1002a5e,jae 0x1002a5e,7314,cpu,cjmp,False,2147483649,0,,,,,16788062.0,16788042.0,
16788042,"0x38,rbp,-,[4],rax,=",True,16787936,16788098,3,"mov eax, dword [rbp - 0x38]","mov eax, dword [var_40h]",8b45c8,cpu,mov,False,9,0,,,,,,,
16788045,"eax,rax,=",False,16787936,16788099,2,"mov eax, eax","mov eax, eax",89c0,cpu,mov,False,9,0,,,,,,,
16788047,"eax,rcx,=",False,16787936,16788099,2,"mov ecx, eax","mov ecx, eax",89c1,cpu,mov,False,9,0,,,,,,,
16788049,"0x24e8,rip,-,rax,=",True,16787936,16788094,7,"lea rax, [rip - 0x24e8]","lea rax, data.01000570",488d0518dbffff,cpu,lea,False,33,0,,,16778608.0,,,,"[{'addr': 16778608, 'type': 'DATA'}]"
16788056,"rcx,4,*,rax,+,[4],rax,=",True,16787936,16788098,3,"mov eax, dword [rax + rcx*4]","mov eax, dword [rax + rcx*4]",8b0488,cpu,mov,False,9,0,,,,,,,
16788059,"eax,0x34,rbp,-,=[4]",True,16787936,16788098,3,"mov dword [rbp - 0x34], eax","mov dword [var_3ch], eax",8945cc,cpu,mov,False,268435465,0,,,,,,,
16788062,"0x30,rbp,-,[8],rdx,=",True,16787936,16788097,4,"mov rdx, qword [rbp - 0x30]","mov rdx, qword [var_38h]",488b55d0,cpu,mov,False,9,0,,,,,,,
16788066,"0x40,rbp,-,[8],rcx,=",True,16787936,16788097,4,"mov rcx, qword [rbp - 0x40]","mov rcx, qword [var_48h]",488b4dc0,cpu,mov,False,9,0,,,,,,,
16788070,"0x44,rbp,-,[4],rax,=",True,16787936,16788098,3,"mov eax, dword [rbp - 0x44]","mov eax, dword [var_4ch]",8b45bc,cpu,mov,False,9,0,,,,,,,
16788073,"0x34,rbp,-,[4],rsi,=",True,16787936,16788098,3,"mov esi, dword [rbp - 0x34]","mov esi, dword [var_3ch]",8b75cc,cpu,mov,False,9,0,,,,,,,
16788076,"esi,eax,+=,31,$o,of,:=,31,$s,sf,:=,$z,zf,:=,31,$c,cf,:=,$p,pf,:=,3,$c,af,:=",False,16787936,16788099,2,"add eax, esi","add eax, esi",01f0,cpu,add,False,17,0,,,,,,,
16788078,"1,rcx,+=,63,$o,of,:=,63,$s,sf,:=,$z,zf,:=,63,$c,cf,:=,$p,pf,:=,3,$c,af,:=",False,16787936,16788097,4,"add rcx, 1","add rcx, 1",4883c101,cpu,add,False,17,0,,,,1.0,,,
16788082,"rdx,rcx,==,$z,zf,:=,64,$b,cf,:=,$p,pf,:=,63,$s,sf,:=,rdx,0x8000000000000000,-,!,63,$o,^,of,:=,3,$b,af,:=",False,16787936,16788098,3,"cmp rcx, rdx","cmp rcx, rdx",4839d1,cpu,cmp,False,15,0,,,,,,,
16788085,"eax,rdx,=",False,16787936,16788099,2,"mov edx, eax","mov edx, eax",89c2,cpu,mov,False,9,0,,,,,,,
16788087,"edx,0x4,rbp,-,=[4]",True,16787936,16788098,3,"mov dword [rbp - 4], edx","mov dword [var_ch], edx",8955fc,cpu,mov,False,268435465,0,,,,,,,
16788090,"rcx,0x28,rbp,-,=[8]",True,16787936,16788097,4,"mov qword [rbp - 0x28], rcx","mov qword [var_30h], rcx",48894dd8,cpu,mov,False,268435465,0,,,,,,,
16788094,"eax,0x1c,rbp,-,=[4]",True,16787936,16788098,3,"mov dword [rbp - 0x1c], eax","mov dword [var_24h], eax",8945e4,cpu,mov,False,268435465,0,,,,,,,
16788097,"zf,?{,16787985,rip,=,}",False,16787936,16788099,2,je 0x1002a11,je 0x1002a11,748e,cpu,cjmp,False,2147483649,0,,,,,16787985.0,16788099.0,
16788099,"0x1002a16,rip,=",False,16787936,16788099,2,jmp 0x1002a16,jmp 0x1002a16,eb91,cpu,jmp,False,1,0,,,,,16787990.0,,"[{'addr': 16787990, 'type': 'CODE'}]"
