offset,esil,refptr,fcn_addr,fcn_last,size,opcode,disasm,bytes,family,type,reloc,type_num,type2_num,flags,xrefs_to,jump,xrefs_from,val,ptr,fail
16787600,"rbp,8,rsp,-,=[8],8,rsp,-=",False,16787600,16787935,1,push rbp,push rbp,55,cpu,rpush,False,268435468,0,['sym.aggregate_columns'],"[{'addr': 16783986, 'type': 'CALL'}]",,,,,
16787601,"rsp,rbp,=",False,16787600,16787933,3,"mov rbp, rsp","mov rbp, rsp",4889e5,cpu,mov,False,9,0,,,,,,,
16787604,"rdi,0x18,rbp,-,=[8]",True,16787600,16787932,4,"mov qword [rbp - 0x18], rdi","mov qword [var_20h], rdi",48897de8,cpu,mov,False,268435465,0,,,,,,,
16787608,"rsi,0x10,rbp,-,=[8]",True,16787600,16787932,4,"mov qword [rbp - 0x10], rsi","mov qword [var_18h], rsi",488975f0,cpu,mov,False,268435465,0,,,,,,,
16787612,"eax,rax,^,0xffffffff,&,rax,=,$z,zf,:=,$p,pf,:=,31,$s,sf,:=,0,cf,:=,0,of,:=",False,16787600,16787934,2,"xor eax, eax","xor eax, eax",31c0,cpu,xor,False,28,0,,,,,,,
16787614,"rax,0x8,rbp,-,=[8]",True,16787600,16787932,4,"mov qword [rbp - 8], rax","mov qword [var_10h], rax",488945f8,cpu,mov,False,268435465,0,,,,,,,
16787618,"0x10028a6,rip,=",False,16787600,16787934,2,jmp 0x10028a6,jmp 0x10028a6,eb02,cpu,jmp,False,1,0,,,16787622.0,"[{'addr': 16787622, 'type': 'CODE'}]",,,
16787620,"rsp,[8],8,rsp,+=,rbp,=",False,16787600,16787935,1,pop rbp,pop rbp,5d,cpu,pop,False,14,0,,,,,,,
16787621,"rsp,[8],rip,=,8,rsp,+=",False,16787600,16787935,1,ret,ret,c3,cpu,ret,False,5,0,,,,,,,
16787622,"0x8,rbp,-,[8],rsi,=",True,16787600,16787932,4,"mov rsi, qword [rbp - 8]","mov rsi, qword [var_10h]",488b75f8,cpu,mov,False,9,0,,"[{'addr': 16787618, 'type': 'CODE'}, {'addr': 16787931, 'type': 'CODE'}]",,,,,
16787626,"0x10,rbp,-,[8],rcx,=",True,16787600,16787932,4,"mov rcx, qword [rbp - 0x10]","mov rcx, qword [var_18h]",488b4df0,cpu,mov,False,9,0,,,,,,,
16787630,"0x18,rbp,-,[8],rax,=",True,16787600,16787932,4,"mov rax, qword [rbp - 0x18]","mov rax, qword [var_20h]",488b45e8,cpu,mov,False,9,0,,,,,,,
16787634,"rsi,0x20,rbp,-,=[8]",True,16787600,16787932,4,"mov qword [rbp - 0x20], rsi","mov qword [var_28h], rsi",488975e0,cpu,mov,False,268435465,0,,,,,,,
16787638,"0,rsi,4,*,rcx,+,=[4]",True,16787600,16787929,7,"mov dword [rcx + rsi*4], 0","mov dword [rcx + rsi*4], 0",c704b100000000,cpu,mov,False,9,0,,,,,0.0,,
16787645,"rsi,4,*,rax,+,[4],rdx,=",True,16787600,16787933,3,"mov edx, dword [rax + rsi*4]","mov edx, dword [rax + rsi*4]",8b14b0,cpu,mov,False,9,0,,,,,,,
16787648,"edx,r8,=",False,16787600,16787933,3,"mov r8d, edx","mov r8d, edx",4189d0,cpu,mov,False,9,0,,,,,,,
16787651,"1,r8,&,0xffffffff,&,r8,=,$z,zf,:=,$p,pf,:=,31,$s,sf,:=,0,cf,:=,0,of,:=",False,16787600,16787932,4,"and r8d, 1","and r8d, 1",4183e001,cpu,and,False,27,0,,,,,1.0,,
16787655,"edx,rdi,=",False,16787600,16787934,2,"mov edi, edx","mov edi, edx",89d7,cpu,mov,False,9,0,,,,,,,
16787657,"0,cf,:=,1,1,-,1,<<,edi,&,?{,1,cf,:=,},1,edi,>>>>,edi,=,$z,zf,:=,$p,pf,:=,31,$s,sf,:=",False,16787600,16787934,2,"sar edi, 1","sar edi, 1",d1ff,cpu,sar,False,25,0,,,,,,,
16787659,"0,1,!,!,?{,1,1,-,edx,<<,0x80000000,&,!,!,^,},1,edx,<<=,$z,zf,:=,$p,pf,:=,31,$s,sf,:=,cf,=",False,16787600,16787934,2,"shl edx, 1","shl edx, 1",d1e2,cpu,shl,False,23,0,,,,,,,
16787661,"0,r8d,==,$z,zf,:=,32,$b,cf,:=,$p,pf,:=,31,$s,sf,:=,0,0x80000000,-,!,31,$o,^,of,:=,3,$b,af,:=",False,16787600,16787932,4,"cmp r8d, 0","cmp r8d, 0",4183f800,cpu,cmp,False,15,0,,,,,0.0,0.0,
16787665,"zf,?{,edi,edx,=,}",False,16787600,16787933,3,"cmove edx, edi","cmove edx, edi",0f44d7,cpu,cmov,False,2147483657,0,,,,,,,
16787668,"edx,rsi,4,*,rcx,+,=[4]",True,16787600,16787933,3,"mov dword [rcx + rsi*4], edx","mov dword [rcx + rsi*4], edx",8914b1,cpu,mov,False,9,0,,,,,,,
16787671,"0x20,rsi,4,*,rax,+,+,[4],rdi,=",True,16787600,16787932,4,"mov edi, dword [rax + rsi*4 + 0x20]","mov edi, dword [rax + rsi*4 + 0x20]",8b7cb020,cpu,mov,False,9,0,,,,,,,
16787675,"edi,r9,=",False,16787600,16787933,3,"mov r9d, edi","mov r9d, edi",4189f9,cpu,mov,False,9,0,,,,,,,
16787678,"1,r9,&,0xffffffff,&,r9,=,$z,zf,:=,$p,pf,:=,31,$s,sf,:=,0,cf,:=,0,of,:=",False,16787600,16787932,4,"and r9d, 1","and r9d, 1",4183e101,cpu,and,False,27,0,,,,,1.0,,
16787682,"edi,r8,=",False,16787600,16787933,3,"mov r8d, edi","mov r8d, edi",4189f8,cpu,mov,False,9,0,,,,,,,
16787685,"0,cf,:=,1,1,-,1,<<,r8d,&,?{,1,cf,:=,},1,r8d,>>>>,r8d,=,$z,zf,:=,$p,pf,:=,31,$s,sf,:=",False,16787600,16787933,3,"sar r8d, 1","sar r8d, 1",41d1f8,cpu,sar,False,25,0,,,,,,,
16787688,"0,1,!,!,?{,1,1,-,edi,<<,0x80000000,&,!,!,^,},1,edi,<<=,$z,zf,:=,$p,pf,:=,31,$s,sf,:=,cf,=",False,16787600,16787934,2,"shl edi, 1","shl edi, 1",d1e7,cpu,shl,False,23,0,,,,,,,
16787690,"0,r9d,==,$z,zf,:=,32,$b,cf,:=,$p,pf,:=,31,$s,sf,:=,0,0x80000000,-,!,31,$o,^,of,:=,3,$b,af,:=",False,16787600,16787932,4,"cmp r9d, 0","cmp r9d, 0",4183f900,cpu,cmp,False,15,0,,,,,0.0,0.0,
16787694,"zf,?{,r8d,edi,=,}",False,16787600,16787932,4,"cmove edi, r8d","cmove edi, r8d",410f44f8,cpu,cmov,False,2147483657,0,,,,,,,
16787698,"edx,edi,+=,31,$o,of,:=,31,$s,sf,:=,$z,zf,:=,31,$c,cf,:=,$p,pf,:=,3,$c,af,:=",False,16787600,16787934,2,"add edi, edx","add edi, edx",01d7,cpu,add,False,17,0,,,,,,,
16787700,"edi,rsi,4,*,rcx,+,=[4]",True,16787600,16787933,3,"mov dword [rcx + rsi*4], edi","mov dword [rcx + rsi*4], edi",893cb1,cpu,mov,False,9,0,,,,,,,
16787703,"0x40,rsi,4,*,rax,+,+,[4],rdx,=",True,16787600,16787932,4,"mov edx, dword [rax + rsi*4 + 0x40]","mov edx, dword [rax + rsi*4 + 0x40]",8b54b040,cpu,mov,False,9,0,,,,,,,
16787707,"edx,r9,=",False,16787600,16787933,3,"mov r9d, edx","mov r9d, edx",4189d1,cpu,mov,False,9,0,,,,,,,
16787710,"1,r9,&,0xffffffff,&,r9,=,$z,zf,:=,$p,pf,:=,31,$s,sf,:=,0,cf,:=,0,of,:=",False,16787600,16787932,4,"and r9d, 1","and r9d, 1",4183e101,cpu,and,False,27,0,,,,,1.0,,
16787714,"edx,r8,=",False,16787600,16787933,3,"mov r8d, edx","mov r8d, edx",4189d0,cpu,mov,False,9,0,,,,,,,
16787717,"0,cf,:=,1,1,-,1,<<,r8d,&,?{,1,cf,:=,},1,r8d,>>>>,r8d,=,$z,zf,:=,$p,pf,:=,31,$s,sf,:=",False,16787600,16787933,3,"sar r8d, 1","sar r8d, 1",41d1f8,cpu,sar,False,25,0,,,,,,,
16787720,"0,1,!,!,?{,1,1,-,edx,<<,0x80000000,&,!,!,^,},1,edx,<<=,$z,zf,:=,$p,pf,:=,31,$s,sf,:=,cf,=",False,16787600,16787934,2,"shl edx, 1","shl edx, 1",d1e2,cpu,shl,False,23,0,,,,,,,
16787722,"0,r9d,==,$z,zf,:=,32,$b,cf,:=,$p,pf,:=,31,$s,sf,:=,0,0x80000000,-,!,31,$o,^,of,:=,3,$b,af,:=",False,16787600,16787932,4,"cmp r9d, 0","cmp r9d, 0",4183f900,cpu,cmp,False,15,0,,,,,0.0,0.0,
16787726,"zf,?{,r8d,edx,=,}",False,16787600,16787932,4,"cmove edx, r8d","cmove edx, r8d",410f44d0,cpu,cmov,False,2147483657,0,,,,,,,
16787730,"edi,edx,+=,31,$o,of,:=,31,$s,sf,:=,$z,zf,:=,31,$c,cf,:=,$p,pf,:=,3,$c,af,:=",False,16787600,16787934,2,"add edx, edi","add edx, edi",01fa,cpu,add,False,17,0,,,,,,,
16787732,"edx,rsi,4,*,rcx,+,=[4]",True,16787600,16787933,3,"mov dword [rcx + rsi*4], edx","mov dword [rcx + rsi*4], edx",8914b1,cpu,mov,False,9,0,,,,,,,
16787735,"0x60,rsi,4,*,rax,+,+,[4],rdi,=",True,16787600,16787932,4,"mov edi, dword [rax + rsi*4 + 0x60]","mov edi, dword [rax + rsi*4 + 0x60]",8b7cb060,cpu,mov,False,9,0,,,,,,,
16787739,"edi,r9,=",False,16787600,16787933,3,"mov r9d, edi","mov r9d, edi",4189f9,cpu,mov,False,9,0,,,,,,,
16787742,"1,r9,&,0xffffffff,&,r9,=,$z,zf,:=,$p,pf,:=,31,$s,sf,:=,0,cf,:=,0,of,:=",False,16787600,16787932,4,"and r9d, 1","and r9d, 1",4183e101,cpu,and,False,27,0,,,,,1.0,,
16787746,"edi,r8,=",False,16787600,16787933,3,"mov r8d, edi","mov r8d, edi",4189f8,cpu,mov,False,9,0,,,,,,,
16787749,"0,cf,:=,1,1,-,1,<<,r8d,&,?{,1,cf,:=,},1,r8d,>>>>,r8d,=,$z,zf,:=,$p,pf,:=,31,$s,sf,:=",False,16787600,16787933,3,"sar r8d, 1","sar r8d, 1",41d1f8,cpu,sar,False,25,0,,,,,,,
16787752,"0,1,!,!,?{,1,1,-,edi,<<,0x80000000,&,!,!,^,},1,edi,<<=,$z,zf,:=,$p,pf,:=,31,$s,sf,:=,cf,=",False,16787600,16787934,2,"shl edi, 1","shl edi, 1",d1e7,cpu,shl,False,23,0,,,,,,,
16787754,"0,r9d,==,$z,zf,:=,32,$b,cf,:=,$p,pf,:=,31,$s,sf,:=,0,0x80000000,-,!,31,$o,^,of,:=,3,$b,af,:=",False,16787600,16787932,4,"cmp r9d, 0","cmp r9d, 0",4183f900,cpu,cmp,False,15,0,,,,,0.0,0.0,
16787758,"zf,?{,r8d,edi,=,}",False,16787600,16787932,4,"cmove edi, r8d","cmove edi, r8d",410f44f8,cpu,cmov,False,2147483657,0,,,,,,,
16787762,"edx,edi,+=,31,$o,of,:=,31,$s,sf,:=,$z,zf,:=,31,$c,cf,:=,$p,pf,:=,3,$c,af,:=",False,16787600,16787934,2,"add edi, edx","add edi, edx",01d7,cpu,add,False,17,0,,,,,,,
16787764,"edi,rsi,4,*,rcx,+,=[4]",True,16787600,16787933,3,"mov dword [rcx + rsi*4], edi","mov dword [rcx + rsi*4], edi",893cb1,cpu,mov,False,9,0,,,,,,,
16787767,"0x80,rsi,4,*,rax,+,+,[4],rdx,=",True,16787600,16787929,7,"mov edx, dword [rax + rsi*4 + 0x80]","mov edx, dword [rax + rsi*4 + 0x80]",8b94b080000000,cpu,mov,False,9,0,,,,,,,
16787774,"edx,r9,=",False,16787600,16787933,3,"mov r9d, edx","mov r9d, edx",4189d1,cpu,mov,False,9,0,,,,,,,
16787777,"1,r9,&,0xffffffff,&,r9,=,$z,zf,:=,$p,pf,:=,31,$s,sf,:=,0,cf,:=,0,of,:=",False,16787600,16787932,4,"and r9d, 1","and r9d, 1",4183e101,cpu,and,False,27,0,,,,,1.0,,
16787781,"edx,r8,=",False,16787600,16787933,3,"mov r8d, edx","mov r8d, edx",4189d0,cpu,mov,False,9,0,,,,,,,
16787784,"0,cf,:=,1,1,-,1,<<,r8d,&,?{,1,cf,:=,},1,r8d,>>>>,r8d,=,$z,zf,:=,$p,pf,:=,31,$s,sf,:=",False,16787600,16787933,3,"sar r8d, 1","sar r8d, 1",41d1f8,cpu,sar,False,25,0,,,,,,,
16787787,"0,1,!,!,?{,1,1,-,edx,<<,0x80000000,&,!,!,^,},1,edx,<<=,$z,zf,:=,$p,pf,:=,31,$s,sf,:=,cf,=",False,16787600,16787934,2,"shl edx, 1","shl edx, 1",d1e2,cpu,shl,False,23,0,,,,,,,
16787789,"0,r9d,==,$z,zf,:=,32,$b,cf,:=,$p,pf,:=,31,$s,sf,:=,0,0x80000000,-,!,31,$o,^,of,:=,3,$b,af,:=",False,16787600,16787932,4,"cmp r9d, 0","cmp r9d, 0",4183f900,cpu,cmp,False,15,0,,,,,0.0,0.0,
16787793,"zf,?{,r8d,edx,=,}",False,16787600,16787932,4,"cmove edx, r8d","cmove edx, r8d",410f44d0,cpu,cmov,False,2147483657,0,,,,,,,
16787797,"edi,edx,+=,31,$o,of,:=,31,$s,sf,:=,$z,zf,:=,31,$c,cf,:=,$p,pf,:=,3,$c,af,:=",False,16787600,16787934,2,"add edx, edi","add edx, edi",01fa,cpu,add,False,17,0,,,,,,,
16787799,"edx,rsi,4,*,rcx,+,=[4]",True,16787600,16787933,3,"mov dword [rcx + rsi*4], edx","mov dword [rcx + rsi*4], edx",8914b1,cpu,mov,False,9,0,,,,,,,
16787802,"0xa0,rsi,4,*,rax,+,+,[4],rdi,=",True,16787600,16787929,7,"mov edi, dword [rax + rsi*4 + 0xa0]","mov edi, dword [rax + rsi*4 + 0xa0]",8bbcb0a0000000,cpu,mov,False,9,0,,,,,,,
16787809,"edi,r9,=",False,16787600,16787933,3,"mov r9d, edi","mov r9d, edi",4189f9,cpu,mov,False,9,0,,,,,,,
16787812,"1,r9,&,0xffffffff,&,r9,=,$z,zf,:=,$p,pf,:=,31,$s,sf,:=,0,cf,:=,0,of,:=",False,16787600,16787932,4,"and r9d, 1","and r9d, 1",4183e101,cpu,and,False,27,0,,,,,1.0,,
16787816,"edi,r8,=",False,16787600,16787933,3,"mov r8d, edi","mov r8d, edi",4189f8,cpu,mov,False,9,0,,,,,,,
16787819,"0,cf,:=,1,1,-,1,<<,r8d,&,?{,1,cf,:=,},1,r8d,>>>>,r8d,=,$z,zf,:=,$p,pf,:=,31,$s,sf,:=",False,16787600,16787933,3,"sar r8d, 1","sar r8d, 1",41d1f8,cpu,sar,False,25,0,,,,,,,
16787822,"0,1,!,!,?{,1,1,-,edi,<<,0x80000000,&,!,!,^,},1,edi,<<=,$z,zf,:=,$p,pf,:=,31,$s,sf,:=,cf,=",False,16787600,16787934,2,"shl edi, 1","shl edi, 1",d1e7,cpu,shl,False,23,0,,,,,,,
16787824,"0,r9d,==,$z,zf,:=,32,$b,cf,:=,$p,pf,:=,31,$s,sf,:=,0,0x80000000,-,!,31,$o,^,of,:=,3,$b,af,:=",False,16787600,16787932,4,"cmp r9d, 0","cmp r9d, 0",4183f900,cpu,cmp,False,15,0,,,,,0.0,0.0,
16787828,"zf,?{,r8d,edi,=,}",False,16787600,16787932,4,"cmove edi, r8d","cmove edi, r8d",410f44f8,cpu,cmov,False,2147483657,0,,,,,,,
16787832,"edx,edi,+=,31,$o,of,:=,31,$s,sf,:=,$z,zf,:=,31,$c,cf,:=,$p,pf,:=,3,$c,af,:=",False,16787600,16787934,2,"add edi, edx","add edi, edx",01d7,cpu,add,False,17,0,,,,,,,
16787834,"edi,rsi,4,*,rcx,+,=[4]",True,16787600,16787933,3,"mov dword [rcx + rsi*4], edi","mov dword [rcx + rsi*4], edi",893cb1,cpu,mov,False,9,0,,,,,,,
16787837,"0xc0,rsi,4,*,rax,+,+,[4],rdx,=",True,16787600,16787929,7,"mov edx, dword [rax + rsi*4 + 0xc0]","mov edx, dword [rax + rsi*4 + 0xc0]",8b94b0c0000000,cpu,mov,False,9,0,,,,,,,
16787844,"edx,r9,=",False,16787600,16787933,3,"mov r9d, edx","mov r9d, edx",4189d1,cpu,mov,False,9,0,,,,,,,
16787847,"1,r9,&,0xffffffff,&,r9,=,$z,zf,:=,$p,pf,:=,31,$s,sf,:=,0,cf,:=,0,of,:=",False,16787600,16787932,4,"and r9d, 1","and r9d, 1",4183e101,cpu,and,False,27,0,,,,,1.0,,
16787851,"edx,r8,=",False,16787600,16787933,3,"mov r8d, edx","mov r8d, edx",4189d0,cpu,mov,False,9,0,,,,,,,
16787854,"0,cf,:=,1,1,-,1,<<,r8d,&,?{,1,cf,:=,},1,r8d,>>>>,r8d,=,$z,zf,:=,$p,pf,:=,31,$s,sf,:=",False,16787600,16787933,3,"sar r8d, 1","sar r8d, 1",41d1f8,cpu,sar,False,25,0,,,,,,,
16787857,"0,1,!,!,?{,1,1,-,edx,<<,0x80000000,&,!,!,^,},1,edx,<<=,$z,zf,:=,$p,pf,:=,31,$s,sf,:=,cf,=",False,16787600,16787934,2,"shl edx, 1","shl edx, 1",d1e2,cpu,shl,False,23,0,,,,,,,
16787859,"0,r9d,==,$z,zf,:=,32,$b,cf,:=,$p,pf,:=,31,$s,sf,:=,0,0x80000000,-,!,31,$o,^,of,:=,3,$b,af,:=",False,16787600,16787932,4,"cmp r9d, 0","cmp r9d, 0",4183f900,cpu,cmp,False,15,0,,,,,0.0,0.0,
16787863,"zf,?{,r8d,edx,=,}",False,16787600,16787932,4,"cmove edx, r8d","cmove edx, r8d",410f44d0,cpu,cmov,False,2147483657,0,,,,,,,
16787867,"edi,edx,+=,31,$o,of,:=,31,$s,sf,:=,$z,zf,:=,31,$c,cf,:=,$p,pf,:=,3,$c,af,:=",False,16787600,16787934,2,"add edx, edi","add edx, edi",01fa,cpu,add,False,17,0,,,,,,,
16787869,"edx,rsi,4,*,rcx,+,=[4]",True,16787600,16787933,3,"mov dword [rcx + rsi*4], edx","mov dword [rcx + rsi*4], edx",8914b1,cpu,mov,False,9,0,,,,,,,
16787872,"0xe0,rsi,4,*,rax,+,+,[4],rax,=",True,16787600,16787929,7,"mov eax, dword [rax + rsi*4 + 0xe0]","mov eax, dword [rax + rsi*4 + 0xe0]",8b84b0e0000000,cpu,mov,False,9,0,,,,,,,
16787879,"eax,rdi,=",False,16787600,16787934,2,"mov edi, eax","mov edi, eax",89c7,cpu,mov,False,9,0,,,,,,,
16787881,"1,rdi,&,0xffffffff,&,rdi,=,$z,zf,:=,$p,pf,:=,31,$s,sf,:=,0,cf,:=,0,of,:=",False,16787600,16787933,3,"and edi, 1","and edi, 1",83e701,cpu,and,False,27,0,,,,,1.0,,
16787884,"eax,rsi,=",False,16787600,16787934,2,"mov esi, eax","mov esi, eax",89c6,cpu,mov,False,9,0,,,,,,,
16787886,"0,cf,:=,1,1,-,1,<<,esi,&,?{,1,cf,:=,},1,esi,>>>>,esi,=,$z,zf,:=,$p,pf,:=,31,$s,sf,:=",False,16787600,16787934,2,"sar esi, 1","sar esi, 1",d1fe,cpu,sar,False,25,0,,,,,,,
16787888,"0,1,!,!,?{,1,1,-,eax,<<,0x80000000,&,!,!,^,},1,eax,<<=,$z,zf,:=,$p,pf,:=,31,$s,sf,:=,cf,=",False,16787600,16787934,2,"shl eax, 1","shl eax, 1",d1e0,cpu,shl,False,23,0,,,,,,,
16787890,"0,edi,==,$z,zf,:=,32,$b,cf,:=,$p,pf,:=,31,$s,sf,:=,0,0x80000000,-,!,31,$o,^,of,:=,3,$b,af,:=",False,16787600,16787933,3,"cmp edi, 0","cmp edi, 0",83ff00,cpu,cmp,False,15,0,,,,,0.0,0.0,
16787893,"zf,?{,esi,eax,=,}",False,16787600,16787933,3,"cmove eax, esi","cmove eax, esi",0f44c6,cpu,cmov,False,2147483657,0,,,,,,,
16787896,"edx,eax,+=,31,$o,of,:=,31,$s,sf,:=,$z,zf,:=,31,$c,cf,:=,$p,pf,:=,3,$c,af,:=",False,16787600,16787934,2,"add eax, edx","add eax, edx",01d0,cpu,add,False,17,0,,,,,,,
16787898,"200,rsi,=",False,16787600,16787931,5,"mov esi, 0xc8","mov esi, 0xc8",bec8000000,cpu,mov,False,9,0,,,,,200.0,200.0,
16787903,"0,edx,=,31,eax,>>,?{,0xffffffff,edx,=,}",False,16787600,16787935,1,cdq,cdq,99,cpu,null,False,0,0,,,,,,,
16787904,"32,esi,~,32,edx,<<,eax,+,~%,32,esi,~,32,edx,<<,eax,+,~/,eax,=,edx,=",False,16787600,16787934,2,idiv esi,idiv esi,f7fe,cpu,div,False,21,0,,,,,,,
16787906,"0x20,rbp,-,[8],rax,=",True,16787600,16787932,4,"mov rax, qword [rbp - 0x20]","mov rax, qword [var_28h]",488b45e0,cpu,mov,False,9,0,,,,,,,
16787910,"edx,rax,4,*,rcx,+,=[4]",True,16787600,16787933,3,"mov dword [rcx + rax*4], edx","mov dword [rcx + rax*4], edx",891481,cpu,mov,False,9,0,,,,,,,
16787913,"1,rax,+=,63,$o,of,:=,63,$s,sf,:=,$z,zf,:=,63,$c,cf,:=,$p,pf,:=,3,$c,af,:=",False,16787600,16787932,4,"add rax, 1","add rax, 1",4883c001,cpu,add,False,17,0,,,,,1.0,,
16787917,"8,rax,==,$z,zf,:=,64,$b,cf,:=,$p,pf,:=,63,$s,sf,:=,8,0x8000000000000000,-,!,63,$o,^,of,:=,3,$b,af,:=",False,16787600,16787932,4,"cmp rax, 8","cmp rax, 8",4883f808,cpu,cmp,False,15,0,,,,,8.0,8.0,
16787921,"rax,0x8,rbp,-,=[8]",True,16787600,16787932,4,"mov qword [rbp - 8], rax","mov qword [var_10h], rax",488945f8,cpu,mov,False,268435465,0,,,,,,,
16787925,"zf,?{,16787620,rip,=,}",False,16787600,16787930,6,je 0x10028a4,je 0x10028a4,0f84c9feffff,cpu,cjmp,False,2147483649,0,,,16787620.0,,,,16787931.0
16787931,"0x10028a6,rip,=",False,16787600,16787931,5,jmp 0x10028a6,jmp 0x10028a6,e9c6feffff,cpu,jmp,False,1,0,,,16787622.0,"[{'addr': 16787622, 'type': 'CODE'}]",,,
