offset,esil,refptr,fcn_addr,fcn_last,size,opcode,disasm,bytes,family,type,reloc,type_num,type2_num,flags,xrefs_to,val,ptr,xrefs_from,jump,fail
16788976,"rbp,8,rsp,-,=[8],8,rsp,-=",False,16788976,16789094,1,push rbp,push rbp,55,cpu,rpush,False,268435468,0,['sym.summarize_output'],"[{'addr': 16784063, 'type': 'CALL'}]",,,,,
16788977,"rsp,rbp,=",False,16788976,16789092,3,"mov rbp, rsp","mov rbp, rsp",4889e5,cpu,mov,False,9,0,,,,,,,
16788980,"48,rsp,-=,48,0x8000000000000000,-,!,63,$o,^,of,:=,63,$s,sf,:=,$z,zf,:=,$p,pf,:=,64,$b,cf,:=,3,$b,af,:=",False,16788976,16789091,4,"sub rsp, 0x30","sub rsp, 0x30",4883ec30,cpu,sub,False,18,0,,,48.0,,,,
16788984,"rdi,0x10,rbp,-,=[8]",True,16788976,16789091,4,"mov qword [rbp - 0x10], rdi","mov qword [var_18h], rdi",48897df0,cpu,mov,False,268435465,0,,,,,,,
16788988,"esi,0x4,rbp,-,=[4]",True,16788976,16789092,3,"mov dword [rbp - 4], esi","mov dword [var_ch], esi",8975fc,cpu,mov,False,268435465,0,,,,,,,
16788991,"0x2754,rip,-,rdi,=",True,16788976,16789088,7,"lea rdi, [rip - 0x2754]","lea rdi, str.Column_Summary:",488d3dacd8ffff,cpu,lea,False,33,0,,,,16778930.0,"[{'addr': 16778930, 'type': 'DATA'}]",,
16788998,"16789296,rip,8,rsp,-=,rsp,=[],rip,=",False,16788976,16789090,5,call 0x1002f30,call sym.imp.puts,e825010000,cpu,call,False,3,0,,,,,"[{'addr': 16789296, 'type': 'CALL'}]",16789296.0,16789003.0
16789003,"0x4,rbp,-,[4],rsi,=",True,16788976,16789092,3,"mov esi, dword [rbp - 4]","mov esi, dword [var_ch]",8b75fc,cpu,mov,False,9,0,,,,,,,
16789006,"0,esi,==,$z,zf,:=,32,$b,cf,:=,$p,pf,:=,31,$s,sf,:=,0,0x80000000,-,!,31,$o,^,of,:=,3,$b,af,:=",False,16788976,16789092,3,"cmp esi, 0","cmp esi, 0",83fe00,cpu,cmp,False,15,0,,,0.0,0.0,,,
16789009,"of,sf,^,zf,|,?{,16789028,rip,=,}",False,16788976,16789093,2,jle 0x1002e24,jle 0x1002e24,7e11,cpu,cjmp,False,2147483649,0,,,,,,16789028.0,16789011.0
16789011,"0x4,rbp,-,[4],rax,=",True,16788976,16789092,3,"mov eax, dword [rbp - 4]","mov eax, dword [var_ch]",8b45fc,cpu,mov,False,9,0,,,,,,,
16789014,"eax,rax,=",False,16788976,16789093,2,"mov eax, eax","mov eax, eax",89c0,cpu,mov,False,9,0,,,,,,,
16789016,"rax,0x20,rbp,-,=[8]",True,16788976,16789091,4,"mov qword [rbp - 0x20], rax","mov qword [var_28h], rax",488945e0,cpu,mov,False,268435465,0,,,,,,,
16789020,"eax,rax,^,0xffffffff,&,rax,=,$z,zf,:=,$p,pf,:=,31,$s,sf,:=,0,cf,:=,0,of,:=",False,16788976,16789093,2,"xor eax, eax","xor eax, eax",31c0,cpu,xor,False,28,0,,,,,,,
16789022,"rax,0x18,rbp,-,=[8]",True,16788976,16789091,4,"mov qword [rbp - 0x18], rax","mov qword [var_20h], rax",488945e8,cpu,mov,False,268435465,0,,,,,,,
16789026,"0x1002e33,rip,=",False,16788976,16789093,2,jmp 0x1002e33,jmp 0x1002e33,eb0f,cpu,jmp,False,1,0,,,,,"[{'addr': 16789043, 'type': 'CODE'}]",16789043.0,
16789028,"10,rdi,=",False,16788976,16789090,5,"mov edi, 0xa","mov edi, 0xa",bf0a000000,cpu,mov,False,9,0,,,10.0,,,,
16789033,"48,rsp,+=,63,$o,of,:=,63,$s,sf,:=,$z,zf,:=,63,$c,cf,:=,$p,pf,:=,3,$c,af,:=",False,16788976,16789091,4,"add rsp, 0x30","add rsp, 0x30",4883c430,cpu,add,False,17,0,,,48.0,,,,
16789037,"rsp,[8],8,rsp,+=,rbp,=",False,16788976,16789094,1,pop rbp,pop rbp,5d,cpu,pop,False,14,0,,,,,,,
16789038,"0x1002f40,rip,=",False,16788976,16789090,5,jmp 0x1002f40,jmp sym.imp.putchar,e90d010000,cpu,jmp,False,1,0,,,,,"[{'addr': 16789312, 'type': 'CODE'}]",16789312.0,
16789043,"0x18,rbp,-,[8],rcx,=",True,16788976,16789091,4,"mov rcx, qword [rbp - 0x18]","mov rcx, qword [var_20h]",488b4de8,cpu,mov,False,9,0,,"[{'addr': 16789026, 'type': 'CODE'}, {'addr': 16789093, 'type': 'CODE'}]",,,,,
16789047,"0x10,rbp,-,[8],rax,=",True,16788976,16789091,4,"mov rax, qword [rbp - 0x10]","mov rax, qword [var_18h]",488b45f0,cpu,mov,False,9,0,,,,,,,
16789051,"rcx,0x28,rbp,-,=[8]",True,16788976,16789091,4,"mov qword [rbp - 0x28], rcx","mov qword [var_30h], rcx",48894dd8,cpu,mov,False,268435465,0,,,,,,,
16789055,"rcx,4,*,rax,+,[4],rsi,=",True,16788976,16789092,3,"mov esi, dword [rax + rcx*4]","mov esi, dword [rax + rcx*4]",8b3488,cpu,mov,False,9,0,,,,,,,
16789058,"0x279b,rip,-,rdi,=",True,16788976,16789088,7,"lea rdi, [rip - 0x279b]","lea rdi, data.010006ae",488d3d65d8ffff,cpu,lea,False,33,0,,,,16778926.0,"[{'addr': 16778926, 'type': 'DATA'}]",,
16789065,"0,al,=",False,16788976,16789093,2,"mov al, 0","mov al, 0",b000,cpu,mov,False,9,0,,,0.0,,,,
16789067,"16789248,rip,8,rsp,-=,rsp,=[],rip,=",False,16788976,16789090,5,call 0x1002f00,call sym.imp.printf,e8b0000000,cpu,call,False,3,0,,,,,"[{'addr': 16789248, 'type': 'CALL'}]",16789248.0,16789072.0
16789072,"0x20,rbp,-,[8],rcx,=",True,16788976,16789091,4,"mov rcx, qword [rbp - 0x20]","mov rcx, qword [var_28h]",488b4de0,cpu,mov,False,9,0,,,,,,,
16789076,"0x28,rbp,-,[8],rax,=",True,16788976,16789091,4,"mov rax, qword [rbp - 0x28]","mov rax, qword [var_30h]",488b45d8,cpu,mov,False,9,0,,,,,,,
16789080,"1,rax,+=,63,$o,of,:=,63,$s,sf,:=,$z,zf,:=,63,$c,cf,:=,$p,pf,:=,3,$c,af,:=",False,16788976,16789091,4,"add rax, 1","add rax, 1",4883c001,cpu,add,False,17,0,,,1.0,,,,
16789084,"rcx,rax,==,$z,zf,:=,64,$b,cf,:=,$p,pf,:=,63,$s,sf,:=,rcx,0x8000000000000000,-,!,63,$o,^,of,:=,3,$b,af,:=",False,16788976,16789092,3,"cmp rax, rcx","cmp rax, rcx",4839c8,cpu,cmp,False,15,0,,,,,,,
16789087,"rax,0x18,rbp,-,=[8]",True,16788976,16789091,4,"mov qword [rbp - 0x18], rax","mov qword [var_20h], rax",488945e8,cpu,mov,False,268435465,0,,,,,,,
16789091,"zf,?{,16789028,rip,=,}",False,16788976,16789093,2,je 0x1002e24,je 0x1002e24,74bf,cpu,cjmp,False,2147483649,0,,,,,,16789028.0,16789093.0
16789093,"0x1002e33,rip,=",False,16788976,16789093,2,jmp 0x1002e33,jmp 0x1002e33,ebcc,cpu,jmp,False,1,0,,,,,"[{'addr': 16789043, 'type': 'CODE'}]",16789043.0,
