offset,esil,refptr,fcn_addr,fcn_last,size,opcode,disasm,bytes,family,type,reloc,type_num,type2_num,flags,comment,val,ptr,xrefs_from
16783584,"ebp,rbp,^,0xffffffff,&,rbp,=,$z,zf,:=,$p,pf,:=,31,$s,sf,:=,0,cf,:=,0,of,:=",False,16783584,16783624,2,"xor ebp, ebp","xor ebp, ebp",31ed,cpu,xor,False,28,0,"['entry0', 'section..text', 'segment.LOAD1', 'sym._start']",WzEzXSAtci14IHNlY3Rpb24gc2l6ZSA1NjM4IG5hbWVkIC50ZXh0,,,
16783586,"rdx,r9,=",False,16783584,16783623,3,"mov r9, rdx","mov r9, rdx",4989d1,cpu,mov,False,9,0,,,,,
16783589,"rsp,[8],8,rsp,+=,rsi,=",False,16783584,16783625,1,pop rsi,pop rsi,5e,cpu,pop,False,14,0,,,,,
16783590,"rsp,rdx,=",False,16783584,16783623,3,"mov rdx, rsp","mov rdx, rsp",4889e2,cpu,mov,False,9,0,,,,,
16783593,"18446744073709551600,rsp,&=,$z,zf,:=,$p,pf,:=,63,$s,sf,:=,0,cf,:=,0,of,:=",False,16783584,16783622,4,"and rsp, 0xfffffffffffffff0","and rsp, 0xfffffffffffffff0",4883e4f0,cpu,and,False,27,0,,,1.8446744073709552e+19,,
16783597,"rax,8,rsp,-,=[8],8,rsp,-=",False,16783584,16783625,1,push rax,push rax,50,cpu,rpush,False,268435468,0,,,,,
16783598,"rsp,8,rsp,-,=[8],8,rsp,-=",False,16783584,16783625,1,push rsp,push rsp,54,cpu,rpush,False,268435468,0,,,,,
16783599,"0x15ea,rip,+,r8,=",True,16783584,16783619,7,"lea r8, [rip + 0x15ea]","lea r8, [dbg.__libc_csu_fini]",4c8d05ea150000,cpu,lea,False,33,0,,,,16789216.0,"[{'addr': 16789216, 'type': 'DATA'}]"
16783606,"0x1573,rip,+,rcx,=",True,16783584,16783619,7,"lea rcx, [rip + 0x1573]","lea rcx, [dbg.__libc_csu_init]",488d0d73150000,cpu,lea,False,33,0,,,,16789104.0,"[{'addr': 16789104, 'type': 'DATA'}]"
16783613,"0xc,rip,+,rdi,=",True,16783584,16783619,7,"lea rdi, [rip + 0xc]","lea rdi, [main]",488d3d0c000000,cpu,lea,False,33,0,,,,16783632.0,"[{'addr': 16783632, 'type': 'DATA'}]"
16783620,"0x2796,rip,+,[8],rip,8,rsp,-=,rsp,=[],rip,=",True,16783584,16783620,6,call qword [rip + 0x2796],call qword [reloc.__libc_start_main],ff1596270000,cpu,ircall,False,402653188,0,,,,16793760.0,"[{'addr': 16793760, 'type': 'CALL'}]"
