offset,esil,refptr,fcn_addr,fcn_last,size,opcode,disasm,bytes,family,type,reloc,type_num,type2_num,flags,xrefs_to,val,ptr,jump,fail,xrefs_from
16783648,"rbp,8,rsp,-,=[8],8,rsp,-=",False,16783648,16784095,1,push rbp,push rbp,55,cpu,rpush,False,268435468,0,['sym.run'],"[{'addr': 16783636, 'type': 'CALL'}]",,,,,
16783649,"rsp,rbp,=",False,16783648,16784093,3,"mov rbp, rsp","mov rbp, rsp",4889e5,cpu,mov,False,9,0,,,,,,,
16783652,"400,rsp,-=,400,0x8000000000000000,-,!,63,$o,^,of,:=,63,$s,sf,:=,$z,zf,:=,$p,pf,:=,64,$b,cf,:=,3,$b,af,:=",False,16783648,16784089,7,"sub rsp, 0x190","sub rsp, 0x190",4881ec90010000,cpu,sub,False,18,0,,,400.0,,,,
16783659,"rsi,0x148,rbp,-,=[8]",True,16783648,16784089,7,"mov qword [rbp - 0x148], rsi","mov qword [endptr], rsi",4889b5b8feffff,cpu,mov,False,268435465,0,,,,,,,
16783666,"5,edi,==,$z,zf,:=,32,$b,cf,:=,$p,pf,:=,31,$s,sf,:=,5,0x80000000,-,!,31,$o,^,of,:=,3,$b,af,:=",False,16783648,16784093,3,"cmp edi, 5","cmp edi, 5",83ff05,cpu,cmp,False,15,0,,,5.0,5.0,,,
16783669,"zf,?{,16783702,rip,=,}",False,16783648,16784094,2,je 0x1001956,je 0x1001956,741f,cpu,cjmp,False,2147483649,0,,,,,16783702.0,16783671.0,
16783671,"0x148,rbp,-,[8],rax,=",True,16783648,16784089,7,"mov rax, qword [rbp - 0x148]","mov rax, qword [endptr]",488b85b8feffff,cpu,mov,False,9,0,,,,,,,
16783678,"rax,[8],rsi,=",True,16783648,16784093,3,"mov rsi, qword [rax]","mov rsi, qword [rax]",488b30,cpu,mov,False,9,0,,,,,,,
16783681,"0x12d8,rip,-,rdi,=",True,16783648,16784089,7,"lea rdi, [rip - 0x12d8]","lea rdi, str.Usage:__s__int1___int2___int3___int4",488d3d28edffff,cpu,lea,False,33,0,,,,16778864.0,,,"[{'addr': 16778864, 'type': 'DATA'}]"
16783688,"0,al,=",False,16783648,16784094,2,"mov al, 0","mov al, 0",b000,cpu,mov,False,9,0,,,0.0,,,,
16783690,"16789248,rip,8,rsp,-=,rsp,=[],rip,=",False,16783648,16784091,5,call 0x1002f00,call sym.imp.printf,e8b1150000,cpu,call,False,3,0,,,,,16789248.0,16783695.0,"[{'addr': 16789248, 'type': 'CALL'}]"
16783695,"edi,rdi,^,0xffffffff,&,rdi,=,$z,zf,:=,$p,pf,:=,31,$s,sf,:=,0,cf,:=,0,of,:=",False,16783648,16784094,2,"xor edi, edi","xor edi, edi",31ff,cpu,xor,False,28,0,,,,,,,
16783697,"16789264,rip,8,rsp,-=,rsp,=[],rip,=",False,16783648,16784091,5,call 0x1002f10,call sym.imp.exit,e8ba150000,cpu,call,False,3,0,,,,,16789264.0,16783702.0,"[{'addr': 16789264, 'type': 'CALL'}]"
16783702,"0x148,rbp,-,[8],rax,=",True,16783648,16784089,7,"mov rax, qword [rbp - 0x148]","mov rax, qword [endptr]",488b85b8feffff,cpu,mov,False,9,0,,,,,,,
16783709,"0x8,rax,+,[8],rdi,=",True,16783648,16784092,4,"mov rdi, qword [rax + 8]","mov rdi, qword [rax + 8]",488b7808,cpu,mov,False,9,0,,,,,,,
16783713,"eax,rax,^,0xffffffff,&,rax,=,$z,zf,:=,$p,pf,:=,31,$s,sf,:=,0,cf,:=,0,of,:=",False,16783648,16784094,2,"xor eax, eax","xor eax, eax",31c0,cpu,xor,False,28,0,,,,,,,
16783715,"eax,rsi,=",False,16783648,16784094,2,"mov esi, eax","mov esi, eax",89c6,cpu,mov,False,9,0,,,,,,,
16783717,"rsi,0x188,rbp,-,=[8]",True,16783648,16784089,7,"mov qword [rbp - 0x188], rsi","mov qword [var_190h], rsi",4889b578feffff,cpu,mov,False,268435465,0,,,,,,,
16783724,"10,rdx,=",False,16783648,16784091,5,"mov edx, 0xa","mov edx, 0xa",ba0a000000,cpu,mov,False,9,0,,,10.0,,,,
16783729,"edx,0x17c,rbp,-,=[4]",True,16783648,16784090,6,"mov dword [rbp - 0x17c], edx","mov dword [base], edx",899584feffff,cpu,mov,False,268435465,0,,,,,,,
16783735,"16789280,rip,8,rsp,-=,rsp,=[],rip,=",False,16783648,16784091,5,call 0x1002f20,call sym.imp.strtol,e8a4150000,cpu,call,False,3,0,,,,,16789280.0,16783740.0,"[{'addr': 16789280, 'type': 'CALL'}]"
16783740,"0x188,rbp,-,[8],rsi,=",True,16783648,16784089,7,"mov rsi, qword [rbp - 0x188]","mov rsi, qword [var_190h]",488bb578feffff,cpu,mov,False,9,0,,,,,,,
16783747,"0x17c,rbp,-,[4],rdx,=",True,16783648,16784090,6,"mov edx, dword [rbp - 0x17c]","mov edx, dword [base]",8b9584feffff,cpu,mov,False,9,0,,,,,,,
16783753,"rax,rcx,=",False,16783648,16784093,3,"mov rcx, rax","mov rcx, rax",4889c1,cpu,mov,False,9,0,,,,,,,
16783756,"0x148,rbp,-,[8],rax,=",True,16783648,16784089,7,"mov rax, qword [rbp - 0x148]","mov rax, qword [endptr]",488b85b8feffff,cpu,mov,False,9,0,,,,,,,
16783763,"ecx,0x178,rbp,-,=[4]",True,16783648,16784090,6,"mov dword [rbp - 0x178], ecx","mov dword [base + 0x4], ecx",898d88feffff,cpu,mov,False,268435465,0,,,,,,,
16783769,"0x10,rax,+,[8],rdi,=",True,16783648,16784092,4,"mov rdi, qword [rax + 0x10]","mov rdi, qword [rax + 0x10]",488b7810,cpu,mov,False,9,0,,,,,,,
16783773,"16789280,rip,8,rsp,-=,rsp,=[],rip,=",False,16783648,16784091,5,call 0x1002f20,call sym.imp.strtol,e87e150000,cpu,call,False,3,0,,,,,16789280.0,16783778.0,"[{'addr': 16789280, 'type': 'CALL'}]"
16783778,"0x188,rbp,-,[8],rsi,=",True,16783648,16784089,7,"mov rsi, qword [rbp - 0x188]","mov rsi, qword [var_190h]",488bb578feffff,cpu,mov,False,9,0,,,,,,,
16783785,"0x17c,rbp,-,[4],rdx,=",True,16783648,16784090,6,"mov edx, dword [rbp - 0x17c]","mov edx, dword [base]",8b9584feffff,cpu,mov,False,9,0,,,,,,,
16783791,"rax,rcx,=",False,16783648,16784093,3,"mov rcx, rax","mov rcx, rax",4889c1,cpu,mov,False,9,0,,,,,,,
16783794,"0x148,rbp,-,[8],rax,=",True,16783648,16784089,7,"mov rax, qword [rbp - 0x148]","mov rax, qword [endptr]",488b85b8feffff,cpu,mov,False,9,0,,,,,,,
16783801,"ecx,0x174,rbp,-,=[4]",True,16783648,16784090,6,"mov dword [rbp - 0x174], ecx","mov dword [var_17ch], ecx",898d8cfeffff,cpu,mov,False,268435465,0,,,,,,,
16783807,"0x18,rax,+,[8],rdi,=",True,16783648,16784092,4,"mov rdi, qword [rax + 0x18]","mov rdi, qword [rax + 0x18]",488b7818,cpu,mov,False,9,0,,,,,,,
16783811,"16789280,rip,8,rsp,-=,rsp,=[],rip,=",False,16783648,16784091,5,call 0x1002f20,call sym.imp.strtol,e858150000,cpu,call,False,3,0,,,,,16789280.0,16783816.0,"[{'addr': 16789280, 'type': 'CALL'}]"
16783816,"0x188,rbp,-,[8],rsi,=",True,16783648,16784089,7,"mov rsi, qword [rbp - 0x188]","mov rsi, qword [var_190h]",488bb578feffff,cpu,mov,False,9,0,,,,,,,
16783823,"0x17c,rbp,-,[4],rdx,=",True,16783648,16784090,6,"mov edx, dword [rbp - 0x17c]","mov edx, dword [base]",8b9584feffff,cpu,mov,False,9,0,,,,,,,
16783829,"rax,rcx,=",False,16783648,16784093,3,"mov rcx, rax","mov rcx, rax",4889c1,cpu,mov,False,9,0,,,,,,,
16783832,"0x148,rbp,-,[8],rax,=",True,16783648,16784089,7,"mov rax, qword [rbp - 0x148]","mov rax, qword [endptr]",488b85b8feffff,cpu,mov,False,9,0,,,,,,,
16783839,"ecx,0x170,rbp,-,=[4]",True,16783648,16784090,6,"mov dword [rbp - 0x170], ecx","mov dword [var_178h], ecx",898d90feffff,cpu,mov,False,268435465,0,,,,,,,
16783845,"0x20,rax,+,[8],rdi,=",True,16783648,16784092,4,"mov rdi, qword [rax + 0x20]","mov rdi, qword [rax + 0x20]",488b7820,cpu,mov,False,9,0,,,,,,,
16783849,"16789280,rip,8,rsp,-=,rsp,=[],rip,=",False,16783648,16784091,5,call 0x1002f20,call sym.imp.strtol,e832150000,cpu,call,False,3,0,,,,,16789280.0,16783854.0,"[{'addr': 16789280, 'type': 'CALL'}]"
16783854,"0x178,rbp,-,[4],rsi,=",True,16783648,16784090,6,"mov esi, dword [rbp - 0x178]","mov esi, dword [base + 0x4]",8bb588feffff,cpu,mov,False,9,0,,,,,,,
16783860,"eax,0x16c,rbp,-,=[4]",True,16783648,16784090,6,"mov dword [rbp - 0x16c], eax","mov dword [var_174h], eax",898594feffff,cpu,mov,False,268435465,0,,,,,,,
16783866,"0x100,rbp,-,rdi,=",True,16783648,16784089,7,"lea rdi, [rbp - 0x100]","lea rdi, [var_108h]",488dbd00ffffff,cpu,lea,False,33,0,,,,,,,
16783873,"rdi,0x168,rbp,-,=[8]",True,16783648,16784089,7,"mov qword [rbp - 0x168], rdi","mov qword [var_170h], rdi",4889bd98feffff,cpu,mov,False,268435465,0,,,,,,,
16783880,"16784096,rip,8,rsp,-=,rsp,=[],rip,=",False,16783648,16784091,5,call 0x1001ae0,call sym.compute_matrix,e8d3000000,cpu,call,False,3,0,,,,,16784096.0,16783885.0,"[{'addr': 16784096, 'type': 'CALL'}]"
16783885,"0x168,rbp,-,[8],rdi,=",True,16783648,16784089,7,"mov rdi, qword [rbp - 0x168]","mov rdi, qword [var_170h]",488bbd98feffff,cpu,mov,False,9,0,,,,,,,
16783892,"0x120,rbp,-,rsi,=",True,16783648,16784089,7,"lea rsi, [rbp - 0x120]","lea rsi, [var_128h]",488db5e0feffff,cpu,lea,False,33,0,,,,,,,
16783899,"rsi,0x160,rbp,-,=[8]",True,16783648,16784089,7,"mov qword [rbp - 0x160], rsi","mov qword [var_168h], rsi",4889b5a0feffff,cpu,mov,False,268435465,0,,,,,,,
16783906,"16785392,rip,8,rsp,-=,rsp,=[],rip,=",False,16783648,16784091,5,call 0x1001ff0,call sym.analyze_sequences,e8c9050000,cpu,call,False,3,0,,,,,16785392.0,16783911.0,"[{'addr': 16785392, 'type': 'CALL'}]"
16783911,"0x174,rbp,-,[4],rsi,=",True,16783648,16784090,6,"mov esi, dword [rbp - 0x174]","mov esi, dword [var_17ch]",8bb58cfeffff,cpu,mov,False,9,0,,,,,,,
16783917,"0x168,rbp,-,[8],rdi,=",True,16783648,16784089,7,"mov rdi, qword [rbp - 0x168]","mov rdi, qword [var_170h]",488bbd98feffff,cpu,mov,False,9,0,,,,,,,
16783924,"16785648,rip,8,rsp,-=,rsp,=[],rip,=",False,16783648,16784091,5,call 0x10020f0,call sym.scramble_data,e8b7060000,cpu,call,False,3,0,,,,,16785648.0,16783929.0,"[{'addr': 16785648, 'type': 'CALL'}]"
16783929,"0x170,rbp,-,[4],rsi,=",True,16783648,16784090,6,"mov esi, dword [rbp - 0x170]","mov esi, dword [var_178h]",8bb590feffff,cpu,mov,False,9,0,,,,,,,
16783935,"0x160,rbp,-,[8],rdi,=",True,16783648,16784089,7,"mov rdi, qword [rbp - 0x160]","mov rdi, qword [var_168h]",488bbda0feffff,cpu,mov,False,9,0,,,,,,,
16783942,"16786000,rip,8,rsp,-=,rsp,=[],rip,=",False,16783648,16784091,5,call 0x1002250,call sym.mutate_flags,e805080000,cpu,call,False,3,0,,,,,16786000.0,16783947.0,"[{'addr': 16786000, 'type': 'CALL'}]"
16783947,"0x16c,rbp,-,[4],rsi,=",True,16783648,16784090,6,"mov esi, dword [rbp - 0x16c]","mov esi, dword [var_174h]",8bb594feffff,cpu,mov,False,9,0,,,,,,,
16783953,"0x168,rbp,-,[8],rdi,=",True,16783648,16784089,7,"mov rdi, qword [rbp - 0x168]","mov rdi, qword [var_170h]",488bbd98feffff,cpu,mov,False,9,0,,,,,,,
16783960,"16786800,rip,8,rsp,-=,rsp,=[],rip,=",False,16783648,16784091,5,call 0x1002570,call sym.shift_values,e8130b0000,cpu,call,False,3,0,,,,,16786800.0,16783965.0,"[{'addr': 16786800, 'type': 'CALL'}]"
16783965,"0x168,rbp,-,[8],rdi,=",True,16783648,16784089,7,"mov rdi, qword [rbp - 0x168]","mov rdi, qword [var_170h]",488bbd98feffff,cpu,mov,False,9,0,,,,,,,
16783972,"0x140,rbp,-,rsi,=",True,16783648,16784089,7,"lea rsi, [rbp - 0x140]","lea rsi, [var_148h]",488db5c0feffff,cpu,lea,False,33,0,,,,,,,
16783979,"rsi,0x158,rbp,-,=[8]",True,16783648,16784089,7,"mov qword [rbp - 0x158], rsi","mov qword [var_160h], rsi",4889b5a8feffff,cpu,mov,False,268435465,0,,,,,,,
16783986,"16787600,rip,8,rsp,-=,rsp,=[],rip,=",False,16783648,16784091,5,call 0x1002890,call sym.aggregate_columns,e8190e0000,cpu,call,False,3,0,,,,,16787600.0,16783991.0,"[{'addr': 16787600, 'type': 'CALL'}]"
16783991,"0x160,rbp,-,[8],rdi,=",True,16783648,16784089,7,"mov rdi, qword [rbp - 0x160]","mov rdi, qword [var_168h]",488bbda0feffff,cpu,mov,False,9,0,,,,,,,
16783998,"0x158,rbp,-,[8],rsi,=",True,16783648,16784089,7,"mov rsi, qword [rbp - 0x158]","mov rsi, qword [var_160h]",488bb5a8feffff,cpu,mov,False,9,0,,,,,,,
16784005,"8,rdx,=",False,16783648,16784091,5,"mov edx, 8","mov edx, 8",ba08000000,cpu,mov,False,9,0,,,8.0,,,,
16784010,"edx,0x150,rbp,-,=[4]",True,16783648,16784090,6,"mov dword [rbp - 0x150], edx","mov dword [var_158h], edx",8995b0feffff,cpu,mov,False,268435465,0,,,,,,,
16784016,"16787936,rip,8,rsp,-=,rsp,=[],rip,=",False,16783648,16784091,5,call 0x10029e0,call sym.deep_compare,e84b0f0000,cpu,call,False,3,0,,,,,16787936.0,16784021.0,"[{'addr': 16787936, 'type': 'CALL'}]"
16784021,"0x158,rbp,-,[8],rdi,=",True,16783648,16784089,7,"mov rdi, qword [rbp - 0x158]","mov rdi, qword [var_160h]",488bbda8feffff,cpu,mov,False,9,0,,,,,,,
16784028,"0x150,rbp,-,[4],rsi,=",True,16783648,16784090,6,"mov esi, dword [rbp - 0x150]","mov esi, dword [var_158h]",8bb5b0feffff,cpu,mov,False,9,0,,,,,,,
16784034,"eax,0x14c,rbp,-,=[4]",True,16783648,16784090,6,"mov dword [rbp - 0x14c], eax","mov dword [var_154h], eax",8985b4feffff,cpu,mov,False,268435465,0,,,,,,,
16784040,"3,rdx,=",False,16783648,16784091,5,"mov edx, 3","mov edx, 3",ba03000000,cpu,mov,False,9,0,,,3.0,,,,
16784045,"16788112,rip,8,rsp,-=,rsp,=[],rip,=",False,16783648,16784091,5,call 0x1002a90,call sym.recursive_map,e8de0f0000,cpu,call,False,3,0,,,,,16788112.0,16784050.0,"[{'addr': 16788112, 'type': 'CALL'}]"
16784050,"0x158,rbp,-,[8],rdi,=",True,16783648,16784089,7,"mov rdi, qword [rbp - 0x158]","mov rdi, qword [var_160h]",488bbda8feffff,cpu,mov,False,9,0,,,,,,,
16784057,"0x150,rbp,-,[4],rsi,=",True,16783648,16784090,6,"mov esi, dword [rbp - 0x150]","mov esi, dword [var_158h]",8bb5b0feffff,cpu,mov,False,9,0,,,,,,,
16784063,"16788976,rip,8,rsp,-=,rsp,=[],rip,=",False,16783648,16784091,5,call 0x1002df0,call sym.summarize_output,e82c130000,cpu,call,False,3,0,,,,,16788976.0,16784068.0,"[{'addr': 16788976, 'type': 'CALL'}]"
16784068,"0x14c,rbp,-,[4],rsi,=",True,16783648,16784090,6,"mov esi, dword [rbp - 0x14c]","mov esi, dword [var_154h]",8bb5b4feffff,cpu,mov,False,9,0,,,,,,,
16784074,"0x143a,rip,-,rdi,=",True,16783648,16784089,7,"lea rdi, [rip - 0x143a]","lea rdi, str.Comparison_Result:__d",488d3dc6ebffff,cpu,lea,False,33,0,,,,16778903.0,,,"[{'addr': 16778903, 'type': 'DATA'}]"
16784081,"eax,rax,^,0xffffffff,&,rax,=,$z,zf,:=,$p,pf,:=,31,$s,sf,:=,0,cf,:=,0,of,:=",False,16783648,16784094,2,"xor eax, eax","xor eax, eax",31c0,cpu,xor,False,28,0,,,,,,,
16784083,"400,rsp,+=,63,$o,of,:=,63,$s,sf,:=,$z,zf,:=,63,$c,cf,:=,$p,pf,:=,3,$c,af,:=",False,16783648,16784089,7,"add rsp, 0x190","add rsp, 0x190",4881c490010000,cpu,add,False,17,0,,,400.0,,,,
16784090,"rsp,[8],8,rsp,+=,rbp,=",False,16783648,16784095,1,pop rbp,pop rbp,5d,cpu,pop,False,14,0,,,,,,,
16784091,"0x1002f00,rip,=",False,16783648,16784091,5,jmp 0x1002f00,jmp sym.imp.printf,e920140000,cpu,jmp,False,1,0,,,,,16789248.0,,"[{'addr': 16789248, 'type': 'CODE'}]"
