offset,esil,refptr,fcn_addr,fcn_last,size,opcode,disasm,bytes,family,type,reloc,type_num,type2_num,flags,xrefs_to,jump,xrefs_from,ptr,val,fail
16785392,"rbp,8,rsp,-,=[8],8,rsp,-=",False,16785392,16785633,1,push rbp,push rbp,55,cpu,rpush,False,268435468,0,['sym.analyze_sequences'],"[{'addr': 16783906, 'type': 'CALL'}]",,,,,
16785393,"rsp,rbp,=",False,16785392,16785631,3,"mov rbp, rsp","mov rbp, rsp",4889e5,cpu,mov,False,9,0,,,,,,,
16785396,"rdi,0x18,rbp,-,=[8]",True,16785392,16785630,4,"mov qword [rbp - 0x18], rdi","mov qword [var_20h], rdi",48897de8,cpu,mov,False,268435465,0,,,,,,,
16785400,"rsi,0x10,rbp,-,=[8]",True,16785392,16785630,4,"mov qword [rbp - 0x10], rsi","mov qword [var_18h], rsi",488975f0,cpu,mov,False,268435465,0,,,,,,,
16785404,"eax,rax,^,0xffffffff,&,rax,=,$z,zf,:=,$p,pf,:=,31,$s,sf,:=,0,cf,:=,0,of,:=",False,16785392,16785632,2,"xor eax, eax","xor eax, eax",31c0,cpu,xor,False,28,0,,,,,,,
16785406,"rax,0x8,rbp,-,=[8]",True,16785392,16785630,4,"mov qword [rbp - 8], rax","mov qword [var_10h], rax",488945f8,cpu,mov,False,268435465,0,,,,,,,
16785410,"0x1002004,rip,=",False,16785392,16785632,2,jmp 0x1002004,jmp 0x1002004,eb00,cpu,jmp,False,1,0,,,16785412.0,"[{'addr': 16785412, 'type': 'CODE'}]",,,
16785412,"0x18,rbp,-,[8],rax,=",True,16785392,16785630,4,"mov rax, qword [rbp - 0x18]","mov rax, qword [var_20h]",488b45e8,cpu,mov,False,9,0,,"[{'addr': 16785410, 'type': 'CODE'}, {'addr': 16785629, 'type': 'CODE'}]",,,,,
16785416,"0x8,rbp,-,[8],rcx,=",True,16785392,16785630,4,"mov rcx, qword [rbp - 8]","mov rcx, qword [var_10h]",488b4df8,cpu,mov,False,9,0,,,,,,,
16785420,"rcx,0x28,rbp,-,=[8]",True,16785392,16785630,4,"mov qword [rbp - 0x28], rcx","mov qword [var_30h], rcx",48894dd8,cpu,mov,False,268435465,0,,,,,,,
16785424,"0,5,!,!,?{,1,5,-,rcx,<<,0x8000000000000000,&,!,!,^,},5,rcx,<<=,$z,zf,:=,$p,pf,:=,63,$s,sf,:=,cf,=",False,16785392,16785630,4,"shl rcx, 5","shl rcx, 5",48c1e105,cpu,shl,False,23,0,,,,,,,
16785428,"rcx,rax,+,[16],xmm2,=",True,16785392,16785630,4,"movups xmm2, xmmword [rax + rcx]","movups xmm2, xmmword [rax + rcx]",0f101408,sse,mov,False,9,0,,,,,,,
16785432,"0x10,rcx,rax,+,+,[16],xmm3,=",True,16785392,16785629,5,"movups xmm3, xmmword [rax + rcx + 0x10]","movups xmm3, xmmword [rax + rcx + 0x10]",0f105c0810,sse,mov,False,9,0,,,,,,,
16785437,"0x1a54,rip,-,[16],xmm4,=",True,16785392,16785627,7,"movaps xmm4, xmmword [rip - 0x1a54]","movaps xmm4, xmmword [data.010005d0]",0f2825ace5ffff,sse,mov,False,9,0,,,,"[{'addr': 16778704, 'type': 'DATA'}]",16778704.0,,
16785444,"xmm3,xmm1,=",False,16785392,16785631,3,"movaps xmm1, xmm3","movaps xmm1, xmm3",0f28cb,sse,mov,False,9,0,,,,,,,
16785447,,False,16785392,16785630,4,"pandn xmm1, xmm4","pandn xmm1, xmm4",660fdfcc,sse,null,False,0,0,,,,,,,
16785451,"xmm2,xmm0,=",False,16785392,16785631,3,"movaps xmm0, xmm2","movaps xmm0, xmm2",0f28c2,sse,mov,False,9,0,,,,,,,
16785454,,False,16785392,16785630,4,"pandn xmm0, xmm4","pandn xmm0, xmm4",660fdfc4,sse,null,False,0,0,,,,,,,
16785458,,False,16785392,16785630,4,"paddd xmm2, xmm3","paddd xmm2, xmm3",660ffed3,sse,add,False,17,0,,,,,,,
16785462,,False,16785392,16785629,5,"pshufd xmm3, xmm2, 0xee","pshufd xmm3, xmm2, 0xee",660f70daee,sse,null,False,0,0,,,,,,,
16785467,,False,16785392,16785630,4,"paddd xmm2, xmm3","paddd xmm2, xmm3",660ffed3,sse,add,False,17,0,,,,,,,
16785471,,False,16785392,16785629,5,"pshufd xmm3, xmm2, 0x55","pshufd xmm3, xmm2, 0x55",660f70da55,sse,null,False,0,0,,,,,,,
16785476,,False,16785392,16785630,4,"paddd xmm2, xmm3","paddd xmm2, xmm3",660ffed3,sse,add,False,17,0,,,,,,,
16785480,"xmm2l,eax,=",False,16785392,16785630,4,"movd eax, xmm2","movd eax, xmm2",660f7ed0,sse,mov,False,9,0,,,,,,,
16785484,"eax,0x1c,rbp,-,=[4]",True,16785392,16785631,3,"mov dword [rbp - 0x1c], eax","mov dword [var_24h], eax",8945e4,cpu,mov,False,268435465,0,,,,,,,
16785487,,False,16785392,16785630,4,"paddd xmm0, xmm1","paddd xmm0, xmm1",660ffec1,sse,add,False,17,0,,,,,,,
16785491,,False,16785392,16785629,5,"pshufd xmm1, xmm0, 0xee","pshufd xmm1, xmm0, 0xee",660f70c8ee,sse,null,False,0,0,,,,,,,
16785496,,False,16785392,16785630,4,"paddd xmm0, xmm1","paddd xmm0, xmm1",660ffec1,sse,add,False,17,0,,,,,,,
16785500,,False,16785392,16785629,5,"pshufd xmm1, xmm0, 0x55","pshufd xmm1, xmm0, 0x55",660f70c855,sse,null,False,0,0,,,,,,,
16785505,,False,16785392,16785630,4,"paddd xmm0, xmm1","paddd xmm0, xmm1",660ffec1,sse,add,False,17,0,,,,,,,
16785509,"xmm0l,ecx,=",False,16785392,16785630,4,"movd ecx, xmm0","movd ecx, xmm0",660f7ec1,sse,mov,False,9,0,,,,,,,
16785513,"301,eax,-=,301,0x80000000,-,!,31,$o,^,of,:=,31,$s,sf,:=,$z,zf,:=,$p,pf,:=,32,$b,cf,:=,3,$b,af,:=",False,16785392,16785629,5,"sub eax, 0x12d","sub eax, 0x12d",2d2d010000,cpu,sub,False,18,0,,,,,301.0,301.0,
16785518,"sf,of,^,!,al,=",False,16785392,16785631,3,setge al,setge al,0f9dc0,cpu,cmov,False,2147483657,0,,,,,,,
16785521,"5,ecx,-=,5,0x80000000,-,!,31,$o,^,of,:=,31,$s,sf,:=,$z,zf,:=,$p,pf,:=,32,$b,cf,:=,3,$b,af,:=",False,16785392,16785631,3,"sub ecx, 5","sub ecx, 5",83e905,cpu,sub,False,18,0,,,,,,5.0,
16785524,"cf,!,cl,=",False,16785392,16785631,3,setae cl,setae cl,0f93c1,cpu,cmov,False,2147483657,0,,,,,,,
16785527,"cl,al,&=,$z,zf,:=,$p,pf,:=,7,$s,sf,:=,0,cf,:=,0,of,:=",False,16785392,16785632,2,"and al, cl","and al, cl",20c8,cpu,and,False,27,0,,,,,,,
16785529,"0,1,al,&,==,$z,zf,:=,$p,pf,:=,7,$s,sf,:=,0,cf,:=,0,of,:=",False,16785392,16785632,2,"test al, 1","test al, 1",a801,cpu,acmp,False,16,0,,,,,1.0,1.0,
16785531,"zf,!,?{,16785537,rip,=,}",False,16785392,16785632,2,jne 0x1002081,jne 0x1002081,7504,cpu,cjmp,False,2147483649,0,,,16785537.0,,,,16785533.0
16785533,"0x1002092,rip,=",False,16785392,16785632,2,jmp 0x1002092,jmp 0x1002092,eb13,cpu,jmp,False,1,0,,,16785554.0,"[{'addr': 16785554, 'type': 'CODE'}]",,,
16785535,"rsp,[8],8,rsp,+=,rbp,=",False,16785392,16785633,1,pop rbp,pop rbp,5d,cpu,pop,False,14,0,,,,,,,
16785536,"rsp,[8],rip,=,8,rsp,+=",False,16785392,16785633,1,ret,ret,c3,cpu,ret,False,5,0,,,,,,,
16785537,"0x10,rbp,-,[8],rax,=",True,16785392,16785630,4,"mov rax, qword [rbp - 0x10]","mov rax, qword [var_18h]",488b45f0,cpu,mov,False,9,0,,,,,,,
16785541,"0x28,rbp,-,[8],rcx,=",True,16785392,16785630,4,"mov rcx, qword [rbp - 0x28]","mov rcx, qword [var_30h]",488b4dd8,cpu,mov,False,9,0,,,,,,,
16785545,"1,rcx,4,*,rax,+,=[4]",True,16785392,16785627,7,"mov dword [rax + rcx*4], 1","mov dword [rax + rcx*4], 1",c7048801000000,cpu,mov,False,9,0,,,,,,1.0,
16785552,"0x10020cb,rip,=",False,16785392,16785632,2,jmp 0x10020cb,jmp 0x10020cb,eb39,cpu,jmp,False,1,0,,,16785611.0,"[{'addr': 16785611, 'type': 'CODE'}]",,,
16785554,"0x28,rbp,-,[8],rcx,=",True,16785392,16785630,4,"mov rcx, qword [rbp - 0x28]","mov rcx, qword [var_30h]",488b4dd8,cpu,mov,False,9,0,,"[{'addr': 16785533, 'type': 'CODE'}]",,,,,
16785558,"0x1c,rbp,-,[4],rax,=",True,16785392,16785631,3,"mov eax, dword [rbp - 0x1c]","mov eax, dword [var_24h]",8b45e4,cpu,mov,False,9,0,,,,,,,
16785561,"7,rsi,=",False,16785392,16785629,5,"mov esi, 7","mov esi, 7",be07000000,cpu,mov,False,9,0,,,,,,7.0,
16785566,"0,edx,=,31,eax,>>,?{,0xffffffff,edx,=,}",False,16785392,16785633,1,cdq,cdq,99,cpu,null,False,0,0,,,,,,,
16785567,"32,esi,~,32,edx,<<,eax,+,~%,32,esi,~,32,edx,<<,eax,+,~/,eax,=,edx,=",False,16785392,16785632,2,idiv esi,idiv esi,f7fe,cpu,div,False,21,0,,,,,,,
16785569,"0x10,rbp,-,[8],rax,=",True,16785392,16785630,4,"mov rax, qword [rbp - 0x10]","mov rax, qword [var_18h]",488b45f0,cpu,mov,False,9,0,,,,,,,
16785573,"0,2,!,!,?{,1,2,-,rcx,<<,0x8000000000000000,&,!,!,^,},2,rcx,<<=,$z,zf,:=,$p,pf,:=,63,$s,sf,:=,cf,=",False,16785392,16785630,4,"shl rcx, 2","shl rcx, 2",48c1e102,cpu,shl,False,23,0,,,,,,,
16785577,"rcx,rax,+=,63,$o,of,:=,63,$s,sf,:=,$z,zf,:=,63,$c,cf,:=,$p,pf,:=,3,$c,af,:=",False,16785392,16785631,3,"add rax, rcx","add rax, rcx",4801c8,cpu,add,False,17,0,,,,,,,
16785580,"rax,0x30,rbp,-,=[8]",True,16785392,16785630,4,"mov qword [rbp - 0x30], rax","mov qword [var_38h], rax",488945d0,cpu,mov,False,268435465,0,,,,,,,
16785584,"0,edx,==,$z,zf,:=,32,$b,cf,:=,$p,pf,:=,31,$s,sf,:=,0,0x80000000,-,!,31,$o,^,of,:=,3,$b,af,:=",False,16785392,16785631,3,"cmp edx, 0","cmp edx, 0",83fa00,cpu,cmp,False,15,0,,,,,0.0,0.0,
16785587,"zf,!,?{,16785601,rip,=,}",False,16785392,16785632,2,jne 0x10020c1,jne 0x10020c1,750c,cpu,cjmp,False,2147483649,0,,,16785601.0,,,,16785589.0
16785589,"0x30,rbp,-,[8],rax,=",True,16785392,16785630,4,"mov rax, qword [rbp - 0x30]","mov rax, qword [var_38h]",488b45d0,cpu,mov,False,9,0,,,,,,,
16785593,"2,rax,=[4]",True,16785392,16785628,6,"mov dword [rax], 2","mov dword [rax], 2",c70002000000,cpu,mov,False,9,0,,,,,,2.0,
16785599,"0x10020cb,rip,=",False,16785392,16785632,2,jmp 0x10020cb,jmp 0x10020cb,eb0a,cpu,jmp,False,1,0,,,16785611.0,"[{'addr': 16785611, 'type': 'CODE'}]",,,
16785601,"0x30,rbp,-,[8],rax,=",True,16785392,16785630,4,"mov rax, qword [rbp - 0x30]","mov rax, qword [var_38h]",488b45d0,cpu,mov,False,9,0,,,,,,,
16785605,"0,rax,=[4]",True,16785392,16785628,6,"mov dword [rax], 0","mov dword [rax], 0",c70000000000,cpu,mov,False,9,0,,,,,,0.0,
16785611,"0x28,rbp,-,[8],rax,=",True,16785392,16785630,4,"mov rax, qword [rbp - 0x28]","mov rax, qword [var_30h]",488b45d8,cpu,mov,False,9,0,,"[{'addr': 16785552, 'type': 'CODE'}, {'addr': 16785599, 'type': 'CODE'}]",,,,,
16785615,"1,rax,+=,63,$o,of,:=,63,$s,sf,:=,$z,zf,:=,63,$c,cf,:=,$p,pf,:=,3,$c,af,:=",False,16785392,16785630,4,"add rax, 1","add rax, 1",4883c001,cpu,add,False,17,0,,,,,,1.0,
16785619,"8,rax,==,$z,zf,:=,64,$b,cf,:=,$p,pf,:=,63,$s,sf,:=,8,0x8000000000000000,-,!,63,$o,^,of,:=,3,$b,af,:=",False,16785392,16785630,4,"cmp rax, 8","cmp rax, 8",4883f808,cpu,cmp,False,15,0,,,,,8.0,8.0,
16785623,"rax,0x8,rbp,-,=[8]",True,16785392,16785630,4,"mov qword [rbp - 8], rax","mov qword [var_10h], rax",488945f8,cpu,mov,False,268435465,0,,,,,,,
16785627,"zf,?{,16785535,rip,=,}",False,16785392,16785632,2,je 0x100207f,je 0x100207f,74a2,cpu,cjmp,False,2147483649,0,,,16785535.0,,,,16785629.0
16785629,"0x1002004,rip,=",False,16785392,16785629,5,jmp 0x1002004,jmp 0x1002004,e922ffffff,cpu,jmp,False,1,0,,,16785412.0,"[{'addr': 16785412, 'type': 'CODE'}]",,,
