offset,esil,refptr,fcn_addr,fcn_last,size,opcode,disasm,bytes,family,type,reloc,type_num,type2_num,flags,xrefs_to,val,jump,fail,xrefs_from,ptr
16782752,"rbp,8,rsp,-,=[8],8,rsp,-=",False,16782752,16782855,1,push rbp,push rbp,55,cpu,rpush,False,268435468,0,"['sym.gcd', 'dbg.gcd']","[{'addr': 16782928, 'type': 'CALL'}]",,,,,
16782753,"rsp,rbp,=",False,16782752,16782853,3,"mov rbp, rsp","mov rbp, rsp",4889e5,cpu,mov,False,9,0,,,,,,,
16782756,"edi,rax,=",False,16782752,16782854,2,"mov eax, edi","mov eax, edi",89f8,cpu,mov,False,9,0,,,,,,,
16782758,"esi,eax,-=,esi,0x80000000,-,!,31,$o,^,of,:=,31,$s,sf,:=,$z,zf,:=,$p,pf,:=,32,$b,cf,:=,3,$b,af,:=",False,16782752,16782854,2,"sub eax, esi","sub eax, esi",29f0,cpu,sub,False,18,0,,,,,,,
16782760,"esi,rax,=",False,16782752,16782854,2,"mov eax, esi","mov eax, esi",89f0,cpu,mov,False,9,0,,,,,,,
16782762,"zf,!,sf,of,^,!,&,?{,edi,eax,=,}",False,16782752,16782853,3,"cmovg eax, edi","cmovg eax, edi",0f4fc7,cpu,cmov,False,2147483657,0,,,,,,,
16782765,"edi,rcx,=",False,16782752,16782854,2,"mov ecx, edi","mov ecx, edi",89f9,cpu,mov,False,9,0,,,,,,,
16782767,"esi,ecx,-=,esi,0x80000000,-,!,31,$o,^,of,:=,31,$s,sf,:=,$z,zf,:=,$p,pf,:=,32,$b,cf,:=,3,$b,af,:=",False,16782752,16782854,2,"sub ecx, esi","sub ecx, esi",29f1,cpu,sub,False,18,0,,,,,,,
16782769,"sf,of,^,?{,edi,esi,=,}",False,16782752,16782853,3,"cmovl esi, edi","cmovl esi, edi",0f4cf7,cpu,cmov,False,2147483657,0,,,,,,,
16782772,"0,0x10,rbp,-,=[4]",True,16782752,16782849,7,"mov dword [rbp - 0x10], 0","mov dword [var_18h], 0",c745f000000000,cpu,mov,False,268435465,0,,,0.0,,,,
16782779,"eax,0x8,rbp,-,=[4]",True,16782752,16782853,3,"mov dword [rbp - 8], eax","mov dword [var_10h], eax",8945f8,cpu,mov,False,268435465,0,,,,,,,
16782782,"esi,0x4,rbp,-,=[4]",True,16782752,16782853,3,"mov dword [rbp - 4], esi","mov dword [var_ch], esi",8975fc,cpu,mov,False,268435465,0,,,,,,,
16782785,"0x10,rbp,-,[4],rax,=",True,16782752,16782853,3,"mov eax, dword [rbp - 0x10]","mov eax, dword [var_18h]",8b45f0,cpu,mov,False,9,0,,"[{'addr': 16782809, 'type': 'CODE'}]",,,,,
16782788,"eax,0x14,rbp,-,=[4]",True,16782752,16782853,3,"mov dword [rbp - 0x14], eax","mov dword [var_1ch], eax",8945ec,cpu,mov,False,268435465,0,,,,,,,
16782791,"0,eax,eax,&,==,$z,zf,:=,$p,pf,:=,31,$s,sf,:=,0,cf,:=,0,of,:=",False,16782752,16782854,2,"test eax, eax","test eax, eax",85c0,cpu,acmp,False,16,0,,,,,,,
16782793,"zf,?{,16782811,rip,=,}",False,16782752,16782854,2,je 0x10015db,je 0x10015db,7410,cpu,cjmp,False,2147483649,0,,,,16782811.0,16782795.0,,
16782795,"0x10015cd,rip,=",False,16782752,16782854,2,jmp 0x10015cd,jmp 0x10015cd,eb00,cpu,jmp,False,1,0,,,,16782797.0,,"[{'addr': 16782797, 'type': 'CODE'}]",
16782797,"0x14,rbp,-,[4],rax,=",True,16782752,16782853,3,"mov eax, dword [rbp - 0x14]","mov eax, dword [var_1ch]",8b45ec,cpu,mov,False,9,0,,"[{'addr': 16782795, 'type': 'CODE'}]",,,,,
16782800,"1,eax,-=,1,0x80000000,-,!,31,$o,^,of,:=,31,$s,sf,:=,$z,zf,:=,$p,pf,:=,32,$b,cf,:=,3,$b,af,:=",False,16782752,16782853,3,"sub eax, 1","sub eax, 1",83e801,cpu,sub,False,18,0,,,1.0,,,,
16782803,"zf,?{,16782851,rip,=,}",False,16782752,16782854,2,je 0x1001603,je 0x1001603,742e,cpu,cjmp,False,2147483649,0,,,,16782851.0,16782805.0,,
16782805,"0x10015d7,rip,=",False,16782752,16782854,2,jmp 0x10015d7,jmp 0x10015d7,eb00,cpu,jmp,False,1,0,,,,16782807.0,,"[{'addr': 16782807, 'type': 'CODE'}]",
16782807,"0x10015d9,rip,=",False,16782752,16782854,2,jmp 0x10015d9,jmp 0x10015d9,eb00,cpu,jmp,False,1,0,,"[{'addr': 16782805, 'type': 'CODE'}]",,16782809.0,,"[{'addr': 16782809, 'type': 'CODE'}]",
16782809,"0x10015c1,rip,=",False,16782752,16782854,2,jmp 0x10015c1,jmp 0x10015c1,ebe6,cpu,jmp,False,1,0,,"[{'addr': 16782807, 'type': 'CODE'}, {'addr': 16782849, 'type': 'CODE'}]",,16782785.0,,"[{'addr': 16782785, 'type': 'CODE'}]",
16782811,"0x4,rbp,-,[4],rcx,=",True,16782752,16782853,3,"mov ecx, dword [rbp - 4]","mov ecx, dword [var_ch]",8b4dfc,cpu,mov,False,9,0,,,,,,,
16782814,"0x8,rbp,-,[4],rax,=",True,16782752,16782853,3,"mov eax, dword [rbp - 8]","mov eax, dword [var_10h]",8b45f8,cpu,mov,False,9,0,,,,,,,
16782817,"ecx,0xc,rbp,-,=[4]",True,16782752,16782853,3,"mov dword [rbp - 0xc], ecx","mov dword [var_14h], ecx",894df4,cpu,mov,False,268435465,0,,,,,,,
16782820,"0,edx,=,31,eax,>>,?{,0xffffffff,edx,=,}",False,16782752,16782855,1,cdq,cdq,99,cpu,null,False,0,0,,,,,,,
16782821,"32,0xc,rbp,-,[4],~,32,edx,<<,eax,+,~%,32,0xc,rbp,-,[4],~,32,edx,<<,eax,+,~/,eax,=,edx,=",False,16782752,16782853,3,idiv dword [rbp - 0xc],idiv dword [var_14h],f77df4,cpu,div,False,21,0,,,,,,,
16782824,"eax,rax,^,0xffffffff,&,rax,=,$z,zf,:=,$p,pf,:=,31,$s,sf,:=,0,cf,:=,0,of,:=",False,16782752,16782854,2,"xor eax, eax","xor eax, eax",31c0,cpu,xor,False,28,0,,,,,,,
16782826,"1,rcx,=",False,16782752,16782851,5,"mov ecx, 1","mov ecx, 1",b901000000,cpu,mov,False,9,0,,,1.0,,,,
16782831,"0,edx,==,$z,zf,:=,32,$b,cf,:=,$p,pf,:=,31,$s,sf,:=,0,0x80000000,-,!,31,$o,^,of,:=,3,$b,af,:=",False,16782752,16782853,3,"cmp edx, 0","cmp edx, 0",83fa00,cpu,cmp,False,15,0,,,0.0,,,,0.0
16782834,"zf,?{,ecx,eax,=,}",False,16782752,16782853,3,"cmove eax, ecx","cmove eax, ecx",0f44c1,cpu,cmov,False,2147483657,0,,,,,,,
16782837,"eax,0x10,rbp,-,=[4]",True,16782752,16782853,3,"mov dword [rbp - 0x10], eax","mov dword [var_18h], eax",8945f0,cpu,mov,False,268435465,0,,,,,,,
16782840,"0xc,rbp,-,[4],rax,=",True,16782752,16782853,3,"mov eax, dword [rbp - 0xc]","mov eax, dword [var_14h]",8b45f4,cpu,mov,False,9,0,,,,,,,
16782843,"eax,0x8,rbp,-,=[4]",True,16782752,16782853,3,"mov dword [rbp - 8], eax","mov dword [var_10h], eax",8945f8,cpu,mov,False,268435465,0,,,,,,,
16782846,"edx,0x4,rbp,-,=[4]",True,16782752,16782853,3,"mov dword [rbp - 4], edx","mov dword [var_ch], edx",8955fc,cpu,mov,False,268435465,0,,,,,,,
16782849,"0x10015d9,rip,=",False,16782752,16782854,2,jmp 0x10015d9,jmp 0x10015d9,ebd6,cpu,jmp,False,1,0,,,,16782809.0,,"[{'addr': 16782809, 'type': 'CODE'}]",
16782851,"0xc,rbp,-,[4],rax,=",True,16782752,16782853,3,"mov eax, dword [rbp - 0xc]","mov eax, dword [var_14h]",8b45f4,cpu,mov,False,9,0,,,,,,,
16782854,"rsp,[8],8,rsp,+=,rbp,=",False,16782752,16782855,1,pop rbp,pop rbp,5d,cpu,pop,False,14,0,,,,,,,
16782855,"rsp,[8],rip,=,8,rsp,+=",False,16782752,16782855,1,ret,ret,c3,cpu,ret,False,5,0,,,,,,,
