offset,esil,refptr,fcn_addr,fcn_last,size,opcode,disasm,bytes,family,type,reloc,type_num,type2_num,flags,xrefs_to,val,jump,fail,ptr,xrefs_from,comment
16787760,"rbp,8,rsp,-,=[8],8,rsp,-=",False,16787760,16788070,1,push rbp,push rbp,55,cpu,rpush,False,268435468,0,['sym.recursive_logic'],"[{'addr': 16783813, 'type': 'CALL'}, {'addr': 16784093, 'type': 'CALL'}, {'addr': 16784473, 'type': 'CALL'}, {'addr': 16784609, 'type': 'CALL'}, {'addr': 16787871, 'type': 'CALL'}, {'addr': 16788017, 'type': 'CALL'}]",,,,,,
16787761,"rsp,rbp,=",False,16787760,16788068,3,"mov rbp, rsp","mov rbp, rsp",4889e5,cpu,mov,False,9,0,,,,,,,,
16787764,"48,rsp,-=,48,0x8000000000000000,-,!,63,$o,^,of,:=,63,$s,sf,:=,$z,zf,:=,$p,pf,:=,64,$b,cf,:=,3,$b,af,:=",False,16787760,16788067,4,"sub rsp, 0x30","sub rsp, 0x30",4883ec30,cpu,sub,False,18,0,,,48.0,,,,,
16787768,"edi,0x18,rbp,-,=[4]",True,16787760,16788068,3,"mov dword [rbp - 0x18], edi","mov dword [var_20h], edi",897de8,cpu,mov,False,268435465,0,,,,,,,,
16787771,"0,0x14,rbp,-,=[4]",True,16787760,16788064,7,"mov dword [rbp - 0x14], 0","mov dword [var_1ch], 0",c745ec00000000,cpu,mov,False,268435465,0,,,0.0,,,,,
16787778,"0x14,rbp,-,[4],rax,=",True,16787760,16788068,3,"mov eax, dword [rbp - 0x14]","mov eax, dword [var_1ch]",8b45ec,cpu,mov,False,9,0,,"[{'addr': 16787813, 'type': 'CODE'}]",,,,,,
16787781,"rax,0x20,rbp,-,=[8]",True,16787760,16788067,4,"mov qword [rbp - 0x20], rax","mov qword [var_28h], rax",488945e0,cpu,mov,False,268435465,0,,,,,,,,
16787785,"6,rax,-=,6,0x8000000000000000,-,!,63,$o,^,of,:=,63,$s,sf,:=,$z,zf,:=,$p,pf,:=,64,$b,cf,:=,3,$b,af,:=",False,16787760,16788067,4,"sub rax, 6","sub rax, 6",4883e806,cpu,sub,False,18,0,,,6.0,,,,,
16787789,"cf,zf,|,!,?{,16787811,rip,=,}",False,16787760,16788069,2,ja 0x1002963,ja 0x1002963,7714,cpu,cjmp,False,2147483649,0,,,,16787811.0,16787791.0,,,
16787791,"0x20,rbp,-,[8],rax,=",True,16787760,16788067,4,"mov rax, qword [rbp - 0x20]","mov rax, qword [var_28h]",488b45e0,cpu,mov,False,9,0,,,,,,,,
16787795,"0x2396,rip,-,rcx,=",True,16787760,16788064,7,"lea rcx, [rip - 0x2396]","lea rcx, data.010005c4",488d0d6adcffff,cpu,lea,False,33,0,,,,,,16778692.0,"[{'addr': 16778692, 'type': 'DATA'}]",
16787802,"32,rax,4,*,rcx,+,[4],~,rax,=",True,16787760,16788067,4,"movsxd rax, dword [rcx + rax*4]","movsxd rax, dword [rcx + rax*4]",48630481,cpu,mov,False,9,0,,,,,,,,
16787806,"rcx,rax,+=,63,$o,of,:=,63,$s,sf,:=,$z,zf,:=,63,$c,cf,:=,$p,pf,:=,3,$c,af,:=",False,16787760,16788068,3,"add rax, rcx","add rax, rcx",4801c8,cpu,add,False,17,0,,,,,,,,
16787809,"rax,rip,=",False,16787760,16788069,2,jmp rax,jmp rax,ffe0,cpu,rjmp,False,268435458,0,['switch.0x01002961'],,,,,,"[{'addr': 16787815, 'type': 'CODE'}, {'addr': 16787856, 'type': 'CODE'}, {'addr': 16787922, 'type': 'CODE'}, {'addr': 16787940, 'type': 'CODE'}, {'addr': 16787949, 'type': 'CODE'}, {'addr': 16787993, 'type': 'CODE'}, {'addr': 16788002, 'type': 'CODE'}]",c3dpdGNoIHRhYmxlICg3IGNhc2VzKSBhdCAweDEwMDA1YzQ=
16787811,"0x1002965,rip,=",False,16787760,16788069,2,jmp 0x1002965,jmp 0x1002965,eb00,cpu,jmp,False,1,0,,,,16787813.0,,,"[{'addr': 16787813, 'type': 'CODE'}]",
16787813,"0x1002942,rip,=",False,16787760,16788069,2,jmp 0x1002942,jmp 0x1002942,ebdb,cpu,jmp,False,1,0,,"[{'addr': 16787811, 'type': 'CODE'}, {'addr': 16787854, 'type': 'CODE'}, {'addr': 16787920, 'type': 'CODE'}, {'addr': 16787938, 'type': 'CODE'}, {'addr': 16787988, 'type': 'CODE'}, {'addr': 16788066, 'type': 'CODE'}]",,16787778.0,,,"[{'addr': 16787778, 'type': 'CODE'}]",
16787815,"0x18,rbp,-,[4],rax,=",True,16787760,16788068,3,"mov eax, dword [rbp - 0x18]","mov eax, dword [var_20h]",8b45e8,cpu,mov,False,9,0,['case.0x1002961.0'],"[{'addr': 16787809, 'type': 'CODE'}]",,,,,,
16787818,"1,rcx,=",False,16787760,16788066,5,"mov ecx, 1","mov ecx, 1",b901000000,cpu,mov,False,9,0,,,1.0,,,,,
16787823,"3,rdx,=",False,16787760,16788066,5,"mov edx, 3","mov edx, 3",ba03000000,cpu,mov,False,9,0,,,3.0,,,,,
16787828,"2,eax,==,$z,zf,:=,32,$b,cf,:=,$p,pf,:=,31,$s,sf,:=,2,0x80000000,-,!,31,$o,^,of,:=,3,$b,af,:=",False,16787760,16788068,3,"cmp eax, 2","cmp eax, 2",83f802,cpu,cmp,False,15,0,,,2.0,,,2.0,,
16787831,"sf,of,^,?{,edx,ecx,=,}",False,16787760,16788068,3,"cmovl ecx, edx","cmovl ecx, edx",0f4cca,cpu,cmov,False,2147483657,0,,,,,,,,
16787834,"ecx,0x14,rbp,-,=[4]",True,16787760,16788068,3,"mov dword [rbp - 0x14], ecx","mov dword [var_1ch], ecx",894dec,cpu,mov,False,268435465,0,,,,,,,,
16787837,"eax,0xc,rbp,-,=[4]",True,16787760,16788068,3,"mov dword [rbp - 0xc], eax","mov dword [var_14h], eax",8945f4,cpu,mov,False,268435465,0,,,,,,,,
16787840,"0,0x8,rbp,-,=[4]",True,16787760,16788064,7,"mov dword [rbp - 8], 0","mov dword [var_10h], 0",c745f800000000,cpu,mov,False,268435465,0,,,0.0,,,,,
16787847,"1,0x4,rbp,-,=[4]",True,16787760,16788064,7,"mov dword [rbp - 4], 1","mov dword [var_ch], 1",c745fc01000000,cpu,mov,False,268435465,0,,,1.0,,,,,
16787854,"0x1002965,rip,=",False,16787760,16788069,2,jmp 0x1002965,jmp 0x1002965,ebd5,cpu,jmp,False,1,0,,,,16787813.0,,,"[{'addr': 16787813, 'type': 'CODE'}]",
16787856,"0x8,rbp,-,[4],rax,=",True,16787760,16788068,3,"mov eax, dword [rbp - 8]","mov eax, dword [var_10h]",8b45f8,cpu,mov,False,9,0,['case.0x1002961.1'],"[{'addr': 16787809, 'type': 'CODE'}]",,,,,,
16787859,"eax,0x28,rbp,-,=[4]",True,16787760,16788068,3,"mov dword [rbp - 0x28], eax","mov dword [var_30h], eax",8945d8,cpu,mov,False,268435465,0,,,,,,,,
16787862,"0xc,rbp,-,[4],rdi,=",True,16787760,16788068,3,"mov edi, dword [rbp - 0xc]","mov edi, dword [var_14h]",8b7df4,cpu,mov,False,9,0,,,,,,,,
16787865,"edi,0x24,rbp,-,=[4]",True,16787760,16788068,3,"mov dword [rbp - 0x24], edi","mov dword [var_2ch], edi",897ddc,cpu,mov,False,268435465,0,,,,,,,,
16787868,"18446744073709551615,edi,+=,31,$o,of,:=,31,$s,sf,:=,$z,zf,:=,31,$c,cf,:=,$p,pf,:=,3,$c,af,:=",False,16787760,16788068,3,"add edi, 0xffffffff","add edi, 0xffffffff",83c7ff,cpu,add,False,17,0,,,,,,,,
16787871,"16787760,rip,8,rsp,-=,rsp,=[],rip,=",False,16787760,16788066,5,call 0x1002930,call sym.recursive_logic,e88cffffff,cpu,call,False,3,0,,,,16787760.0,16787876.0,,"[{'addr': 16787760, 'type': 'CALL'}]",
16787876,"0x28,rbp,-,[4],rdx,=",True,16787760,16788068,3,"mov edx, dword [rbp - 0x28]","mov edx, dword [var_30h]",8b55d8,cpu,mov,False,9,0,,,,,,,,
16787879,"0x24,rbp,-,[4],rsi,=",True,16787760,16788068,3,"mov esi, dword [rbp - 0x24]","mov esi, dword [var_2ch]",8b75dc,cpu,mov,False,9,0,,,,,,,,
16787882,"esi,rcx,=",False,16787760,16788069,2,"mov ecx, esi","mov ecx, esi",89f1,cpu,mov,False,9,0,,,,,,,,
16787884,"18446744073709551614,ecx,+=,31,$o,of,:=,31,$s,sf,:=,$z,zf,:=,31,$c,cf,:=,$p,pf,:=,3,$c,af,:=",False,16787760,16788068,3,"add ecx, 0xfffffffe","add ecx, 0xfffffffe",83c1fe,cpu,add,False,17,0,,,1.8446744073709552e+19,,,,,
16787887,"edx,eax,+=,31,$o,of,:=,31,$s,sf,:=,$z,zf,:=,31,$c,cf,:=,$p,pf,:=,3,$c,af,:=",False,16787760,16788069,2,"add eax, edx","add eax, edx",01d0,cpu,add,False,17,0,,,,,,,,
16787889,"eax,0x10,rbp,-,=[4]",True,16787760,16788068,3,"mov dword [rbp - 0x10], eax","mov dword [var_18h], eax",8945f0,cpu,mov,False,268435465,0,,,,,,,,
16787892,"1,rax,=",False,16787760,16788066,5,"mov eax, 1","mov eax, 1",b801000000,cpu,mov,False,9,0,,,1.0,,,,,
16787897,"2,rdx,=",False,16787760,16788066,5,"mov edx, 2","mov edx, 2",ba02000000,cpu,mov,False,9,0,,,2.0,,,,,
16787902,"4,esi,==,$z,zf,:=,32,$b,cf,:=,$p,pf,:=,31,$s,sf,:=,4,0x80000000,-,!,31,$o,^,of,:=,3,$b,af,:=",False,16787760,16788068,3,"cmp esi, 4","cmp esi, 4",83fe04,cpu,cmp,False,15,0,,,4.0,,,4.0,,
16787905,"cf,?{,edx,eax,=,}",False,16787760,16788068,3,"cmovb eax, edx","cmovb eax, edx",0f42c2,cpu,cmov,False,2147483657,0,,,,,,,,
16787908,"eax,0x14,rbp,-,=[4]",True,16787760,16788068,3,"mov dword [rbp - 0x14], eax","mov dword [var_1ch], eax",8945ec,cpu,mov,False,268435465,0,,,,,,,,
16787911,"0x10,rbp,-,[4],rax,=",True,16787760,16788068,3,"mov eax, dword [rbp - 0x10]","mov eax, dword [var_18h]",8b45f0,cpu,mov,False,9,0,,,,,,,,
16787914,"ecx,0xc,rbp,-,=[4]",True,16787760,16788068,3,"mov dword [rbp - 0xc], ecx","mov dword [var_14h], ecx",894df4,cpu,mov,False,268435465,0,,,,,,,,
16787917,"eax,0x8,rbp,-,=[4]",True,16787760,16788068,3,"mov dword [rbp - 8], eax","mov dword [var_10h], eax",8945f8,cpu,mov,False,268435465,0,,,,,,,,
16787920,"0x1002965,rip,=",False,16787760,16788069,2,jmp 0x1002965,jmp 0x1002965,eb93,cpu,jmp,False,1,0,,,,16787813.0,,,"[{'addr': 16787813, 'type': 'CODE'}]",
16787922,"0x10,rbp,-,[4],rax,=",True,16787760,16788068,3,"mov eax, dword [rbp - 0x10]","mov eax, dword [var_18h]",8b45f0,cpu,mov,False,9,0,['case.0x1002961.2'],"[{'addr': 16787809, 'type': 'CODE'}]",,,,,,
16787925,"1,eax,+=,31,$o,of,:=,31,$s,sf,:=,$z,zf,:=,31,$c,cf,:=,$p,pf,:=,3,$c,af,:=",False,16787760,16788068,3,"add eax, 1","add eax, 1",83c001,cpu,add,False,17,0,,,1.0,,,,,
16787928,"3,0x14,rbp,-,=[4]",True,16787760,16788064,7,"mov dword [rbp - 0x14], 3","mov dword [var_1ch], 3",c745ec03000000,cpu,mov,False,268435465,0,,,3.0,,,,,
16787935,"eax,0x4,rbp,-,=[4]",True,16787760,16788068,3,"mov dword [rbp - 4], eax","mov dword [var_ch], eax",8945fc,cpu,mov,False,268435465,0,,,,,,,,
16787938,"0x1002965,rip,=",False,16787760,16788069,2,jmp 0x1002965,jmp 0x1002965,eb81,cpu,jmp,False,1,0,,,,16787813.0,,,"[{'addr': 16787813, 'type': 'CODE'}]",
16787940,"0x4,rbp,-,[4],rax,=",True,16787760,16788068,3,"mov eax, dword [rbp - 4]","mov eax, dword [var_ch]",8b45fc,cpu,mov,False,9,0,['case.0x1002961.3'],"[{'addr': 16787809, 'type': 'CODE'}]",,,,,,
16787943,"48,rsp,+=,63,$o,of,:=,63,$s,sf,:=,$z,zf,:=,63,$c,cf,:=,$p,pf,:=,3,$c,af,:=",False,16787760,16788067,4,"add rsp, 0x30","add rsp, 0x30",4883c430,cpu,add,False,17,0,,,48.0,,,,,
16787947,"rsp,[8],8,rsp,+=,rbp,=",False,16787760,16788070,1,pop rbp,pop rbp,5d,cpu,pop,False,14,0,,,,,,,,
16787948,"rsp,[8],rip,=,8,rsp,+=",False,16787760,16788070,1,ret,ret,c3,cpu,ret,False,5,0,,,,,,,,
16787949,"0x18,rbp,-,[4],rax,=",True,16787760,16788068,3,"mov eax, dword [rbp - 0x18]","mov eax, dword [var_20h]",8b45e8,cpu,mov,False,9,0,['case.0x1002961.4'],"[{'addr': 16787809, 'type': 'CODE'}]",,,,,,
16787952,"1,rcx,=",False,16787760,16788066,5,"mov ecx, 1","mov ecx, 1",b901000000,cpu,mov,False,9,0,,,1.0,,,,,
16787957,"3,rdx,=",False,16787760,16788066,5,"mov edx, 3","mov edx, 3",ba03000000,cpu,mov,False,9,0,,,3.0,,,,,
16787962,"2,eax,==,$z,zf,:=,32,$b,cf,:=,$p,pf,:=,31,$s,sf,:=,2,0x80000000,-,!,31,$o,^,of,:=,3,$b,af,:=",False,16787760,16788068,3,"cmp eax, 2","cmp eax, 2",83f802,cpu,cmp,False,15,0,,,2.0,,,2.0,,
16787965,"sf,of,^,?{,edx,ecx,=,}",False,16787760,16788068,3,"cmovl ecx, edx","cmovl ecx, edx",0f4cca,cpu,cmov,False,2147483657,0,,,,,,,,
16787968,"ecx,0x14,rbp,-,=[4]",True,16787760,16788068,3,"mov dword [rbp - 0x14], ecx","mov dword [var_1ch], ecx",894dec,cpu,mov,False,268435465,0,,,,,,,,
16787971,"eax,0xc,rbp,-,=[4]",True,16787760,16788068,3,"mov dword [rbp - 0xc], eax","mov dword [var_14h], eax",8945f4,cpu,mov,False,268435465,0,,,,,,,,
16787974,"0,0x8,rbp,-,=[4]",True,16787760,16788064,7,"mov dword [rbp - 8], 0","mov dword [var_10h], 0",c745f800000000,cpu,mov,False,268435465,0,,,0.0,,,,,
16787981,"1,0x4,rbp,-,=[4]",True,16787760,16788064,7,"mov dword [rbp - 4], 1","mov dword [var_ch], 1",c745fc01000000,cpu,mov,False,268435465,0,,,1.0,,,,,
16787988,"0x1002965,rip,=",False,16787760,16788066,5,jmp 0x1002965,jmp 0x1002965,e94cffffff,cpu,jmp,False,1,0,,,,16787813.0,,,"[{'addr': 16787813, 'type': 'CODE'}]",
16787993,"0x4,rbp,-,[4],rax,=",True,16787760,16788068,3,"mov eax, dword [rbp - 4]","mov eax, dword [var_ch]",8b45fc,cpu,mov,False,9,0,['case.0x1002961.5'],"[{'addr': 16787809, 'type': 'CODE'}]",,,,,,
16787996,"48,rsp,+=,63,$o,of,:=,63,$s,sf,:=,$z,zf,:=,63,$c,cf,:=,$p,pf,:=,3,$c,af,:=",False,16787760,16788067,4,"add rsp, 0x30","add rsp, 0x30",4883c430,cpu,add,False,17,0,,,48.0,,,,,
16788000,"rsp,[8],8,rsp,+=,rbp,=",False,16787760,16788070,1,pop rbp,pop rbp,5d,cpu,pop,False,14,0,,,,,,,,
16788001,"rsp,[8],rip,=,8,rsp,+=",False,16787760,16788070,1,ret,ret,c3,cpu,ret,False,5,0,,,,,,,,
16788002,"0x8,rbp,-,[4],rax,=",True,16787760,16788068,3,"mov eax, dword [rbp - 8]","mov eax, dword [var_10h]",8b45f8,cpu,mov,False,9,0,['case.0x1002961.6'],"[{'addr': 16787809, 'type': 'CODE'}]",,,,,,
16788005,"eax,0x30,rbp,-,=[4]",True,16787760,16788068,3,"mov dword [rbp - 0x30], eax","mov dword [var_38h], eax",8945d0,cpu,mov,False,268435465,0,,,,,,,,
16788008,"0xc,rbp,-,[4],rdi,=",True,16787760,16788068,3,"mov edi, dword [rbp - 0xc]","mov edi, dword [var_14h]",8b7df4,cpu,mov,False,9,0,,,,,,,,
16788011,"edi,0x2c,rbp,-,=[4]",True,16787760,16788068,3,"mov dword [rbp - 0x2c], edi","mov dword [var_34h], edi",897dd4,cpu,mov,False,268435465,0,,,,,,,,
16788014,"18446744073709551615,edi,+=,31,$o,of,:=,31,$s,sf,:=,$z,zf,:=,31,$c,cf,:=,$p,pf,:=,3,$c,af,:=",False,16787760,16788068,3,"add edi, 0xffffffff","add edi, 0xffffffff",83c7ff,cpu,add,False,17,0,,,,,,,,
16788017,"16787760,rip,8,rsp,-=,rsp,=[],rip,=",False,16787760,16788066,5,call 0x1002930,call sym.recursive_logic,e8fafeffff,cpu,call,False,3,0,,,,16787760.0,16788022.0,,"[{'addr': 16787760, 'type': 'CALL'}]",
16788022,"0x30,rbp,-,[4],rdx,=",True,16787760,16788068,3,"mov edx, dword [rbp - 0x30]","mov edx, dword [var_38h]",8b55d0,cpu,mov,False,9,0,,,,,,,,
16788025,"0x2c,rbp,-,[4],rsi,=",True,16787760,16788068,3,"mov esi, dword [rbp - 0x2c]","mov esi, dword [var_34h]",8b75d4,cpu,mov,False,9,0,,,,,,,,
16788028,"esi,rcx,=",False,16787760,16788069,2,"mov ecx, esi","mov ecx, esi",89f1,cpu,mov,False,9,0,,,,,,,,
16788030,"18446744073709551614,ecx,+=,31,$o,of,:=,31,$s,sf,:=,$z,zf,:=,31,$c,cf,:=,$p,pf,:=,3,$c,af,:=",False,16787760,16788068,3,"add ecx, 0xfffffffe","add ecx, 0xfffffffe",83c1fe,cpu,add,False,17,0,,,1.8446744073709552e+19,,,,,
16788033,"edx,eax,+=,31,$o,of,:=,31,$s,sf,:=,$z,zf,:=,31,$c,cf,:=,$p,pf,:=,3,$c,af,:=",False,16787760,16788069,2,"add eax, edx","add eax, edx",01d0,cpu,add,False,17,0,,,,,,,,
16788035,"eax,0x10,rbp,-,=[4]",True,16787760,16788068,3,"mov dword [rbp - 0x10], eax","mov dword [var_18h], eax",8945f0,cpu,mov,False,268435465,0,,,,,,,,
16788038,"1,rax,=",False,16787760,16788066,5,"mov eax, 1","mov eax, 1",b801000000,cpu,mov,False,9,0,,,1.0,,,,,
16788043,"2,rdx,=",False,16787760,16788066,5,"mov edx, 2","mov edx, 2",ba02000000,cpu,mov,False,9,0,,,2.0,,,,,
16788048,"4,esi,==,$z,zf,:=,32,$b,cf,:=,$p,pf,:=,31,$s,sf,:=,4,0x80000000,-,!,31,$o,^,of,:=,3,$b,af,:=",False,16787760,16788068,3,"cmp esi, 4","cmp esi, 4",83fe04,cpu,cmp,False,15,0,,,4.0,,,4.0,,
16788051,"cf,?{,edx,eax,=,}",False,16787760,16788068,3,"cmovb eax, edx","cmovb eax, edx",0f42c2,cpu,cmov,False,2147483657,0,,,,,,,,
16788054,"eax,0x14,rbp,-,=[4]",True,16787760,16788068,3,"mov dword [rbp - 0x14], eax","mov dword [var_1ch], eax",8945ec,cpu,mov,False,268435465,0,,,,,,,,
16788057,"0x10,rbp,-,[4],rax,=",True,16787760,16788068,3,"mov eax, dword [rbp - 0x10]","mov eax, dword [var_18h]",8b45f0,cpu,mov,False,9,0,,,,,,,,
16788060,"ecx,0xc,rbp,-,=[4]",True,16787760,16788068,3,"mov dword [rbp - 0xc], ecx","mov dword [var_14h], ecx",894df4,cpu,mov,False,268435465,0,,,,,,,,
16788063,"eax,0x8,rbp,-,=[4]",True,16787760,16788068,3,"mov dword [rbp - 8], eax","mov dword [var_10h], eax",8945f8,cpu,mov,False,268435465,0,,,,,,,,
16788066,"0x1002965,rip,=",False,16787760,16788066,5,jmp 0x1002965,jmp 0x1002965,e9fefeffff,cpu,jmp,False,1,0,,,,16787813.0,,,"[{'addr': 16787813, 'type': 'CODE'}]",
