offset,esil,refptr,fcn_addr,fcn_last,size,opcode,disasm,bytes,family,type,reloc,type_num,type2_num,flags,xrefs_to,val,jump,fail,ptr,xrefs_from,comment
16784640,"rbp,8,rsp,-,=[8],8,rsp,-=",False,16784640,16784888,1,push rbp,push rbp,55,cpu,rpush,False,268435468,0,['sym.function_a'],"[{'addr': 16783702, 'type': 'CALL'}, {'addr': 16784224, 'type': 'CALL'}]",,,,,,
16784641,"rsp,rbp,=",False,16784640,16784886,3,"mov rbp, rsp","mov rbp, rsp",4889e5,cpu,mov,False,9,0,,,,,,,,
16784644,"edi,rax,=",False,16784640,16784887,2,"mov eax, edi","mov eax, edi",89f8,cpu,mov,False,9,0,,,,,,,,
16784646,"rsi,0x10,rbp,-,=[8]",True,16784640,16784885,4,"mov qword [rbp - 0x10], rsi","mov qword [var_18h], rsi",488975f0,cpu,mov,False,268435465,0,,,,,,,,
16784650,"10,rcx,=",False,16784640,16784884,5,"mov ecx, 0xa","mov ecx, 0xa",b90a000000,cpu,mov,False,9,0,,,10.0,,,,,
16784655,"0,edx,=,31,eax,>>,?{,0xffffffff,edx,=,}",False,16784640,16784888,1,cdq,cdq,99,cpu,null,False,0,0,,,,,,,,
16784656,"32,ecx,~,32,edx,<<,eax,+,~%,32,ecx,~,32,edx,<<,eax,+,~/,eax,=,edx,=",False,16784640,16784887,2,idiv ecx,idiv ecx,f7f9,cpu,div,False,21,0,,,,,,,,
16784658,"edx,0x4,rbp,-,=[4]",True,16784640,16784886,3,"mov dword [rbp - 4], edx","mov dword [var_ch], edx",8955fc,cpu,mov,False,268435465,0,,,,,,,,
16784661,"0,0x8,rbp,-,=[4]",True,16784640,16784882,7,"mov dword [rbp - 8], 0","mov dword [var_10h], 0",c745f800000000,cpu,mov,False,268435465,0,,,0.0,,,,,
16784668,"0x8,rbp,-,[4],rax,=",True,16784640,16784886,3,"mov eax, dword [rbp - 8]","mov eax, dword [var_10h]",8b45f8,cpu,mov,False,9,0,,"[{'addr': 16784703, 'type': 'CODE'}]",,,,,,
16784671,"rax,0x18,rbp,-,=[8]",True,16784640,16784885,4,"mov qword [rbp - 0x18], rax","mov qword [var_20h], rax",488945e8,cpu,mov,False,268435465,0,,,,,,,,
16784675,"5,rax,-=,5,0x8000000000000000,-,!,63,$o,^,of,:=,63,$s,sf,:=,$z,zf,:=,$p,pf,:=,64,$b,cf,:=,3,$b,af,:=",False,16784640,16784885,4,"sub rax, 5","sub rax, 5",4883e805,cpu,sub,False,18,0,,,5.0,,,,,
16784679,"cf,zf,|,!,?{,16784701,rip,=,}",False,16784640,16784887,2,ja 0x1001d3d,ja 0x1001d3d,7714,cpu,cjmp,False,2147483649,0,,,,16784701.0,16784681.0,,,
16784681,"0x18,rbp,-,[8],rax,=",True,16784640,16784885,4,"mov rax, qword [rbp - 0x18]","mov rax, qword [var_20h]",488b45e8,cpu,mov,False,9,0,,,,,,,,
16784685,"0x1800,rip,-,rcx,=",True,16784640,16784882,7,"lea rcx, [rip - 0x1800]","lea rcx, data.01000534",488d0d00e8ffff,cpu,lea,False,33,0,,,,,,16778548.0,"[{'addr': 16778548, 'type': 'DATA'}]",
16784692,"32,rax,4,*,rcx,+,[4],~,rax,=",True,16784640,16784885,4,"movsxd rax, dword [rcx + rax*4]","movsxd rax, dword [rcx + rax*4]",48630481,cpu,mov,False,9,0,,,,,,,,
16784696,"rcx,rax,+=,63,$o,of,:=,63,$s,sf,:=,$z,zf,:=,63,$c,cf,:=,$p,pf,:=,3,$c,af,:=",False,16784640,16784886,3,"add rax, rcx","add rax, rcx",4801c8,cpu,add,False,17,0,,,,,,,,
16784699,"rax,rip,=",False,16784640,16784887,2,jmp rax,jmp rax,ffe0,cpu,rjmp,False,268435458,0,['switch.0x01001d3b'],,,,,,"[{'addr': 16784705, 'type': 'CODE'}, {'addr': 16784727, 'type': 'CODE'}, {'addr': 16784792, 'type': 'CODE'}, {'addr': 16784794, 'type': 'CODE'}, {'addr': 16784862, 'type': 'CODE'}, {'addr': 16784864, 'type': 'CODE'}]",c3dpdGNoIHRhYmxlICg2IGNhc2VzKSBhdCAweDEwMDA1MzQ=
16784701,"0x1001d3f,rip,=",False,16784640,16784887,2,jmp 0x1001d3f,jmp 0x1001d3f,eb00,cpu,jmp,False,1,0,,,,16784703.0,,,"[{'addr': 16784703, 'type': 'CODE'}]",
16784703,"0x1001d1c,rip,=",False,16784640,16784887,2,jmp 0x1001d1c,jmp 0x1001d1c,ebdb,cpu,jmp,False,1,0,,"[{'addr': 16784701, 'type': 'CODE'}, {'addr': 16784725, 'type': 'CODE'}, {'addr': 16784790, 'type': 'CODE'}, {'addr': 16784857, 'type': 'CODE'}, {'addr': 16784884, 'type': 'CODE'}]",,16784668.0,,,"[{'addr': 16784668, 'type': 'CODE'}]",
16784705,"2,rax,=",False,16784640,16784884,5,"mov eax, 2","mov eax, 2",b802000000,cpu,mov,False,9,0,['case.0x1001d3b.0'],"[{'addr': 16784699, 'type': 'CODE'}]",2.0,,,,,
16784710,"1,rcx,=",False,16784640,16784884,5,"mov ecx, 1","mov ecx, 1",b901000000,cpu,mov,False,9,0,,,1.0,,,,,
16784715,"0,0x4,rbp,-,[4],==,$z,zf,:=,32,$b,cf,:=,$p,pf,:=,31,$s,sf,:=,0,0x80000000,-,!,31,$o,^,of,:=,3,$b,af,:=",True,16784640,16784885,4,"cmp dword [rbp - 4], 0","cmp dword [var_ch], 0",837dfc00,cpu,cmp,False,268435471,0,,,0.0,,,,,
16784719,"zf,!,sf,of,^,!,&,?{,ecx,eax,=,}",False,16784640,16784886,3,"cmovg eax, ecx","cmovg eax, ecx",0f4fc1,cpu,cmov,False,2147483657,0,,,,,,,,
16784722,"eax,0x8,rbp,-,=[4]",True,16784640,16784886,3,"mov dword [rbp - 8], eax","mov dword [var_10h], eax",8945f8,cpu,mov,False,268435465,0,,,,,,,,
16784725,"0x1001d3f,rip,=",False,16784640,16784887,2,jmp 0x1001d3f,jmp 0x1001d3f,ebe8,cpu,jmp,False,1,0,,,,16784703.0,,,"[{'addr': 16784703, 'type': 'CODE'}]",
16784727,"0x10,rbp,-,[8],rax,=",True,16784640,16784885,4,"mov rax, qword [rbp - 0x10]","mov rax, qword [var_18h]",488b45f0,cpu,mov,False,9,0,['case.0x1001d3b.1'],"[{'addr': 16784699, 'type': 'CODE'}]",,,,,,
16784731,"rax,[4],rcx,=",True,16784640,16784887,2,"mov ecx, dword [rax]","mov ecx, dword [rax]",8b08,cpu,mov,False,9,0,,,,,,,,
16784733,"0x4,rbp,-,[4],rdi,=",True,16784640,16784886,3,"mov edi, dword [rbp - 4]","mov edi, dword [var_ch]",8b7dfc,cpu,mov,False,9,0,,,,,,,,
16784736,"edi,ecx,+=,31,$o,of,:=,31,$s,sf,:=,$z,zf,:=,31,$c,cf,:=,$p,pf,:=,3,$c,af,:=",False,16784640,16784887,2,"add ecx, edi","add ecx, edi",01f9,cpu,add,False,17,0,,,,,,,,
16784738,"edi,rdx,=",False,16784640,16784887,2,"mov edx, edi","mov edx, edi",89fa,cpu,mov,False,9,0,,,,,,,,
16784740,"18446744073709551615,edx,+=,31,$o,of,:=,31,$s,sf,:=,$z,zf,:=,31,$c,cf,:=,$p,pf,:=,3,$c,af,:=",False,16784640,16784886,3,"add edx, 0xffffffff","add edx, 0xffffffff",83c2ff,cpu,add,False,17,0,,,,,,,,
16784743,"edi,rsi,=",False,16784640,16784887,2,"mov esi, edi","mov esi, edi",89fe,cpu,mov,False,9,0,,,,,,,,
16784745,"18446744073709551614,esi,+=,31,$o,of,:=,31,$s,sf,:=,$z,zf,:=,31,$c,cf,:=,$p,pf,:=,3,$c,af,:=",False,16784640,16784886,3,"add esi, 0xfffffffe","add esi, 0xfffffffe",83c6fe,cpu,add,False,17,0,,,1.8446744073709552e+19,,,,,
16784748,"64,rdx,~,64,rsi,~,*,DUP,rdx,=,rdx,-,?{,1,1,}{,0,0,},cf,:=,of,:=",False,16784640,16784885,4,"imul rdx, rsi","imul rdx, rsi",480fafd6,cpu,mul,False,20,0,,,,,,,,
16784752,"18446744073709551613,edi,+=,31,$o,of,:=,31,$s,sf,:=,$z,zf,:=,31,$c,cf,:=,$p,pf,:=,3,$c,af,:=",False,16784640,16784886,3,"add edi, 0xfffffffd","add edi, 0xfffffffd",83c7fd,cpu,add,False,17,0,,,1.8446744073709552e+19,,,,,
16784755,"edx,rsi,=",False,16784640,16784887,2,"mov esi, edx","mov esi, edx",89d6,cpu,mov,False,9,0,,,,,,,,
16784757,"32,esi,~,32,edi,~,*,DUP,esi,=,esi,-,?{,1,1,}{,0,0,},cf,:=,of,:=",False,16784640,16784886,3,"imul esi, edi","imul esi, edi",0faff7,cpu,mul,False,20,0,,,,,,,,
16784760,"0,cf,:=,1,1,-,1,<<,esi,&,?{,1,cf,:=,},1,esi,>>,esi,=,$z,zf,:=,$p,pf,:=,31,$s,sf,:=",False,16784640,16784887,2,"shr esi, 1","shr esi, 1",d1ee,cpu,shr,False,22,0,,,1.0,,,,,
16784762,"32,1431655766,~,32,esi,~,*,DUP,esi,=,esi,-,?{,1,1,}{,0,0,},cf,:=,of,:=",False,16784640,16784883,6,"imul esi, esi, 0x55555556","imul esi, esi, 0x55555556",69f656555555,cpu,mul,False,20,0,,,,,,,,
16784768,"esi,ecx,+=,31,$o,of,:=,31,$s,sf,:=,$z,zf,:=,31,$c,cf,:=,$p,pf,:=,3,$c,af,:=",False,16784640,16784887,2,"add ecx, esi","add ecx, esi",01f1,cpu,add,False,17,0,,,,,,,,
16784770,"0,cf,:=,1,1,-,1,<<,rdx,&,?{,1,cf,:=,},1,rdx,>>,rdx,=,$z,zf,:=,$p,pf,:=,63,$s,sf,:=",False,16784640,16784886,3,"shr rdx, 1","shr rdx, 1",48d1ea,cpu,shr,False,22,0,,,1.0,,,,,
16784773,"32,3,~,32,edx,~,*,DUP,edx,=,edx,-,?{,1,1,}{,0,0,},cf,:=,of,:=",False,16784640,16784886,3,"imul edx, edx, 3","imul edx, edx, 3",6bd203,cpu,mul,False,20,0,,,,,,,,
16784776,"edx,ecx,+=,31,$o,of,:=,31,$s,sf,:=,$z,zf,:=,31,$c,cf,:=,$p,pf,:=,3,$c,af,:=",False,16784640,16784887,2,"add ecx, edx","add ecx, edx",01d1,cpu,add,False,17,0,,,,,,,,
16784778,"18446744073709551615,ecx,+=,31,$o,of,:=,31,$s,sf,:=,$z,zf,:=,31,$c,cf,:=,$p,pf,:=,3,$c,af,:=",False,16784640,16784886,3,"add ecx, 0xffffffff","add ecx, 0xffffffff",83c1ff,cpu,add,False,17,0,,,,,,,,
16784781,"ecx,rax,=[4]",True,16784640,16784887,2,"mov dword [rax], ecx","mov dword [rax], ecx",8908,cpu,mov,False,9,0,,,,,,,,
16784783,"4,0x8,rbp,-,=[4]",True,16784640,16784882,7,"mov dword [rbp - 8], 4","mov dword [var_10h], 4",c745f804000000,cpu,mov,False,268435465,0,,,4.0,,,,,
16784790,"0x1001d3f,rip,=",False,16784640,16784887,2,jmp 0x1001d3f,jmp 0x1001d3f,eba7,cpu,jmp,False,1,0,,,,16784703.0,,,"[{'addr': 16784703, 'type': 'CODE'}]",
16784792,"rsp,[8],8,rsp,+=,rbp,=",False,16784640,16784888,1,pop rbp,pop rbp,5d,cpu,pop,False,14,0,['case.0x1001d3b.2'],"[{'addr': 16784699, 'type': 'CODE'}]",,,,,,
16784793,"rsp,[8],rip,=,8,rsp,+=",False,16784640,16784888,1,ret,ret,c3,cpu,ret,False,5,0,,,,,,,,
16784794,"0x10,rbp,-,[8],rax,=",True,16784640,16784885,4,"mov rax, qword [rbp - 0x10]","mov rax, qword [var_18h]",488b45f0,cpu,mov,False,9,0,['case.0x1001d3b.3'],"[{'addr': 16784699, 'type': 'CODE'}]",,,,,,
16784798,"rax,[4],rcx,=",True,16784640,16784887,2,"mov ecx, dword [rax]","mov ecx, dword [rax]",8b08,cpu,mov,False,9,0,,,,,,,,
16784800,"0x4,rbp,-,[4],rdi,=",True,16784640,16784886,3,"mov edi, dword [rbp - 4]","mov edi, dword [var_ch]",8b7dfc,cpu,mov,False,9,0,,,,,,,,
16784803,"edi,ecx,+=,31,$o,of,:=,31,$s,sf,:=,$z,zf,:=,31,$c,cf,:=,$p,pf,:=,3,$c,af,:=",False,16784640,16784887,2,"add ecx, edi","add ecx, edi",01f9,cpu,add,False,17,0,,,,,,,,
16784805,"edi,rdx,=",False,16784640,16784887,2,"mov edx, edi","mov edx, edi",89fa,cpu,mov,False,9,0,,,,,,,,
16784807,"18446744073709551615,edx,+=,31,$o,of,:=,31,$s,sf,:=,$z,zf,:=,31,$c,cf,:=,$p,pf,:=,3,$c,af,:=",False,16784640,16784886,3,"add edx, 0xffffffff","add edx, 0xffffffff",83c2ff,cpu,add,False,17,0,,,,,,,,
16784810,"edi,rsi,=",False,16784640,16784887,2,"mov esi, edi","mov esi, edi",89fe,cpu,mov,False,9,0,,,,,,,,
16784812,"18446744073709551614,esi,+=,31,$o,of,:=,31,$s,sf,:=,$z,zf,:=,31,$c,cf,:=,$p,pf,:=,3,$c,af,:=",False,16784640,16784886,3,"add esi, 0xfffffffe","add esi, 0xfffffffe",83c6fe,cpu,add,False,17,0,,,1.8446744073709552e+19,,,,,
16784815,"64,rdx,~,64,rsi,~,*,DUP,rdx,=,rdx,-,?{,1,1,}{,0,0,},cf,:=,of,:=",False,16784640,16784885,4,"imul rdx, rsi","imul rdx, rsi",480fafd6,cpu,mul,False,20,0,,,,,,,,
16784819,"18446744073709551613,edi,+=,31,$o,of,:=,31,$s,sf,:=,$z,zf,:=,31,$c,cf,:=,$p,pf,:=,3,$c,af,:=",False,16784640,16784886,3,"add edi, 0xfffffffd","add edi, 0xfffffffd",83c7fd,cpu,add,False,17,0,,,1.8446744073709552e+19,,,,,
16784822,"edx,rsi,=",False,16784640,16784887,2,"mov esi, edx","mov esi, edx",89d6,cpu,mov,False,9,0,,,,,,,,
16784824,"32,esi,~,32,edi,~,*,DUP,esi,=,esi,-,?{,1,1,}{,0,0,},cf,:=,of,:=",False,16784640,16784886,3,"imul esi, edi","imul esi, edi",0faff7,cpu,mul,False,20,0,,,,,,,,
16784827,"0,cf,:=,1,1,-,1,<<,esi,&,?{,1,cf,:=,},1,esi,>>,esi,=,$z,zf,:=,$p,pf,:=,31,$s,sf,:=",False,16784640,16784887,2,"shr esi, 1","shr esi, 1",d1ee,cpu,shr,False,22,0,,,1.0,,,,,
16784829,"32,1431655766,~,32,esi,~,*,DUP,esi,=,esi,-,?{,1,1,}{,0,0,},cf,:=,of,:=",False,16784640,16784883,6,"imul esi, esi, 0x55555556","imul esi, esi, 0x55555556",69f656555555,cpu,mul,False,20,0,,,,,,,,
16784835,"esi,ecx,+=,31,$o,of,:=,31,$s,sf,:=,$z,zf,:=,31,$c,cf,:=,$p,pf,:=,3,$c,af,:=",False,16784640,16784887,2,"add ecx, esi","add ecx, esi",01f1,cpu,add,False,17,0,,,,,,,,
16784837,"0,cf,:=,1,1,-,1,<<,rdx,&,?{,1,cf,:=,},1,rdx,>>,rdx,=,$z,zf,:=,$p,pf,:=,63,$s,sf,:=",False,16784640,16784886,3,"shr rdx, 1","shr rdx, 1",48d1ea,cpu,shr,False,22,0,,,1.0,,,,,
16784840,"32,3,~,32,edx,~,*,DUP,edx,=,edx,-,?{,1,1,}{,0,0,},cf,:=,of,:=",False,16784640,16784886,3,"imul edx, edx, 3","imul edx, edx, 3",6bd203,cpu,mul,False,20,0,,,,,,,,
16784843,"edx,ecx,+=,31,$o,of,:=,31,$s,sf,:=,$z,zf,:=,31,$c,cf,:=,$p,pf,:=,3,$c,af,:=",False,16784640,16784887,2,"add ecx, edx","add ecx, edx",01d1,cpu,add,False,17,0,,,,,,,,
16784845,"18446744073709551615,ecx,+=,31,$o,of,:=,31,$s,sf,:=,$z,zf,:=,31,$c,cf,:=,$p,pf,:=,3,$c,af,:=",False,16784640,16784886,3,"add ecx, 0xffffffff","add ecx, 0xffffffff",83c1ff,cpu,add,False,17,0,,,,,,,,
16784848,"ecx,rax,=[4]",True,16784640,16784887,2,"mov dword [rax], ecx","mov dword [rax], ecx",8908,cpu,mov,False,9,0,,,,,,,,
16784850,"2,0x8,rbp,-,=[4]",True,16784640,16784882,7,"mov dword [rbp - 8], 2","mov dword [var_10h], 2",c745f802000000,cpu,mov,False,268435465,0,,,2.0,,,,,
16784857,"0x1001d3f,rip,=",False,16784640,16784884,5,jmp 0x1001d3f,jmp 0x1001d3f,e961ffffff,cpu,jmp,False,1,0,,,,16784703.0,,,"[{'addr': 16784703, 'type': 'CODE'}]",
16784862,"rsp,[8],8,rsp,+=,rbp,=",False,16784640,16784888,1,pop rbp,pop rbp,5d,cpu,pop,False,14,0,['case.0x1001d3b.4'],"[{'addr': 16784699, 'type': 'CODE'}]",,,,,,
16784863,"rsp,[8],rip,=,8,rsp,+=",False,16784640,16784888,1,ret,ret,c3,cpu,ret,False,5,0,,,,,,,,
16784864,"2,rax,=",False,16784640,16784884,5,"mov eax, 2","mov eax, 2",b802000000,cpu,mov,False,9,0,['case.0x1001d3b.5'],"[{'addr': 16784699, 'type': 'CODE'}]",2.0,,,,,
16784869,"1,rcx,=",False,16784640,16784884,5,"mov ecx, 1","mov ecx, 1",b901000000,cpu,mov,False,9,0,,,1.0,,,,,
16784874,"0,0x4,rbp,-,[4],==,$z,zf,:=,32,$b,cf,:=,$p,pf,:=,31,$s,sf,:=,0,0x80000000,-,!,31,$o,^,of,:=,3,$b,af,:=",True,16784640,16784885,4,"cmp dword [rbp - 4], 0","cmp dword [var_ch], 0",837dfc00,cpu,cmp,False,268435471,0,,,0.0,,,,,
16784878,"zf,!,sf,of,^,!,&,?{,ecx,eax,=,}",False,16784640,16784886,3,"cmovg eax, ecx","cmovg eax, ecx",0f4fc1,cpu,cmov,False,2147483657,0,,,,,,,,
16784881,"eax,0x8,rbp,-,=[4]",True,16784640,16784886,3,"mov dword [rbp - 8], eax","mov dword [var_10h], eax",8945f8,cpu,mov,False,268435465,0,,,,,,,,
16784884,"0x1001d3f,rip,=",False,16784640,16784884,5,jmp 0x1001d3f,jmp 0x1001d3f,e946ffffff,cpu,jmp,False,1,0,,,,16784703.0,,,"[{'addr': 16784703, 'type': 'CODE'}]",
