offset,esil,refptr,fcn_addr,fcn_last,size,opcode,disasm,bytes,family,type,reloc,type_num,type2_num,flags,xrefs_to,val,ptr,jump,fail,xrefs_from
16782768,"rbp,8,rsp,-,=[8],8,rsp,-=",False,16782768,16783040,1,push rbp,push rbp,55,cpu,rpush,False,268435468,0,"['sym.findRoots', 'dbg.findRoots']","[{'addr': 16783101, 'type': 'CALL'}]",,,,,
16782769,"rsp,rbp,=",False,16782768,16783038,3,"mov rbp, rsp","mov rbp, rsp",4889e5,cpu,mov,False,9,0,,,,,,,
16782772,"32,rsp,-=,32,0x8000000000000000,-,!,63,$o,^,of,:=,63,$s,sf,:=,$z,zf,:=,$p,pf,:=,64,$b,cf,:=,3,$b,af,:=",False,16782768,16783037,4,"sub rsp, 0x20","sub rsp, 0x20",4883ec20,cpu,sub,False,18,0,,,32.0,,,,
16782776,"edi,0x4,rbp,-,=[4]",True,16782768,16783038,3,"mov dword [rbp - 4], edi","mov dword [var_ch], edi",897dfc,cpu,mov,False,268435465,0,,,,,,,
16782779,"edi,rax,=",False,16782768,16783039,2,"mov eax, edi","mov eax, edi",89f8,cpu,mov,False,9,0,,,,,,,
16782781,"0,1,!,!,?{,1,1,-,eax,<<,0x80000000,&,!,!,^,},1,eax,<<=,$z,zf,:=,$p,pf,:=,31,$s,sf,:=,cf,=",False,16782768,16783039,2,"shl eax, 1","shl eax, 1",d1e0,cpu,shl,False,23,0,,,,,,,
16782783,"edi,rax,^,0xffffffff,&,rax,=,$z,zf,:=,$p,pf,:=,31,$s,sf,:=,0,cf,:=,0,of,:=",False,16782768,16783039,2,"xor eax, edi","xor eax, edi",31f8,cpu,xor,False,28,0,,,,,,,
16782785,"0,eax,==,$z,zf,:=,32,$b,cf,:=,$p,pf,:=,31,$s,sf,:=,0,0x80000000,-,!,31,$o,^,of,:=,3,$b,af,:=",False,16782768,16783038,3,"cmp eax, 0","cmp eax, 0",83f800,cpu,cmp,False,15,0,,,0.0,0.0,,,
16782788,"zf,!,?{,16782814,rip,=,}",False,16782768,16783039,2,jne 0x10015de,jne 0x10015de,7518,cpu,cjmp,False,2147483649,0,,,,,16782814.0,16782790.0,
16782790,"0x1145,rip,-,rdi,=",True,16782768,16783034,7,"lea rdi, [rip - 0x1145]","lea rdi, str.Invalid",488d3dbbeeffff,cpu,lea,False,33,0,,,,16778376.0,,,"[{'addr': 16778376, 'type': 'DATA'}]"
16782797,"0,al,=",False,16782768,16783039,2,"mov al, 0","mov al, 0",b000,cpu,mov,False,9,0,,,0.0,,,,
16782799,"16783312,rip,8,rsp,-=,rsp,=[],rip,=",False,16782768,16783036,5,call 0x10017d0,call sym.imp.printf,e8fc010000,cpu,call,False,3,0,,,,,16783312.0,16782804.0,"[{'addr': 16783312, 'type': 'CALL'}]"
16782804,"eax,rax,^,0xffffffff,&,rax,=,$z,zf,:=,$p,pf,:=,31,$s,sf,:=,0,cf,:=,0,of,:=",False,16782768,16783039,2,"xor eax, eax","xor eax, eax",31c0,cpu,xor,False,28,0,,,,,,,
16782806,"eax,0x8,rbp,-,=[4]",True,16782768,16783038,3,"mov dword [rbp - 8], eax","mov dword [var_10h], eax",8945f8,cpu,mov,False,268435465,0,,,,,,,
16782809,"0x10016b8,rip,=",False,16782768,16783036,5,jmp 0x10016b8,jmp 0x10016b8,e9da000000,cpu,jmp,False,1,0,,,,,16783032.0,,"[{'addr': 16783032, 'type': 'CODE'}]"
16782814,"0x4,rbp,-,[4],rax,=",True,16782768,16783038,3,"mov eax, dword [rbp - 4]","mov eax, dword [var_ch]",8b45fc,cpu,mov,False,9,0,,,,,,,
16782817,"32,4294962140,~,32,eax,~,*,DUP,eax,=,eax,-,?{,1,1,}{,0,0,},cf,:=,of,:=",False,16782768,16783035,6,"imul eax, eax, 0xffffebdc","imul eax, eax, 0xffffebdc",69c0dcebffff,cpu,mul,False,20,0,,,,,,,
16782823,"eax,rcx,=",False,16782768,16783039,2,"mov ecx, eax","mov ecx, eax",89c1,cpu,mov,False,9,0,,,,,,,
16782825,"12489156,rcx,&,0xffffffff,&,rcx,=,$z,zf,:=,$p,pf,:=,31,$s,sf,:=,0,cf,:=,0,of,:=",False,16782768,16783035,6,"and ecx, 0xbe91c4","and ecx, 0xbe91c4",81e1c491be00,cpu,and,False,27,0,,,12489156.0,12489156.0,,,
16782831,"12489156,eax,|=,31,$s,sf,:=,$z,zf,:=,$p,pf,:=,0,of,:=,0,cf,:=",False,16782768,16783036,5,"or eax, 0xbe91c4","or eax, 0xbe91c4",0dc491be00,cpu,or,False,26,0,,,12489156.0,12489156.0,,,
16782836,"eax,ecx,+=,31,$o,of,:=,31,$s,sf,:=,$z,zf,:=,31,$c,cf,:=,$p,pf,:=,3,$c,af,:=",False,16782768,16783039,2,"add ecx, eax","add ecx, eax",01c1,cpu,add,False,17,0,,,,,,,
16782838,"ecx,0x14,rbp,-,=[4]",True,16782768,16783038,3,"mov dword [rbp - 0x14], ecx","mov dword [var_1ch], ecx",894dec,cpu,mov,False,268435465,0,,,,,,,
16782841,"ecx,rdx,=",False,16782768,16783039,2,"mov edx, ecx","mov edx, ecx",89ca,cpu,mov,False,9,0,,,,,,,
16782843,"edx,!,!,cf,:=,edx,0xffffffff,^,1,+,edx,=,$z,zf,:=,0,of,:=,31,$s,sf,:=,31,$o,pf,:=",False,16782768,16783039,2,neg edx,neg edx,f7da,cpu,sub,False,18,0,,,,,,,
16782845,"ecx,rax,=",False,16782768,16783039,2,"mov eax, ecx","mov eax, ecx",89c8,cpu,mov,False,9,0,,,,,,,
16782847,"sf,!,?{,edx,eax,=,}",False,16782768,16783038,3,"cmovns eax, edx","cmovns eax, edx",0f49c2,cpu,cmov,False,2147483657,0,,,,,,,
16782850,,False,16782768,16783037,4,"cvtsi2sd xmm0, eax","cvtsi2sd xmm0, eax",f20f2ac0,sse,null,False,0,0,,,,,,,
16782854,,False,16782768,16783037,4,"sqrtsd xmm0, xmm0","sqrtsd xmm0, xmm0",f20f51c0,sse,null,False,0,0,,,,,,,
16782858,"xmm0,0x10,rbp,-,=[8]",True,16782768,16783036,5,"movsd qword [rbp - 0x10], xmm0","movsd qword [var_18h], xmm0",f20f1145f0,sse,mov,False,268435465,0,,,,,,,
16782863,"ecx,rax,=",False,16782768,16783039,2,"mov eax, ecx","mov eax, ecx",89c8,cpu,mov,False,9,0,,,,,,,
16782865,"0,cf,:=,1,16,-,1,<<,eax,&,?{,1,cf,:=,},16,eax,>>,eax,=,$z,zf,:=,$p,pf,:=,31,$s,sf,:=",False,16782768,16783038,3,"shr eax, 0x10","shr eax, 0x10",c1e810,cpu,shr,False,22,0,,,16.0,,,,
16782868,"3486519210,rax,^,0xffffffff,&,rax,=,$z,zf,:=,$p,pf,:=,31,$s,sf,:=,0,cf,:=,0,of,:=",False,16782768,16783036,5,"xor eax, 0xcfd00faa","xor eax, 0xcfd00faa",35aa0fd0cf,cpu,xor,False,28,0,,,3486519210.0,3486519210.0,,,
16782873,"0,cf,:=,1,14,-,1,<<,eax,&,?{,1,cf,:=,},14,eax,>>,eax,=,$z,zf,:=,$p,pf,:=,31,$s,sf,:=",False,16782768,16783038,3,"shr eax, 0xe","shr eax, 0xe",c1e80e,cpu,shr,False,22,0,,,14.0,,,,
16782876,"2,rax,&,0xffffffff,&,rax,=,$z,zf,:=,$p,pf,:=,31,$s,sf,:=,0,cf,:=,0,of,:=",False,16782768,16783038,3,"and eax, 2","and eax, 2",83e002,cpu,and,False,27,0,,,2.0,,,,
16782879,"0,eax,==,$z,zf,:=,32,$b,cf,:=,$p,pf,:=,31,$s,sf,:=,0,0x80000000,-,!,31,$o,^,of,:=,3,$b,af,:=",False,16782768,16783038,3,"cmp eax, 0","cmp eax, 0",83f800,cpu,cmp,False,15,0,,,0.0,0.0,,,
16782882,"zf,al,=",False,16782768,16783038,3,sete al,sete al,0f94c0,cpu,cmov,False,2147483657,0,,,,,,,
16782885,"0,ecx,==,$z,zf,:=,32,$b,cf,:=,$p,pf,:=,31,$s,sf,:=,0,0x80000000,-,!,31,$o,^,of,:=,3,$b,af,:=",False,16782768,16783038,3,"cmp ecx, 0","cmp ecx, 0",83f900,cpu,cmp,False,15,0,,,0.0,0.0,,,
16782888,"zf,!,cl,=",False,16782768,16783038,3,setne cl,setne cl,0f95c1,cpu,cmov,False,2147483657,0,,,,,,,
16782891,"cl,al,&=,$z,zf,:=,$p,pf,:=,7,$s,sf,:=,0,cf,:=,0,of,:=",False,16782768,16783039,2,"and al, cl","and al, cl",20c8,cpu,and,False,27,0,,,,,,,
16782893,"0,1,al,&,==,$z,zf,:=,$p,pf,:=,7,$s,sf,:=,0,cf,:=,0,of,:=",False,16782768,16783039,2,"test al, 1","test al, 1",a801,cpu,acmp,False,16,0,,,1.0,1.0,,,
16782895,"zf,!,?{,16782899,rip,=,}",False,16782768,16783039,2,jne 0x1001633,jne 0x1001633,7502,cpu,cjmp,False,2147483649,0,,,,,16782899.0,16782897.0,
16782897,"0x1001655,rip,=",False,16782768,16783039,2,jmp 0x1001655,jmp 0x1001655,eb22,cpu,jmp,False,1,0,,,,,16782933.0,,"[{'addr': 16782933, 'type': 'CODE'}]"
16782899,"0x4,rbp,-,[4],rcx,=",True,16782768,16783038,3,"mov ecx, dword [rbp - 4]","mov ecx, dword [var_ch]",8b4dfc,cpu,mov,False,9,0,,,,,,,
16782902,"0x10,rbp,-,[8],xmm1,=",True,16782768,16783036,5,"movsd xmm1, qword [rbp - 0x10]","movsd xmm1, qword [var_18h]",f20f104df0,sse,mov,False,9,0,,,,,,,
16782907,"0x11c3,rip,-,[8],xmm0,=",True,16782768,16783033,8,"movsd xmm0, qword [rip - 0x11c3]","movsd xmm0, qword [data.01000480]",f20f10053deeffff,sse,mov,False,9,0,,,,16778368.0,,,"[{'addr': 16778368, 'type': 'DATA'}]"
16782915,,False,16782768,16783037,4,"subsd xmm0, xmm1","subsd xmm0, xmm1",f20f5cc1,sse,null,False,0,0,,,,,,,
16782919,,False,16782768,16783037,4,"cvttsd2si eax, xmm0","cvttsd2si eax, xmm0",f20f2cc0,sse,null,False,0,0,,,,,,,
16782923,"0,1,!,!,?{,1,1,-,ecx,<<,0x80000000,&,!,!,^,},1,ecx,<<=,$z,zf,:=,$p,pf,:=,31,$s,sf,:=,cf,=",False,16782768,16783039,2,"shl ecx, 1","shl ecx, 1",d1e1,cpu,shl,False,23,0,,,,,,,
16782925,"0,edx,=,31,eax,>>,?{,0xffffffff,edx,=,}",False,16782768,16783040,1,cdq,cdq,99,cpu,null,False,0,0,,,,,,,
16782926,"32,ecx,~,32,edx,<<,eax,+,~%,32,ecx,~,32,edx,<<,eax,+,~/,eax,=,edx,=",False,16782768,16783039,2,idiv ecx,idiv ecx,f7f9,cpu,div,False,21,0,,,,,,,
16782928,"eax,0x8,rbp,-,=[4]",True,16782768,16783038,3,"mov dword [rbp - 8], eax","mov dword [var_10h], eax",8945f8,cpu,mov,False,268435465,0,,,,,,,
16782931,"0x10016b8,rip,=",False,16782768,16783039,2,jmp 0x10016b8,jmp 0x10016b8,eb63,cpu,jmp,False,1,0,,,,,16783032.0,,"[{'addr': 16783032, 'type': 'CODE'}]"
16782933,"0x4,rbp,-,[4],rcx,=",True,16782768,16783038,3,"mov ecx, dword [rbp - 4]","mov ecx, dword [var_ch]",8b4dfc,cpu,mov,False,9,0,,"[{'addr': 16782897, 'type': 'CODE'}]",,,,,
16782936,"0x14,rbp,-,[4],rdx,=",True,16782768,16783038,3,"mov edx, dword [rbp - 0x14]","mov edx, dword [var_1ch]",8b55ec,cpu,mov,False,9,0,,,,,,,
16782939,"edx,rax,=",False,16782768,16783039,2,"mov eax, edx","mov eax, edx",89d0,cpu,mov,False,9,0,,,,,,,
16782941,"0,1,!,!,?{,1,1,-,eax,<<,0x80000000,&,!,!,^,},1,eax,<<=,$z,zf,:=,$p,pf,:=,31,$s,sf,:=,cf,=",False,16782768,16783039,2,"shl eax, 1","shl eax, 1",d1e0,cpu,shl,False,23,0,,,,,,,
16782943,"edx,rax,^,0xffffffff,&,rax,=,$z,zf,:=,$p,pf,:=,31,$s,sf,:=,0,cf,:=,0,of,:=",False,16782768,16783039,2,"xor eax, edx","xor eax, edx",31d0,cpu,xor,False,28,0,,,,,,,
16782945,"0,1,!,!,?{,1,1,-,ecx,<<,0x80000000,&,!,!,^,},1,ecx,<<=,$z,zf,:=,$p,pf,:=,31,$s,sf,:=,cf,=",False,16782768,16783039,2,"shl ecx, 1","shl ecx, 1",d1e1,cpu,shl,False,23,0,,,,,,,
16782947,"ecx,0x18,rbp,-,=[4]",True,16782768,16783038,3,"mov dword [rbp - 0x18], ecx","mov dword [var_20h], ecx",894de8,cpu,mov,False,268435465,0,,,,,,,
16782950,"0,eax,==,$z,zf,:=,32,$b,cf,:=,$p,pf,:=,31,$s,sf,:=,0,0x80000000,-,!,31,$o,^,of,:=,3,$b,af,:=",False,16782768,16783038,3,"cmp eax, 0","cmp eax, 0",83f800,cpu,cmp,False,15,0,,,0.0,0.0,,,
16782953,"zf,!,?{,16782977,rip,=,}",False,16782768,16783039,2,jne 0x1001681,jne 0x1001681,7516,cpu,cjmp,False,2147483649,0,,,,,16782977.0,16782955.0,
16782955,"0x18,rbp,-,[4],rcx,=",True,16782768,16783038,3,"mov ecx, dword [rbp - 0x18]","mov ecx, dword [var_20h]",8b4de8,cpu,mov,False,9,0,,,,,,,
16782958,"3534,rax,=",False,16782768,16783036,5,"mov eax, 0xdce","mov eax, 0xdce",b8ce0d0000,cpu,mov,False,9,0,,,3534.0,3534.0,,,
16782963,"0,edx,=,31,eax,>>,?{,0xffffffff,edx,=,}",False,16782768,16783040,1,cdq,cdq,99,cpu,null,False,0,0,,,,,,,
16782964,"32,ecx,~,32,edx,<<,eax,+,~%,32,ecx,~,32,edx,<<,eax,+,~/,eax,=,edx,=",False,16782768,16783039,2,idiv ecx,idiv ecx,f7f9,cpu,div,False,21,0,,,,,,,
16782966,"eax,rcx,=",False,16782768,16783039,2,"mov ecx, eax","mov ecx, eax",89c1,cpu,mov,False,9,0,,,,,,,
16782968,"eax,rax,^,0xffffffff,&,rax,=,$z,zf,:=,$p,pf,:=,31,$s,sf,:=,0,cf,:=,0,of,:=",False,16782768,16783039,2,"xor eax, eax","xor eax, eax",31c0,cpu,xor,False,28,0,,,,,,,
16782970,"ecx,eax,-=,ecx,0x80000000,-,!,31,$o,^,of,:=,31,$s,sf,:=,$z,zf,:=,$p,pf,:=,32,$b,cf,:=,3,$b,af,:=",False,16782768,16783039,2,"sub eax, ecx","sub eax, ecx",29c8,cpu,sub,False,18,0,,,,,,,
16782972,"eax,0x8,rbp,-,=[4]",True,16782768,16783038,3,"mov dword [rbp - 8], eax","mov dword [var_10h], eax",8945f8,cpu,mov,False,268435465,0,,,,,,,
16782975,"0x10016b8,rip,=",False,16782768,16783039,2,jmp 0x10016b8,jmp 0x10016b8,eb37,cpu,jmp,False,1,0,,,,,16783032.0,,"[{'addr': 16783032, 'type': 'CODE'}]"
16782977,"0x10,rbp,-,[8],xmm0,=",True,16782768,16783036,5,"movsd xmm0, qword [rbp - 0x10]","movsd xmm0, qword [var_18h]",f20f1045f0,sse,mov,False,9,0,,,,,,,
16782982,"0x18,rbp,-,[4],rcx,=",True,16782768,16783038,3,"mov ecx, dword [rbp - 0x18]","mov ecx, dword [var_20h]",8b4de8,cpu,mov,False,9,0,,,,,,,
16782985,"4294963762,rax,=",False,16782768,16783036,5,"mov eax, 0xfffff232","mov eax, 0xfffff232",b832f2ffff,cpu,mov,False,9,0,,,4294963762.0,4294963762.0,,,
16782990,"0,edx,=,31,eax,>>,?{,0xffffffff,edx,=,}",False,16782768,16783040,1,cdq,cdq,99,cpu,null,False,0,0,,,,,,,
16782991,"32,ecx,~,32,edx,<<,eax,+,~%,32,ecx,~,32,edx,<<,eax,+,~/,eax,=,edx,=",False,16782768,16783039,2,idiv ecx,idiv ecx,f7f9,cpu,div,False,21,0,,,,,,,
16782993,"eax,rcx,=",False,16782768,16783039,2,"mov ecx, eax","mov ecx, eax",89c1,cpu,mov,False,9,0,,,,,,,
16782995,"0x18,rbp,-,[4],rax,=",True,16782768,16783038,3,"mov eax, dword [rbp - 0x18]","mov eax, dword [var_20h]",8b45e8,cpu,mov,False,9,0,,,,,,,
16782998,,False,16782768,16783037,4,"cvtsi2sd xmm2, ecx","cvtsi2sd xmm2, ecx",f20f2ad1,sse,null,False,0,0,,,,,,,
16783002,,False,16782768,16783037,4,"cvtsi2sd xmm1, eax","cvtsi2sd xmm1, eax",f20f2ac8,sse,null,False,0,0,,,,,,,
16783006,,False,16782768,16783037,4,"divsd xmm0, xmm1","divsd xmm0, xmm1",f20f5ec1,sse,null,False,0,0,,,,,,,
16783010,"xmm0,xmm1,=",False,16782768,16783038,3,"movaps xmm1, xmm0","movaps xmm1, xmm0",0f28c8,sse,mov,False,9,0,,,,,,,
16783013,"xmm2,xmm1,+=",False,16782768,16783037,4,"addsd xmm1, xmm2","addsd xmm1, xmm2",f20f58ca,sse,add,False,17,0,,,124.0,,,,
16783017,"xmm2,xmm1,+=",False,16782768,16783037,4,"addsd xmm1, xmm2","addsd xmm1, xmm2",f20f58ca,sse,add,False,17,0,,,124.0,,,,
16783021,"xmm1,xmm0,+=",False,16782768,16783037,4,"addsd xmm0, xmm1","addsd xmm0, xmm1",f20f58c1,sse,add,False,17,0,,,123.0,,,,
16783025,,False,16782768,16783037,4,"cvttsd2si eax, xmm0","cvttsd2si eax, xmm0",f20f2cc0,sse,null,False,0,0,,,,,,,
16783029,"eax,0x8,rbp,-,=[4]",True,16782768,16783038,3,"mov dword [rbp - 8], eax","mov dword [var_10h], eax",8945f8,cpu,mov,False,268435465,0,,,,,,,
16783032,"0x8,rbp,-,[4],rax,=",True,16782768,16783038,3,"mov eax, dword [rbp - 8]","mov eax, dword [var_10h]",8b45f8,cpu,mov,False,9,0,,"[{'addr': 16782809, 'type': 'CODE'}, {'addr': 16782931, 'type': 'CODE'}, {'addr': 16782975, 'type': 'CODE'}]",,,,,
16783035,"32,rsp,+=,63,$o,of,:=,63,$s,sf,:=,$z,zf,:=,63,$c,cf,:=,$p,pf,:=,3,$c,af,:=",False,16782768,16783037,4,"add rsp, 0x20","add rsp, 0x20",4883c420,cpu,add,False,17,0,,,32.0,,,,
16783039,"rsp,[8],8,rsp,+=,rbp,=",False,16782768,16783040,1,pop rbp,pop rbp,5d,cpu,pop,False,14,0,,,,,,,
16783040,"rsp,[8],rip,=,8,rsp,+=",False,16782768,16783040,1,ret,ret,c3,cpu,ret,False,5,0,,,,,,,
