offset,esil,refptr,fcn_addr,fcn_last,size,opcode,disasm,bytes,family,type,reloc,type_num,type2_num,flags,xrefs_to,val,jump,fail,ptr,xrefs_from,comment
16784672,"rbp,8,rsp,-,=[8],8,rsp,-=",False,16784672,16785041,1,push rbp,push rbp,55,cpu,rpush,False,268435468,0,['sym.analyze_pattern'],"[{'addr': 16783250, 'type': 'CALL'}, {'addr': 16785009, 'type': 'CALL'}]",,,,,,
16784673,"rsp,rbp,=",False,16784672,16785039,3,"mov rbp, rsp","mov rbp, rsp",4889e5,cpu,mov,False,9,0,,,,,,,,
16784676,"64,rsp,-=,64,0x8000000000000000,-,!,63,$o,^,of,:=,63,$s,sf,:=,$z,zf,:=,$p,pf,:=,64,$b,cf,:=,3,$b,af,:=",False,16784672,16785038,4,"sub rsp, 0x40","sub rsp, 0x40",4883ec40,cpu,sub,False,18,0,,,64.0,,,,,
16784680,"0,0x30,rbp,-,=[4]",True,16784672,16785035,7,"mov dword [rbp - 0x30], 0","mov dword [var_38h], 0",c745d000000000,cpu,mov,False,268435465,0,,,0.0,,,,,
16784687,"0,0x1c,rbp,-,=[4]",True,16784672,16785035,7,"mov dword [rbp - 0x1c], 0","mov dword [var_24h], 0",c745e400000000,cpu,mov,False,268435465,0,,,0.0,,,,,
16784694,"edi,0x18,rbp,-,=[4]",True,16784672,16785039,3,"mov dword [rbp - 0x18], edi","mov dword [var_20h], edi",897de8,cpu,mov,False,268435465,0,,,,,,,,
16784697,"0x30,rbp,-,[4],rax,=",True,16784672,16785039,3,"mov eax, dword [rbp - 0x30]","mov eax, dword [var_38h]",8b45d0,cpu,mov,False,9,0,,"[{'addr': 16784732, 'type': 'CODE'}]",,,,,,
16784700,"rax,0x38,rbp,-,=[8]",True,16784672,16785038,4,"mov qword [rbp - 0x38], rax","mov qword [var_40h], rax",488945c8,cpu,mov,False,268435465,0,,,,,,,,
16784704,"7,rax,-=,7,0x8000000000000000,-,!,63,$o,^,of,:=,63,$s,sf,:=,$z,zf,:=,$p,pf,:=,64,$b,cf,:=,3,$b,af,:=",False,16784672,16785038,4,"sub rax, 7","sub rax, 7",4883e807,cpu,sub,False,18,0,,,7.0,,,,,
16784708,"cf,zf,|,!,?{,16784730,rip,=,}",False,16784672,16785040,2,ja 0x1001d5a,ja 0x1001d5a,7714,cpu,cjmp,False,2147483649,0,,,,16784730.0,16784710.0,,,
16784710,"0x38,rbp,-,[8],rax,=",True,16784672,16785038,4,"mov rax, qword [rbp - 0x38]","mov rax, qword [var_40h]",488b45c8,cpu,mov,False,9,0,,,,,,,,
16784714,"0x186d,rip,-,rcx,=",True,16784672,16785035,7,"lea rcx, [rip - 0x186d]","lea rcx, data.010004e4",488d0d93e7ffff,cpu,lea,False,33,0,,,,,,16778468.0,"[{'addr': 16778468, 'type': 'DATA'}]",
16784721,"32,rax,4,*,rcx,+,[4],~,rax,=",True,16784672,16785038,4,"movsxd rax, dword [rcx + rax*4]","movsxd rax, dword [rcx + rax*4]",48630481,cpu,mov,False,9,0,,,,,,,,
16784725,"rcx,rax,+=,63,$o,of,:=,63,$s,sf,:=,$z,zf,:=,63,$c,cf,:=,$p,pf,:=,3,$c,af,:=",False,16784672,16785039,3,"add rax, rcx","add rax, rcx",4801c8,cpu,add,False,17,0,,,,,,,,
16784728,"rax,rip,=",False,16784672,16785040,2,jmp rax,jmp rax,ffe0,cpu,rjmp,False,268435458,0,['switch.0x01001d58'],,,,,,"[{'addr': 16784734, 'type': 'CODE'}, {'addr': 16784768, 'type': 'CODE'}, {'addr': 16784821, 'type': 'CODE'}, {'addr': 16784874, 'type': 'CODE'}, {'addr': 16784922, 'type': 'CODE'}, {'addr': 16784931, 'type': 'CODE'}, {'addr': 16784952, 'type': 'CODE'}, {'addr': 16784988, 'type': 'CODE'}]",c3dpdGNoIHRhYmxlICg4IGNhc2VzKSBhdCAweDEwMDA0ZTQ=
16784730,"0x1001d5c,rip,=",False,16784672,16785040,2,jmp 0x1001d5c,jmp 0x1001d5c,eb00,cpu,jmp,False,1,0,,,,16784732.0,,,"[{'addr': 16784732, 'type': 'CODE'}]",
16784732,"0x1001d39,rip,=",False,16784672,16785040,2,jmp 0x1001d39,jmp 0x1001d39,ebdb,cpu,jmp,False,1,0,,"[{'addr': 16784730, 'type': 'CODE'}, {'addr': 16784766, 'type': 'CODE'}, {'addr': 16784819, 'type': 'CODE'}, {'addr': 16784869, 'type': 'CODE'}, {'addr': 16784917, 'type': 'CODE'}, {'addr': 16784947, 'type': 'CODE'}, {'addr': 16784983, 'type': 'CODE'}, {'addr': 16785037, 'type': 'CODE'}]",,16784697.0,,,"[{'addr': 16784697, 'type': 'CODE'}]",
16784734,"0x18,rbp,-,[4],rcx,=",True,16784672,16785039,3,"mov ecx, dword [rbp - 0x18]","mov ecx, dword [var_20h]",8b4de8,cpu,mov,False,9,0,['case.0x1001d58.0'],"[{'addr': 16784728, 'type': 'CODE'}]",,,,,,
16784737,"0x1c,rbp,-,[4],rax,=",True,16784672,16785039,3,"mov eax, dword [rbp - 0x1c]","mov eax, dword [var_24h]",8b45e4,cpu,mov,False,9,0,,,,,,,,
16784740,"ecx,0x28,rbp,-,=[4]",True,16784672,16785039,3,"mov dword [rbp - 0x28], ecx","mov dword [var_30h], ecx",894dd8,cpu,mov,False,268435465,0,,,,,,,,
16784743,"eax,0x2c,rbp,-,=[4]",True,16784672,16785039,3,"mov dword [rbp - 0x2c], eax","mov dword [var_34h], eax",8945d4,cpu,mov,False,268435465,0,,,,,,,,
16784746,"1,rax,=",False,16784672,16785037,5,"mov eax, 1","mov eax, 1",b801000000,cpu,mov,False,9,0,,,1.0,,,,,
16784751,"5,rcx,=",False,16784672,16785037,5,"mov ecx, 5","mov ecx, 5",b905000000,cpu,mov,False,9,0,,,5.0,,,,,
16784756,"1,0x28,rbp,-,[4],==,$z,zf,:=,32,$b,cf,:=,$p,pf,:=,31,$s,sf,:=,1,0x80000000,-,!,31,$o,^,of,:=,3,$b,af,:=",True,16784672,16785038,4,"cmp dword [rbp - 0x28], 1","cmp dword [var_30h], 1",837dd801,cpu,cmp,False,268435471,0,,,1.0,,,,,
16784760,"sf,of,^,?{,ecx,eax,=,}",False,16784672,16785039,3,"cmovl eax, ecx","cmovl eax, ecx",0f4cc1,cpu,cmov,False,2147483657,0,,,,,,,,
16784763,"eax,0x30,rbp,-,=[4]",True,16784672,16785039,3,"mov dword [rbp - 0x30], eax","mov dword [var_38h], eax",8945d0,cpu,mov,False,268435465,0,,,,,,,,
16784766,"0x1001d5c,rip,=",False,16784672,16785040,2,jmp 0x1001d5c,jmp 0x1001d5c,ebdc,cpu,jmp,False,1,0,,,,16784732.0,,,"[{'addr': 16784732, 'type': 'CODE'}]",
16784768,"0x28,rbp,-,[4],rdx,=",True,16784672,16785039,3,"mov edx, dword [rbp - 0x28]","mov edx, dword [var_30h]",8b55d8,cpu,mov,False,9,0,['case.0x1001d58.1'],"[{'addr': 16784728, 'type': 'CODE'}]",,,,,,
16784771,"1,rdx,&,0xffffffff,&,rdx,=,$z,zf,:=,$p,pf,:=,31,$s,sf,:=,0,cf,:=,0,of,:=",False,16784672,16785039,3,"and edx, 1","and edx, 1",83e201,cpu,and,False,27,0,,,1.0,,,,,
16784774,"3,rax,=",False,16784672,16785037,5,"mov eax, 3","mov eax, 3",b803000000,cpu,mov,False,9,0,,,3.0,,,,,
16784779,"2,rcx,=",False,16784672,16785037,5,"mov ecx, 2","mov ecx, 2",b902000000,cpu,mov,False,9,0,,,2.0,,,,,
16784784,"0,edx,==,$z,zf,:=,32,$b,cf,:=,$p,pf,:=,31,$s,sf,:=,0,0x80000000,-,!,31,$o,^,of,:=,3,$b,af,:=",False,16784672,16785039,3,"cmp edx, 0","cmp edx, 0",83fa00,cpu,cmp,False,15,0,,,0.0,,,0.0,,
16784787,"zf,?{,ecx,eax,=,}",False,16784672,16785039,3,"cmove eax, ecx","cmove eax, ecx",0f44c1,cpu,cmov,False,2147483657,0,,,,,,,,
16784790,"eax,0x30,rbp,-,=[4]",True,16784672,16785039,3,"mov dword [rbp - 0x30], eax","mov dword [var_38h], eax",8945d0,cpu,mov,False,268435465,0,,,,,,,,
16784793,"0x28,rbp,-,[4],rax,=",True,16784672,16785039,3,"mov eax, dword [rbp - 0x28]","mov eax, dword [var_30h]",8b45d8,cpu,mov,False,9,0,,,,,,,,
16784796,"0x28,rbp,-,[4],rcx,=",True,16784672,16785039,3,"mov ecx, dword [rbp - 0x28]","mov ecx, dword [var_30h]",8b4dd8,cpu,mov,False,9,0,,,,,,,,
16784799,"0,0x14,rbp,-,=[4]",True,16784672,16785035,7,"mov dword [rbp - 0x14], 0","mov dword [var_1ch], 0",c745ec00000000,cpu,mov,False,268435465,0,,,0.0,,,,,
16784806,"ecx,0x10,rbp,-,=[4]",True,16784672,16785039,3,"mov dword [rbp - 0x10], ecx","mov dword [var_18h], ecx",894df0,cpu,mov,False,268435465,0,,,,,,,,
16784809,"eax,0xc,rbp,-,=[4]",True,16784672,16785039,3,"mov dword [rbp - 0xc], eax","mov dword [var_14h], eax",8945f4,cpu,mov,False,268435465,0,,,,,,,,
16784812,"0,0x8,rbp,-,=[4]",True,16784672,16785035,7,"mov dword [rbp - 8], 0","mov dword [var_10h], 0",c745f800000000,cpu,mov,False,268435465,0,,,0.0,,,,,
16784819,"0x1001d5c,rip,=",False,16784672,16785040,2,jmp 0x1001d5c,jmp 0x1001d5c,eba7,cpu,jmp,False,1,0,,,,16784732.0,,,"[{'addr': 16784732, 'type': 'CODE'}]",
16784821,"0x10,rbp,-,[4],rdi,=",True,16784672,16785039,3,"mov edi, dword [rbp - 0x10]","mov edi, dword [var_18h]",8b7df0,cpu,mov,False,9,0,['case.0x1001d58.2'],"[{'addr': 16784728, 'type': 'CODE'}]",,,,,,
16784824,"0x14,rbp,-,[4],rdx,=",True,16784672,16785039,3,"mov edx, dword [rbp - 0x14]","mov edx, dword [var_1ch]",8b55ec,cpu,mov,False,9,0,,,,,,,,
16784827,"edi,rcx,=",False,16784672,16785040,2,"mov ecx, edi","mov ecx, edi",89f9,cpu,mov,False,9,0,,,,,,,,
16784829,"0,cf,:=,1,1,-,1,<<,ecx,&,?{,1,cf,:=,},1,ecx,>>,ecx,=,$z,zf,:=,$p,pf,:=,31,$s,sf,:=",False,16784672,16785040,2,"shr ecx, 1","shr ecx, 1",d1e9,cpu,shr,False,22,0,,,1.0,,,,,
16784831,"edi,rax,=",False,16784672,16785040,2,"mov eax, edi","mov eax, edi",89f8,cpu,mov,False,9,0,,,,,,,,
16784833,"edx,eax,+=,31,$o,of,:=,31,$s,sf,:=,$z,zf,:=,31,$c,cf,:=,$p,pf,:=,3,$c,af,:=",False,16784672,16785040,2,"add eax, edx","add eax, edx",01d0,cpu,add,False,17,0,,,,,,,,
16784835,"2,rdi,&,0xffffffff,&,rdi,=,$z,zf,:=,$p,pf,:=,31,$s,sf,:=,0,cf,:=,0,of,:=",False,16784672,16785039,3,"and edi, 2","and edi, 2",83e702,cpu,and,False,27,0,,,2.0,,,,,
16784838,"3,rdx,=",False,16784672,16785037,5,"mov edx, 3","mov edx, 3",ba03000000,cpu,mov,False,9,0,,,3.0,,,,,
16784843,"2,rsi,=",False,16784672,16785037,5,"mov esi, 2","mov esi, 2",be02000000,cpu,mov,False,9,0,,,2.0,,,,,
16784848,"0,edi,==,$z,zf,:=,32,$b,cf,:=,$p,pf,:=,31,$s,sf,:=,0,0x80000000,-,!,31,$o,^,of,:=,3,$b,af,:=",False,16784672,16785039,3,"cmp edi, 0","cmp edi, 0",83ff00,cpu,cmp,False,15,0,,,0.0,,,0.0,,
16784851,"zf,?{,esi,edx,=,}",False,16784672,16785039,3,"cmove edx, esi","cmove edx, esi",0f44d6,cpu,cmov,False,2147483657,0,,,,,,,,
16784854,"edx,0x30,rbp,-,=[4]",True,16784672,16785039,3,"mov dword [rbp - 0x30], edx","mov dword [var_38h], edx",8955d0,cpu,mov,False,268435465,0,,,,,,,,
16784857,"eax,0x14,rbp,-,=[4]",True,16784672,16785039,3,"mov dword [rbp - 0x14], eax","mov dword [var_1ch], eax",8945ec,cpu,mov,False,268435465,0,,,,,,,,
16784860,"ecx,0x10,rbp,-,=[4]",True,16784672,16785039,3,"mov dword [rbp - 0x10], ecx","mov dword [var_18h], ecx",894df0,cpu,mov,False,268435465,0,,,,,,,,
16784863,"ecx,0xc,rbp,-,=[4]",True,16784672,16785039,3,"mov dword [rbp - 0xc], ecx","mov dword [var_14h], ecx",894df4,cpu,mov,False,268435465,0,,,,,,,,
16784866,"eax,0x8,rbp,-,=[4]",True,16784672,16785039,3,"mov dword [rbp - 8], eax","mov dword [var_10h], eax",8945f8,cpu,mov,False,268435465,0,,,,,,,,
16784869,"0x1001d5c,rip,=",False,16784672,16785037,5,jmp 0x1001d5c,jmp 0x1001d5c,e972ffffff,cpu,jmp,False,1,0,,,,16784732.0,,,"[{'addr': 16784732, 'type': 'CODE'}]",
16784874,"0x8,rbp,-,[4],rcx,=",True,16784672,16785039,3,"mov ecx, dword [rbp - 8]","mov ecx, dword [var_10h]",8b4df8,cpu,mov,False,9,0,['case.0x1001d58.3'],"[{'addr': 16784728, 'type': 'CODE'}]",,,,,,
16784877,"0xc,rbp,-,[4],rax,=",True,16784672,16785039,3,"mov eax, dword [rbp - 0xc]","mov eax, dword [var_14h]",8b45f4,cpu,mov,False,9,0,,,,,,,,
16784880,"ecx,0x20,rbp,-,=[4]",True,16784672,16785039,3,"mov dword [rbp - 0x20], ecx","mov dword [var_28h], ecx",894de0,cpu,mov,False,268435465,0,,,,,,,,
16784883,"eax,0x24,rbp,-,=[4]",True,16784672,16785039,3,"mov dword [rbp - 0x24], eax","mov dword [var_2ch], eax",8945dc,cpu,mov,False,268435465,0,,,,,,,,
16784886,"0x24,rbp,-,[4],rax,=",True,16784672,16785039,3,"mov eax, dword [rbp - 0x24]","mov eax, dword [var_2ch]",8b45dc,cpu,mov,False,9,0,,,,,,,,
16784889,"3,rcx,=",False,16784672,16785037,5,"mov ecx, 3","mov ecx, 3",b903000000,cpu,mov,False,9,0,,,3.0,,,,,
16784894,"edx,rdx,^,0xffffffff,&,rdx,=,$z,zf,:=,$p,pf,:=,31,$s,sf,:=,0,cf,:=,0,of,:=",False,16784672,16785040,2,"xor edx, edx","xor edx, edx",31d2,cpu,xor,False,28,0,,,,,,,,
16784896,"ecx,32,edx,<<,eax,+,%,ecx,32,edx,<<,eax,+,/,eax,=,edx,=",False,16784672,16785040,2,div ecx,div ecx,f7f1,cpu,div,False,21,0,,,,,,,,
16784898,"7,rax,=",False,16784672,16785037,5,"mov eax, 7","mov eax, 7",b807000000,cpu,mov,False,9,0,,,7.0,,,,,
16784903,"6,rcx,=",False,16784672,16785037,5,"mov ecx, 6","mov ecx, 6",b906000000,cpu,mov,False,9,0,,,6.0,,,,,
16784908,"0,edx,==,$z,zf,:=,32,$b,cf,:=,$p,pf,:=,31,$s,sf,:=,0,0x80000000,-,!,31,$o,^,of,:=,3,$b,af,:=",False,16784672,16785039,3,"cmp edx, 0","cmp edx, 0",83fa00,cpu,cmp,False,15,0,,,0.0,,,0.0,,
16784911,"zf,?{,ecx,eax,=,}",False,16784672,16785039,3,"cmove eax, ecx","cmove eax, ecx",0f44c1,cpu,cmov,False,2147483657,0,,,,,,,,
16784914,"eax,0x30,rbp,-,=[4]",True,16784672,16785039,3,"mov dword [rbp - 0x30], eax","mov dword [var_38h], eax",8945d0,cpu,mov,False,268435465,0,,,,,,,,
16784917,"0x1001d5c,rip,=",False,16784672,16785037,5,jmp 0x1001d5c,jmp 0x1001d5c,e942ffffff,cpu,jmp,False,1,0,,,,16784732.0,,,"[{'addr': 16784732, 'type': 'CODE'}]",
16784922,"0x4,rbp,-,[4],rax,=",True,16784672,16785039,3,"mov eax, dword [rbp - 4]","mov eax, dword [var_ch]",8b45fc,cpu,mov,False,9,0,['case.0x1001d58.4'],"[{'addr': 16784728, 'type': 'CODE'}]",,,,,,
16784925,"64,rsp,+=,63,$o,of,:=,63,$s,sf,:=,$z,zf,:=,63,$c,cf,:=,$p,pf,:=,3,$c,af,:=",False,16784672,16785038,4,"add rsp, 0x40","add rsp, 0x40",4883c440,cpu,add,False,17,0,,,64.0,,,,,
16784929,"rsp,[8],8,rsp,+=,rbp,=",False,16784672,16785041,1,pop rbp,pop rbp,5d,cpu,pop,False,14,0,,,,,,,,
16784930,"rsp,[8],rip,=,8,rsp,+=",False,16784672,16785041,1,ret,ret,c3,cpu,ret,False,5,0,,,,,,,,
16784931,"0x2c,rbp,-,[4],rax,=",True,16784672,16785039,3,"mov eax, dword [rbp - 0x2c]","mov eax, dword [var_34h]",8b45d4,cpu,mov,False,9,0,['case.0x1001d58.5'],"[{'addr': 16784728, 'type': 'CODE'}]",,,,,,
16784934,"0,eax,+=,31,$o,of,:=,31,$s,sf,:=,$z,zf,:=,31,$c,cf,:=,$p,pf,:=,3,$c,af,:=",False,16784672,16785039,3,"add eax, 0","add eax, 0",83c000,cpu,add,False,17,0,,,0.0,,,,,
16784937,"4,0x30,rbp,-,=[4]",True,16784672,16785035,7,"mov dword [rbp - 0x30], 4","mov dword [var_38h], 4",c745d004000000,cpu,mov,False,268435465,0,,,4.0,,,,,
16784944,"eax,0x4,rbp,-,=[4]",True,16784672,16785039,3,"mov dword [rbp - 4], eax","mov dword [var_ch], eax",8945fc,cpu,mov,False,268435465,0,,,,,,,,
16784947,"0x1001d5c,rip,=",False,16784672,16785037,5,jmp 0x1001d5c,jmp 0x1001d5c,e924ffffff,cpu,jmp,False,1,0,,,,16784732.0,,,"[{'addr': 16784732, 'type': 'CODE'}]",
16784952,"0x24,rbp,-,[4],rax,=",True,16784672,16785039,3,"mov eax, dword [rbp - 0x24]","mov eax, dword [var_2ch]",8b45dc,cpu,mov,False,9,0,['case.0x1001d58.6'],"[{'addr': 16784728, 'type': 'CODE'}]",,,,,,
16784955,"18446744073709551611,eax,+=,31,$o,of,:=,31,$s,sf,:=,$z,zf,:=,31,$c,cf,:=,$p,pf,:=,3,$c,af,:=",False,16784672,16785039,3,"add eax, 0xfffffffb","add eax, 0xfffffffb",83c0fb,cpu,add,False,17,0,,,1.8446744073709552e+19,,,,,
16784958,"0x24,rbp,-,[4],rcx,=",True,16784672,16785039,3,"mov ecx, dword [rbp - 0x24]","mov ecx, dword [var_2ch]",8b4ddc,cpu,mov,False,9,0,,,,,,,,
16784961,"0x20,rbp,-,[4],ecx,+=,31,$o,of,:=,31,$s,sf,:=,$z,zf,:=,31,$c,cf,:=,$p,pf,:=,3,$c,af,:=",True,16784672,16785039,3,"add ecx, dword [rbp - 0x20]","add ecx, dword [var_28h]",034de0,cpu,add,False,17,0,,,,,,,,
16784964,"18446744073709551613,ecx,+=,31,$o,of,:=,31,$s,sf,:=,$z,zf,:=,31,$c,cf,:=,$p,pf,:=,3,$c,af,:=",False,16784672,16785039,3,"add ecx, 0xfffffffd","add ecx, 0xfffffffd",83c1fd,cpu,add,False,17,0,,,1.8446744073709552e+19,,,,,
16784967,"0x2c,rbp,-,[4],ecx,+=,31,$o,of,:=,31,$s,sf,:=,$z,zf,:=,31,$c,cf,:=,$p,pf,:=,3,$c,af,:=",True,16784672,16785039,3,"add ecx, dword [rbp - 0x2c]","add ecx, dword [var_34h]",034dd4,cpu,add,False,17,0,,,,,,,,
16784970,"0,0x30,rbp,-,=[4]",True,16784672,16785035,7,"mov dword [rbp - 0x30], 0","mov dword [var_38h], 0",c745d000000000,cpu,mov,False,268435465,0,,,0.0,,,,,
16784977,"ecx,0x1c,rbp,-,=[4]",True,16784672,16785039,3,"mov dword [rbp - 0x1c], ecx","mov dword [var_24h], ecx",894de4,cpu,mov,False,268435465,0,,,,,,,,
16784980,"eax,0x18,rbp,-,=[4]",True,16784672,16785039,3,"mov dword [rbp - 0x18], eax","mov dword [var_20h], eax",8945e8,cpu,mov,False,268435465,0,,,,,,,,
16784983,"0x1001d5c,rip,=",False,16784672,16785037,5,jmp 0x1001d5c,jmp 0x1001d5c,e900ffffff,cpu,jmp,False,1,0,,,,16784732.0,,,"[{'addr': 16784732, 'type': 'CODE'}]",
16784988,"0x24,rbp,-,[4],rax,=",True,16784672,16785039,3,"mov eax, dword [rbp - 0x24]","mov eax, dword [var_2ch]",8b45dc,cpu,mov,False,9,0,['case.0x1001d58.7'],"[{'addr': 16784728, 'type': 'CODE'}]",,,,,,
16784991,"7,rcx,=",False,16784672,16785037,5,"mov ecx, 7","mov ecx, 7",b907000000,cpu,mov,False,9,0,,,7.0,,,,,
16784996,"edx,rdx,^,0xffffffff,&,rdx,=,$z,zf,:=,$p,pf,:=,31,$s,sf,:=,0,cf,:=,0,of,:=",False,16784672,16785040,2,"xor edx, edx","xor edx, edx",31d2,cpu,xor,False,28,0,,,,,,,,
16784998,"ecx,32,edx,<<,eax,+,%,ecx,32,edx,<<,eax,+,/,eax,=,edx,=",False,16784672,16785040,2,div ecx,div ecx,f7f1,cpu,div,False,21,0,,,,,,,,
16785000,"edx,0x3c,rbp,-,=[4]",True,16784672,16785039,3,"mov dword [rbp - 0x3c], edx","mov dword [var_44h], edx",8955c4,cpu,mov,False,268435465,0,,,,,,,,
16785003,"0x24,rbp,-,[4],rdi,=",True,16784672,16785039,3,"mov edi, dword [rbp - 0x24]","mov edi, dword [var_2ch]",8b7ddc,cpu,mov,False,9,0,,,,,,,,
16785006,"18446744073709551615,edi,+=,31,$o,of,:=,31,$s,sf,:=,$z,zf,:=,31,$c,cf,:=,$p,pf,:=,3,$c,af,:=",False,16784672,16785039,3,"add edi, 0xffffffff","add edi, 0xffffffff",83c7ff,cpu,add,False,17,0,,,,,,,,
16785009,"16784672,rip,8,rsp,-=,rsp,=[],rip,=",False,16784672,16785037,5,call 0x1001d20,call sym.analyze_pattern,e8aafeffff,cpu,call,False,3,0,,,,16784672.0,16785014.0,,"[{'addr': 16784672, 'type': 'CALL'}]",
16785014,"eax,rcx,=",False,16784672,16785040,2,"mov ecx, eax","mov ecx, eax",89c1,cpu,mov,False,9,0,,,,,,,,
16785016,"0x3c,rbp,-,[4],rax,=",True,16784672,16785039,3,"mov eax, dword [rbp - 0x3c]","mov eax, dword [var_44h]",8b45c4,cpu,mov,False,9,0,,,,,,,,
16785019,"0x20,rbp,-,[4],eax,+=,31,$o,of,:=,31,$s,sf,:=,$z,zf,:=,31,$c,cf,:=,$p,pf,:=,3,$c,af,:=",True,16784672,16785039,3,"add eax, dword [rbp - 0x20]","add eax, dword [var_28h]",0345e0,cpu,add,False,17,0,,,,,,,,
16785022,"ecx,eax,+=,31,$o,of,:=,31,$s,sf,:=,$z,zf,:=,31,$c,cf,:=,$p,pf,:=,3,$c,af,:=",False,16784672,16785040,2,"add eax, ecx","add eax, ecx",01c8,cpu,add,False,17,0,,,,,,,,
16785024,"0x2c,rbp,-,[4],eax,+=,31,$o,of,:=,31,$s,sf,:=,$z,zf,:=,31,$c,cf,:=,$p,pf,:=,3,$c,af,:=",True,16784672,16785039,3,"add eax, dword [rbp - 0x2c]","add eax, dword [var_34h]",0345d4,cpu,add,False,17,0,,,,,,,,
16785027,"4,0x30,rbp,-,=[4]",True,16784672,16785035,7,"mov dword [rbp - 0x30], 4","mov dword [var_38h], 4",c745d004000000,cpu,mov,False,268435465,0,,,4.0,,,,,
16785034,"eax,0x4,rbp,-,=[4]",True,16784672,16785039,3,"mov dword [rbp - 4], eax","mov dword [var_ch], eax",8945fc,cpu,mov,False,268435465,0,,,,,,,,
16785037,"0x1001d5c,rip,=",False,16784672,16785037,5,jmp 0x1001d5c,jmp 0x1001d5c,e9cafeffff,cpu,jmp,False,1,0,,,,16784732.0,,,"[{'addr': 16784732, 'type': 'CODE'}]",
