offset,esil,refptr,fcn_addr,fcn_last,size,opcode,disasm,bytes,family,type,reloc,type_num,type2_num,flags,xrefs_to,val,jump,fail,ptr,xrefs_from,comment
16783056,"rbp,8,rsp,-,=[8],8,rsp,-=",False,16783056,16783229,1,push rbp,push rbp,55,cpu,rpush,False,268435468,0,"['main', 'sym.main']","[{'addr': 16783037, 'type': 'DATA'}]",,,,,,
16783057,"rsp,rbp,=",False,16783056,16783227,3,"mov rbp, rsp","mov rbp, rsp",4889e5,cpu,mov,False,9,0,,,,,,,,
16783060,"32,rsp,-=,32,0x8000000000000000,-,!,63,$o,^,of,:=,63,$s,sf,:=,$z,zf,:=,$p,pf,:=,64,$b,cf,:=,3,$b,af,:=",False,16783056,16783226,4,"sub rsp, 0x20","sub rsp, 0x20",4883ec20,cpu,sub,False,18,0,,,32.0,,,,,
16783064,"edi,0x14,rbp,-,=[4]",True,16783056,16783227,3,"mov dword [rbp - 0x14], edi","mov dword [var_1ch], edi",897dec,cpu,mov,False,268435465,0,,,,,,,,
16783067,"rsi,0x10,rbp,-,=[8]",True,16783056,16783226,4,"mov qword [rbp - 0x10], rsi","mov qword [endptr], rsi",488975f0,cpu,mov,False,268435465,0,,,,,,,,
16783071,"0,0x8,rbp,-,=[4]",True,16783056,16783223,7,"mov dword [rbp - 8], 0","mov dword [var_10h], 0",c745f800000000,cpu,mov,False,268435465,0,,,0.0,,,,,
16783078,"0x8,rbp,-,[4],rax,=",True,16783056,16783227,3,"mov eax, dword [rbp - 8]","mov eax, dword [var_10h]",8b45f8,cpu,mov,False,9,0,,"[{'addr': 16783113, 'type': 'CODE'}]",,,,,,
16783081,"rax,0x20,rbp,-,=[8]",True,16783056,16783226,4,"mov qword [rbp - 0x20], rax","mov qword [var_28h], rax",488945e0,cpu,mov,False,268435465,0,,,,,,,,
16783085,"3,rax,-=,3,0x8000000000000000,-,!,63,$o,^,of,:=,63,$s,sf,:=,$z,zf,:=,$p,pf,:=,64,$b,cf,:=,3,$b,af,:=",False,16783056,16783226,4,"sub rax, 3","sub rax, 3",4883e803,cpu,sub,False,18,0,,,3.0,,,,,
16783089,"cf,zf,|,!,?{,16783111,rip,=,}",False,16783056,16783228,2,ja 0x1001707,ja 0x1001707,7714,cpu,cjmp,False,2147483649,0,,,,16783111.0,16783091.0,,,
16783091,"0x20,rbp,-,[8],rax,=",True,16783056,16783226,4,"mov rax, qword [rbp - 0x20]","mov rax, qword [var_28h]",488b45e0,cpu,mov,False,9,0,,,,,,,,
16783095,"0x12c2,rip,-,rcx,=",True,16783056,16783223,7,"lea rcx, [rip - 0x12c2]","lea rcx, data.0100043c",488d0d3eedffff,cpu,lea,False,33,0,,,,,,16778300.0,"[{'addr': 16778300, 'type': 'DATA'}]",
16783102,"32,rax,4,*,rcx,+,[4],~,rax,=",True,16783056,16783226,4,"movsxd rax, dword [rcx + rax*4]","movsxd rax, dword [rcx + rax*4]",48630481,cpu,mov,False,9,0,,,,,,,,
16783106,"rcx,rax,+=,63,$o,of,:=,63,$s,sf,:=,$z,zf,:=,63,$c,cf,:=,$p,pf,:=,3,$c,af,:=",False,16783056,16783227,3,"add rax, rcx","add rax, rcx",4801c8,cpu,add,False,17,0,,,,,,,,
16783109,"rax,rip,=",False,16783056,16783228,2,jmp rax,jmp rax,ffe0,cpu,rjmp,False,268435458,0,['switch.0x01001705'],,,,,,"[{'addr': 16783115, 'type': 'CODE'}, {'addr': 16783139, 'type': 'CODE'}, {'addr': 16783176, 'type': 'CODE'}, {'addr': 16783221, 'type': 'CODE'}]",c3dpdGNoIHRhYmxlICg0IGNhc2VzKSBhdCAweDEwMDA0M2M=
16783111,"0x1001709,rip,=",False,16783056,16783228,2,jmp 0x1001709,jmp 0x1001709,eb00,cpu,jmp,False,1,0,,,,16783113.0,,,"[{'addr': 16783113, 'type': 'CODE'}]",
16783113,"0x10016e6,rip,=",False,16783056,16783228,2,jmp 0x10016e6,jmp 0x10016e6,ebdb,cpu,jmp,False,1,0,,"[{'addr': 16783111, 'type': 'CODE'}, {'addr': 16783137, 'type': 'CODE'}, {'addr': 16783174, 'type': 'CODE'}, {'addr': 16783219, 'type': 'CODE'}]",,16783078.0,,,"[{'addr': 16783078, 'type': 'CODE'}]",
16783115,"0x14,rbp,-,[4],rdx,=",True,16783056,16783227,3,"mov edx, dword [rbp - 0x14]","mov edx, dword [var_1ch]",8b55ec,cpu,mov,False,9,0,['case.0x1001705.0'],"[{'addr': 16783109, 'type': 'CODE'}]",,,,,,
16783118,"1,rax,=",False,16783056,16783225,5,"mov eax, 1","mov eax, 1",b801000000,cpu,mov,False,9,0,,,1.0,,,,,
16783123,"2,rcx,=",False,16783056,16783225,5,"mov ecx, 2","mov ecx, 2",b902000000,cpu,mov,False,9,0,,,2.0,,,,,
16783128,"2,edx,==,$z,zf,:=,32,$b,cf,:=,$p,pf,:=,31,$s,sf,:=,2,0x80000000,-,!,31,$o,^,of,:=,3,$b,af,:=",False,16783056,16783227,3,"cmp edx, 2","cmp edx, 2",83fa02,cpu,cmp,False,15,0,,,2.0,,,2.0,,
16783131,"zf,?{,ecx,eax,=,}",False,16783056,16783227,3,"cmove eax, ecx","cmove eax, ecx",0f44c1,cpu,cmov,False,2147483657,0,,,,,,,,
16783134,"eax,0x8,rbp,-,=[4]",True,16783056,16783227,3,"mov dword [rbp - 8], eax","mov dword [var_10h], eax",8945f8,cpu,mov,False,268435465,0,,,,,,,,
16783137,"0x1001709,rip,=",False,16783056,16783228,2,jmp 0x1001709,jmp 0x1001709,ebe6,cpu,jmp,False,1,0,,,,16783113.0,,,"[{'addr': 16783113, 'type': 'CODE'}]",
16783139,"0x10,rbp,-,[8],rax,=",True,16783056,16783226,4,"mov rax, qword [rbp - 0x10]","mov rax, qword [endptr]",488b45f0,cpu,mov,False,9,0,['case.0x1001705.1'],"[{'addr': 16783109, 'type': 'CODE'}]",,,,,,
16783143,"rax,[8],rsi,=",True,16783056,16783227,3,"mov rsi, qword [rax]","mov rsi, qword [rax]",488b30,cpu,mov,False,9,0,,,,,,,,
16783146,"0x122d,rip,-,rdi,=",True,16783056,16783223,7,"lea rdi, [rip - 0x122d]","lea rdi, str.Usage:__s__integer",488d3dd3edffff,cpu,lea,False,33,0,,,,,,16778500.0,"[{'addr': 16778500, 'type': 'DATA'}]",
16783153,"0,al,=",False,16783056,16783228,2,"mov al, 0","mov al, 0",b000,cpu,mov,False,9,0,,,0.0,,,,,
16783155,"16785200,rip,8,rsp,-=,rsp,=[],rip,=",False,16783056,16783225,5,call 0x1001f30,call sym.imp.printf,e8f8070000,cpu,call,False,3,0,,,,16785200.0,16783160.0,,"[{'addr': 16785200, 'type': 'CALL'}]",
16783160,"3,0x8,rbp,-,=[4]",True,16783056,16783223,7,"mov dword [rbp - 8], 3","mov dword [var_10h], 3",c745f803000000,cpu,mov,False,268435465,0,,,3.0,,,,,
16783167,"1,0x4,rbp,-,=[4]",True,16783056,16783223,7,"mov dword [rbp - 4], 1","mov dword [var_ch], 1",c745fc01000000,cpu,mov,False,268435465,0,,,1.0,,,,,
16783174,"0x1001709,rip,=",False,16783056,16783228,2,jmp 0x1001709,jmp 0x1001709,ebc1,cpu,jmp,False,1,0,,,,16783113.0,,,"[{'addr': 16783113, 'type': 'CODE'}]",
16783176,"0x10,rbp,-,[8],rax,=",True,16783056,16783226,4,"mov rax, qword [rbp - 0x10]","mov rax, qword [endptr]",488b45f0,cpu,mov,False,9,0,['case.0x1001705.2'],"[{'addr': 16783109, 'type': 'CODE'}]",,,,,,
16783180,"0x8,rax,+,[8],rdi,=",True,16783056,16783226,4,"mov rdi, qword [rax + 8]","mov rdi, qword [rax + 8]",488b7808,cpu,mov,False,9,0,,,,,,,,
16783184,"eax,rax,^,0xffffffff,&,rax,=,$z,zf,:=,$p,pf,:=,31,$s,sf,:=,0,cf,:=,0,of,:=",False,16783056,16783228,2,"xor eax, eax","xor eax, eax",31c0,cpu,xor,False,28,0,,,,,,,,
16783186,"eax,rsi,=",False,16783056,16783228,2,"mov esi, eax","mov esi, eax",89c6,cpu,mov,False,9,0,,,,,,,,
16783188,"10,rdx,=",False,16783056,16783225,5,"mov edx, 0xa","mov edx, 0xa",ba0a000000,cpu,mov,False,9,0,,,10.0,,,,,
16783193,"16785216,rip,8,rsp,-=,rsp,=[],rip,=",False,16783056,16783225,5,call 0x1001f40,call sym.imp.strtol,e8e2070000,cpu,call,False,3,0,,,,16785216.0,16783198.0,,"[{'addr': 16785216, 'type': 'CALL'}]",
16783198,"eax,rdi,=",False,16783056,16783228,2,"mov edi, eax","mov edi, eax",89c7,cpu,mov,False,9,0,,,,,,,,
16783200,"16783232,rip,8,rsp,-=,rsp,=[],rip,=",False,16783056,16783225,5,call 0x1001780,call sym.chaotic_path,e81b000000,cpu,call,False,3,0,,,,16783232.0,16783205.0,,"[{'addr': 16783232, 'type': 'CALL'}]",
16783205,"3,0x8,rbp,-,=[4]",True,16783056,16783223,7,"mov dword [rbp - 8], 3","mov dword [var_10h], 3",c745f803000000,cpu,mov,False,268435465,0,,,3.0,,,,,
16783212,"0,0x4,rbp,-,=[4]",True,16783056,16783223,7,"mov dword [rbp - 4], 0","mov dword [var_ch], 0",c745fc00000000,cpu,mov,False,268435465,0,,,0.0,,,,,
16783219,"0x1001709,rip,=",False,16783056,16783228,2,jmp 0x1001709,jmp 0x1001709,eb94,cpu,jmp,False,1,0,,,,16783113.0,,,"[{'addr': 16783113, 'type': 'CODE'}]",
16783221,"0x4,rbp,-,[4],rax,=",True,16783056,16783227,3,"mov eax, dword [rbp - 4]","mov eax, dword [var_ch]",8b45fc,cpu,mov,False,9,0,['case.0x1001705.3'],"[{'addr': 16783109, 'type': 'CODE'}]",,,,,,
16783224,"32,rsp,+=,63,$o,of,:=,63,$s,sf,:=,$z,zf,:=,63,$c,cf,:=,$p,pf,:=,3,$c,af,:=",False,16783056,16783226,4,"add rsp, 0x20","add rsp, 0x20",4883c420,cpu,add,False,17,0,,,32.0,,,,,
16783228,"rsp,[8],8,rsp,+=,rbp,=",False,16783056,16783229,1,pop rbp,pop rbp,5d,cpu,pop,False,14,0,,,,,,,,
16783229,"rsp,[8],rip,=,8,rsp,+=",False,16783056,16783229,1,ret,ret,c3,cpu,ret,False,5,0,,,,,,,,
