offset,esil,refptr,fcn_addr,fcn_last,size,opcode,disasm,bytes,family,type,reloc,type_num,type2_num,flags,xrefs_to,val,jump,fail,xrefs_from,ptr
16783136,"rbp,8,rsp,-,=[8],8,rsp,-=",False,16783136,16783210,1,push rbp,push rbp,55,cpu,rpush,False,268435468,0,"['main', 'sym.main', 'dbg.main']","[{'addr': 16782797, 'type': 'DATA'}]",,,,,
16783137,"rsp,rbp,=",False,16783136,16783208,3,"mov rbp, rsp","mov rbp, rsp",4889e5,cpu,mov,False,9,0,,,,,,,
16783140,"0x8,rsi,+,[8],rdi,=",True,16783136,16783207,4,"mov rdi, qword [rsi + 8]","mov rdi, qword [rsi + 8]",488b7e08,cpu,mov,False,9,0,,,,,,,
16783144,"eax,rax,^,0xffffffff,&,rax,=,$z,zf,:=,$p,pf,:=,31,$s,sf,:=,0,cf,:=,0,of,:=",False,16783136,16783209,2,"xor eax, eax","xor eax, eax",31c0,cpu,xor,False,28,0,,,,,,,
16783146,"eax,rsi,=",False,16783136,16783209,2,"mov esi, eax","mov esi, eax",89c6,cpu,mov,False,9,0,,,,,,,
16783148,"10,rdx,=",False,16783136,16783206,5,"mov edx, 0xa","mov edx, 0xa",ba0a000000,cpu,mov,False,9,0,,,10.0,,,,
16783153,"16783376,rip,8,rsp,-=,rsp,=[],rip,=",False,16783136,16783206,5,call 0x1001810,call sym.imp.strtol,e8da000000,cpu,call,False,3,0,,,,16783376.0,16783158.0,"[{'addr': 16783376, 'type': 'CALL'}]",
16783158,"eax,rdi,=",False,16783136,16783209,2,"mov edi, eax","mov edi, eax",89c7,cpu,mov,False,9,0,,,,,,,
16783160,"16782816,rip,8,rsp,-=,rsp,=[],rip,=",False,16783136,16783206,5,call 0x10015e0,call dbg.armstrong_num,e8a3feffff,cpu,call,False,3,0,,,,16782816.0,16783165.0,"[{'addr': 16782816, 'type': 'CALL'}]",
16783165,"eax,rcx,=",False,16783136,16783209,2,"mov ecx, eax","mov ecx, eax",89c1,cpu,mov,False,9,0,,,,,,,
16783167,"0x1276,rip,-,rdi,=",True,16783136,16783204,7,"lea rdi, [rip - 0x1276]","lea rdi, str.You_win",488d3d8aedffff,cpu,lea,False,33,0,,,,,,"[{'addr': 16778448, 'type': 'DATA'}]",16778448.0
16783174,"0x1274,rip,-,rax,=",True,16783136,16783204,7,"lea rax, [rip - 0x1274]","lea rax, str.You_loose",488d058cedffff,cpu,lea,False,33,0,,,,,,"[{'addr': 16778457, 'type': 'DATA'}]",16778457.0
16783181,"1,ecx,==,$z,zf,:=,32,$b,cf,:=,$p,pf,:=,31,$s,sf,:=,1,0x80000000,-,!,31,$o,^,of,:=,3,$b,af,:=",False,16783136,16783208,3,"cmp ecx, 1","cmp ecx, 1",83f901,cpu,cmp,False,15,0,,,1.0,,,,1.0
16783184,"zf,?{,rax,rdi,=,}",False,16783136,16783207,4,"cmove rdi, rax","cmove rdi, rax",480f44f8,cpu,cmov,False,2147483657,0,,,,,,,
16783188,"0x1282,rip,-,rax,=",True,16783136,16783204,7,"lea rax, [rip - 0x1282]","lea rax, str.You_loose",488d057eedffff,cpu,lea,False,33,0,,,,,,"[{'addr': 16778457, 'type': 'DATA'}]",16778457.0
16783195,"0,ecx,==,$z,zf,:=,32,$b,cf,:=,$p,pf,:=,31,$s,sf,:=,0,0x80000000,-,!,31,$o,^,of,:=,3,$b,af,:=",False,16783136,16783208,3,"cmp ecx, 0","cmp ecx, 0",83f900,cpu,cmp,False,15,0,,,0.0,,,,0.0
16783198,"zf,?{,rax,rdi,=,}",False,16783136,16783207,4,"cmove rdi, rax","cmove rdi, rax",480f44f8,cpu,cmov,False,2147483657,0,,,,,,,
16783202,"16783392,rip,8,rsp,-=,rsp,=[],rip,=",False,16783136,16783206,5,call 0x1001820,call sym.imp.puts,e8b9000000,cpu,call,False,3,0,,,,16783392.0,16783207.0,"[{'addr': 16783392, 'type': 'CALL'}]",
16783207,"eax,rax,^,0xffffffff,&,rax,=,$z,zf,:=,$p,pf,:=,31,$s,sf,:=,0,cf,:=,0,of,:=",False,16783136,16783209,2,"xor eax, eax","xor eax, eax",31c0,cpu,xor,False,28,0,,,,,,,
16783209,"rsp,[8],8,rsp,+=,rbp,=",False,16783136,16783210,1,pop rbp,pop rbp,5d,cpu,pop,False,14,0,,,,,,,
16783210,"rsp,[8],rip,=,8,rsp,+=",False,16783136,16783210,1,ret,ret,c3,cpu,ret,False,5,0,,,,,,,
