offset,esil,refptr,fcn_addr,fcn_last,size,opcode,disasm,bytes,family,type,reloc,type_num,type2_num,flags,xrefs_to,val,jump,fail,xrefs_from
16783392,"rbp,8,rsp,-,=[8],8,rsp,-=",False,16783392,16783703,1,push rbp,push rbp,55,cpu,rpush,False,268435468,0,"['main', 'sym.main']","[{'addr': 16783373, 'type': 'DATA'}]",,,,
16783393,"rsp,rbp,=",False,16783392,16783701,3,"mov rbp, rsp","mov rbp, rsp",4889e5,cpu,mov,False,9,0,,,,,,
16783396,"224,rsp,-=,224,0x8000000000000000,-,!,63,$o,^,of,:=,63,$s,sf,:=,$z,zf,:=,$p,pf,:=,64,$b,cf,:=,3,$b,af,:=",False,16783392,16783697,7,"sub rsp, 0xe0","sub rsp, 0xe0",4881ece0000000,cpu,sub,False,18,0,,,224.0,,,
16783403,"rsi,rcx,=",False,16783392,16783701,3,"mov rcx, rsi","mov rcx, rsi",4889f1,cpu,mov,False,9,0,,,,,,
16783406,"edi,rdx,=",False,16783392,16783702,2,"mov edx, edi","mov edx, edi",89fa,cpu,mov,False,9,0,,,,,,
16783408,"edi,rdi,^,0xffffffff,&,rdi,=,$z,zf,:=,$p,pf,:=,31,$s,sf,:=,0,cf,:=,0,of,:=",False,16783392,16783702,2,"xor edi, edi","xor edi, edi",31ff,cpu,xor,False,28,0,,,,,,
16783410,"eax,rax,^,0xffffffff,&,rax,=,$z,zf,:=,$p,pf,:=,31,$s,sf,:=,0,cf,:=,0,of,:=",False,16783392,16783702,2,"xor eax, eax","xor eax, eax",31c0,cpu,xor,False,28,0,,,,,,
16783412,"eax,r9,=",False,16783392,16783701,3,"mov r9d, eax","mov r9d, eax",4189c1,cpu,mov,False,9,0,,,,,,
16783415,"r9,rsi,=",False,16783392,16783701,3,"mov rsi, r9","mov rsi, r9",4c89ce,cpu,mov,False,9,0,,,,,,
16783418,"r9,r8,=",False,16783392,16783701,3,"mov r8, r9","mov r8, r9",4d89c8,cpu,mov,False,9,0,,,,,,
16783421,"0,rsp,=[4]",True,16783392,16783697,7,"mov dword [rsp], 0","mov dword [rsp], 0",c7042400000000,cpu,mov,False,9,0,,,0.0,,,
16783428,"0,0x8,rsp,+,=[8]",True,16783392,16783695,9,"mov qword [rsp + 8], 0","mov qword [var_e0h], 0",48c744240800000000,cpu,mov,False,9,0,,,0.0,,,
16783437,"0,0x10,rsp,+,=[8]",True,16783392,16783695,9,"mov qword [rsp + 0x10], 0","mov qword [var_d8h], 0",48c744241000000000,cpu,mov,False,9,0,,,0.0,,,
16783446,"0,0x18,rsp,+,=[8]",True,16783392,16783695,9,"mov qword [rsp + 0x18], 0","mov qword [var_d0h], 0",48c744241800000000,cpu,mov,False,9,0,,,0.0,,,
16783455,"0,0x20,rsp,+,=[8]",True,16783392,16783695,9,"mov qword [rsp + 0x20], 0","mov qword [var_c8h], 0",48c744242000000000,cpu,mov,False,9,0,,,0.0,,,
16783464,"0,0x28,rsp,+,=[8]",True,16783392,16783695,9,"mov qword [rsp + 0x28], 0","mov qword [var_c0h], 0",48c744242800000000,cpu,mov,False,9,0,,,0.0,,,
16783473,"0,0x30,rsp,+,=[4]",True,16783392,16783696,8,"mov dword [rsp + 0x30], 0","mov dword [var_b8h], 0",c744243000000000,cpu,mov,False,9,0,,,0.0,,,
16783481,"0,0x38,rsp,+,=[8]",True,16783392,16783695,9,"mov qword [rsp + 0x38], 0","mov qword [var_b0h], 0",48c744243800000000,cpu,mov,False,9,0,,,0.0,,,
16783490,"0,0x40,rsp,+,=[8]",True,16783392,16783695,9,"mov qword [rsp + 0x40], 0","mov qword [var_a8h], 0",48c744244000000000,cpu,mov,False,9,0,,,0.0,,,
16783499,"0,0x48,rsp,+,=[4]",True,16783392,16783696,8,"mov dword [rsp + 0x48], 0","mov dword [var_a0h], 0",c744244800000000,cpu,mov,False,9,0,,,0.0,,,
16783507,"0,0x50,rsp,+,=[8]",True,16783392,16783695,9,"mov qword [rsp + 0x50], 0","mov qword [var_98h], 0",48c744245000000000,cpu,mov,False,9,0,,,0.0,,,
16783516,"0,0x58,rsp,+,=[8]",True,16783392,16783695,9,"mov qword [rsp + 0x58], 0","mov qword [var_90h], 0",48c744245800000000,cpu,mov,False,9,0,,,0.0,,,
16783525,"0,0x60,rsp,+,=[4]",True,16783392,16783696,8,"mov dword [rsp + 0x60], 0","mov dword [var_88h], 0",c744246000000000,cpu,mov,False,9,0,,,0.0,,,
16783533,"0,0x68,rsp,+,=[8]",True,16783392,16783695,9,"mov qword [rsp + 0x68], 0","mov qword [var_80h], 0",48c744246800000000,cpu,mov,False,9,0,,,0.0,,,
16783542,"0,0x70,rsp,+,=[8]",True,16783392,16783695,9,"mov qword [rsp + 0x70], 0","mov qword [var_78h], 0",48c744247000000000,cpu,mov,False,9,0,,,0.0,,,
16783551,"0,0x78,rsp,+,=[8]",True,16783392,16783695,9,"mov qword [rsp + 0x78], 0","mov qword [var_70h], 0",48c744247800000000,cpu,mov,False,9,0,,,0.0,,,
16783560,"0,0x80,rsp,+,=[8]",True,16783392,16783692,12,"mov qword [rsp + 0x80], 0","mov qword [var_68h], 0",48c784248000000000000000,cpu,mov,False,9,0,,,0.0,,,
16783572,"0,0x88,rsp,+,=[8]",True,16783392,16783692,12,"mov qword [rsp + 0x88], 0","mov qword [var_60h], 0",48c784248800000000000000,cpu,mov,False,9,0,,,0.0,,,
16783584,"0,0x90,rsp,+,=[8]",True,16783392,16783692,12,"mov qword [rsp + 0x90], 0","mov qword [var_58h], 0",48c784249000000000000000,cpu,mov,False,9,0,,,0.0,,,
16783596,"0,0x98,rsp,+,=[4]",True,16783392,16783693,11,"mov dword [rsp + 0x98], 0","mov dword [var_50h], 0",c784249800000000000000,cpu,mov,False,9,0,,,0.0,,,
16783607,"0,0xa0,rsp,+,=[8]",True,16783392,16783692,12,"mov qword [rsp + 0xa0], 0","mov qword [var_48h], 0",48c78424a000000000000000,cpu,mov,False,9,0,,,0.0,,,
16783619,"0,0xa8,rsp,+,=[8]",True,16783392,16783692,12,"mov qword [rsp + 0xa8], 0","mov qword [var_40h], 0",48c78424a800000000000000,cpu,mov,False,9,0,,,0.0,,,
16783631,"0,0xb0,rsp,+,=[4]",True,16783392,16783693,11,"mov dword [rsp + 0xb0], 0","mov dword [var_38h], 0",c78424b000000000000000,cpu,mov,False,9,0,,,0.0,,,
16783642,"0,0xb8,rsp,+,=[4]",True,16783392,16783693,11,"mov dword [rsp + 0xb8], 0","mov dword [var_30h], 0",c78424b800000000000000,cpu,mov,False,9,0,,,0.0,,,
16783653,"0,0xc0,rsp,+,=[8]",True,16783392,16783692,12,"mov qword [rsp + 0xc0], 0","mov qword [var_28h], 0",48c78424c000000000000000,cpu,mov,False,9,0,,,0.0,,,
16783665,"0,0xc8,rsp,+,=[8]",True,16783392,16783692,12,"mov qword [rsp + 0xc8], 0","mov qword [var_20h], 0",48c78424c800000000000000,cpu,mov,False,9,0,,,0.0,,,
16783677,"0,0xd0,rsp,+,=[4]",True,16783392,16783693,11,"mov dword [rsp + 0xd0], 0","mov dword [var_18h], 0",c78424d000000000000000,cpu,mov,False,9,0,,,0.0,,,
16783688,"16783712,rip,8,rsp,-=,rsp,=[],rip,=",False,16783392,16783699,5,call 0x1001960,call sym.merged,e813000000,cpu,call,False,3,0,,,,16783712.0,16783693.0,"[{'addr': 16783712, 'type': 'CALL'}]"
16783693,"eax,rax,^,0xffffffff,&,rax,=,$z,zf,:=,$p,pf,:=,31,$s,sf,:=,0,cf,:=,0,of,:=",False,16783392,16783702,2,"xor eax, eax","xor eax, eax",31c0,cpu,xor,False,28,0,,,,,,
16783695,"224,rsp,+=,63,$o,of,:=,63,$s,sf,:=,$z,zf,:=,63,$c,cf,:=,$p,pf,:=,3,$c,af,:=",False,16783392,16783697,7,"add rsp, 0xe0","add rsp, 0xe0",4881c4e0000000,cpu,add,False,17,0,,,224.0,,,
16783702,"rsp,[8],8,rsp,+=,rbp,=",False,16783392,16783703,1,pop rbp,pop rbp,5d,cpu,pop,False,14,0,,,,,,
16783703,"rsp,[8],rip,=,8,rsp,+=",False,16783392,16783703,1,ret,ret,c3,cpu,ret,False,5,0,,,,,,
