offset,esil,refptr,fcn_addr,fcn_last,size,opcode,disasm,bytes,family,type,reloc,type_num,type2_num,flags,xrefs_to,val,jump,fail,xrefs_from,ptr
16783360,"rbp,8,rsp,-,=[8],8,rsp,-=",False,16783360,16783452,1,push rbp,push rbp,55,cpu,rpush,False,268435468,0,"['main', 'sym.main', 'dbg.main']","[{'addr': 16782765, 'type': 'DATA'}]",,,,,
16783361,"rsp,rbp,=",False,16783360,16783450,3,"mov rbp, rsp","mov rbp, rsp",4889e5,cpu,mov,False,9,0,,,,,,,
16783364,"16,rsp,-=,16,0x8000000000000000,-,!,63,$o,^,of,:=,63,$s,sf,:=,$z,zf,:=,$p,pf,:=,64,$b,cf,:=,3,$b,af,:=",False,16783360,16783449,4,"sub rsp, 0x10","sub rsp, 0x10",4883ec10,cpu,sub,False,18,0,,,16.0,,,,
16783368,"0x8,rsi,+,[8],rdi,=",True,16783360,16783449,4,"mov rdi, qword [rsi + 8]","mov rdi, qword [rsi + 8]",488b7e08,cpu,mov,False,9,0,,,,,,,
16783372,"eax,rax,^,0xffffffff,&,rax,=,$z,zf,:=,$p,pf,:=,31,$s,sf,:=,0,cf,:=,0,of,:=",False,16783360,16783451,2,"xor eax, eax","xor eax, eax",31c0,cpu,xor,False,28,0,,,,,,,
16783374,"eax,rsi,=",False,16783360,16783451,2,"mov esi, eax","mov esi, eax",89c6,cpu,mov,False,9,0,,,,,,,
16783376,"16783616,rip,8,rsp,-=,rsp,=[],rip,=",False,16783360,16783448,5,call 0x1001900,call sym.imp.strtod,e8eb000000,cpu,call,False,3,0,,,,16783616.0,16783381.0,"[{'addr': 16783616, 'type': 'CALL'}]",
16783381,,False,16783360,16783449,4,"cvtsd2ss xmm0, xmm0","cvtsd2ss xmm0, xmm0",f20f5ac0,sse,null,False,0,0,,,,,,,
16783385,,False,16783360,16783449,4,"cvttss2si edi, xmm0","cvttss2si edi, xmm0",f30f2cf8,sse,null,False,0,0,,,,,,,
16783389,"16782784,rip,8,rsp,-=,rsp,=[],rip,=",False,16783360,16783448,5,call 0x10015c0,call dbg.add_prime,e89efdffff,cpu,call,False,3,0,,,,16782784.0,16783394.0,"[{'addr': 16782784, 'type': 'CALL'}]",
16783394,"eax,rcx,=",False,16783360,16783451,2,"mov ecx, eax","mov ecx, eax",89c1,cpu,mov,False,9,0,,,,,,,
16783396,"ecx,0x4,rbp,-,=[4]",True,16783360,16783450,3,"mov dword [rbp - 4], ecx","mov dword [number], ecx",894dfc,cpu,mov,False,268435465,0,,,,,,,
16783399,"0x1371,rip,-,rdi,=",True,16783360,16783446,7,"lea rdi, [rip - 0x1371]","lea rdi, str.You_loose",488d3d8fecffff,cpu,lea,False,33,0,,,,,,"[{'addr': 16778429, 'type': 'DATA'}]",16778429.0
16783406,"0x1381,rip,-,rax,=",True,16783360,16783446,7,"lea rax, [rip - 0x1381]","lea rax, str.You_win",488d057fecffff,cpu,lea,False,33,0,,,,,,"[{'addr': 16778420, 'type': 'DATA'}]",16778420.0
16783413,"82310,ecx,==,$z,zf,:=,32,$b,cf,:=,$p,pf,:=,31,$s,sf,:=,82310,0x80000000,-,!,31,$o,^,of,:=,3,$b,af,:=",False,16783360,16783447,6,"cmp ecx, 0x14186","cmp ecx, 0x14186",81f986410100,cpu,cmp,False,15,0,,,82310.0,,,,82310.0
16783419,"zf,?{,rax,rdi,=,}",False,16783360,16783449,4,"cmove rdi, rax","cmove rdi, rax",480f44f8,cpu,cmov,False,2147483657,0,,,,,,,
16783423,"16783632,rip,8,rsp,-=,rsp,=[],rip,=",False,16783360,16783448,5,call 0x1001910,call sym.imp.puts,e8cc000000,cpu,call,False,3,0,,,,16783632.0,16783428.0,"[{'addr': 16783632, 'type': 'CALL'}]",
16783428,"0x4,rbp,-,[4],rsi,=",True,16783360,16783450,3,"mov esi, dword [rbp - 4]","mov esi, dword [number]",8b75fc,cpu,mov,False,9,0,,,,,,,
16783431,"0x13aa,rip,-,rdi,=",True,16783360,16783446,7,"lea rdi, [rip - 0x13aa]","lea rdi, str.Hash:_0x_x",488d3d56ecffff,cpu,lea,False,33,0,,,,,,"[{'addr': 16778404, 'type': 'DATA'}]",16778404.0
16783438,"0,al,=",False,16783360,16783451,2,"mov al, 0","mov al, 0",b000,cpu,mov,False,9,0,,,0.0,,,,
16783440,"16783600,rip,8,rsp,-=,rsp,=[],rip,=",False,16783360,16783448,5,call 0x10018f0,call sym.imp.printf,e89b000000,cpu,call,False,3,0,,,,16783600.0,16783445.0,"[{'addr': 16783600, 'type': 'CALL'}]",
16783445,"eax,rax,^,0xffffffff,&,rax,=,$z,zf,:=,$p,pf,:=,31,$s,sf,:=,0,cf,:=,0,of,:=",False,16783360,16783451,2,"xor eax, eax","xor eax, eax",31c0,cpu,xor,False,28,0,,,,,,,
16783447,"16,rsp,+=,63,$o,of,:=,63,$s,sf,:=,$z,zf,:=,63,$c,cf,:=,$p,pf,:=,3,$c,af,:=",False,16783360,16783449,4,"add rsp, 0x10","add rsp, 0x10",4883c410,cpu,add,False,17,0,,,16.0,,,,
16783451,"rsp,[8],8,rsp,+=,rbp,=",False,16783360,16783452,1,pop rbp,pop rbp,5d,cpu,pop,False,14,0,,,,,,,
16783452,"rsp,[8],rip,=,8,rsp,+=",False,16783360,16783452,1,ret,ret,c3,cpu,ret,False,5,0,,,,,,,
