offset,esil,refptr,fcn_addr,fcn_last,size,opcode,disasm,bytes,family,type,reloc,type_num,type2_num,flags,xrefs_to,val,jump,fail,ptr,xrefs_from,comment
16783024,"rbp,8,rsp,-,=[8],8,rsp,-=",False,16783024,16783197,1,push rbp,push rbp,55,cpu,rpush,False,268435468,0,"['main', 'sym.main']","[{'addr': 16783005, 'type': 'DATA'}]",,,,,,
16783025,"rsp,rbp,=",False,16783024,16783195,3,"mov rbp, rsp","mov rbp, rsp",4889e5,cpu,mov,False,9,0,,,,,,,,
16783028,"32,rsp,-=,32,0x8000000000000000,-,!,63,$o,^,of,:=,63,$s,sf,:=,$z,zf,:=,$p,pf,:=,64,$b,cf,:=,3,$b,af,:=",False,16783024,16783194,4,"sub rsp, 0x20","sub rsp, 0x20",4883ec20,cpu,sub,False,18,0,,,32.0,,,,,
16783032,"edi,0x14,rbp,-,=[4]",True,16783024,16783195,3,"mov dword [rbp - 0x14], edi","mov dword [var_1ch], edi",897dec,cpu,mov,False,268435465,0,,,,,,,,
16783035,"rsi,0x10,rbp,-,=[8]",True,16783024,16783194,4,"mov qword [rbp - 0x10], rsi","mov qword [endptr], rsi",488975f0,cpu,mov,False,268435465,0,,,,,,,,
16783039,"0,0x8,rbp,-,=[4]",True,16783024,16783191,7,"mov dword [rbp - 8], 0","mov dword [var_10h], 0",c745f800000000,cpu,mov,False,268435465,0,,,0.0,,,,,
16783046,"0x8,rbp,-,[4],rax,=",True,16783024,16783195,3,"mov eax, dword [rbp - 8]","mov eax, dword [var_10h]",8b45f8,cpu,mov,False,9,0,,"[{'addr': 16783081, 'type': 'CODE'}]",,,,,,
16783049,"rax,0x20,rbp,-,=[8]",True,16783024,16783194,4,"mov qword [rbp - 0x20], rax","mov qword [var_28h], rax",488945e0,cpu,mov,False,268435465,0,,,,,,,,
16783053,"3,rax,-=,3,0x8000000000000000,-,!,63,$o,^,of,:=,63,$s,sf,:=,$z,zf,:=,$p,pf,:=,64,$b,cf,:=,3,$b,af,:=",False,16783024,16783194,4,"sub rax, 3","sub rax, 3",4883e803,cpu,sub,False,18,0,,,3.0,,,,,
16783057,"cf,zf,|,!,?{,16783079,rip,=,}",False,16783024,16783196,2,ja 0x10016e7,ja 0x10016e7,7714,cpu,cjmp,False,2147483649,0,,,,16783079.0,16783059.0,,,
16783059,"0x20,rbp,-,[8],rax,=",True,16783024,16783194,4,"mov rax, qword [rbp - 0x20]","mov rax, qword [var_28h]",488b45e0,cpu,mov,False,9,0,,,,,,,,
16783063,"0x12a2,rip,-,rcx,=",True,16783024,16783191,7,"lea rcx, [rip - 0x12a2]","lea rcx, data.0100043c",488d0d5eedffff,cpu,lea,False,33,0,,,,,,16778300.0,"[{'addr': 16778300, 'type': 'DATA'}]",
16783070,"32,rax,4,*,rcx,+,[4],~,rax,=",True,16783024,16783194,4,"movsxd rax, dword [rcx + rax*4]","movsxd rax, dword [rcx + rax*4]",48630481,cpu,mov,False,9,0,,,,,,,,
16783074,"rcx,rax,+=,63,$o,of,:=,63,$s,sf,:=,$z,zf,:=,63,$c,cf,:=,$p,pf,:=,3,$c,af,:=",False,16783024,16783195,3,"add rax, rcx","add rax, rcx",4801c8,cpu,add,False,17,0,,,,,,,,
16783077,"rax,rip,=",False,16783024,16783196,2,jmp rax,jmp rax,ffe0,cpu,rjmp,False,268435458,0,['switch.0x010016e5'],,,,,,"[{'addr': 16783083, 'type': 'CODE'}, {'addr': 16783107, 'type': 'CODE'}, {'addr': 16783144, 'type': 'CODE'}, {'addr': 16783189, 'type': 'CODE'}]",c3dpdGNoIHRhYmxlICg0IGNhc2VzKSBhdCAweDEwMDA0M2M=
16783079,"0x10016e9,rip,=",False,16783024,16783196,2,jmp 0x10016e9,jmp 0x10016e9,eb00,cpu,jmp,False,1,0,,,,16783081.0,,,"[{'addr': 16783081, 'type': 'CODE'}]",
16783081,"0x10016c6,rip,=",False,16783024,16783196,2,jmp 0x10016c6,jmp 0x10016c6,ebdb,cpu,jmp,False,1,0,,"[{'addr': 16783079, 'type': 'CODE'}, {'addr': 16783105, 'type': 'CODE'}, {'addr': 16783142, 'type': 'CODE'}, {'addr': 16783187, 'type': 'CODE'}]",,16783046.0,,,"[{'addr': 16783046, 'type': 'CODE'}]",
16783083,"0x14,rbp,-,[4],rdx,=",True,16783024,16783195,3,"mov edx, dword [rbp - 0x14]","mov edx, dword [var_1ch]",8b55ec,cpu,mov,False,9,0,['case.0x10016e5.0'],"[{'addr': 16783077, 'type': 'CODE'}]",,,,,,
16783086,"1,rax,=",False,16783024,16783193,5,"mov eax, 1","mov eax, 1",b801000000,cpu,mov,False,9,0,,,1.0,,,,,
16783091,"2,rcx,=",False,16783024,16783193,5,"mov ecx, 2","mov ecx, 2",b902000000,cpu,mov,False,9,0,,,2.0,,,,,
16783096,"2,edx,==,$z,zf,:=,32,$b,cf,:=,$p,pf,:=,31,$s,sf,:=,2,0x80000000,-,!,31,$o,^,of,:=,3,$b,af,:=",False,16783024,16783195,3,"cmp edx, 2","cmp edx, 2",83fa02,cpu,cmp,False,15,0,,,2.0,,,2.0,,
16783099,"zf,?{,ecx,eax,=,}",False,16783024,16783195,3,"cmove eax, ecx","cmove eax, ecx",0f44c1,cpu,cmov,False,2147483657,0,,,,,,,,
16783102,"eax,0x8,rbp,-,=[4]",True,16783024,16783195,3,"mov dword [rbp - 8], eax","mov dword [var_10h], eax",8945f8,cpu,mov,False,268435465,0,,,,,,,,
16783105,"0x10016e9,rip,=",False,16783024,16783196,2,jmp 0x10016e9,jmp 0x10016e9,ebe6,cpu,jmp,False,1,0,,,,16783081.0,,,"[{'addr': 16783081, 'type': 'CODE'}]",
16783107,"0x10,rbp,-,[8],rax,=",True,16783024,16783194,4,"mov rax, qword [rbp - 0x10]","mov rax, qword [endptr]",488b45f0,cpu,mov,False,9,0,['case.0x10016e5.1'],"[{'addr': 16783077, 'type': 'CODE'}]",,,,,,
16783111,"rax,[8],rsi,=",True,16783024,16783195,3,"mov rsi, qword [rax]","mov rsi, qword [rax]",488b30,cpu,mov,False,9,0,,,,,,,,
16783114,"0x1225,rip,-,rdi,=",True,16783024,16783191,7,"lea rdi, [rip - 0x1225]","lea rdi, str.Usage:__s__integer",488d3ddbedffff,cpu,lea,False,33,0,,,,,,16778476.0,"[{'addr': 16778476, 'type': 'DATA'}]",
16783121,"0,al,=",False,16783024,16783196,2,"mov al, 0","mov al, 0",b000,cpu,mov,False,9,0,,,0.0,,,,,
16783123,"16785104,rip,8,rsp,-=,rsp,=[],rip,=",False,16783024,16783193,5,call 0x1001ed0,call sym.imp.printf,e8b8070000,cpu,call,False,3,0,,,,16785104.0,16783128.0,,"[{'addr': 16785104, 'type': 'CALL'}]",
16783128,"3,0x8,rbp,-,=[4]",True,16783024,16783191,7,"mov dword [rbp - 8], 3","mov dword [var_10h], 3",c745f803000000,cpu,mov,False,268435465,0,,,3.0,,,,,
16783135,"1,0x4,rbp,-,=[4]",True,16783024,16783191,7,"mov dword [rbp - 4], 1","mov dword [var_ch], 1",c745fc01000000,cpu,mov,False,268435465,0,,,1.0,,,,,
16783142,"0x10016e9,rip,=",False,16783024,16783196,2,jmp 0x10016e9,jmp 0x10016e9,ebc1,cpu,jmp,False,1,0,,,,16783081.0,,,"[{'addr': 16783081, 'type': 'CODE'}]",
16783144,"0x10,rbp,-,[8],rax,=",True,16783024,16783194,4,"mov rax, qword [rbp - 0x10]","mov rax, qword [endptr]",488b45f0,cpu,mov,False,9,0,['case.0x10016e5.2'],"[{'addr': 16783077, 'type': 'CODE'}]",,,,,,
16783148,"0x8,rax,+,[8],rdi,=",True,16783024,16783194,4,"mov rdi, qword [rax + 8]","mov rdi, qword [rax + 8]",488b7808,cpu,mov,False,9,0,,,,,,,,
16783152,"eax,rax,^,0xffffffff,&,rax,=,$z,zf,:=,$p,pf,:=,31,$s,sf,:=,0,cf,:=,0,of,:=",False,16783024,16783196,2,"xor eax, eax","xor eax, eax",31c0,cpu,xor,False,28,0,,,,,,,,
16783154,"eax,rsi,=",False,16783024,16783196,2,"mov esi, eax","mov esi, eax",89c6,cpu,mov,False,9,0,,,,,,,,
16783156,"10,rdx,=",False,16783024,16783193,5,"mov edx, 0xa","mov edx, 0xa",ba0a000000,cpu,mov,False,9,0,,,10.0,,,,,
16783161,"16785120,rip,8,rsp,-=,rsp,=[],rip,=",False,16783024,16783193,5,call 0x1001ee0,call sym.imp.strtol,e8a2070000,cpu,call,False,3,0,,,,16785120.0,16783166.0,,"[{'addr': 16785120, 'type': 'CALL'}]",
16783166,"eax,rdi,=",False,16783024,16783196,2,"mov edi, eax","mov edi, eax",89c7,cpu,mov,False,9,0,,,,,,,,
16783168,"16783200,rip,8,rsp,-=,rsp,=[],rip,=",False,16783024,16783193,5,call 0x1001760,call sym.entropy_machine,e81b000000,cpu,call,False,3,0,,,,16783200.0,16783173.0,,"[{'addr': 16783200, 'type': 'CALL'}]",
16783173,"3,0x8,rbp,-,=[4]",True,16783024,16783191,7,"mov dword [rbp - 8], 3","mov dword [var_10h], 3",c745f803000000,cpu,mov,False,268435465,0,,,3.0,,,,,
16783180,"0,0x4,rbp,-,=[4]",True,16783024,16783191,7,"mov dword [rbp - 4], 0","mov dword [var_ch], 0",c745fc00000000,cpu,mov,False,268435465,0,,,0.0,,,,,
16783187,"0x10016e9,rip,=",False,16783024,16783196,2,jmp 0x10016e9,jmp 0x10016e9,eb94,cpu,jmp,False,1,0,,,,16783081.0,,,"[{'addr': 16783081, 'type': 'CODE'}]",
16783189,"0x4,rbp,-,[4],rax,=",True,16783024,16783195,3,"mov eax, dword [rbp - 4]","mov eax, dword [var_ch]",8b45fc,cpu,mov,False,9,0,['case.0x10016e5.3'],"[{'addr': 16783077, 'type': 'CODE'}]",,,,,,
16783192,"32,rsp,+=,63,$o,of,:=,63,$s,sf,:=,$z,zf,:=,63,$c,cf,:=,$p,pf,:=,3,$c,af,:=",False,16783024,16783194,4,"add rsp, 0x20","add rsp, 0x20",4883c420,cpu,add,False,17,0,,,32.0,,,,,
16783196,"rsp,[8],8,rsp,+=,rbp,=",False,16783024,16783197,1,pop rbp,pop rbp,5d,cpu,pop,False,14,0,,,,,,,,
16783197,"rsp,[8],rip,=,8,rsp,+=",False,16783024,16783197,1,ret,ret,c3,cpu,ret,False,5,0,,,,,,,,
