offset,esil,refptr,fcn_addr,fcn_last,size,opcode,disasm,bytes,family,type,reloc,type_num,type2_num,flags,xrefs_to,ptr,val,jump,fail,xrefs_from
16784736,"rbp,8,rsp,-,=[8],8,rsp,-=",False,16784736,16784961,1,push rbp,push rbp,55,cpu,rpush,False,268435468,0,['sym.rearrange'],"[{'addr': 16784707, 'type': 'CALL'}]",,,,,
16784737,"rsp,rbp,=",False,16784736,16784959,3,"mov rbp, rsp","mov rbp, rsp",4889e5,cpu,mov,False,9,0,,,,,,,
16784740,"rdi,0x18,rbp,-,=[8]",True,16784736,16784958,4,"mov qword [rbp - 0x18], rdi","mov qword [var_20h], rdi",48897de8,cpu,mov,False,268435465,0,,,,,,,
16784744,"rsi,0x10,rbp,-,=[8]",True,16784736,16784958,4,"mov qword [rbp - 0x10], rsi","mov qword [var_18h], rsi",488975f0,cpu,mov,False,268435465,0,,,,,,,
16784748,"edx,0x4,rbp,-,=[4]",True,16784736,16784959,3,"mov dword [rbp - 4], edx","mov dword [var_ch], edx",8955fc,cpu,mov,False,268435465,0,,,,,,,
16784751,"0,edx,==,$z,zf,:=,32,$b,cf,:=,$p,pf,:=,31,$s,sf,:=,0,0x80000000,-,!,31,$o,^,of,:=,3,$b,af,:=",False,16784736,16784959,3,"cmp edx, 0","cmp edx, 0",83fa00,cpu,cmp,False,15,0,,,0.0,0.0,,,
16784754,"zf,?{,16784787,rip,=,}",False,16784736,16784960,2,je 0x1001d93,je 0x1001d93,741f,cpu,cjmp,False,2147483649,0,,,,,16784787.0,16784756.0,
16784756,"0x4,rbp,-,[4],rax,=",True,16784736,16784959,3,"mov eax, dword [rbp - 4]","mov eax, dword [var_ch]",8b45fc,cpu,mov,False,9,0,,,,,,,
16784759,"eax,rcx,=",False,16784736,16784960,2,"mov ecx, eax","mov ecx, eax",89c1,cpu,mov,False,9,0,,,,,,,
16784761,"0,cf,:=,1,1,-,1,<<,ecx,&,?{,1,cf,:=,},1,ecx,>>,ecx,=,$z,zf,:=,$p,pf,:=,31,$s,sf,:=",False,16784736,16784960,2,"shr ecx, 1","shr ecx, 1",d1e9,cpu,shr,False,22,0,,,,1.0,,,
16784763,"ecx,0x34,rbp,-,=[4]",True,16784736,16784959,3,"mov dword [rbp - 0x34], ecx","mov dword [var_3ch], ecx",894dcc,cpu,mov,False,268435465,0,,,,,,,
16784766,"eax,rax,=",False,16784736,16784960,2,"mov eax, eax","mov eax, eax",89c0,cpu,mov,False,9,0,,,,,,,
16784768,"rax,0x30,rbp,-,=[8]",True,16784736,16784958,4,"mov qword [rbp - 0x30], rax","mov qword [var_38h], rax",488945d0,cpu,mov,False,268435465,0,,,,,,,
16784772,"eax,rax,^,0xffffffff,&,rax,=,$z,zf,:=,$p,pf,:=,31,$s,sf,:=,0,cf,:=,0,of,:=",False,16784736,16784960,2,"xor eax, eax","xor eax, eax",31c0,cpu,xor,False,28,0,,,,,,,
16784774,"eax,rcx,=",False,16784736,16784960,2,"mov ecx, eax","mov ecx, eax",89c1,cpu,mov,False,9,0,,,,,,,
16784776,"eax,rax,^,0xffffffff,&,rax,=,$z,zf,:=,$p,pf,:=,31,$s,sf,:=,0,cf,:=,0,of,:=",False,16784736,16784960,2,"xor eax, eax","xor eax, eax",31c0,cpu,xor,False,28,0,,,,,,,
16784778,"rcx,0x28,rbp,-,=[8]",True,16784736,16784958,4,"mov qword [rbp - 0x28], rcx","mov qword [var_30h], rcx",48894dd8,cpu,mov,False,268435465,0,,,,,,,
16784782,"eax,0x1c,rbp,-,=[4]",True,16784736,16784959,3,"mov dword [rbp - 0x1c], eax","mov dword [var_24h], eax",8945e4,cpu,mov,False,268435465,0,,,,,,,
16784785,"0x1001d95,rip,=",False,16784736,16784960,2,jmp 0x1001d95,jmp 0x1001d95,eb02,cpu,jmp,False,1,0,,,,,16784789.0,,"[{'addr': 16784789, 'type': 'CODE'}]"
16784787,"rsp,[8],8,rsp,+=,rbp,=",False,16784736,16784961,1,pop rbp,pop rbp,5d,cpu,pop,False,14,0,,,,,,,
16784788,"rsp,[8],rip,=,8,rsp,+=",False,16784736,16784961,1,ret,ret,c3,cpu,ret,False,5,0,,,,,,,
16784789,"0x28,rbp,-,[8],rax,=",True,16784736,16784958,4,"mov rax, qword [rbp - 0x28]","mov rax, qword [var_30h]",488b45d8,cpu,mov,False,9,0,,"[{'addr': 16784785, 'type': 'CODE'}, {'addr': 16784957, 'type': 'CODE'}]",,,,,
16784793,"0x1c,rbp,-,[4],rcx,=",True,16784736,16784959,3,"mov ecx, dword [rbp - 0x1c]","mov ecx, dword [var_24h]",8b4de4,cpu,mov,False,9,0,,,,,,,
16784796,"ecx,0x4c,rbp,-,=[4]",True,16784736,16784959,3,"mov dword [rbp - 0x4c], ecx","mov dword [var_54h], ecx",894db4,cpu,mov,False,268435465,0,,,,,,,
16784799,"rax,0x48,rbp,-,=[8]",True,16784736,16784958,4,"mov qword [rbp - 0x48], rax","mov qword [var_50h], rax",488945b8,cpu,mov,False,268435465,0,,,,,,,
16784803,"ecx,rcx,=",False,16784736,16784960,2,"mov ecx, ecx","mov ecx, ecx",89c9,cpu,mov,False,9,0,,,,,,,
16784805,"rcx,0x40,rbp,-,=[8]",True,16784736,16784958,4,"mov qword [rbp - 0x40], rcx","mov qword [var_48h], rcx",48894dc0,cpu,mov,False,268435465,0,,,,,,,
16784809,"rcx,rax,==,$z,zf,:=,64,$b,cf,:=,$p,pf,:=,63,$s,sf,:=,rcx,0x8000000000000000,-,!,63,$o,^,of,:=,3,$b,af,:=",False,16784736,16784959,3,"cmp rax, rcx","cmp rax, rcx",4839c8,cpu,cmp,False,15,0,,,,,,,
16784812,"cf,!,?{,16784870,rip,=,}",False,16784736,16784960,2,jae 0x1001de6,jae 0x1001de6,7338,cpu,cjmp,False,2147483649,0,,,,,16784870.0,16784814.0,
16784814,"0x10,rbp,-,[8],rax,=",True,16784736,16784958,4,"mov rax, qword [rbp - 0x10]","mov rax, qword [var_18h]",488b45f0,cpu,mov,False,9,0,,,,,,,
16784818,"0x48,rbp,-,[8],rcx,=",True,16784736,16784958,4,"mov rcx, qword [rbp - 0x48]","mov rcx, qword [var_50h]",488b4db8,cpu,mov,False,9,0,,,,,,,
16784822,"0x18,rbp,-,[8],rdx,=",True,16784736,16784958,4,"mov rdx, qword [rbp - 0x18]","mov rdx, qword [var_20h]",488b55e8,cpu,mov,False,9,0,,,,,,,
16784826,"0x40,rbp,-,[8],rsi,=",True,16784736,16784958,4,"mov rsi, qword [rbp - 0x40]","mov rsi, qword [var_48h]",488b75c0,cpu,mov,False,9,0,,,,,,,
16784830,"rsi,4,*,rdx,+,[4],xmm1,=",True,16784736,16784957,5,"movss xmm1, dword [rdx + rsi*4]","movss xmm1, dword [rdx + rsi*4]",f30f100cb2,sse,mov,False,9,0,,,,,,,
16784835,"rsi,4,*,rax,+,[4],xmm0,=",True,16784736,16784957,5,"movss xmm0, dword [rax + rsi*4]","movss xmm0, dword [rax + rsi*4]",f30f1004b0,sse,mov,False,9,0,,,,,,,
16784840,"rcx,4,*,rdx,+,[4],xmm2,=",True,16784736,16784957,5,"movss xmm2, dword [rdx + rcx*4]","movss xmm2, dword [rdx + rcx*4]",f30f10148a,sse,mov,False,9,0,,,,,,,
16784845,"xmm2,rsi,4,*,rdx,+,=[4]",True,16784736,16784957,5,"movss dword [rdx + rsi*4], xmm2","movss dword [rdx + rsi*4], xmm2",f30f1114b2,sse,mov,False,9,0,,,,,,,
16784850,"rcx,4,*,rax,+,[4],xmm2,=",True,16784736,16784957,5,"movss xmm2, dword [rax + rcx*4]","movss xmm2, dword [rax + rcx*4]",f30f101488,sse,mov,False,9,0,,,,,,,
16784855,"xmm2,rsi,4,*,rax,+,=[4]",True,16784736,16784957,5,"movss dword [rax + rsi*4], xmm2","movss dword [rax + rsi*4], xmm2",f30f1114b0,sse,mov,False,9,0,,,,,,,
16784860,"xmm1,rcx,4,*,rdx,+,=[4]",True,16784736,16784957,5,"movss dword [rdx + rcx*4], xmm1","movss dword [rdx + rcx*4], xmm1",f30f110c8a,sse,mov,False,9,0,,,,,,,
16784865,"xmm0,rcx,4,*,rax,+,=[4]",True,16784736,16784957,5,"movss dword [rax + rcx*4], xmm0","movss dword [rax + rcx*4], xmm0",f30f110488,sse,mov,False,9,0,,,,,,,
16784870,"0x4c,rbp,-,[4],rax,=",True,16784736,16784959,3,"mov eax, dword [rbp - 0x4c]","mov eax, dword [var_54h]",8b45b4,cpu,mov,False,9,0,,,,,,,
16784873,"0x34,rbp,-,[4],rcx,=",True,16784736,16784959,3,"mov ecx, dword [rbp - 0x34]","mov ecx, dword [var_3ch]",8b4dcc,cpu,mov,False,9,0,,,,,,,
16784876,"ecx,rdx,=",False,16784736,16784960,2,"mov edx, ecx","mov edx, ecx",89ca,cpu,mov,False,9,0,,,,,,,
16784878,"eax,rdx,&,0xffffffff,&,rdx,=,$z,zf,:=,$p,pf,:=,31,$s,sf,:=,0,cf,:=,0,of,:=",False,16784736,16784960,2,"and edx, eax","and edx, eax",21c2,cpu,and,False,27,0,,,,,,,
16784880,"0,edx,==,$z,zf,:=,32,$b,cf,:=,$p,pf,:=,31,$s,sf,:=,0,0x80000000,-,!,31,$o,^,of,:=,3,$b,af,:=",False,16784736,16784959,3,"cmp edx, 0","cmp edx, 0",83fa00,cpu,cmp,False,15,0,,,0.0,0.0,,,
16784883,"ecx,0x54,rbp,-,=[4]",True,16784736,16784959,3,"mov dword [rbp - 0x54], ecx","mov dword [var_5ch], ecx",894dac,cpu,mov,False,268435465,0,,,,,,,
16784886,"eax,0x50,rbp,-,=[4]",True,16784736,16784959,3,"mov dword [rbp - 0x50], eax","mov dword [var_58h], eax",8945b0,cpu,mov,False,268435465,0,,,,,,,
16784889,"zf,?{,16784921,rip,=,}",False,16784736,16784960,2,je 0x1001e19,je 0x1001e19,741e,cpu,cjmp,False,2147483649,0,,,,,16784921.0,16784891.0,
16784891,"0x50,rbp,-,[4],rax,=",True,16784736,16784959,3,"mov eax, dword [rbp - 0x50]","mov eax, dword [var_58h]",8b45b0,cpu,mov,False,9,0,,,,,,,
16784894,"0x54,rbp,-,[4],rcx,=",True,16784736,16784959,3,"mov ecx, dword [rbp - 0x54]","mov ecx, dword [var_5ch]",8b4dac,cpu,mov,False,9,0,,,,,,,
16784897,"ecx,rdx,=",False,16784736,16784960,2,"mov edx, ecx","mov edx, ecx",89ca,cpu,mov,False,9,0,,,,,,,
16784899,"4294967295,rdx,^,0xffffffff,&,rdx,=,$z,zf,:=,$p,pf,:=,31,$s,sf,:=,0,cf,:=,0,of,:=",False,16784736,16784959,3,"xor edx, 0xffffffff","xor edx, 0xffffffff",83f2ff,cpu,xor,False,28,0,,,4294967295.0,4294967295.0,,,
16784902,"edx,rax,&,0xffffffff,&,rax,=,$z,zf,:=,$p,pf,:=,31,$s,sf,:=,0,cf,:=,0,of,:=",False,16784736,16784960,2,"and eax, edx","and eax, edx",21d0,cpu,and,False,27,0,,,,,,,
16784904,"0,cf,:=,1,1,-,1,<<,ecx,&,?{,1,cf,:=,},1,ecx,>>,ecx,=,$z,zf,:=,$p,pf,:=,31,$s,sf,:=",False,16784736,16784960,2,"shr ecx, 1","shr ecx, 1",d1e9,cpu,shr,False,22,0,,,,1.0,,,
16784906,"ecx,rdx,=",False,16784736,16784960,2,"mov edx, ecx","mov edx, ecx",89ca,cpu,mov,False,9,0,,,,,,,
16784908,"eax,rdx,&,0xffffffff,&,rdx,=,$z,zf,:=,$p,pf,:=,31,$s,sf,:=,0,cf,:=,0,of,:=",False,16784736,16784960,2,"and edx, eax","and edx, eax",21c2,cpu,and,False,27,0,,,,,,,
16784910,"0,edx,==,$z,zf,:=,32,$b,cf,:=,$p,pf,:=,31,$s,sf,:=,0,0x80000000,-,!,31,$o,^,of,:=,3,$b,af,:=",False,16784736,16784959,3,"cmp edx, 0","cmp edx, 0",83fa00,cpu,cmp,False,15,0,,,0.0,0.0,,,
16784913,"ecx,0x54,rbp,-,=[4]",True,16784736,16784959,3,"mov dword [rbp - 0x54], ecx","mov dword [var_5ch], ecx",894dac,cpu,mov,False,268435465,0,,,,,,,
16784916,"eax,0x50,rbp,-,=[4]",True,16784736,16784959,3,"mov dword [rbp - 0x50], eax","mov dword [var_58h], eax",8945b0,cpu,mov,False,268435465,0,,,,,,,
16784919,"zf,!,?{,16784891,rip,=,}",False,16784736,16784960,2,jne 0x1001dfb,jne 0x1001dfb,75e2,cpu,cjmp,False,2147483649,0,,,,,16784891.0,16784921.0,
16784921,"0x30,rbp,-,[8],rdx,=",True,16784736,16784958,4,"mov rdx, qword [rbp - 0x30]","mov rdx, qword [var_38h]",488b55d0,cpu,mov,False,9,0,,,,,,,
16784925,"0x48,rbp,-,[8],rcx,=",True,16784736,16784958,4,"mov rcx, qword [rbp - 0x48]","mov rcx, qword [var_50h]",488b4db8,cpu,mov,False,9,0,,,,,,,
16784929,"0x50,rbp,-,[4],rsi,=",True,16784736,16784959,3,"mov esi, dword [rbp - 0x50]","mov esi, dword [var_58h]",8b75b0,cpu,mov,False,9,0,,,,,,,
16784932,"0x54,rbp,-,[4],rax,=",True,16784736,16784959,3,"mov eax, dword [rbp - 0x54]","mov eax, dword [var_5ch]",8b45ac,cpu,mov,False,9,0,,,,,,,
16784935,"esi,eax,|=,31,$s,sf,:=,$z,zf,:=,$p,pf,:=,0,of,:=,0,cf,:=",False,16784736,16784960,2,"or eax, esi","or eax, esi",09f0,cpu,or,False,26,0,,,,,,,
16784937,"1,rcx,+=,63,$o,of,:=,63,$s,sf,:=,$z,zf,:=,63,$c,cf,:=,$p,pf,:=,3,$c,af,:=",False,16784736,16784958,4,"add rcx, 1","add rcx, 1",4883c101,cpu,add,False,17,0,,,,1.0,,,
16784941,"rdx,rcx,==,$z,zf,:=,64,$b,cf,:=,$p,pf,:=,63,$s,sf,:=,rdx,0x8000000000000000,-,!,63,$o,^,of,:=,3,$b,af,:=",False,16784736,16784959,3,"cmp rcx, rdx","cmp rcx, rdx",4839d1,cpu,cmp,False,15,0,,,,,,,
16784944,"rcx,0x28,rbp,-,=[8]",True,16784736,16784958,4,"mov qword [rbp - 0x28], rcx","mov qword [var_30h], rcx",48894dd8,cpu,mov,False,268435465,0,,,,,,,
16784948,"eax,0x1c,rbp,-,=[4]",True,16784736,16784959,3,"mov dword [rbp - 0x1c], eax","mov dword [var_24h], eax",8945e4,cpu,mov,False,268435465,0,,,,,,,
16784951,"zf,?{,16784787,rip,=,}",False,16784736,16784956,6,je 0x1001d93,je 0x1001d93,0f8456ffffff,cpu,cjmp,False,2147483649,0,,,,,16784787.0,16784957.0,
16784957,"0x1001d95,rip,=",False,16784736,16784957,5,jmp 0x1001d95,jmp 0x1001d95,e953ffffff,cpu,jmp,False,1,0,,,,,16784789.0,,"[{'addr': 16784789, 'type': 'CODE'}]"
