offset,esil,refptr,fcn_addr,fcn_last,size,opcode,disasm,bytes,family,type,reloc,type_num,type2_num,flags,val,ptr,jump,fail,xrefs_from,xrefs_to
16783360,"rbp,8,rsp,-,=[8],8,rsp,-=",False,16783360,16783469,1,push rbp,push rbp,55,cpu,rpush,False,268435468,0,['sym.printArray'],,,,,,
16783361,"rsp,rbp,=",False,16783360,16783467,3,"mov rbp, rsp","mov rbp, rsp",4889e5,cpu,mov,False,9,0,,,,,,,
16783364,"48,rsp,-=,48,0x8000000000000000,-,!,63,$o,^,of,:=,63,$s,sf,:=,$z,zf,:=,$p,pf,:=,64,$b,cf,:=,3,$b,af,:=",False,16783360,16783466,4,"sub rsp, 0x30","sub rsp, 0x30",4883ec30,cpu,sub,False,18,0,,48.0,,,,,
16783368,"rdi,0x10,rbp,-,=[8]",True,16783360,16783466,4,"mov qword [rbp - 0x10], rdi","mov qword [var_18h], rdi",48897df0,cpu,mov,False,268435465,0,,,,,,,
16783372,"esi,0x4,rbp,-,=[4]",True,16783360,16783467,3,"mov dword [rbp - 4], esi","mov dword [var_ch], esi",8975fc,cpu,mov,False,268435465,0,,,,,,,
16783375,"0,esi,==,$z,zf,:=,32,$b,cf,:=,$p,pf,:=,31,$s,sf,:=,0,0x80000000,-,!,31,$o,^,of,:=,3,$b,af,:=",False,16783360,16783467,3,"cmp esi, 0","cmp esi, 0",83fe00,cpu,cmp,False,15,0,,0.0,0.0,,,,
16783378,"of,sf,^,zf,|,?{,16783397,rip,=,}",False,16783360,16783468,2,jle 0x1001825,jle 0x1001825,7e11,cpu,cjmp,False,2147483649,0,,,,16783397.0,16783380.0,,
16783380,"0x4,rbp,-,[4],rax,=",True,16783360,16783467,3,"mov eax, dword [rbp - 4]","mov eax, dword [var_ch]",8b45fc,cpu,mov,False,9,0,,,,,,,
16783383,"eax,rax,=",False,16783360,16783468,2,"mov eax, eax","mov eax, eax",89c0,cpu,mov,False,9,0,,,,,,,
16783385,"rax,0x20,rbp,-,=[8]",True,16783360,16783466,4,"mov qword [rbp - 0x20], rax","mov qword [var_28h], rax",488945e0,cpu,mov,False,268435465,0,,,,,,,
16783389,"eax,rax,^,0xffffffff,&,rax,=,$z,zf,:=,$p,pf,:=,31,$s,sf,:=,0,cf,:=,0,of,:=",False,16783360,16783468,2,"xor eax, eax","xor eax, eax",31c0,cpu,xor,False,28,0,,,,,,,
16783391,"rax,0x18,rbp,-,=[8]",True,16783360,16783466,4,"mov qword [rbp - 0x18], rax","mov qword [var_20h], rax",488945e8,cpu,mov,False,268435465,0,,,,,,,
16783395,"0x1001834,rip,=",False,16783360,16783468,2,jmp 0x1001834,jmp 0x1001834,eb0f,cpu,jmp,False,1,0,,,,16783412.0,,"[{'addr': 16783412, 'type': 'CODE'}]",
16783397,"10,rdi,=",False,16783360,16783465,5,"mov edi, 0xa","mov edi, 0xa",bf0a000000,cpu,mov,False,9,0,,10.0,,,,,
16783402,"48,rsp,+=,63,$o,of,:=,63,$s,sf,:=,$z,zf,:=,63,$c,cf,:=,$p,pf,:=,3,$c,af,:=",False,16783360,16783466,4,"add rsp, 0x30","add rsp, 0x30",4883c430,cpu,add,False,17,0,,48.0,,,,,
16783406,"rsp,[8],8,rsp,+=,rbp,=",False,16783360,16783469,1,pop rbp,pop rbp,5d,cpu,pop,False,14,0,,,,,,,
16783407,"0x1002100,rip,=",False,16783360,16783465,5,jmp 0x1002100,jmp sym.imp.putchar,e9cc080000,cpu,jmp,False,1,0,,,,16785664.0,,"[{'addr': 16785664, 'type': 'CODE'}]",
16783412,"0x18,rbp,-,[8],rcx,=",True,16783360,16783466,4,"mov rcx, qword [rbp - 0x18]","mov rcx, qword [var_20h]",488b4de8,cpu,mov,False,9,0,,,,,,,"[{'addr': 16783395, 'type': 'CODE'}, {'addr': 16783468, 'type': 'CODE'}]"
16783416,"0x10,rbp,-,[8],rax,=",True,16783360,16783466,4,"mov rax, qword [rbp - 0x10]","mov rax, qword [var_18h]",488b45f0,cpu,mov,False,9,0,,,,,,,
16783420,"rcx,0x28,rbp,-,=[8]",True,16783360,16783466,4,"mov qword [rbp - 0x28], rcx","mov qword [var_30h], rcx",48894dd8,cpu,mov,False,268435465,0,,,,,,,
16783424,"rcx,4,*,rax,+,[4],xmm0,=",True,16783360,16783465,5,"movss xmm0, dword [rax + rcx*4]","movss xmm0, dword [rax + rcx*4]",f30f100488,sse,mov,False,9,0,,,,,,,
16783429,,False,16783360,16783466,4,"cvtss2sd xmm0, xmm0","cvtss2sd xmm0, xmm0",f30f5ac0,sse,null,False,0,0,,,,,,,
16783433,"0x12e4,rip,-,rdi,=",True,16783360,16783463,7,"lea rdi, [rip - 0x12e4]","lea rdi, str..2f",488d3d1cedffff,cpu,lea,False,33,0,,,16778604.0,,,"[{'addr': 16778604, 'type': 'DATA'}]",
16783440,"1,al,=",False,16783360,16783468,2,"mov al, 1","mov al, 1",b001,cpu,mov,False,9,0,,1.0,,,,,
16783442,"16785680,rip,8,rsp,-=,rsp,=[],rip,=",False,16783360,16783465,5,call 0x1002110,call sym.imp.printf,e8b9080000,cpu,call,False,3,0,,,,16785680.0,16783447.0,"[{'addr': 16785680, 'type': 'CALL'}]",
16783447,"0x20,rbp,-,[8],rcx,=",True,16783360,16783466,4,"mov rcx, qword [rbp - 0x20]","mov rcx, qword [var_28h]",488b4de0,cpu,mov,False,9,0,,,,,,,
16783451,"0x28,rbp,-,[8],rax,=",True,16783360,16783466,4,"mov rax, qword [rbp - 0x28]","mov rax, qword [var_30h]",488b45d8,cpu,mov,False,9,0,,,,,,,
16783455,"1,rax,+=,63,$o,of,:=,63,$s,sf,:=,$z,zf,:=,63,$c,cf,:=,$p,pf,:=,3,$c,af,:=",False,16783360,16783466,4,"add rax, 1","add rax, 1",4883c001,cpu,add,False,17,0,,1.0,,,,,
16783459,"rcx,rax,==,$z,zf,:=,64,$b,cf,:=,$p,pf,:=,63,$s,sf,:=,rcx,0x8000000000000000,-,!,63,$o,^,of,:=,3,$b,af,:=",False,16783360,16783467,3,"cmp rax, rcx","cmp rax, rcx",4839c8,cpu,cmp,False,15,0,,,,,,,
16783462,"rax,0x18,rbp,-,=[8]",True,16783360,16783466,4,"mov qword [rbp - 0x18], rax","mov qword [var_20h], rax",488945e8,cpu,mov,False,268435465,0,,,,,,,
16783466,"zf,?{,16783397,rip,=,}",False,16783360,16783468,2,je 0x1001825,je 0x1001825,74b9,cpu,cjmp,False,2147483649,0,,,,16783397.0,16783468.0,,
16783468,"0x1001834,rip,=",False,16783360,16783468,2,jmp 0x1001834,jmp 0x1001834,ebc6,cpu,jmp,False,1,0,,,,16783412.0,,"[{'addr': 16783412, 'type': 'CODE'}]",
