offset,esil,refptr,fcn_addr,fcn_last,size,opcode,disasm,bytes,family,type,reloc,type_num,type2_num,flags,xrefs_to,val,ptr,jump,fail,xrefs_from
16782784,"rbp,8,rsp,-,=[8],8,rsp,-=",False,16782784,16782955,1,push rbp,push rbp,55,cpu,rpush,False,268435468,0,['sym.armstrong_num'],"[{'addr': 16783000, 'type': 'CALL'}]",,,,,
16782785,"rsp,rbp,=",False,16782784,16782953,3,"mov rbp, rsp","mov rbp, rsp",4889e5,cpu,mov,False,9,0,,,,,,,
16782788,"32,rsp,-=,32,0x8000000000000000,-,!,63,$o,^,of,:=,63,$s,sf,:=,$z,zf,:=,$p,pf,:=,64,$b,cf,:=,3,$b,af,:=",False,16782784,16782952,4,"sub rsp, 0x20","sub rsp, 0x20",4883ec20,cpu,sub,False,18,0,,,32.0,,,,
16782792,"edi,0xc,rbp,-,=[4]",True,16782784,16782953,3,"mov dword [rbp - 0xc], edi","mov dword [var_14h], edi",897df4,cpu,mov,False,268435465,0,,,,,,,
16782795,"eax,rax,^,0xffffffff,&,rax,=,$z,zf,:=,$p,pf,:=,31,$s,sf,:=,0,cf,:=,0,of,:=",False,16782784,16782954,2,"xor eax, eax","xor eax, eax",31c0,cpu,xor,False,28,0,,,,,,,
16782797,"0,edi,==,$z,zf,:=,32,$b,cf,:=,$p,pf,:=,31,$s,sf,:=,0,0x80000000,-,!,31,$o,^,of,:=,3,$b,af,:=",False,16782784,16782953,3,"cmp edi, 0","cmp edi, 0",83ff00,cpu,cmp,False,15,0,,,0.0,0.0,,,
16782800,"eax,0x8,rbp,-,=[4]",True,16782784,16782953,3,"mov dword [rbp - 8], eax","mov dword [var_10h], eax",8945f8,cpu,mov,False,268435465,0,,,,,,,
16782803,"edi,0x4,rbp,-,=[4]",True,16782784,16782953,3,"mov dword [rbp - 4], edi","mov dword [var_ch], edi",897dfc,cpu,mov,False,268435465,0,,,,,,,
16782806,"zf,?{,16782871,rip,=,}",False,16782784,16782954,2,je 0x1001617,je 0x1001617,743f,cpu,cjmp,False,2147483649,0,,,,,16782871.0,16782808.0,
16782808,"0x4,rbp,-,[4],rax,=",True,16782784,16782953,3,"mov eax, dword [rbp - 4]","mov eax, dword [var_ch]",8b45fc,cpu,mov,False,9,0,,,,,,,
16782811,"0x8,rbp,-,[4],rcx,=",True,16782784,16782953,3,"mov ecx, dword [rbp - 8]","mov ecx, dword [var_10h]",8b4df8,cpu,mov,False,9,0,,,,,,,
16782814,"eax,0x10,rbp,-,=[4]",True,16782784,16782953,3,"mov dword [rbp - 0x10], eax","mov dword [var_18h], eax",8945f0,cpu,mov,False,268435465,0,,,,,,,
16782817,"ecx,0x14,rbp,-,=[4]",True,16782784,16782953,3,"mov dword [rbp - 0x14], ecx","mov dword [var_1ch], ecx",894dec,cpu,mov,False,268435465,0,,,,,,,
16782820,"10,rcx,=",False,16782784,16782951,5,"mov ecx, 0xa","mov ecx, 0xa",b90a000000,cpu,mov,False,9,0,,,10.0,,,,
16782825,"0,edx,=,31,eax,>>,?{,0xffffffff,edx,=,}",False,16782784,16782955,1,cdq,cdq,99,cpu,null,False,0,0,,,,,,,
16782826,"32,ecx,~,32,edx,<<,eax,+,~%,32,ecx,~,32,edx,<<,eax,+,~/,eax,=,edx,=",False,16782784,16782954,2,idiv ecx,idiv ecx,f7f9,cpu,div,False,21,0,,,,,,,
16782828,"0x10,rbp,-,[4],rax,=",True,16782784,16782953,3,"mov eax, dword [rbp - 0x10]","mov eax, dword [var_18h]",8b45f0,cpu,mov,False,9,0,,,,,,,
16782831,"edx,rsi,=",False,16782784,16782954,2,"mov esi, edx","mov esi, edx",89d6,cpu,mov,False,9,0,,,,,,,
16782833,"0x14,rbp,-,[4],rdx,=",True,16782784,16782953,3,"mov edx, dword [rbp - 0x14]","mov edx, dword [var_1ch]",8b55ec,cpu,mov,False,9,0,,,,,,,
16782836,"esi,rcx,=",False,16782784,16782954,2,"mov ecx, esi","mov ecx, esi",89f1,cpu,mov,False,9,0,,,,,,,
16782838,"32,ecx,~,32,ecx,~,*,DUP,ecx,=,ecx,-,?{,1,1,}{,0,0,},cf,:=,of,:=",False,16782784,16782953,3,"imul ecx, ecx","imul ecx, ecx",0fafc9,cpu,mul,False,20,0,,,,,,,
16782841,"32,ecx,~,32,esi,~,*,DUP,ecx,=,ecx,-,?{,1,1,}{,0,0,},cf,:=,of,:=",False,16782784,16782953,3,"imul ecx, esi","imul ecx, esi",0fafce,cpu,mul,False,20,0,,,,,,,
16782844,"edx,ecx,+=,31,$o,of,:=,31,$s,sf,:=,$z,zf,:=,31,$c,cf,:=,$p,pf,:=,3,$c,af,:=",False,16782784,16782954,2,"add ecx, edx","add ecx, edx",01d1,cpu,add,False,17,0,,,,,,,
16782846,"10,rsi,=",False,16782784,16782951,5,"mov esi, 0xa","mov esi, 0xa",be0a000000,cpu,mov,False,9,0,,,10.0,,,,
16782851,"0,edx,=,31,eax,>>,?{,0xffffffff,edx,=,}",False,16782784,16782955,1,cdq,cdq,99,cpu,null,False,0,0,,,,,,,
16782852,"32,esi,~,32,edx,<<,eax,+,~%,32,esi,~,32,edx,<<,eax,+,~/,eax,=,edx,=",False,16782784,16782954,2,idiv esi,idiv esi,f7fe,cpu,div,False,21,0,,,,,,,
16782854,"0x10,rbp,-,[4],rdx,=",True,16782784,16782953,3,"mov edx, dword [rbp - 0x10]","mov edx, dword [var_18h]",8b55f0,cpu,mov,False,9,0,,,,,,,
16782857,"9,edx,+=,31,$o,of,:=,31,$s,sf,:=,$z,zf,:=,31,$c,cf,:=,$p,pf,:=,3,$c,af,:=",False,16782784,16782953,3,"add edx, 9","add edx, 9",83c209,cpu,add,False,17,0,,,9.0,,,,
16782860,"19,edx,==,$z,zf,:=,32,$b,cf,:=,$p,pf,:=,31,$s,sf,:=,19,0x80000000,-,!,31,$o,^,of,:=,3,$b,af,:=",False,16782784,16782953,3,"cmp edx, 0x13","cmp edx, 0x13",83fa13,cpu,cmp,False,15,0,,,19.0,19.0,,,
16782863,"ecx,0x8,rbp,-,=[4]",True,16782784,16782953,3,"mov dword [rbp - 8], ecx","mov dword [var_10h], ecx",894df8,cpu,mov,False,268435465,0,,,,,,,
16782866,"eax,0x4,rbp,-,=[4]",True,16782784,16782953,3,"mov dword [rbp - 4], eax","mov dword [var_ch], eax",8945fc,cpu,mov,False,268435465,0,,,,,,,
16782869,"cf,!,?{,16782808,rip,=,}",False,16782784,16782954,2,jae 0x10015d8,jae 0x10015d8,73c1,cpu,cjmp,False,2147483649,0,,,,,16782808.0,16782871.0,
16782871,"0xc,rbp,-,[4],rcx,=",True,16782784,16782953,3,"mov ecx, dword [rbp - 0xc]","mov ecx, dword [var_14h]",8b4df4,cpu,mov,False,9,0,,,,,,,
16782874,"0x8,rbp,-,[4],rax,=",True,16782784,16782953,3,"mov eax, dword [rbp - 8]","mov eax, dword [var_10h]",8b45f8,cpu,mov,False,9,0,,,,,,,
16782877,"ecx,eax,==,$z,zf,:=,32,$b,cf,:=,$p,pf,:=,31,$s,sf,:=,ecx,0x80000000,-,!,31,$o,^,of,:=,3,$b,af,:=",False,16782784,16782954,2,"cmp eax, ecx","cmp eax, ecx",39c8,cpu,cmp,False,15,0,,,,,,,
16782879,"zf,!,?{,16782925,rip,=,}",False,16782784,16782954,2,jne 0x100164d,jne 0x100164d,752c,cpu,cjmp,False,2147483649,0,,,,,16782925.0,16782881.0,
16782881,"0xc,rbp,-,[4],rsi,=",True,16782784,16782953,3,"mov esi, dword [rbp - 0xc]","mov esi, dword [var_14h]",8b75f4,cpu,mov,False,9,0,,,,,,,
16782884,"0x11af,rip,-,rdi,=",True,16782784,16782949,7,"lea rdi, [rip - 0x11af]","lea rdi, str.d_is_an_Armstrong_number.",488d3d51eeffff,cpu,lea,False,33,0,,,,16778364.0,,,"[{'addr': 16778364, 'type': 'DATA'}]"
16782891,"0,al,=",False,16782784,16782954,2,"mov al, 0","mov al, 0",b000,cpu,mov,False,9,0,,,0.0,,,,
16782893,"16783200,rip,8,rsp,-=,rsp,=[],rip,=",False,16782784,16782951,5,call 0x1001760,call sym.imp.printf,e82e010000,cpu,call,False,3,0,,,,,16783200.0,16782898.0,"[{'addr': 16783200, 'type': 'CALL'}]"
16782898,"0xc,rbp,-,[4],rdx,=",True,16782784,16782953,3,"mov edx, dword [rbp - 0xc]","mov edx, dword [var_14h]",8b55f4,cpu,mov,False,9,0,,,,,,,
16782901,"1,rax,=",False,16782784,16782951,5,"mov eax, 1","mov eax, 1",b801000000,cpu,mov,False,9,0,,,1.0,,,,
16782906,"1634,rcx,=",False,16782784,16782951,5,"mov ecx, 0x662","mov ecx, 0x662",b962060000,cpu,mov,False,9,0,,,1634.0,1634.0,,,
16782911,"1634,edx,==,$z,zf,:=,32,$b,cf,:=,$p,pf,:=,31,$s,sf,:=,1634,0x80000000,-,!,31,$o,^,of,:=,3,$b,af,:=",False,16782784,16782950,6,"cmp edx, 0x662","cmp edx, 0x662",81fa62060000,cpu,cmp,False,15,0,,,1634.0,1634.0,,,
16782917,"zf,?{,ecx,eax,=,}",False,16782784,16782953,3,"cmove eax, ecx","cmove eax, ecx",0f44c1,cpu,cmov,False,2147483657,0,,,,,,,
16782920,"eax,0x18,rbp,-,=[4]",True,16782784,16782953,3,"mov dword [rbp - 0x18], eax","mov dword [var_20h], eax",8945e8,cpu,mov,False,268435465,0,,,,,,,
16782923,"0x1001663,rip,=",False,16782784,16782954,2,jmp 0x1001663,jmp 0x1001663,eb16,cpu,jmp,False,1,0,,,,,16782947.0,,"[{'addr': 16782947, 'type': 'CODE'}]"
16782925,"0xc,rbp,-,[4],rsi,=",True,16782784,16782953,3,"mov esi, dword [rbp - 0xc]","mov esi, dword [var_14h]",8b75f4,cpu,mov,False,9,0,,,,,,,
16782928,"0x11bf,rip,-,rdi,=",True,16782784,16782949,7,"lea rdi, [rip - 0x11bf]","lea rdi, str.d_is_not_an_Armstrong_number.",488d3d41eeffff,cpu,lea,False,33,0,,,,16778392.0,,,"[{'addr': 16778392, 'type': 'DATA'}]"
16782935,"0,al,=",False,16782784,16782954,2,"mov al, 0","mov al, 0",b000,cpu,mov,False,9,0,,,0.0,,,,
16782937,"16783200,rip,8,rsp,-=,rsp,=[],rip,=",False,16782784,16782951,5,call 0x1001760,call sym.imp.printf,e802010000,cpu,call,False,3,0,,,,,16783200.0,16782942.0,"[{'addr': 16783200, 'type': 'CALL'}]"
16782942,"eax,rax,^,0xffffffff,&,rax,=,$z,zf,:=,$p,pf,:=,31,$s,sf,:=,0,cf,:=,0,of,:=",False,16782784,16782954,2,"xor eax, eax","xor eax, eax",31c0,cpu,xor,False,28,0,,,,,,,
16782944,"eax,0x18,rbp,-,=[4]",True,16782784,16782953,3,"mov dword [rbp - 0x18], eax","mov dword [var_20h], eax",8945e8,cpu,mov,False,268435465,0,,,,,,,
16782947,"0x18,rbp,-,[4],rax,=",True,16782784,16782953,3,"mov eax, dword [rbp - 0x18]","mov eax, dword [var_20h]",8b45e8,cpu,mov,False,9,0,,"[{'addr': 16782923, 'type': 'CODE'}]",,,,,
16782950,"32,rsp,+=,63,$o,of,:=,63,$s,sf,:=,$z,zf,:=,63,$c,cf,:=,$p,pf,:=,3,$c,af,:=",False,16782784,16782952,4,"add rsp, 0x20","add rsp, 0x20",4883c420,cpu,add,False,17,0,,,32.0,,,,
16782954,"rsp,[8],8,rsp,+=,rbp,=",False,16782784,16782955,1,pop rbp,pop rbp,5d,cpu,pop,False,14,0,,,,,,,
16782955,"rsp,[8],rip,=,8,rsp,+=",False,16782784,16782955,1,ret,ret,c3,cpu,ret,False,5,0,,,,,,,
