offset,esil,refptr,fcn_addr,fcn_last,size,opcode,disasm,bytes,family,type,reloc,type_num,type2_num,flags,xrefs_to,val,jump,fail,xrefs_from,ptr
16783568,"rbp,8,rsp,-,=[8],8,rsp,-=",False,16783568,16783806,1,push rbp,push rbp,55,cpu,rpush,False,268435468,0,"['main', 'sym.main']","[{'addr': 16782925, 'type': 'DATA'}]",,,,,
16783569,"rsp,rbp,=",False,16783568,16783804,3,"mov rbp, rsp","mov rbp, rsp",4889e5,cpu,mov,False,9,0,,,,,,,
16783572,"64,rsp,-=,64,0x8000000000000000,-,!,63,$o,^,of,:=,63,$s,sf,:=,$z,zf,:=,$p,pf,:=,64,$b,cf,:=,3,$b,af,:=",False,16783568,16783803,4,"sub rsp, 0x40","sub rsp, 0x40",4883ec40,cpu,sub,False,18,0,,,64.0,,,,
16783576,"edi,0x14,rbp,-,=[4]",True,16783568,16783804,3,"mov dword [rbp - 0x14], edi","mov dword [var_1ch], edi",897dec,cpu,mov,False,268435465,0,,,,,,,
16783579,"rsi,0x10,rbp,-,=[8]",True,16783568,16783803,4,"mov qword [rbp - 0x10], rsi","mov qword [var_18h], rsi",488975f0,cpu,mov,False,268435465,0,,,,,,,
16783583,"32,edi,~,rdi,=",False,16783568,16783804,3,"movsxd rdi, edi","movsxd rdi, edi",4863ff,cpu,mov,False,9,0,,,,,,,
16783586,"0,2,!,!,?{,1,2,-,rdi,<<,0x8000000000000000,&,!,!,^,},2,rdi,<<=,$z,zf,:=,$p,pf,:=,63,$s,sf,:=,cf,=",False,16783568,16783803,4,"shl rdi, 2","shl rdi, 2",48c1e702,cpu,shl,False,23,0,,,,,,,
16783590,"18446744073709551615,rdi,+=,63,$o,of,:=,63,$s,sf,:=,$z,zf,:=,63,$c,cf,:=,$p,pf,:=,3,$c,af,:=",False,16783568,16783803,4,"add rdi, 0xffffffffffffffff","add rdi, 0xffffffffffffffff",4883c7ff,cpu,add,False,17,0,,,,,,,
16783594,"16783952,rip,8,rsp,-=,rsp,=[],rip,=",False,16783568,16783802,5,call 0x1001a50,call sym.imp.malloc,e861010000,cpu,call,False,3,0,,,,16783952.0,16783599.0,"[{'addr': 16783952, 'type': 'CALL'}]",
16783599,"rax,0x8,rbp,-,=[8]",True,16783568,16783803,4,"mov qword [rbp - 8], rax","mov qword [var_10h], rax",488945f8,cpu,mov,False,268435465,0,,,,,,,
16783603,"0,rax,==,$z,zf,:=,64,$b,cf,:=,$p,pf,:=,63,$s,sf,:=,0,0x8000000000000000,-,!,63,$o,^,of,:=,3,$b,af,:=",False,16783568,16783803,4,"cmp rax, 0","cmp rax, 0",4883f800,cpu,cmp,False,15,0,,,0.0,,,,0.0
16783607,"zf,?{,16783649,rip,=,}",False,16783568,16783805,2,je 0x1001921,je 0x1001921,7428,cpu,cjmp,False,2147483649,0,,,,16783649.0,16783609.0,,
16783609,"0x14,rbp,-,[4],rax,=",True,16783568,16783804,3,"mov eax, dword [rbp - 0x14]","mov eax, dword [var_1ch]",8b45ec,cpu,mov,False,9,0,,,,,,,
16783612,"0x8,rbp,-,[8],rcx,=",True,16783568,16783803,4,"mov rcx, qword [rbp - 8]","mov rcx, qword [var_10h]",488b4df8,cpu,mov,False,9,0,,,,,,,
16783616,"18446744073709551612,rcx,+=,63,$o,of,:=,63,$s,sf,:=,$z,zf,:=,63,$c,cf,:=,$p,pf,:=,3,$c,af,:=",False,16783568,16783803,4,"add rcx, 0xfffffffffffffffc","add rcx, 0xfffffffffffffffc",4883c1fc,cpu,add,False,17,0,,,1.8446744073709552e+19,,,,
16783620,"rcx,0x20,rbp,-,=[8]",True,16783568,16783803,4,"mov qword [rbp - 0x20], rcx","mov qword [args], rcx",48894de0,cpu,mov,False,268435465,0,,,,,,,
16783624,"1,eax,==,$z,zf,:=,32,$b,cf,:=,$p,pf,:=,31,$s,sf,:=,1,0x80000000,-,!,31,$o,^,of,:=,3,$b,af,:=",False,16783568,16783804,3,"cmp eax, 1","cmp eax, 1",83f801,cpu,cmp,False,15,0,,,1.0,,,,1.0
16783627,"of,sf,^,zf,|,?{,16783733,rip,=,}",False,16783568,16783805,2,jle 0x1001975,jle 0x1001975,7e68,cpu,cjmp,False,2147483649,0,,,,16783733.0,16783629.0,,
16783629,"0x14,rbp,-,[4],rax,=",True,16783568,16783804,3,"mov eax, dword [rbp - 0x14]","mov eax, dword [var_1ch]",8b45ec,cpu,mov,False,9,0,,,,,,,
16783632,"eax,rax,=",False,16783568,16783805,2,"mov eax, eax","mov eax, eax",89c0,cpu,mov,False,9,0,,,,,,,
16783634,"rax,0x30,rbp,-,=[8]",True,16783568,16783803,4,"mov qword [rbp - 0x30], rax","mov qword [var_38h], rax",488945d0,cpu,mov,False,268435465,0,,,,,,,
16783638,"1,rax,=",False,16783568,16783802,5,"mov eax, 1","mov eax, 1",b801000000,cpu,mov,False,9,0,,,1.0,,,,
16783643,"rax,0x28,rbp,-,=[8]",True,16783568,16783803,4,"mov qword [rbp - 0x28], rax","mov qword [s], rax",488945d8,cpu,mov,False,268435465,0,,,,,,,
16783647,"0x1001937,rip,=",False,16783568,16783805,2,jmp 0x1001937,jmp 0x1001937,eb16,cpu,jmp,False,1,0,,,,16783671.0,,"[{'addr': 16783671, 'type': 'CODE'}]",
16783649,"0x13fe,rip,-,rdi,=",True,16783568,16783800,7,"lea rdi, [rip - 0x13fe]","lea rdi, str.Error_allocating_the_array.",488d3d02ecffff,cpu,lea,False,33,0,,,,,,"[{'addr': 16778538, 'type': 'DATA'}]",16778538.0
16783656,"16783968,rip,8,rsp,-=,rsp,=[],rip,=",False,16783568,16783802,5,call 0x1001a60,call sym.imp.puts,e833010000,cpu,call,False,3,0,,,,16783968.0,16783661.0,"[{'addr': 16783968, 'type': 'CALL'}]",
16783661,"1,rdi,=",False,16783568,16783802,5,"mov edi, 1","mov edi, 1",bf01000000,cpu,mov,False,9,0,,,1.0,,,,
16783666,"16783984,rip,8,rsp,-=,rsp,=[],rip,=",False,16783568,16783802,5,call 0x1001a70,call sym.imp.exit,e839010000,cpu,call,False,3,0,,,,16783984.0,16783671.0,"[{'addr': 16783984, 'type': 'CALL'}]",
16783671,"0x28,rbp,-,[8],rax,=",True,16783568,16783803,4,"mov rax, qword [rbp - 0x28]","mov rax, qword [s]",488b45d8,cpu,mov,False,9,0,,"[{'addr': 16783647, 'type': 'CODE'}]",,,,,
16783675,"0x20,rbp,-,[8],rdx,=",True,16783568,16783803,4,"mov rdx, qword [rbp - 0x20]","mov rdx, qword [args]",488b55e0,cpu,mov,False,9,0,,,,,,,
16783679,"0x10,rbp,-,[8],rcx,=",True,16783568,16783803,4,"mov rcx, qword [rbp - 0x10]","mov rcx, qword [var_18h]",488b4df0,cpu,mov,False,9,0,,,,,,,
16783683,"rax,0x38,rbp,-,=[8]",True,16783568,16783803,4,"mov qword [rbp - 0x38], rax","mov qword [var_40h], rax",488945c8,cpu,mov,False,268435465,0,,,,,,,
16783687,"rax,8,*,rcx,+,[8],rdi,=",True,16783568,16783803,4,"mov rdi, qword [rcx + rax*8]","mov rdi, qword [rcx + rax*8]",488b3cc1,cpu,mov,False,9,0,,,,,,,
16783691,"0,2,!,!,?{,1,2,-,rax,<<,0x8000000000000000,&,!,!,^,},2,rax,<<=,$z,zf,:=,$p,pf,:=,63,$s,sf,:=,cf,=",False,16783568,16783803,4,"shl rax, 2","shl rax, 2",48c1e002,cpu,shl,False,23,0,,,,,,,
16783695,"rax,rdx,+=,63,$o,of,:=,63,$s,sf,:=,$z,zf,:=,63,$c,cf,:=,$p,pf,:=,3,$c,af,:=",False,16783568,16783804,3,"add rdx, rax","add rdx, rax",4801c2,cpu,add,False,17,0,,,,,,,
16783698,"0x1413,rip,-,rsi,=",True,16783568,16783800,7,"lea rsi, [rip - 0x1413]","lea rsi, data.01000546",488d35edebffff,cpu,lea,False,33,0,,,,,,"[{'addr': 16778566, 'type': 'DATA'}]",16778566.0
16783705,"0,al,=",False,16783568,16783805,2,"mov al, 0","mov al, 0",b000,cpu,mov,False,9,0,,,0.0,,,,
16783707,"16784000,rip,8,rsp,-=,rsp,=[],rip,=",False,16783568,16783802,5,call 0x1001a80,call sym.imp.__isoc99_sscanf,e820010000,cpu,call,False,3,0,,,,16784000.0,16783712.0,"[{'addr': 16784000, 'type': 'CALL'}]",
16783712,"0x30,rbp,-,[8],rcx,=",True,16783568,16783803,4,"mov rcx, qword [rbp - 0x30]","mov rcx, qword [var_38h]",488b4dd0,cpu,mov,False,9,0,,,,,,,
16783716,"0x38,rbp,-,[8],rax,=",True,16783568,16783803,4,"mov rax, qword [rbp - 0x38]","mov rax, qword [var_40h]",488b45c8,cpu,mov,False,9,0,,,,,,,
16783720,"1,rax,+=,63,$o,of,:=,63,$s,sf,:=,$z,zf,:=,63,$c,cf,:=,$p,pf,:=,3,$c,af,:=",False,16783568,16783803,4,"add rax, 1","add rax, 1",4883c001,cpu,add,False,17,0,,,1.0,,,,
16783724,"rcx,rax,==,$z,zf,:=,64,$b,cf,:=,$p,pf,:=,63,$s,sf,:=,rcx,0x8000000000000000,-,!,63,$o,^,of,:=,3,$b,af,:=",False,16783568,16783804,3,"cmp rax, rcx","cmp rax, rcx",4839c8,cpu,cmp,False,15,0,,,,,,,
16783727,"rax,0x28,rbp,-,=[8]",True,16783568,16783803,4,"mov qword [rbp - 0x28], rax","mov qword [s], rax",488945d8,cpu,mov,False,268435465,0,,,,,,,
16783731,"zf,!,?{,16783671,rip,=,}",False,16783568,16783805,2,jne 0x1001937,jne 0x1001937,75c2,cpu,cjmp,False,2147483649,0,,,,16783671.0,16783733.0,,
16783733,"0x8,rbp,-,[8],rdi,=",True,16783568,16783803,4,"mov rdi, qword [rbp - 8]","mov rdi, qword [var_10h]",488b7df8,cpu,mov,False,9,0,,,,,,,
16783737,"0x14,rbp,-,[4],rsi,=",True,16783568,16783804,3,"mov esi, dword [rbp - 0x14]","mov esi, dword [var_1ch]",8b75ec,cpu,mov,False,9,0,,,,,,,
16783740,"18446744073709551615,esi,+=,31,$o,of,:=,31,$s,sf,:=,$z,zf,:=,31,$c,cf,:=,$p,pf,:=,3,$c,af,:=",False,16783568,16783804,3,"add esi, 0xffffffff","add esi, 0xffffffff",83c6ff,cpu,add,False,17,0,,,,,,,
16783743,"16782944,rip,8,rsp,-=,rsp,=[],rip,=",False,16783568,16783802,5,call 0x1001660,call sym.square_array,e8dcfcffff,cpu,call,False,3,0,,,,16782944.0,16783748.0,"[{'addr': 16782944, 'type': 'CALL'}]",
16783748,"eax,rcx,=",False,16783568,16783805,2,"mov ecx, eax","mov ecx, eax",89c1,cpu,mov,False,9,0,,,,,,,
16783750,"ecx,0x3c,rbp,-,=[4]",True,16783568,16783804,3,"mov dword [rbp - 0x3c], ecx","mov dword [var_44h], ecx",894dc4,cpu,mov,False,268435465,0,,,,,,,
16783753,"0x143e,rip,-,rdi,=",True,16783568,16783800,7,"lea rdi, [rip - 0x143e]","lea rdi, str.You_loose",488d3dc2ebffff,cpu,lea,False,33,0,,,,,,"[{'addr': 16778578, 'type': 'DATA'}]",16778578.0
16783760,"0x144e,rip,-,rax,=",True,16783568,16783800,7,"lea rax, [rip - 0x144e]","lea rax, str.You_win",488d05b2ebffff,cpu,lea,False,33,0,,,,,,"[{'addr': 16778569, 'type': 'DATA'}]",16778569.0
16783767,"4010073836,ecx,==,$z,zf,:=,32,$b,cf,:=,$p,pf,:=,31,$s,sf,:=,4010073836,0x80000000,-,!,31,$o,^,of,:=,3,$b,af,:=",False,16783568,16783801,6,"cmp ecx, 0xef04deec","cmp ecx, 0xef04deec",81f9ecde04ef,cpu,cmp,False,15,0,,,4010073836.0,,,,4010073836.0
16783773,"zf,?{,rax,rdi,=,}",False,16783568,16783803,4,"cmove rdi, rax","cmove rdi, rax",480f44f8,cpu,cmov,False,2147483657,0,,,,,,,
16783777,"16783968,rip,8,rsp,-=,rsp,=[],rip,=",False,16783568,16783802,5,call 0x1001a60,call sym.imp.puts,e8ba000000,cpu,call,False,3,0,,,,16783968.0,16783782.0,"[{'addr': 16783968, 'type': 'CALL'}]",
16783782,"0x3c,rbp,-,[4],rsi,=",True,16783568,16783804,3,"mov esi, dword [rbp - 0x3c]","mov esi, dword [var_44h]",8b75c4,cpu,mov,False,9,0,,,,,,,
16783785,"0x1494,rip,-,rdi,=",True,16783568,16783800,7,"lea rdi, [rip - 0x1494]","lea rdi, str.Result:_0x_x",488d3d6cebffff,cpu,lea,False,33,0,,,,,,"[{'addr': 16778524, 'type': 'DATA'}]",16778524.0
16783792,"0,al,=",False,16783568,16783805,2,"mov al, 0","mov al, 0",b000,cpu,mov,False,9,0,,,0.0,,,,
16783794,"16784016,rip,8,rsp,-=,rsp,=[],rip,=",False,16783568,16783802,5,call 0x1001a90,call sym.imp.printf,e8d9000000,cpu,call,False,3,0,,,,16784016.0,16783799.0,"[{'addr': 16784016, 'type': 'CALL'}]",
16783799,"eax,rax,^,0xffffffff,&,rax,=,$z,zf,:=,$p,pf,:=,31,$s,sf,:=,0,cf,:=,0,of,:=",False,16783568,16783805,2,"xor eax, eax","xor eax, eax",31c0,cpu,xor,False,28,0,,,,,,,
16783801,"64,rsp,+=,63,$o,of,:=,63,$s,sf,:=,$z,zf,:=,63,$c,cf,:=,$p,pf,:=,3,$c,af,:=",False,16783568,16783803,4,"add rsp, 0x40","add rsp, 0x40",4883c440,cpu,add,False,17,0,,,64.0,,,,
16783805,"rsp,[8],8,rsp,+=,rbp,=",False,16783568,16783806,1,pop rbp,pop rbp,5d,cpu,pop,False,14,0,,,,,,,
16783806,"rsp,[8],rip,=,8,rsp,+=",False,16783568,16783806,1,ret,ret,c3,cpu,ret,False,5,0,,,,,,,
