offset,esil,refptr,fcn_addr,fcn_last,size,opcode,disasm,bytes,family,type,reloc,type_num,type2_num,flags,xrefs_to,ptr,val,jump,fail,xrefs_from
16786144,"rbp,8,rsp,-,=[8],8,rsp,-=",False,16786144,16786338,1,push rbp,push rbp,55,cpu,rpush,False,268435468,0,['sym.transform_array'],"[{'addr': 16785693, 'type': 'CALL'}]",,,,,
16786145,"rsp,rbp,=",False,16786144,16786336,3,"mov rbp, rsp","mov rbp, rsp",4889e5,cpu,mov,False,9,0,,,,,,,
16786148,"rdi,0x10,rbp,-,=[8]",True,16786144,16786335,4,"mov qword [rbp - 0x10], rdi","mov qword [var_18h], rdi",48897df0,cpu,mov,False,268435465,0,,,,,,,
16786152,"esi,0x4,rbp,-,=[4]",True,16786144,16786336,3,"mov dword [rbp - 4], esi","mov dword [var_ch], esi",8975fc,cpu,mov,False,268435465,0,,,,,,,
16786155,"0,esi,==,$z,zf,:=,32,$b,cf,:=,$p,pf,:=,31,$s,sf,:=,0,0x80000000,-,!,31,$o,^,of,:=,3,$b,af,:=",False,16786144,16786336,3,"cmp esi, 0","cmp esi, 0",83fe00,cpu,cmp,False,15,0,,,0.0,0.0,,,
16786158,"of,sf,^,zf,|,?{,16786177,rip,=,}",False,16786144,16786337,2,jle 0x1002301,jle 0x1002301,7e11,cpu,cjmp,False,2147483649,0,,,,,16786177.0,16786160.0,
16786160,"0x4,rbp,-,[4],rax,=",True,16786144,16786336,3,"mov eax, dword [rbp - 4]","mov eax, dword [var_ch]",8b45fc,cpu,mov,False,9,0,,,,,,,
16786163,"eax,rax,=",False,16786144,16786337,2,"mov eax, eax","mov eax, eax",89c0,cpu,mov,False,9,0,,,,,,,
16786165,"rax,0x20,rbp,-,=[8]",True,16786144,16786335,4,"mov qword [rbp - 0x20], rax","mov qword [var_28h], rax",488945e0,cpu,mov,False,268435465,0,,,,,,,
16786169,"eax,rax,^,0xffffffff,&,rax,=,$z,zf,:=,$p,pf,:=,31,$s,sf,:=,0,cf,:=,0,of,:=",False,16786144,16786337,2,"xor eax, eax","xor eax, eax",31c0,cpu,xor,False,28,0,,,,,,,
16786171,"rax,0x18,rbp,-,=[8]",True,16786144,16786335,4,"mov qword [rbp - 0x18], rax","mov qword [var_20h], rax",488945e8,cpu,mov,False,268435465,0,,,,,,,
16786175,"0x1002303,rip,=",False,16786144,16786337,2,jmp 0x1002303,jmp 0x1002303,eb02,cpu,jmp,False,1,0,,,,,16786179.0,,"[{'addr': 16786179, 'type': 'CODE'}]"
16786177,"rsp,[8],8,rsp,+=,rbp,=",False,16786144,16786338,1,pop rbp,pop rbp,5d,cpu,pop,False,14,0,,,,,,,
16786178,"rsp,[8],rip,=,8,rsp,+=",False,16786144,16786338,1,ret,ret,c3,cpu,ret,False,5,0,,,,,,,
16786179,"0x18,rbp,-,[8],rax,=",True,16786144,16786335,4,"mov rax, qword [rbp - 0x18]","mov rax, qword [var_20h]",488b45e8,cpu,mov,False,9,0,,"[{'addr': 16786175, 'type': 'CODE'}, {'addr': 16786334, 'type': 'CODE'}]",,,,,
16786183,"rax,0x30,rbp,-,=[8]",True,16786144,16786335,4,"mov qword [rbp - 0x30], rax","mov qword [var_38h], rax",488945d0,cpu,mov,False,268435465,0,,,,,,,
16786187,"eax,0x24,rbp,-,=[4]",True,16786144,16786336,3,"mov dword [rbp - 0x24], eax","mov dword [var_2ch], eax",8945dc,cpu,mov,False,268435465,0,,,,,,,
16786190,"3,rcx,=",False,16786144,16786334,5,"mov ecx, 3","mov ecx, 3",b903000000,cpu,mov,False,9,0,,,,3.0,,,
16786195,"edx,rdx,^,0xffffffff,&,rdx,=,$z,zf,:=,$p,pf,:=,31,$s,sf,:=,0,cf,:=,0,of,:=",False,16786144,16786337,2,"xor edx, edx","xor edx, edx",31d2,cpu,xor,False,28,0,,,,,,,
16786197,"ecx,32,edx,<<,eax,+,%,ecx,32,edx,<<,eax,+,/,eax,=,edx,=",False,16786144,16786337,2,div ecx,div ecx,f7f1,cpu,div,False,21,0,,,,,,,
16786199,"0,edx,==,$z,zf,:=,32,$b,cf,:=,$p,pf,:=,31,$s,sf,:=,0,0x80000000,-,!,31,$o,^,of,:=,3,$b,af,:=",False,16786144,16786336,3,"cmp edx, 0","cmp edx, 0",83fa00,cpu,cmp,False,15,0,,,0.0,0.0,,,
16786202,"zf,!,?{,16786225,rip,=,}",False,16786144,16786337,2,jne 0x1002331,jne 0x1002331,7515,cpu,cjmp,False,2147483649,0,,,,,16786225.0,16786204.0,
16786204,"0x10,rbp,-,[8],rax,=",True,16786144,16786335,4,"mov rax, qword [rbp - 0x10]","mov rax, qword [var_18h]",488b45f0,cpu,mov,False,9,0,,,,,,,
16786208,"0x30,rbp,-,[8],rcx,=",True,16786144,16786335,4,"mov rcx, qword [rbp - 0x30]","mov rcx, qword [var_38h]",488b4dd0,cpu,mov,False,9,0,,,,,,,
16786212,"rcx,4,*,rax,+,[4],rdx,=",True,16786144,16786336,3,"mov edx, dword [rax + rcx*4]","mov edx, dword [rax + rcx*4]",8b1488,cpu,mov,False,9,0,,,,,,,
16786215,"0,1,!,!,?{,1,1,-,edx,<<,0x80000000,&,!,!,^,},1,edx,<<=,$z,zf,:=,$p,pf,:=,31,$s,sf,:=,cf,=",False,16786144,16786337,2,"shl edx, 1","shl edx, 1",d1e2,cpu,shl,False,23,0,,,,,,,
16786217,"5,edx,+=,31,$o,of,:=,31,$s,sf,:=,$z,zf,:=,31,$c,cf,:=,$p,pf,:=,3,$c,af,:=",False,16786144,16786336,3,"add edx, 5","add edx, 5",83c205,cpu,add,False,17,0,,,,5.0,,,
16786220,"edx,rcx,4,*,rax,+,=[4]",True,16786144,16786336,3,"mov dword [rax + rcx*4], edx","mov dword [rax + rcx*4], edx",891488,cpu,mov,False,9,0,,,,,,,
16786223,"0x1002385,rip,=",False,16786144,16786337,2,jmp 0x1002385,jmp 0x1002385,eb54,cpu,jmp,False,1,0,,,,,16786309.0,,"[{'addr': 16786309, 'type': 'CODE'}]"
16786225,"0x30,rbp,-,[8],rcx,=",True,16786144,16786335,4,"mov rcx, qword [rbp - 0x30]","mov rcx, qword [var_38h]",488b4dd0,cpu,mov,False,9,0,,,,,,,
16786229,"0x24,rbp,-,[4],rax,=",True,16786144,16786336,3,"mov eax, dword [rbp - 0x24]","mov eax, dword [var_2ch]",8b45dc,cpu,mov,False,9,0,,,,,,,
16786232,"5,rsi,=",False,16786144,16786334,5,"mov esi, 5","mov esi, 5",be05000000,cpu,mov,False,9,0,,,,5.0,,,
16786237,"edx,rdx,^,0xffffffff,&,rdx,=,$z,zf,:=,$p,pf,:=,31,$s,sf,:=,0,cf,:=,0,of,:=",False,16786144,16786337,2,"xor edx, edx","xor edx, edx",31d2,cpu,xor,False,28,0,,,,,,,
16786239,"esi,32,edx,<<,eax,+,%,esi,32,edx,<<,eax,+,/,eax,=,edx,=",False,16786144,16786337,2,div esi,div esi,f7f6,cpu,div,False,21,0,,,,,,,
16786241,"0x10,rbp,-,[8],rax,=",True,16786144,16786335,4,"mov rax, qword [rbp - 0x10]","mov rax, qword [var_18h]",488b45f0,cpu,mov,False,9,0,,,,,,,
16786245,"rcx,rdi,=",False,16786144,16786336,3,"mov rdi, rcx","mov rdi, rcx",4889cf,cpu,mov,False,9,0,,,,,,,
16786248,"0,2,!,!,?{,1,2,-,rdi,<<,0x8000000000000000,&,!,!,^,},2,rdi,<<=,$z,zf,:=,$p,pf,:=,63,$s,sf,:=,cf,=",False,16786144,16786335,4,"shl rdi, 2","shl rdi, 2",48c1e702,cpu,shl,False,23,0,,,,,,,
16786252,"rax,rsi,=",False,16786144,16786336,3,"mov rsi, rax","mov rsi, rax",4889c6,cpu,mov,False,9,0,,,,,,,
16786255,"rdi,rsi,+=,63,$o,of,:=,63,$s,sf,:=,$z,zf,:=,63,$c,cf,:=,$p,pf,:=,3,$c,af,:=",False,16786144,16786336,3,"add rsi, rdi","add rsi, rdi",4801fe,cpu,add,False,17,0,,,,,,,
16786258,"rsi,0x40,rbp,-,=[8]",True,16786144,16786335,4,"mov qword [rbp - 0x40], rsi","mov qword [var_48h], rsi",488975c0,cpu,mov,False,268435465,0,,,,,,,
16786262,"rcx,4,*,rax,+,[4],rax,=",True,16786144,16786336,3,"mov eax, dword [rax + rcx*4]","mov eax, dword [rax + rcx*4]",8b0488,cpu,mov,False,9,0,,,,,,,
16786265,"eax,0x34,rbp,-,=[4]",True,16786144,16786336,3,"mov dword [rbp - 0x34], eax","mov dword [var_3ch], eax",8945cc,cpu,mov,False,268435465,0,,,,,,,
16786268,"0,edx,==,$z,zf,:=,32,$b,cf,:=,$p,pf,:=,31,$s,sf,:=,0,0x80000000,-,!,31,$o,^,of,:=,3,$b,af,:=",False,16786144,16786336,3,"cmp edx, 0","cmp edx, 0",83fa00,cpu,cmp,False,15,0,,,0.0,0.0,,,
16786271,"zf,!,?{,16786297,rip,=,}",False,16786144,16786337,2,jne 0x1002379,jne 0x1002379,7518,cpu,cjmp,False,2147483649,0,,,,,16786297.0,16786273.0,
16786273,"0x34,rbp,-,[4],rax,=",True,16786144,16786336,3,"mov eax, dword [rbp - 0x34]","mov eax, dword [var_3ch]",8b45cc,cpu,mov,False,9,0,,,,,,,
16786276,"3,rcx,=",False,16786144,16786334,5,"mov ecx, 3","mov ecx, 3",b903000000,cpu,mov,False,9,0,,,,3.0,,,
16786281,"0,edx,=,31,eax,>>,?{,0xffffffff,edx,=,}",False,16786144,16786338,1,cdq,cdq,99,cpu,null,False,0,0,,,,,,,
16786282,"32,ecx,~,32,edx,<<,eax,+,~%,32,ecx,~,32,edx,<<,eax,+,~/,eax,=,edx,=",False,16786144,16786337,2,idiv ecx,idiv ecx,f7f9,cpu,div,False,21,0,,,,,,,
16786284,"eax,rcx,=",False,16786144,16786337,2,"mov ecx, eax","mov ecx, eax",89c1,cpu,mov,False,9,0,,,,,,,
16786286,"0x40,rbp,-,[8],rax,=",True,16786144,16786335,4,"mov rax, qword [rbp - 0x40]","mov rax, qword [var_48h]",488b45c0,cpu,mov,False,9,0,,,,,,,
16786290,"18446744073709551614,ecx,+=,31,$o,of,:=,31,$s,sf,:=,$z,zf,:=,31,$c,cf,:=,$p,pf,:=,3,$c,af,:=",False,16786144,16786336,3,"add ecx, 0xfffffffe","add ecx, 0xfffffffe",83c1fe,cpu,add,False,17,0,,,,1.8446744073709552e+19,,,
16786293,"ecx,rax,=[4]",True,16786144,16786337,2,"mov dword [rax], ecx","mov dword [rax], ecx",8908,cpu,mov,False,9,0,,,,,,,
16786295,"0x1002385,rip,=",False,16786144,16786337,2,jmp 0x1002385,jmp 0x1002385,eb0c,cpu,jmp,False,1,0,,,,,16786309.0,,"[{'addr': 16786309, 'type': 'CODE'}]"
16786297,"0x40,rbp,-,[8],rax,=",True,16786144,16786335,4,"mov rax, qword [rbp - 0x40]","mov rax, qword [var_48h]",488b45c0,cpu,mov,False,9,0,,,,,,,
16786301,"0x34,rbp,-,[4],rcx,=",True,16786144,16786336,3,"mov ecx, dword [rbp - 0x34]","mov ecx, dword [var_3ch]",8b4dcc,cpu,mov,False,9,0,,,,,,,
16786304,"7,ecx,+=,31,$o,of,:=,31,$s,sf,:=,$z,zf,:=,31,$c,cf,:=,$p,pf,:=,3,$c,af,:=",False,16786144,16786336,3,"add ecx, 7","add ecx, 7",83c107,cpu,add,False,17,0,,,,7.0,,,
16786307,"ecx,rax,=[4]",True,16786144,16786337,2,"mov dword [rax], ecx","mov dword [rax], ecx",8908,cpu,mov,False,9,0,,,,,,,
16786309,"0x20,rbp,-,[8],rcx,=",True,16786144,16786335,4,"mov rcx, qword [rbp - 0x20]","mov rcx, qword [var_28h]",488b4de0,cpu,mov,False,9,0,,"[{'addr': 16786223, 'type': 'CODE'}, {'addr': 16786295, 'type': 'CODE'}]",,,,,
16786313,"0x30,rbp,-,[8],rax,=",True,16786144,16786335,4,"mov rax, qword [rbp - 0x30]","mov rax, qword [var_38h]",488b45d0,cpu,mov,False,9,0,,,,,,,
16786317,"1,rax,+=,63,$o,of,:=,63,$s,sf,:=,$z,zf,:=,63,$c,cf,:=,$p,pf,:=,3,$c,af,:=",False,16786144,16786335,4,"add rax, 1","add rax, 1",4883c001,cpu,add,False,17,0,,,,1.0,,,
16786321,"rcx,rax,==,$z,zf,:=,64,$b,cf,:=,$p,pf,:=,63,$s,sf,:=,rcx,0x8000000000000000,-,!,63,$o,^,of,:=,3,$b,af,:=",False,16786144,16786336,3,"cmp rax, rcx","cmp rax, rcx",4839c8,cpu,cmp,False,15,0,,,,,,,
16786324,"rax,0x18,rbp,-,=[8]",True,16786144,16786335,4,"mov qword [rbp - 0x18], rax","mov qword [var_20h], rax",488945e8,cpu,mov,False,268435465,0,,,,,,,
16786328,"zf,?{,16786177,rip,=,}",False,16786144,16786333,6,je 0x1002301,je 0x1002301,0f8463ffffff,cpu,cjmp,False,2147483649,0,,,,,16786177.0,16786334.0,
16786334,"0x1002303,rip,=",False,16786144,16786334,5,jmp 0x1002303,jmp 0x1002303,e960ffffff,cpu,jmp,False,1,0,,,,,16786179.0,,"[{'addr': 16786179, 'type': 'CODE'}]"
