offset,esil,refptr,fcn_addr,fcn_last,size,opcode,disasm,bytes,family,type,reloc,type_num,type2_num,flags,xrefs_to,ptr,val,jump,fail,xrefs_from
16787072,"rbp,8,rsp,-,=[8],8,rsp,-=",False,16787072,16787389,1,push rbp,push rbp,55,cpu,rpush,False,268435468,0,['sym.modify_data'],"[{'addr': 16785853, 'type': 'CALL'}]",,,,,
16787073,"rsp,rbp,=",False,16787072,16787387,3,"mov rbp, rsp","mov rbp, rsp",4889e5,cpu,mov,False,9,0,,,,,,,
16787076,"rdi,0x10,rbp,-,=[8]",True,16787072,16787386,4,"mov qword [rbp - 0x10], rdi","mov qword [var_18h], rdi",48897df0,cpu,mov,False,268435465,0,,,,,,,
16787080,"esi,0x8,rbp,-,=[4]",True,16787072,16787387,3,"mov dword [rbp - 8], esi","mov dword [var_10h], esi",8975f8,cpu,mov,False,268435465,0,,,,,,,
16787083,"edx,0x4,rbp,-,=[4]",True,16787072,16787387,3,"mov dword [rbp - 4], edx","mov dword [var_ch], edx",8955fc,cpu,mov,False,268435465,0,,,,,,,
16787086,"0,esi,==,$z,zf,:=,32,$b,cf,:=,$p,pf,:=,31,$s,sf,:=,0,0x80000000,-,!,31,$o,^,of,:=,3,$b,af,:=",False,16787072,16787387,3,"cmp esi, 0","cmp esi, 0",83fe00,cpu,cmp,False,15,0,,,0.0,0.0,,,
16787089,"of,sf,^,zf,|,?{,16787331,rip,=,}",False,16787072,16787384,6,jle 0x1002783,jle 0x1002783,0f8eec000000,cpu,cjmp,False,2147483649,0,,,,,16787331.0,16787095.0,
16787095,"0x8,rbp,-,[4],rcx,=",True,16787072,16787387,3,"mov ecx, dword [rbp - 8]","mov ecx, dword [var_10h]",8b4df8,cpu,mov,False,9,0,,,,,,,
16787098,"0x4,rbp,-,[4],rdx,=",True,16787072,16787387,3,"mov edx, dword [rbp - 4]","mov edx, dword [var_ch]",8b55fc,cpu,mov,False,9,0,,,,,,,
16787101,"eax,rax,^,0xffffffff,&,rax,=,$z,zf,:=,$p,pf,:=,31,$s,sf,:=,0,cf,:=,0,of,:=",False,16787072,16787388,2,"xor eax, eax","xor eax, eax",31c0,cpu,xor,False,28,0,,,,,,,
16787103,"edx,eax,-=,edx,0x80000000,-,!,31,$o,^,of,:=,31,$s,sf,:=,$z,zf,:=,$p,pf,:=,32,$b,cf,:=,3,$b,af,:=",False,16787072,16787388,2,"sub eax, edx","sub eax, edx",29d0,cpu,sub,False,18,0,,,,,,,
16787105,"eax,0x24,rbp,-,=[4]",True,16787072,16787387,3,"mov dword [rbp - 0x24], eax","mov dword [var_2ch], eax",8945dc,cpu,mov,False,268435465,0,,,,,,,
16787108,"ecx,rax,=",False,16787072,16787388,2,"mov eax, ecx","mov eax, ecx",89c8,cpu,mov,False,9,0,,,,,,,
16787110,"rax,0x20,rbp,-,=[8]",True,16787072,16787386,4,"mov qword [rbp - 0x20], rax","mov qword [var_28h], rax",488945e0,cpu,mov,False,268435465,0,,,,,,,
16787114,"eax,rax,^,0xffffffff,&,rax,=,$z,zf,:=,$p,pf,:=,31,$s,sf,:=,0,cf,:=,0,of,:=",False,16787072,16787388,2,"xor eax, eax","xor eax, eax",31c0,cpu,xor,False,28,0,,,,,,,
16787116,"8,ecx,==,$z,zf,:=,32,$b,cf,:=,$p,pf,:=,31,$s,sf,:=,8,0x80000000,-,!,31,$o,^,of,:=,3,$b,af,:=",False,16787072,16787387,3,"cmp ecx, 8","cmp ecx, 8",83f908,cpu,cmp,False,15,0,,,8.0,8.0,,,
16787119,"rax,0x18,rbp,-,=[8]",True,16787072,16787386,4,"mov qword [rbp - 0x18], rax","mov qword [var_20h], rax",488945e8,cpu,mov,False,268435465,0,,,,,,,
16787123,"cf,!,?{,16787138,rip,=,}",False,16787072,16787388,2,jae 0x10026c2,jae 0x10026c2,730d,cpu,cjmp,False,2147483649,0,,,,,16787138.0,16787125.0,
16787125,"0x18,rbp,-,[8],rax,=",True,16787072,16787386,4,"mov rax, qword [rbp - 0x18]","mov rax, qword [var_20h]",488b45e8,cpu,mov,False,9,0,,,,,,,
16787129,"rax,0x30,rbp,-,=[8]",True,16787072,16787386,4,"mov qword [rbp - 0x30], rax","mov qword [var_38h], rax",488945d0,cpu,mov,False,268435465,0,,,,,,,
16787133,"0x1002785,rip,=",False,16787072,16787385,5,jmp 0x1002785,jmp 0x1002785,e9c3000000,cpu,jmp,False,1,0,,,,,16787333.0,,"[{'addr': 16787333, 'type': 'CODE'}]"
16787138,"0x24,rbp,-,[4],rax,=",True,16787072,16787387,3,"mov eax, dword [rbp - 0x24]","mov eax, dword [var_2ch]",8b45dc,cpu,mov,False,9,0,,,,,,,
16787141,"0x4,rbp,-,[4],rcx,=",True,16787072,16787387,3,"mov ecx, dword [rbp - 4]","mov ecx, dword [var_ch]",8b4dfc,cpu,mov,False,9,0,,,,,,,
16787144,"0x20,rbp,-,[8],rdx,=",True,16787072,16787386,4,"mov rdx, qword [rbp - 0x20]","mov rdx, qword [var_28h]",488b55e0,cpu,mov,False,9,0,,,,,,,
16787148,"2147483640,rdx,&,0xffffffff,&,rdx,=,$z,zf,:=,$p,pf,:=,31,$s,sf,:=,0,cf,:=,0,of,:=",False,16787072,16787384,6,"and edx, 0x7ffffff8","and edx, 0x7ffffff8",81e2f8ffff7f,cpu,and,False,27,0,,,2147483640.0,2147483640.0,,,
16787154,"rdx,0x68,rbp,-,=[8]",True,16787072,16787386,4,"mov qword [rbp - 0x68], rdx","mov qword [var_70h], rdx",48895598,cpu,mov,False,268435465,0,,,,,,,
16787158,"ecx,xmm0l,=",False,16787072,16787386,4,"movd xmm0, ecx","movd xmm0, ecx",660f6ec1,sse,mov,False,9,0,,,,,,,
16787162,,False,16787072,16787385,5,"pshufd xmm0, xmm0, 0","pshufd xmm0, xmm0, 0",660f70c000,sse,null,False,0,0,,,,,,,
16787167,"xmm0,0x60,rbp,-,=[16]",True,16787072,16787386,4,"movaps xmmword [rbp - 0x60], xmm0","movaps xmmword [var_68h], xmm0",0f2945a0,sse,mov,False,268435465,0,,,,,,,
16787171,"eax,xmm0l,=",False,16787072,16787386,4,"movd xmm0, eax","movd xmm0, eax",660f6ec0,sse,mov,False,9,0,,,,,,,
16787175,,False,16787072,16787385,5,"pshufd xmm0, xmm0, 0","pshufd xmm0, xmm0, 0",660f70c000,sse,null,False,0,0,,,,,,,
16787180,"xmm0,0x50,rbp,-,=[16]",True,16787072,16787386,4,"movaps xmmword [rbp - 0x50], xmm0","movaps xmmword [var_58h], xmm0",0f2945b0,sse,mov,False,268435465,0,,,,,,,
16787184,"eax,rax,^,0xffffffff,&,rax,=,$z,zf,:=,$p,pf,:=,31,$s,sf,:=,0,cf,:=,0,of,:=",False,16787072,16787388,2,"xor eax, eax","xor eax, eax",31c0,cpu,xor,False,28,0,,,,,,,
16787186,"rax,0x38,rbp,-,=[8]",True,16787072,16787386,4,"mov qword [rbp - 0x38], rax","mov qword [var_40h], rax",488945c8,cpu,mov,False,268435465,0,,,,,,,
16787190,"0x38,rbp,-,[8],rax,=",True,16787072,16787386,4,"mov rax, qword [rbp - 0x38]","mov rax, qword [var_40h]",488b45c8,cpu,mov,False,9,0,,,,,,,
16787194,"0x68,rbp,-,[8],rcx,=",True,16787072,16787386,4,"mov rcx, qword [rbp - 0x68]","mov rcx, qword [var_70h]",488b4d98,cpu,mov,False,9,0,,,,,,,
16787198,"0x10,rbp,-,[8],rdx,=",True,16787072,16787386,4,"mov rdx, qword [rbp - 0x10]","mov rdx, qword [var_18h]",488b55f0,cpu,mov,False,9,0,,,,,,,
16787202,"0x50,rbp,-,[16],xmm0,=",True,16787072,16787386,4,"movaps xmm0, xmmword [rbp - 0x50]","movaps xmm0, xmmword [var_58h]",0f2845b0,sse,mov,False,9,0,,,,,,,
16787206,"0x60,rbp,-,[16],xmm6,=",True,16787072,16787386,4,"movaps xmm6, xmmword [rbp - 0x60]","movaps xmm6, xmmword [var_68h]",0f2875a0,sse,mov,False,9,0,,,,,,,
16787210,"rax,4,*,rdx,+,[16],xmm3,=",True,16787072,16787386,4,"movups xmm3, xmmword [rdx + rax*4]","movups xmm3, xmmword [rdx + rax*4]",0f101c82,sse,mov,False,9,0,,,,,,,
16787214,"0x10,rax,4,*,rdx,+,+,[16],xmm2,=",True,16787072,16787385,5,"movups xmm2, xmmword [rdx + rax*4 + 0x10]","movups xmm2, xmmword [rdx + rax*4 + 0x10]",0f10548210,sse,mov,False,9,0,,,,,,,
16787219,"xmm3,xmm5,=",False,16787072,16787387,3,"movaps xmm5, xmm3","movaps xmm5, xmm3",0f28eb,sse,mov,False,9,0,,,,,,,
16787222,,False,16787072,16787385,5,"pslld xmm5, 0x1f","pslld xmm5, 0x1f",660f72f51f,sse,null,False,0,0,,,,,,,
16787227,,False,16787072,16787385,5,"psrad xmm5, 0x1f","psrad xmm5, 0x1f",660f72e51f,sse,null,False,0,0,,,,,,,
16787232,"xmm5,xmm4,=",False,16787072,16787387,3,"movaps xmm4, xmm5","movaps xmm4, xmm5",0f28e5,sse,mov,False,9,0,,,,,,,
16787235,,False,16787072,16787386,4,"pandn xmm4, xmm6","pandn xmm4, xmm6",660fdfe6,sse,null,False,0,0,,,,,,,
16787239,"xmm0,xmm1,=",False,16787072,16787387,3,"movaps xmm1, xmm0","movaps xmm1, xmm0",0f28c8,sse,mov,False,9,0,,,,,,,
16787242,,False,16787072,16787386,4,"pand xmm1, xmm5","pand xmm1, xmm5",660fdbcd,sse,null,False,0,0,,,,,,,
16787246,,False,16787072,16787386,4,"por xmm1, xmm4","por xmm1, xmm4",660febcc,sse,null,False,0,0,,,,,,,
16787250,"xmm2,xmm5,=",False,16787072,16787387,3,"movaps xmm5, xmm2","movaps xmm5, xmm2",0f28ea,sse,mov,False,9,0,,,,,,,
16787253,,False,16787072,16787385,5,"pslld xmm5, 0x1f","pslld xmm5, 0x1f",660f72f51f,sse,null,False,0,0,,,,,,,
16787258,,False,16787072,16787385,5,"psrad xmm5, 0x1f","psrad xmm5, 0x1f",660f72e51f,sse,null,False,0,0,,,,,,,
16787263,"xmm5,xmm4,=",False,16787072,16787387,3,"movaps xmm4, xmm5","movaps xmm4, xmm5",0f28e5,sse,mov,False,9,0,,,,,,,
16787266,,False,16787072,16787386,4,"pandn xmm4, xmm6","pandn xmm4, xmm6",660fdfe6,sse,null,False,0,0,,,,,,,
16787270,,False,16787072,16787386,4,"pand xmm0, xmm5","pand xmm0, xmm5",660fdbc5,sse,null,False,0,0,,,,,,,
16787274,,False,16787072,16787386,4,"por xmm0, xmm4","por xmm0, xmm4",660febc4,sse,null,False,0,0,,,,,,,
16787278,,False,16787072,16787386,4,"paddd xmm1, xmm3","paddd xmm1, xmm3",660ffecb,sse,add,False,17,0,,,,,,,
16787282,,False,16787072,16787386,4,"paddd xmm0, xmm2","paddd xmm0, xmm2",660ffec2,sse,add,False,17,0,,,,,,,
16787286,"xmm1,rax,4,*,rdx,+,=[16]",False,16787072,16787385,5,"movdqu xmmword [rdx + rax*4], xmm1","movdqu xmmword [rdx + rax*4], xmm1",f30f7f0c82,sse,null,False,0,0,,,,,,,
16787291,"xmm0,0x10,rax,4,*,rdx,+,+,=[16]",False,16787072,16787384,6,"movdqu xmmword [rdx + rax*4 + 0x10], xmm0","movdqu xmmword [rdx + rax*4 + 0x10], xmm0",f30f7f448210,sse,null,False,0,0,,,,,,,
16787297,"8,rax,+=,63,$o,of,:=,63,$s,sf,:=,$z,zf,:=,63,$c,cf,:=,$p,pf,:=,3,$c,af,:=",False,16787072,16787386,4,"add rax, 8","add rax, 8",4883c008,cpu,add,False,17,0,,,,8.0,,,
16787301,"rcx,rax,==,$z,zf,:=,64,$b,cf,:=,$p,pf,:=,63,$s,sf,:=,rcx,0x8000000000000000,-,!,63,$o,^,of,:=,3,$b,af,:=",False,16787072,16787387,3,"cmp rax, rcx","cmp rax, rcx",4839c8,cpu,cmp,False,15,0,,,,,,,
16787304,"rax,0x38,rbp,-,=[8]",True,16787072,16787386,4,"mov qword [rbp - 0x38], rax","mov qword [var_40h], rax",488945c8,cpu,mov,False,268435465,0,,,,,,,
16787308,"zf,!,?{,16787190,rip,=,}",False,16787072,16787388,2,jne 0x10026f6,jne 0x10026f6,7588,cpu,cjmp,False,2147483649,0,,,,,16787190.0,16787310.0,
16787310,"0x68,rbp,-,[8],rax,=",True,16787072,16787386,4,"mov rax, qword [rbp - 0x68]","mov rax, qword [var_70h]",488b4598,cpu,mov,False,9,0,,,,,,,
16787314,"0x20,rbp,-,[8],rcx,=",True,16787072,16787386,4,"mov rcx, qword [rbp - 0x20]","mov rcx, qword [var_28h]",488b4de0,cpu,mov,False,9,0,,,,,,,
16787318,"rcx,rax,==,$z,zf,:=,64,$b,cf,:=,$p,pf,:=,63,$s,sf,:=,rcx,0x8000000000000000,-,!,63,$o,^,of,:=,3,$b,af,:=",False,16787072,16787387,3,"cmp rax, rcx","cmp rax, rcx",4839c8,cpu,cmp,False,15,0,,,,,,,
16787321,"rax,0x18,rbp,-,=[8]",True,16787072,16787386,4,"mov qword [rbp - 0x18], rax","mov qword [var_20h], rax",488945e8,cpu,mov,False,268435465,0,,,,,,,
16787325,"zf,!,?{,16787125,rip,=,}",False,16787072,16787384,6,jne 0x10026b5,jne 0x10026b5,0f8532ffffff,cpu,cjmp,False,2147483649,0,,,,,16787125.0,16787331.0,
16787331,"rsp,[8],8,rsp,+=,rbp,=",False,16787072,16787389,1,pop rbp,pop rbp,5d,cpu,pop,False,14,0,,,,,,,
16787332,"rsp,[8],rip,=,8,rsp,+=",False,16787072,16787389,1,ret,ret,c3,cpu,ret,False,5,0,,,,,,,
16787333,"0x30,rbp,-,[8],rax,=",True,16787072,16787386,4,"mov rax, qword [rbp - 0x30]","mov rax, qword [var_38h]",488b45d0,cpu,mov,False,9,0,,"[{'addr': 16787133, 'type': 'CODE'}, {'addr': 16787388, 'type': 'CODE'}]",,,,,
16787337,"0x20,rbp,-,[8],rcx,=",True,16787072,16787386,4,"mov rcx, qword [rbp - 0x20]","mov rcx, qword [var_28h]",488b4de0,cpu,mov,False,9,0,,,,,,,
16787341,"0x10,rbp,-,[8],rdx,=",True,16787072,16787386,4,"mov rdx, qword [rbp - 0x10]","mov rdx, qword [var_18h]",488b55f0,cpu,mov,False,9,0,,,,,,,
16787345,"0x4,rbp,-,[4],r8,=",True,16787072,16787386,4,"mov r8d, dword [rbp - 4]","mov r8d, dword [var_ch]",448b45fc,cpu,mov,False,9,0,,,,,,,
16787349,"0x24,rbp,-,[4],rsi,=",True,16787072,16787387,3,"mov esi, dword [rbp - 0x24]","mov esi, dword [var_2ch]",8b75dc,cpu,mov,False,9,0,,,,,,,
16787352,"rax,4,*,rdx,+,[4],rdi,=",True,16787072,16787387,3,"mov edi, dword [rdx + rax*4]","mov edi, dword [rdx + rax*4]",8b3c82,cpu,mov,False,9,0,,,,,,,
16787355,"edi,r9,=",False,16787072,16787387,3,"mov r9d, edi","mov r9d, edi",4189f9,cpu,mov,False,9,0,,,,,,,
16787358,"1,r9,&,0xffffffff,&,r9,=,$z,zf,:=,$p,pf,:=,31,$s,sf,:=,0,cf,:=,0,of,:=",False,16787072,16787386,4,"and r9d, 1","and r9d, 1",4183e101,cpu,and,False,27,0,,,,1.0,,,
16787362,"0,r9d,==,$z,zf,:=,32,$b,cf,:=,$p,pf,:=,31,$s,sf,:=,0,0x80000000,-,!,31,$o,^,of,:=,3,$b,af,:=",False,16787072,16787386,4,"cmp r9d, 0","cmp r9d, 0",4183f900,cpu,cmp,False,15,0,,,0.0,0.0,,,
16787366,"zf,?{,r8d,esi,=,}",False,16787072,16787386,4,"cmove esi, r8d","cmove esi, r8d",410f44f0,cpu,cmov,False,2147483657,0,,,,,,,
16787370,"edi,esi,+=,31,$o,of,:=,31,$s,sf,:=,$z,zf,:=,31,$c,cf,:=,$p,pf,:=,3,$c,af,:=",False,16787072,16787388,2,"add esi, edi","add esi, edi",01fe,cpu,add,False,17,0,,,,,,,
16787372,"esi,rax,4,*,rdx,+,=[4]",True,16787072,16787387,3,"mov dword [rdx + rax*4], esi","mov dword [rdx + rax*4], esi",893482,cpu,mov,False,9,0,,,,,,,
16787375,"1,rax,+=,63,$o,of,:=,63,$s,sf,:=,$z,zf,:=,63,$c,cf,:=,$p,pf,:=,3,$c,af,:=",False,16787072,16787386,4,"add rax, 1","add rax, 1",4883c001,cpu,add,False,17,0,,,,1.0,,,
16787379,"rcx,rax,==,$z,zf,:=,64,$b,cf,:=,$p,pf,:=,63,$s,sf,:=,rcx,0x8000000000000000,-,!,63,$o,^,of,:=,3,$b,af,:=",False,16787072,16787387,3,"cmp rax, rcx","cmp rax, rcx",4839c8,cpu,cmp,False,15,0,,,,,,,
16787382,"rax,0x30,rbp,-,=[8]",True,16787072,16787386,4,"mov qword [rbp - 0x30], rax","mov qword [var_38h], rax",488945d0,cpu,mov,False,268435465,0,,,,,,,
16787386,"zf,?{,16787331,rip,=,}",False,16787072,16787388,2,je 0x1002783,je 0x1002783,74c7,cpu,cjmp,False,2147483649,0,,,,,16787331.0,16787388.0,
16787388,"0x1002785,rip,=",False,16787072,16787388,2,jmp 0x1002785,jmp 0x1002785,ebc7,cpu,jmp,False,1,0,,,,,16787333.0,,"[{'addr': 16787333, 'type': 'CODE'}]"
