offset,esil,refptr,fcn_addr,fcn_last,size,opcode,disasm,bytes,family,type,reloc,type_num,type2_num,flags,xrefs_to,val,jump,fail,xrefs_from,ptr
16783552,"rbp,8,rsp,-,=[8],8,rsp,-=",False,16783552,16783641,1,push rbp,push rbp,55,cpu,rpush,False,268435468,0,"['main', 'sym.main', 'dbg.main']","[{'addr': 16782781, 'type': 'DATA'}]",,,,,
16783553,"rsp,rbp,=",False,16783552,16783639,3,"mov rbp, rsp","mov rbp, rsp",4889e5,cpu,mov,False,9,0,,,,,,,
16783556,"16,rsp,-=,16,0x8000000000000000,-,!,63,$o,^,of,:=,63,$s,sf,:=,$z,zf,:=,$p,pf,:=,64,$b,cf,:=,3,$b,af,:=",False,16783552,16783638,4,"sub rsp, 0x10","sub rsp, 0x10",4883ec10,cpu,sub,False,18,0,,,16.0,,,,
16783560,"0x8,rsi,+,[8],rdi,=",True,16783552,16783638,4,"mov rdi, qword [rsi + 8]","mov rdi, qword [rsi + 8]",488b7e08,cpu,mov,False,9,0,,,,,,,
16783564,"eax,rax,^,0xffffffff,&,rax,=,$z,zf,:=,$p,pf,:=,31,$s,sf,:=,0,cf,:=,0,of,:=",False,16783552,16783640,2,"xor eax, eax","xor eax, eax",31c0,cpu,xor,False,28,0,,,,,,,
16783566,"eax,rsi,=",False,16783552,16783640,2,"mov esi, eax","mov esi, eax",89c6,cpu,mov,False,9,0,,,,,,,
16783568,"16783792,rip,8,rsp,-=,rsp,=[],rip,=",False,16783552,16783637,5,call 0x10019b0,call sym.imp.strtod,e8db000000,cpu,call,False,3,0,,,,16783792.0,16783573.0,"[{'addr': 16783792, 'type': 'CALL'}]",
16783573,,False,16783552,16783638,4,"cvtsd2ss xmm0, xmm0","cvtsd2ss xmm0, xmm0",f20f5ac0,sse,null,False,0,0,,,,,,,
16783577,,False,16783552,16783638,4,"cvttss2si edi, xmm0","cvttss2si edi, xmm0",f30f2cf8,sse,null,False,0,0,,,,,,,
16783581,"16782800,rip,8,rsp,-=,rsp,=[],rip,=",False,16783552,16783637,5,call 0x10015d0,call dbg.last_digit_fib_optimized,e8eefcffff,cpu,call,False,3,0,,,,16782800.0,16783586.0,"[{'addr': 16782800, 'type': 'CALL'}]",
16783586,"eax,rcx,=",False,16783552,16783640,2,"mov ecx, eax","mov ecx, eax",89c1,cpu,mov,False,9,0,,,,,,,
16783588,"ecx,0x4,rbp,-,=[4]",True,16783552,16783639,3,"mov dword [rbp - 4], ecx","mov dword [result], ecx",894dfc,cpu,mov,False,268435465,0,,,,,,,
16783591,"0x142d,rip,-,rdi,=",True,16783552,16783635,7,"lea rdi, [rip - 0x142d]","lea rdi, str.You_loose",488d3dd3ebffff,cpu,lea,False,33,0,,,,,,"[{'addr': 16778433, 'type': 'DATA'}]",16778433.0
16783598,"0x143d,rip,-,rax,=",True,16783552,16783635,7,"lea rax, [rip - 0x143d]","lea rax, str.You_win",488d05c3ebffff,cpu,lea,False,33,0,,,,,,"[{'addr': 16778424, 'type': 'DATA'}]",16778424.0
16783605,"7,ecx,==,$z,zf,:=,32,$b,cf,:=,$p,pf,:=,31,$s,sf,:=,7,0x80000000,-,!,31,$o,^,of,:=,3,$b,af,:=",False,16783552,16783639,3,"cmp ecx, 7","cmp ecx, 7",83f907,cpu,cmp,False,15,0,,,7.0,,,,7.0
16783608,"zf,?{,rax,rdi,=,}",False,16783552,16783638,4,"cmove rdi, rax","cmove rdi, rax",480f44f8,cpu,cmov,False,2147483657,0,,,,,,,
16783612,"16783808,rip,8,rsp,-=,rsp,=[],rip,=",False,16783552,16783637,5,call 0x10019c0,call sym.imp.puts,e8bf000000,cpu,call,False,3,0,,,,16783808.0,16783617.0,"[{'addr': 16783808, 'type': 'CALL'}]",
16783617,"0x4,rbp,-,[4],rsi,=",True,16783552,16783639,3,"mov esi, dword [rbp - 4]","mov esi, dword [result]",8b75fc,cpu,mov,False,9,0,,,,,,,
16783620,"0x145f,rip,-,rdi,=",True,16783552,16783635,7,"lea rdi, [rip - 0x145f]","lea rdi, str.Hash:_0x_x",488d3da1ebffff,cpu,lea,False,33,0,,,,,,"[{'addr': 16778412, 'type': 'DATA'}]",16778412.0
16783627,"0,al,=",False,16783552,16783640,2,"mov al, 0","mov al, 0",b000,cpu,mov,False,9,0,,,0.0,,,,
16783629,"16783824,rip,8,rsp,-=,rsp,=[],rip,=",False,16783552,16783637,5,call 0x10019d0,call sym.imp.printf,e8be000000,cpu,call,False,3,0,,,,16783824.0,16783634.0,"[{'addr': 16783824, 'type': 'CALL'}]",
16783634,"eax,rax,^,0xffffffff,&,rax,=,$z,zf,:=,$p,pf,:=,31,$s,sf,:=,0,cf,:=,0,of,:=",False,16783552,16783640,2,"xor eax, eax","xor eax, eax",31c0,cpu,xor,False,28,0,,,,,,,
16783636,"16,rsp,+=,63,$o,of,:=,63,$s,sf,:=,$z,zf,:=,63,$c,cf,:=,$p,pf,:=,3,$c,af,:=",False,16783552,16783638,4,"add rsp, 0x10","add rsp, 0x10",4883c410,cpu,add,False,17,0,,,16.0,,,,
16783640,"rsp,[8],8,rsp,+=,rbp,=",False,16783552,16783641,1,pop rbp,pop rbp,5d,cpu,pop,False,14,0,,,,,,,
16783641,"rsp,[8],rip,=,8,rsp,+=",False,16783552,16783641,1,ret,ret,c3,cpu,ret,False,5,0,,,,,,,
