offset,esil,refptr,fcn_addr,fcn_last,size,opcode,disasm,bytes,family,type,reloc,type_num,type2_num,flags,xrefs_to,val,jump,fail,xrefs_from,ptr
16783440,"rbp,8,rsp,-,=[8],8,rsp,-=",False,16783440,16783532,1,push rbp,push rbp,55,cpu,rpush,False,268435468,0,"['main', 'sym.main', 'dbg.main']","[{'addr': 16782989, 'type': 'DATA'}]",,,,,
16783441,"rsp,rbp,=",False,16783440,16783530,3,"mov rbp, rsp","mov rbp, rsp",4889e5,cpu,mov,False,9,0,,,,,,,
16783444,"16,rsp,-=,16,0x8000000000000000,-,!,63,$o,^,of,:=,63,$s,sf,:=,$z,zf,:=,$p,pf,:=,64,$b,cf,:=,3,$b,af,:=",False,16783440,16783529,4,"sub rsp, 0x10","sub rsp, 0x10",4883ec10,cpu,sub,False,18,0,,,16.0,,,,
16783448,"0x8,rsi,+,[8],rdi,=",True,16783440,16783529,4,"mov rdi, qword [rsi + 8]","mov rdi, qword [rsi + 8]",488b7e08,cpu,mov,False,9,0,,,,,,,
16783452,"eax,rax,^,0xffffffff,&,rax,=,$z,zf,:=,$p,pf,:=,31,$s,sf,:=,0,cf,:=,0,of,:=",False,16783440,16783531,2,"xor eax, eax","xor eax, eax",31c0,cpu,xor,False,28,0,,,,,,,
16783454,"eax,rsi,=",False,16783440,16783531,2,"mov esi, eax","mov esi, eax",89c6,cpu,mov,False,9,0,,,,,,,
16783456,"16783728,rip,8,rsp,-=,rsp,=[],rip,=",False,16783440,16783528,5,call 0x1001970,call sym.imp.strtod,e80b010000,cpu,call,False,3,0,,,,16783728.0,16783461.0,"[{'addr': 16783728, 'type': 'CALL'}]",
16783461,,False,16783440,16783529,4,"cvtsd2ss xmm0, xmm0","cvtsd2ss xmm0, xmm0",f20f5ac0,sse,null,False,0,0,,,,,,,
16783465,,False,16783440,16783529,4,"cvttss2si edi, xmm0","cvttss2si edi, xmm0",f30f2cf8,sse,null,False,0,0,,,,,,,
16783469,"16783008,rip,8,rsp,-=,rsp,=[],rip,=",False,16783440,16783528,5,call 0x10016a0,call dbg.automorphic,e82efeffff,cpu,call,False,3,0,,,,16783008.0,16783474.0,"[{'addr': 16783008, 'type': 'CALL'}]",
16783474,"eax,rcx,=",False,16783440,16783531,2,"mov ecx, eax","mov ecx, eax",89c1,cpu,mov,False,9,0,,,,,,,
16783476,"ecx,0x4,rbp,-,=[4]",True,16783440,16783530,3,"mov dword [rbp - 4], ecx","mov dword [number], ecx",894dfc,cpu,mov,False,268435465,0,,,,,,,
16783479,"0x12f8,rip,-,rdi,=",True,16783440,16783526,7,"lea rdi, [rip - 0x12f8]","lea rdi, str.You_loose",488d3d08edffff,cpu,lea,False,33,0,,,,,,"[{'addr': 16778630, 'type': 'DATA'}]",16778630.0
16783486,"0x1308,rip,-,rax,=",True,16783440,16783526,7,"lea rax, [rip - 0x1308]","lea rax, str.You_win",488d05f8ecffff,cpu,lea,False,33,0,,,,,,"[{'addr': 16778621, 'type': 'DATA'}]",16778621.0
16783493,"721,ecx,==,$z,zf,:=,32,$b,cf,:=,$p,pf,:=,31,$s,sf,:=,721,0x80000000,-,!,31,$o,^,of,:=,3,$b,af,:=",False,16783440,16783527,6,"cmp ecx, 0x2d1","cmp ecx, 0x2d1",81f9d1020000,cpu,cmp,False,15,0,,,721.0,,,,721.0
16783499,"zf,?{,rax,rdi,=,}",False,16783440,16783529,4,"cmove rdi, rax","cmove rdi, rax",480f44f8,cpu,cmov,False,2147483657,0,,,,,,,
16783503,"16783712,rip,8,rsp,-=,rsp,=[],rip,=",False,16783440,16783528,5,call 0x1001960,call sym.imp.puts,e8cc000000,cpu,call,False,3,0,,,,16783712.0,16783508.0,"[{'addr': 16783712, 'type': 'CALL'}]",
16783508,"0x4,rbp,-,[4],rsi,=",True,16783440,16783530,3,"mov esi, dword [rbp - 4]","mov esi, dword [number]",8b75fc,cpu,mov,False,9,0,,,,,,,
16783511,"0x133e,rip,-,rdi,=",True,16783440,16783526,7,"lea rdi, [rip - 0x133e]","lea rdi, str.Hash:_0x_x",488d3dc2ecffff,cpu,lea,False,33,0,,,,,,"[{'addr': 16778592, 'type': 'DATA'}]",16778592.0
16783518,"0,al,=",False,16783440,16783531,2,"mov al, 0","mov al, 0",b000,cpu,mov,False,9,0,,,0.0,,,,
16783520,"16783744,rip,8,rsp,-=,rsp,=[],rip,=",False,16783440,16783528,5,call 0x1001980,call sym.imp.printf,e8db000000,cpu,call,False,3,0,,,,16783744.0,16783525.0,"[{'addr': 16783744, 'type': 'CALL'}]",
16783525,"eax,rax,^,0xffffffff,&,rax,=,$z,zf,:=,$p,pf,:=,31,$s,sf,:=,0,cf,:=,0,of,:=",False,16783440,16783531,2,"xor eax, eax","xor eax, eax",31c0,cpu,xor,False,28,0,,,,,,,
16783527,"16,rsp,+=,63,$o,of,:=,63,$s,sf,:=,$z,zf,:=,63,$c,cf,:=,$p,pf,:=,3,$c,af,:=",False,16783440,16783529,4,"add rsp, 0x10","add rsp, 0x10",4883c410,cpu,add,False,17,0,,,16.0,,,,
16783531,"rsp,[8],8,rsp,+=,rbp,=",False,16783440,16783532,1,pop rbp,pop rbp,5d,cpu,pop,False,14,0,,,,,,,
16783532,"rsp,[8],rip,=,8,rsp,+=",False,16783440,16783532,1,ret,ret,c3,cpu,ret,False,5,0,,,,,,,
