offset,esil,refptr,fcn_addr,fcn_last,size,opcode,disasm,bytes,family,type,reloc,type_num,type2_num,flags,comment,val,ptr,xrefs_from
16782960,"ebp,rbp,^,0xffffffff,&,rbp,=,$z,zf,:=,$p,pf,:=,31,$s,sf,:=,0,cf,:=,0,of,:=",False,16782960,16783000,2,"xor ebp, ebp","xor ebp, ebp",31ed,cpu,xor,False,28,0,"['entry0', 'section..text', 'segment.LOAD1', 'sym._start']",WzEzXSAtci14IHNlY3Rpb24gc2l6ZSA2OTQgbmFtZWQgLnRleHQ=,,,
16782962,"rdx,r9,=",False,16782960,16782999,3,"mov r9, rdx","mov r9, rdx",4989d1,cpu,mov,False,9,0,,,,,
16782965,"rsp,[8],8,rsp,+=,rsi,=",False,16782960,16783001,1,pop rsi,pop rsi,5e,cpu,pop,False,14,0,,,,,
16782966,"rsp,rdx,=",False,16782960,16782999,3,"mov rdx, rsp","mov rdx, rsp",4889e2,cpu,mov,False,9,0,,,,,
16782969,"18446744073709551600,rsp,&=,$z,zf,:=,$p,pf,:=,63,$s,sf,:=,0,cf,:=,0,of,:=",False,16782960,16782998,4,"and rsp, 0xfffffffffffffff0","and rsp, 0xfffffffffffffff0",4883e4f0,cpu,and,False,27,0,,,1.8446744073709552e+19,,
16782973,"rax,8,rsp,-,=[8],8,rsp,-=",False,16782960,16783001,1,push rax,push rax,50,cpu,rpush,False,268435468,0,,,,,
16782974,"rsp,8,rsp,-,=[8],8,rsp,-=",False,16782960,16783001,1,push rsp,push rsp,54,cpu,rpush,False,268435468,0,,,,,
16782975,"0x29a,rip,+,r8,=",True,16782960,16782995,7,"lea r8, [rip + 0x29a]","lea r8, [dbg.__libc_csu_fini]",4c8d059a020000,cpu,lea,False,33,0,,,,16783648.0,"[{'addr': 16783648, 'type': 'DATA'}]"
16782982,"0x223,rip,+,rcx,=",True,16782960,16782995,7,"lea rcx, [rip + 0x223]","lea rcx, [dbg.__libc_csu_init]",488d0d23020000,cpu,lea,False,33,0,,,,16783536.0,"[{'addr': 16783536, 'type': 'DATA'}]"
16782989,"0x1bc,rip,+,rdi,=",True,16782960,16782995,7,"lea rdi, [rip + 0x1bc]","lea rdi, [dbg.main]",488d3dbc010000,cpu,lea,False,33,0,,,,16783440.0,"[{'addr': 16783440, 'type': 'DATA'}]"
16782996,"0x1456,rip,+,[8],rip,8,rsp,-=,rsp,=[],rip,=",True,16782960,16782996,6,call qword [rip + 0x1456],call qword [reloc.__libc_start_main],ff1556140000,cpu,ircall,False,402653188,0,,,,16788208.0,"[{'addr': 16788208, 'type': 'CALL'}]"
