offset,esil,refptr,fcn_addr,fcn_last,size,opcode,disasm,bytes,family,type,reloc,type_num,type2_num,flags,xrefs_to,val,ptr,jump,fail,xrefs_from
16786592,"rbp,8,rsp,-,=[8],8,rsp,-=",False,16786592,16786657,1,push rbp,push rbp,55,cpu,rpush,False,268435468,0,['sym.transform_data'],"[{'addr': 16785524, 'type': 'CALL'}]",,,,,
16786593,"rsp,rbp,=",False,16786592,16786655,3,"mov rbp, rsp","mov rbp, rsp",4889e5,cpu,mov,False,9,0,,,,,,,
16786596,"rdi,0x10,rbp,-,=[8]",True,16786592,16786654,4,"mov qword [rbp - 0x10], rdi","mov qword [var_18h], rdi",48897df0,cpu,mov,False,268435465,0,,,,,,,
16786600,"esi,0x4,rbp,-,=[4]",True,16786592,16786655,3,"mov dword [rbp - 4], esi","mov dword [var_ch], esi",8975fc,cpu,mov,False,268435465,0,,,,,,,
16786603,"esi,rcx,=",False,16786592,16786656,2,"mov ecx, esi","mov ecx, esi",89f1,cpu,mov,False,9,0,,,,,,,
16786605,"0,cf,:=,1,31,-,1,<<,ecx,&,?{,1,cf,:=,},31,ecx,>>,ecx,=,$z,zf,:=,$p,pf,:=,31,$s,sf,:=",False,16786592,16786655,3,"shr ecx, 0x1f","shr ecx, 0x1f",c1e91f,cpu,shr,False,22,0,,,31.0,,,,
16786608,"1,rcx,^,0xffffffff,&,rcx,=,$z,zf,:=,$p,pf,:=,31,$s,sf,:=,0,cf,:=,0,of,:=",False,16786592,16786655,3,"xor ecx, 1","xor ecx, 1",83f101,cpu,xor,False,28,0,,,1.0,,,,
16786611,"3,rax,=",False,16786592,16786653,5,"mov eax, 3","mov eax, 3",b803000000,cpu,mov,False,9,0,,,3.0,,,,
16786616,"ecx,eax,-=,ecx,0x80000000,-,!,31,$o,^,of,:=,31,$s,sf,:=,$z,zf,:=,$p,pf,:=,32,$b,cf,:=,3,$b,af,:=",False,16786592,16786656,2,"sub eax, ecx","sub eax, ecx",29c8,cpu,sub,False,18,0,,,,,,,
16786618,"2,rax,^,0xffffffff,&,rax,=,$z,zf,:=,$p,pf,:=,31,$s,sf,:=,0,cf,:=,0,of,:=",False,16786592,16786655,3,"xor eax, 2","xor eax, 2",83f002,cpu,xor,False,28,0,,,2.0,,,,
16786621,"0,eax,==,$z,zf,:=,32,$b,cf,:=,$p,pf,:=,31,$s,sf,:=,0,0x80000000,-,!,31,$o,^,of,:=,3,$b,af,:=",False,16786592,16786655,3,"cmp eax, 0","cmp eax, 0",83f800,cpu,cmp,False,15,0,,,0.0,0.0,,,
16786624,"zf,al,=",False,16786592,16786655,3,sete al,sete al,0f94c0,cpu,cmov,False,2147483657,0,,,,,,,
16786627,"0,esi,==,$z,zf,:=,32,$b,cf,:=,$p,pf,:=,31,$s,sf,:=,0,0x80000000,-,!,31,$o,^,of,:=,3,$b,af,:=",False,16786592,16786655,3,"cmp esi, 0","cmp esi, 0",83fe00,cpu,cmp,False,15,0,,,0.0,0.0,,,
16786630,"zf,!,cl,=",False,16786592,16786655,3,setne cl,setne cl,0f95c1,cpu,cmov,False,2147483657,0,,,,,,,
16786633,"cl,al,&=,$z,zf,:=,$p,pf,:=,7,$s,sf,:=,0,cf,:=,0,of,:=",False,16786592,16786656,2,"and al, cl","and al, cl",20c8,cpu,and,False,27,0,,,,,,,
16786635,"0,1,al,&,==,$z,zf,:=,$p,pf,:=,7,$s,sf,:=,0,cf,:=,0,of,:=",False,16786592,16786656,2,"test al, 1","test al, 1",a801,cpu,acmp,False,16,0,,,1.0,1.0,,,
16786637,"zf,!,?{,16786641,rip,=,}",False,16786592,16786656,2,jne 0x10024d1,jne 0x10024d1,7502,cpu,cjmp,False,2147483649,0,,,,,16786641.0,16786639.0,
16786639,"0x10024e2,rip,=",False,16786592,16786656,2,jmp 0x10024e2,jmp 0x10024e2,eb11,cpu,jmp,False,1,0,,,,,16786658.0,,"[{'addr': 16786658, 'type': 'CODE'}]"
16786641,"0x4,rbp,-,[4],rax,=",True,16786592,16786655,3,"mov eax, dword [rbp - 4]","mov eax, dword [var_ch]",8b45fc,cpu,mov,False,9,0,,,,,,,
16786644,"eax,rax,=",False,16786592,16786656,2,"mov eax, eax","mov eax, eax",89c0,cpu,mov,False,9,0,,,,,,,
16786646,"rax,0x20,rbp,-,=[8]",True,16786592,16786654,4,"mov qword [rbp - 0x20], rax","mov qword [var_28h], rax",488945e0,cpu,mov,False,268435465,0,,,,,,,
16786650,"eax,rax,^,0xffffffff,&,rax,=,$z,zf,:=,$p,pf,:=,31,$s,sf,:=,0,cf,:=,0,of,:=",False,16786592,16786656,2,"xor eax, eax","xor eax, eax",31c0,cpu,xor,False,28,0,,,,,,,
16786652,"rax,0x18,rbp,-,=[8]",True,16786592,16786654,4,"mov qword [rbp - 0x18], rax","mov qword [var_20h], rax",488945e8,cpu,mov,False,268435465,0,,,,,,,
16786656,"0x10024e4,rip,=",False,16786592,16786656,2,jmp 0x10024e4,jmp 0x10024e4,eb02,cpu,jmp,False,1,0,,,,,16786660.0,,"[{'addr': 16786660, 'type': 'CODE'}]"
