offset,esil,refptr,fcn_addr,fcn_last,size,opcode,disasm,bytes,family,type,reloc,type_num,type2_num,flags,xrefs_to,val,ptr,jump,fail,xrefs_from
16786912,"rbp,8,rsp,-,=[8],8,rsp,-=",False,16786912,16787142,1,push rbp,push rbp,55,cpu,rpush,False,268435468,0,['sym.modify_flags'],"[{'addr': 16785541, 'type': 'CALL'}]",,,,,
16786913,"rsp,rbp,=",False,16786912,16787140,3,"mov rbp, rsp","mov rbp, rsp",4889e5,cpu,mov,False,9,0,,,,,,,
16786916,"rdi,0x10,rbp,-,=[8]",True,16786912,16787139,4,"mov qword [rbp - 0x10], rdi","mov qword [var_18h], rdi",48897df0,cpu,mov,False,268435465,0,,,,,,,
16786920,"esi,0x8,rbp,-,=[4]",True,16786912,16787140,3,"mov dword [rbp - 8], esi","mov dword [var_10h], esi",8975f8,cpu,mov,False,268435465,0,,,,,,,
16786923,"esi,rcx,=",False,16786912,16787141,2,"mov ecx, esi","mov ecx, esi",89f1,cpu,mov,False,9,0,,,,,,,
16786925,"0,cf,:=,1,31,-,1,<<,ecx,&,?{,1,cf,:=,},31,ecx,>>,ecx,=,$z,zf,:=,$p,pf,:=,31,$s,sf,:=",False,16786912,16787140,3,"shr ecx, 0x1f","shr ecx, 0x1f",c1e91f,cpu,shr,False,22,0,,,31.0,,,,
16786928,"1,rcx,^,0xffffffff,&,rcx,=,$z,zf,:=,$p,pf,:=,31,$s,sf,:=,0,cf,:=,0,of,:=",False,16786912,16787140,3,"xor ecx, 1","xor ecx, 1",83f101,cpu,xor,False,28,0,,,1.0,,,,
16786931,"3,rax,=",False,16786912,16787138,5,"mov eax, 3","mov eax, 3",b803000000,cpu,mov,False,9,0,,,3.0,,,,
16786936,"ecx,eax,-=,ecx,0x80000000,-,!,31,$o,^,of,:=,31,$s,sf,:=,$z,zf,:=,$p,pf,:=,32,$b,cf,:=,3,$b,af,:=",False,16786912,16787141,2,"sub eax, ecx","sub eax, ecx",29c8,cpu,sub,False,18,0,,,,,,,
16786938,"2,rax,^,0xffffffff,&,rax,=,$z,zf,:=,$p,pf,:=,31,$s,sf,:=,0,cf,:=,0,of,:=",False,16786912,16787140,3,"xor eax, 2","xor eax, 2",83f002,cpu,xor,False,28,0,,,2.0,,,,
16786941,"0,eax,==,$z,zf,:=,32,$b,cf,:=,$p,pf,:=,31,$s,sf,:=,0,0x80000000,-,!,31,$o,^,of,:=,3,$b,af,:=",False,16786912,16787140,3,"cmp eax, 0","cmp eax, 0",83f800,cpu,cmp,False,15,0,,,0.0,0.0,,,
16786944,"zf,cl,=",False,16786912,16787140,3,sete cl,sete cl,0f94c1,cpu,cmov,False,2147483657,0,,,,,,,
16786947,"0,esi,==,$z,zf,:=,32,$b,cf,:=,$p,pf,:=,31,$s,sf,:=,0,0x80000000,-,!,31,$o,^,of,:=,3,$b,af,:=",False,16786912,16787140,3,"cmp esi, 0","cmp esi, 0",83fe00,cpu,cmp,False,15,0,,,0.0,0.0,,,
16786950,"zf,!,al,=",False,16786912,16787140,3,setne al,setne al,0f95c0,cpu,cmov,False,2147483657,0,,,,,,,
16786953,"al,cl,&=,$z,zf,:=,$p,pf,:=,7,$s,sf,:=,0,cf,:=,0,of,:=",False,16786912,16787141,2,"and cl, al","and cl, al",20c1,cpu,and,False,27,0,,,,,,,
16786955,"eax,rax,^,0xffffffff,&,rax,=,$z,zf,:=,$p,pf,:=,31,$s,sf,:=,0,cf,:=,0,of,:=",False,16786912,16787141,2,"xor eax, eax","xor eax, eax",31c0,cpu,xor,False,28,0,,,,,,,
16786957,"0,1,cl,&,==,$z,zf,:=,$p,pf,:=,7,$s,sf,:=,0,cf,:=,0,of,:=",False,16786912,16787140,3,"test cl, 1","test cl, 1",f6c101,cpu,acmp,False,16,0,,,1.0,1.0,,,
16786960,"eax,0x4,rbp,-,=[4]",True,16786912,16787140,3,"mov dword [rbp - 4], eax","mov dword [var_ch], eax",8945fc,cpu,mov,False,268435465,0,,,,,,,
16786963,"zf,!,?{,16786967,rip,=,}",False,16786912,16787141,2,jne 0x1002617,jne 0x1002617,7502,cpu,cjmp,False,2147483649,0,,,,,16786967.0,16786965.0,
16786965,"0x100262f,rip,=",False,16786912,16787141,2,jmp 0x100262f,jmp 0x100262f,eb18,cpu,jmp,False,1,0,,,,,16786991.0,,"[{'addr': 16786991, 'type': 'CODE'}]"
16786967,"0x8,rbp,-,[4],rax,=",True,16786912,16787140,3,"mov eax, dword [rbp - 8]","mov eax, dword [var_10h]",8b45f8,cpu,mov,False,9,0,,,,,,,
16786970,"eax,rax,=",False,16786912,16787141,2,"mov eax, eax","mov eax, eax",89c0,cpu,mov,False,9,0,,,,,,,
16786972,"rax,0x28,rbp,-,=[8]",True,16786912,16787139,4,"mov qword [rbp - 0x28], rax","mov qword [var_30h], rax",488945d8,cpu,mov,False,268435465,0,,,,,,,
16786976,"eax,rax,^,0xffffffff,&,rax,=,$z,zf,:=,$p,pf,:=,31,$s,sf,:=,0,cf,:=,0,of,:=",False,16786912,16787141,2,"xor eax, eax","xor eax, eax",31c0,cpu,xor,False,28,0,,,,,,,
16786978,"eax,rcx,=",False,16786912,16787141,2,"mov ecx, eax","mov ecx, eax",89c1,cpu,mov,False,9,0,,,,,,,
16786980,"eax,rax,^,0xffffffff,&,rax,=,$z,zf,:=,$p,pf,:=,31,$s,sf,:=,0,cf,:=,0,of,:=",False,16786912,16787141,2,"xor eax, eax","xor eax, eax",31c0,cpu,xor,False,28,0,,,,,,,
16786982,"rcx,0x20,rbp,-,=[8]",True,16786912,16787139,4,"mov qword [rbp - 0x20], rcx","mov qword [var_28h], rcx",48894de0,cpu,mov,False,268435465,0,,,,,,,
16786986,"eax,0x14,rbp,-,=[4]",True,16786912,16787140,3,"mov dword [rbp - 0x14], eax","mov dword [var_1ch], eax",8945ec,cpu,mov,False,268435465,0,,,,,,,
16786989,"0x1002641,rip,=",False,16786912,16787141,2,jmp 0x1002641,jmp 0x1002641,eb12,cpu,jmp,False,1,0,,,,,16787009.0,,"[{'addr': 16787009, 'type': 'CODE'}]"
16786991,"0x4,rbp,-,[4],rsi,=",True,16786912,16787140,3,"mov esi, dword [rbp - 4]","mov esi, dword [var_ch]",8b75fc,cpu,mov,False,9,0,,"[{'addr': 16786965, 'type': 'CODE'}]",,,,,
16786994,"0x1f62,rip,-,rdi,=",True,16786912,16787136,7,"lea rdi, [rip - 0x1f62]","lea rdi, str.Flags:__d",488d3d9ee0ffff,cpu,lea,False,33,0,,,,16778967.0,,,"[{'addr': 16778967, 'type': 'DATA'}]"
16787001,"eax,rax,^,0xffffffff,&,rax,=,$z,zf,:=,$p,pf,:=,31,$s,sf,:=,0,cf,:=,0,of,:=",False,16786912,16787141,2,"xor eax, eax","xor eax, eax",31c0,cpu,xor,False,28,0,,,,,,,
16787003,"rsp,[8],8,rsp,+=,rbp,=",False,16786912,16787142,1,pop rbp,pop rbp,5d,cpu,pop,False,14,0,,,,,,,
16787004,"0x1002b80,rip,=",False,16786912,16787138,5,jmp 0x1002b80,jmp sym.imp.printf,e93f050000,cpu,jmp,False,1,0,,,,,16788352.0,,"[{'addr': 16788352, 'type': 'CODE'}]"
16787009,"0x10,rbp,-,[8],rax,=",True,16786912,16787139,4,"mov rax, qword [rbp - 0x10]","mov rax, qword [var_18h]",488b45f0,cpu,mov,False,9,0,,"[{'addr': 16786989, 'type': 'CODE'}, {'addr': 16787138, 'type': 'CODE'}]",,,,,
16787013,"0x20,rbp,-,[8],rcx,=",True,16786912,16787139,4,"mov rcx, qword [rbp - 0x20]","mov rcx, qword [var_28h]",488b4de0,cpu,mov,False,9,0,,,,,,,
16787017,"0x14,rbp,-,[4],rdx,=",True,16786912,16787140,3,"mov edx, dword [rbp - 0x14]","mov edx, dword [var_1ch]",8b55ec,cpu,mov,False,9,0,,,,,,,
16787020,"edx,0x44,rbp,-,=[4]",True,16786912,16787140,3,"mov dword [rbp - 0x44], edx","mov dword [var_4ch], edx",8955bc,cpu,mov,False,268435465,0,,,,,,,
16787023,"rcx,0x40,rbp,-,=[8]",True,16786912,16787139,4,"mov qword [rbp - 0x40], rcx","mov qword [var_48h], rcx",48894dc0,cpu,mov,False,268435465,0,,,,,,,
16787027,"rcx,4,*,rax,+,[4],rax,=",True,16786912,16787140,3,"mov eax, dword [rax + rcx*4]","mov eax, dword [rax + rcx*4]",8b0488,cpu,mov,False,9,0,,,,,,,
16787030,"5,rcx,=",False,16786912,16787138,5,"mov ecx, 5","mov ecx, 5",b905000000,cpu,mov,False,9,0,,,5.0,,,,
16787035,"0,edx,=,31,eax,>>,?{,0xffffffff,edx,=,}",False,16786912,16787142,1,cdq,cdq,99,cpu,null,False,0,0,,,,,,,
16787036,"32,ecx,~,32,edx,<<,eax,+,~%,32,ecx,~,32,edx,<<,eax,+,~/,eax,=,edx,=",False,16786912,16787141,2,idiv ecx,idiv ecx,f7f9,cpu,div,False,21,0,,,,,,,
16787038,"0x40,rbp,-,[8],rax,=",True,16786912,16787139,4,"mov rax, qword [rbp - 0x40]","mov rax, qword [var_48h]",488b45c0,cpu,mov,False,9,0,,,,,,,
16787042,"edx,0x34,rbp,-,=[4]",True,16786912,16787140,3,"mov dword [rbp - 0x34], edx","mov dword [var_3ch], edx",8955cc,cpu,mov,False,268435465,0,,,,,,,
16787045,"7,rax,&,0xffffffff,&,rax,=,$z,zf,:=,$p,pf,:=,31,$s,sf,:=,0,cf,:=,0,of,:=",False,16786912,16787140,3,"and eax, 7","and eax, 7",83e007,cpu,and,False,27,0,,,7.0,,,,
16787048,"eax,0x30,rbp,-,=[4]",True,16786912,16787140,3,"mov dword [rbp - 0x30], eax","mov dword [var_38h], eax",8945d0,cpu,mov,False,268435465,0,,,,,,,
16787051,"32,rax,=",False,16786912,16787138,5,"mov eax, 0x20","mov eax, 0x20",b820000000,cpu,mov,False,9,0,,,32.0,32.0,,,
16787056,"5,edx,==,$z,zf,:=,32,$b,cf,:=,$p,pf,:=,31,$s,sf,:=,5,0x80000000,-,!,31,$o,^,of,:=,3,$b,af,:=",False,16786912,16787140,3,"cmp edx, 5","cmp edx, 5",83fa05,cpu,cmp,False,15,0,,,5.0,5.0,,,
16787059,"eax,0x2c,rbp,-,=[4]",True,16786912,16787140,3,"mov dword [rbp - 0x2c], eax","mov dword [var_34h], eax",8945d4,cpu,mov,False,268435465,0,,,,,,,
16787062,"cf,!,?{,16787084,rip,=,}",False,16786912,16787141,2,jae 0x100268c,jae 0x100268c,7314,cpu,cjmp,False,2147483649,0,,,,,16787084.0,16787064.0,
16787064,"0x34,rbp,-,[4],rax,=",True,16786912,16787140,3,"mov eax, dword [rbp - 0x34]","mov eax, dword [var_3ch]",8b45cc,cpu,mov,False,9,0,,,,,,,
16787067,"eax,rax,=",False,16786912,16787141,2,"mov eax, eax","mov eax, eax",89c0,cpu,mov,False,9,0,,,,,,,
16787069,"eax,rcx,=",False,16786912,16787141,2,"mov ecx, eax","mov ecx, eax",89c1,cpu,mov,False,9,0,,,,,,,
16787071,"0x1ffa,rip,-,rax,=",True,16786912,16787136,7,"lea rax, [rip - 0x1ffa]","lea rax, data.0100068c",488d0506e0ffff,cpu,lea,False,33,0,,,,16778892.0,,,"[{'addr': 16778892, 'type': 'DATA'}]"
16787078,"rcx,4,*,rax,+,[4],rax,=",True,16786912,16787140,3,"mov eax, dword [rax + rcx*4]","mov eax, dword [rax + rcx*4]",8b0488,cpu,mov,False,9,0,,,,,,,
16787081,"eax,0x2c,rbp,-,=[4]",True,16786912,16787140,3,"mov dword [rbp - 0x2c], eax","mov dword [var_34h], eax",8945d4,cpu,mov,False,268435465,0,,,,,,,
16787084,"0x28,rbp,-,[8],rdx,=",True,16786912,16787139,4,"mov rdx, qword [rbp - 0x28]","mov rdx, qword [var_30h]",488b55d8,cpu,mov,False,9,0,,,,,,,
16787088,"0x44,rbp,-,[4],rsi,=",True,16786912,16787140,3,"mov esi, dword [rbp - 0x44]","mov esi, dword [var_4ch]",8b75bc,cpu,mov,False,9,0,,,,,,,
16787091,"0x30,rbp,-,[4],rcx,=",True,16786912,16787140,3,"mov ecx, dword [rbp - 0x30]","mov ecx, dword [var_38h]",8b4dd0,cpu,mov,False,9,0,,,,,,,
16787094,"0x2c,rbp,-,[4],rax,=",True,16786912,16787140,3,"mov eax, dword [rbp - 0x2c]","mov eax, dword [var_34h]",8b45d4,cpu,mov,False,9,0,,,,,,,
16787097,"0,cl,!,!,?{,1,cl,-,eax,<<,0x80000000,&,!,!,^,},cl,eax,<<=,$z,zf,:=,$p,pf,:=,31,$s,sf,:=,cf,=",False,16786912,16787141,2,"shl eax, cl","shl eax, cl",d3e0,cpu,shl,False,23,0,,,,,,,
16787099,"0x40,rbp,-,[8],rcx,=",True,16786912,16787139,4,"mov rcx, qword [rbp - 0x40]","mov rcx, qword [var_48h]",488b4dc0,cpu,mov,False,9,0,,,,,,,
16787103,"esi,eax,|=,31,$s,sf,:=,$z,zf,:=,$p,pf,:=,0,of,:=,0,cf,:=",False,16786912,16787141,2,"or eax, esi","or eax, esi",09f0,cpu,or,False,26,0,,,,,,,
16787105,"18446744073709551615,rcx,^=,$z,zf,:=,$p,pf,:=,63,$s,sf,:=,0,cf,:=,0,of,:=",False,16786912,16787139,4,"xor rcx, 0xffffffffffffffff","xor rcx, 0xffffffffffffffff",4883f1ff,cpu,xor,False,28,0,,,,,,,
16787109,"18446744073709551615,rcx,^=,$z,zf,:=,$p,pf,:=,63,$s,sf,:=,0,cf,:=,0,of,:=",False,16786912,16787139,4,"xor rcx, 0xffffffffffffffff","xor rcx, 0xffffffffffffffff",4883f1ff,cpu,xor,False,28,0,,,,,,,
16787113,"1,rcx,+=,63,$o,of,:=,63,$s,sf,:=,$z,zf,:=,63,$c,cf,:=,$p,pf,:=,3,$c,af,:=",False,16786912,16787139,4,"add rcx, 1","add rcx, 1",4883c101,cpu,add,False,17,0,,,1.0,,,,
16787117,"rdx,rcx,==,$z,zf,:=,64,$b,cf,:=,$p,pf,:=,63,$s,sf,:=,rdx,0x8000000000000000,-,!,63,$o,^,of,:=,3,$b,af,:=",False,16786912,16787140,3,"cmp rcx, rdx","cmp rcx, rdx",4839d1,cpu,cmp,False,15,0,,,,,,,
16787120,"eax,rdx,=",False,16786912,16787141,2,"mov edx, eax","mov edx, eax",89c2,cpu,mov,False,9,0,,,,,,,
16787122,"edx,0x4,rbp,-,=[4]",True,16786912,16787140,3,"mov dword [rbp - 4], edx","mov dword [var_ch], edx",8955fc,cpu,mov,False,268435465,0,,,,,,,
16787125,"rcx,0x20,rbp,-,=[8]",True,16786912,16787139,4,"mov qword [rbp - 0x20], rcx","mov qword [var_28h], rcx",48894de0,cpu,mov,False,268435465,0,,,,,,,
16787129,"eax,0x14,rbp,-,=[4]",True,16786912,16787140,3,"mov dword [rbp - 0x14], eax","mov dword [var_1ch], eax",8945ec,cpu,mov,False,268435465,0,,,,,,,
16787132,"zf,?{,16786991,rip,=,}",False,16786912,16787137,6,je 0x100262f,je 0x100262f,0f846dffffff,cpu,cjmp,False,2147483649,0,,,,,16786991.0,16787138.0,
16787138,"0x1002641,rip,=",False,16786912,16787138,5,jmp 0x1002641,jmp 0x1002641,e97affffff,cpu,jmp,False,1,0,,,,,16787009.0,,"[{'addr': 16787009, 'type': 'CODE'}]"
