offset,esil,refptr,fcn_addr,fcn_last,size,opcode,disasm,bytes,family,type,reloc,type_num,type2_num,flags,xrefs_to,val,ptr,jump,fail,xrefs_from
16787888,"rbp,8,rsp,-,=[8],8,rsp,-=",False,16787888,16788201,1,push rbp,push rbp,55,cpu,rpush,False,268435468,0,['sym.calculate_checksum'],"[{'addr': 16785592, 'type': 'CALL'}]",,,,,
16787889,"rsp,rbp,=",False,16787888,16788199,3,"mov rbp, rsp","mov rbp, rsp",4889e5,cpu,mov,False,9,0,,,,,,,
16787892,"rdi,0x10,rbp,-,=[8]",True,16787888,16788198,4,"mov qword [rbp - 0x10], rdi","mov qword [var_18h], rdi",48897df0,cpu,mov,False,268435465,0,,,,,,,
16787896,"esi,0x8,rbp,-,=[4]",True,16787888,16788199,3,"mov dword [rbp - 8], esi","mov dword [var_10h], esi",8975f8,cpu,mov,False,268435465,0,,,,,,,
16787899,"esi,rax,=",False,16787888,16788200,2,"mov eax, esi","mov eax, esi",89f0,cpu,mov,False,9,0,,,,,,,
16787901,"0,cf,:=,1,16,-,1,<<,eax,&,?{,1,cf,:=,},16,eax,>>,eax,=,$z,zf,:=,$p,pf,:=,31,$s,sf,:=",False,16787888,16788199,3,"shr eax, 0x10","shr eax, 0x10",c1e810,cpu,shr,False,22,0,,,16.0,,,,
16787904,"3486519210,rax,^,0xffffffff,&,rax,=,$z,zf,:=,$p,pf,:=,31,$s,sf,:=,0,cf,:=,0,of,:=",False,16787888,16788197,5,"xor eax, 0xcfd00faa","xor eax, 0xcfd00faa",35aa0fd0cf,cpu,xor,False,28,0,,,3486519210.0,3486519210.0,,,
16787909,"0,cf,:=,1,14,-,1,<<,eax,&,?{,1,cf,:=,},14,eax,>>,eax,=,$z,zf,:=,$p,pf,:=,31,$s,sf,:=",False,16787888,16788199,3,"shr eax, 0xe","shr eax, 0xe",c1e80e,cpu,shr,False,22,0,,,14.0,,,,
16787912,"2,rax,&,0xffffffff,&,rax,=,$z,zf,:=,$p,pf,:=,31,$s,sf,:=,0,cf,:=,0,of,:=",False,16787888,16788199,3,"and eax, 2","and eax, 2",83e002,cpu,and,False,27,0,,,2.0,,,,
16787915,"0,eax,==,$z,zf,:=,32,$b,cf,:=,$p,pf,:=,31,$s,sf,:=,0,0x80000000,-,!,31,$o,^,of,:=,3,$b,af,:=",False,16787888,16788199,3,"cmp eax, 0","cmp eax, 0",83f800,cpu,cmp,False,15,0,,,0.0,0.0,,,
16787918,"zf,cl,=",False,16787888,16788199,3,sete cl,sete cl,0f94c1,cpu,cmov,False,2147483657,0,,,,,,,
16787921,"0,esi,==,$z,zf,:=,32,$b,cf,:=,$p,pf,:=,31,$s,sf,:=,0,0x80000000,-,!,31,$o,^,of,:=,3,$b,af,:=",False,16787888,16788199,3,"cmp esi, 0","cmp esi, 0",83fe00,cpu,cmp,False,15,0,,,0.0,0.0,,,
16787924,"zf,!,al,=",False,16787888,16788199,3,setne al,setne al,0f95c0,cpu,cmov,False,2147483657,0,,,,,,,
16787927,"al,cl,&=,$z,zf,:=,$p,pf,:=,7,$s,sf,:=,0,cf,:=,0,of,:=",False,16787888,16788200,2,"and cl, al","and cl, al",20c1,cpu,and,False,27,0,,,,,,,
16787929,"eax,rax,^,0xffffffff,&,rax,=,$z,zf,:=,$p,pf,:=,31,$s,sf,:=,0,cf,:=,0,of,:=",False,16787888,16788200,2,"xor eax, eax","xor eax, eax",31c0,cpu,xor,False,28,0,,,,,,,
16787931,"0,1,cl,&,==,$z,zf,:=,$p,pf,:=,7,$s,sf,:=,0,cf,:=,0,of,:=",False,16787888,16788199,3,"test cl, 1","test cl, 1",f6c101,cpu,acmp,False,16,0,,,1.0,1.0,,,
16787934,"eax,0x4,rbp,-,=[4]",True,16787888,16788199,3,"mov dword [rbp - 4], eax","mov dword [var_ch], eax",8945fc,cpu,mov,False,268435465,0,,,,,,,
16787937,"zf,!,?{,16787941,rip,=,}",False,16787888,16788200,2,jne 0x10029e5,jne 0x10029e5,7502,cpu,cjmp,False,2147483649,0,,,,,16787941.0,16787939.0,
16787939,"0x10029fd,rip,=",False,16787888,16788200,2,jmp 0x10029fd,jmp 0x10029fd,eb18,cpu,jmp,False,1,0,,,,,16787965.0,,"[{'addr': 16787965, 'type': 'CODE'}]"
16787941,"0x8,rbp,-,[4],rax,=",True,16787888,16788199,3,"mov eax, dword [rbp - 8]","mov eax, dword [var_10h]",8b45f8,cpu,mov,False,9,0,,,,,,,
16787944,"eax,rax,=",False,16787888,16788200,2,"mov eax, eax","mov eax, eax",89c0,cpu,mov,False,9,0,,,,,,,
16787946,"rax,0x28,rbp,-,=[8]",True,16787888,16788198,4,"mov qword [rbp - 0x28], rax","mov qword [var_30h], rax",488945d8,cpu,mov,False,268435465,0,,,,,,,
16787950,"eax,rax,^,0xffffffff,&,rax,=,$z,zf,:=,$p,pf,:=,31,$s,sf,:=,0,cf,:=,0,of,:=",False,16787888,16788200,2,"xor eax, eax","xor eax, eax",31c0,cpu,xor,False,28,0,,,,,,,
16787952,"eax,rcx,=",False,16787888,16788200,2,"mov ecx, eax","mov ecx, eax",89c1,cpu,mov,False,9,0,,,,,,,
16787954,"eax,rax,^,0xffffffff,&,rax,=,$z,zf,:=,$p,pf,:=,31,$s,sf,:=,0,cf,:=,0,of,:=",False,16787888,16788200,2,"xor eax, eax","xor eax, eax",31c0,cpu,xor,False,28,0,,,,,,,
16787956,"rcx,0x20,rbp,-,=[8]",True,16787888,16788198,4,"mov qword [rbp - 0x20], rcx","mov qword [var_28h], rcx",48894de0,cpu,mov,False,268435465,0,,,,,,,
16787960,"eax,0x14,rbp,-,=[4]",True,16787888,16788199,3,"mov dword [rbp - 0x14], eax","mov dword [var_1ch], eax",8945ec,cpu,mov,False,268435465,0,,,,,,,
16787963,"0x1002a02,rip,=",False,16787888,16788200,2,jmp 0x1002a02,jmp 0x1002a02,eb05,cpu,jmp,False,1,0,,,,,16787970.0,,"[{'addr': 16787970, 'type': 'CODE'}]"
16787965,"0x4,rbp,-,[4],rax,=",True,16787888,16788199,3,"mov eax, dword [rbp - 4]","mov eax, dword [var_ch]",8b45fc,cpu,mov,False,9,0,,"[{'addr': 16787939, 'type': 'CODE'}]",,,,,
16787968,"rsp,[8],8,rsp,+=,rbp,=",False,16787888,16788201,1,pop rbp,pop rbp,5d,cpu,pop,False,14,0,,,,,,,
16787969,"rsp,[8],rip,=,8,rsp,+=",False,16787888,16788201,1,ret,ret,c3,cpu,ret,False,5,0,,,,,,,
16787970,"0x10,rbp,-,[8],rdx,=",True,16787888,16788198,4,"mov rdx, qword [rbp - 0x10]","mov rdx, qword [var_18h]",488b55f0,cpu,mov,False,9,0,,"[{'addr': 16787963, 'type': 'CODE'}, {'addr': 16788197, 'type': 'CODE'}]",,,,,
16787974,"0x20,rbp,-,[8],rsi,=",True,16787888,16788198,4,"mov rsi, qword [rbp - 0x20]","mov rsi, qword [var_28h]",488b75e0,cpu,mov,False,9,0,,,,,,,
16787978,"0x14,rbp,-,[4],rax,=",True,16787888,16788199,3,"mov eax, dword [rbp - 0x14]","mov eax, dword [var_1ch]",8b45ec,cpu,mov,False,9,0,,,,,,,
16787981,"eax,0x3c,rbp,-,=[4]",True,16787888,16788199,3,"mov dword [rbp - 0x3c], eax","mov dword [var_44h], eax",8945c4,cpu,mov,False,268435465,0,,,,,,,
16787984,"rsi,0x38,rbp,-,=[8]",True,16787888,16788198,4,"mov qword [rbp - 0x38], rsi","mov qword [var_40h], rsi",488975c8,cpu,mov,False,268435465,0,,,,,,,
16787988,"esi,rax,=",False,16787888,16788200,2,"mov eax, esi","mov eax, esi",89f0,cpu,mov,False,9,0,,,,,,,
16787990,"eax,rcx,=",False,16787888,16788200,2,"mov ecx, eax","mov ecx, eax",89c1,cpu,mov,False,9,0,,,,,,,
16787992,"2863311531,rdi,=",False,16787888,16788197,5,"mov edi, 0xaaaaaaab","mov edi, 0xaaaaaaab",bfabaaaaaa,cpu,mov,False,9,0,,,2863311531.0,2863311531.0,,,
16787997,"64,rcx,~,64,rdi,~,*,DUP,rcx,=,rcx,-,?{,1,1,}{,0,0,},cf,:=,of,:=",False,16787888,16788198,4,"imul rcx, rdi","imul rcx, rdi",480fafcf,cpu,mul,False,20,0,,,,,,,
16788001,"0,cf,:=,1,33,-,1,<<,rcx,&,?{,1,cf,:=,},33,rcx,>>,rcx,=,$z,zf,:=,$p,pf,:=,63,$s,sf,:=",False,16787888,16788198,4,"shr rcx, 0x21","shr rcx, 0x21",48c1e921,cpu,shr,False,22,0,,,33.0,,,,
16788005,"ecx,rdi,=",False,16787888,16788200,2,"mov edi, ecx","mov edi, ecx",89cf,cpu,mov,False,9,0,,,,,,,
16788007,"edi,rcx,=",False,16787888,16788200,2,"mov ecx, edi","mov ecx, edi",89f9,cpu,mov,False,9,0,,,,,,,
16788009,"rcx,2,*,rcx,+,ecx,=",True,16787888,16788199,3,"lea ecx, [rcx + rcx*2]","lea ecx, [rcx + rcx*2]",8d0c49,cpu,lea,False,33,0,,,,,,,
16788012,"rsi,4,*,rdx,+,[4],rdx,=",True,16787888,16788199,3,"mov edx, dword [rdx + rsi*4]","mov edx, dword [rdx + rsi*4]",8b14b2,cpu,mov,False,9,0,,,,,,,
16788015,"edx,0x30,rbp,-,=[4]",True,16787888,16788199,3,"mov dword [rbp - 0x30], edx","mov dword [var_38h], edx",8955d0,cpu,mov,False,268435465,0,,,,,,,
16788018,"ecx,eax,-=,ecx,0x80000000,-,!,31,$o,^,of,:=,31,$s,sf,:=,$z,zf,:=,$p,pf,:=,32,$b,cf,:=,3,$b,af,:=",False,16787888,16788200,2,"sub eax, ecx","sub eax, ecx",29c8,cpu,sub,False,18,0,,,,,,,
16788020,"eax,0x2c,rbp,-,=[4]",True,16787888,16788199,3,"mov dword [rbp - 0x2c], eax","mov dword [var_34h], eax",8945d4,cpu,mov,False,268435465,0,,,,,,,
16788023,"zf,?{,16788045,rip,=,}",False,16787888,16788200,2,je 0x1002a4d,je 0x1002a4d,7414,cpu,cjmp,False,2147483649,0,,,,,16788045.0,16788025.0,
16788025,"0x1002a3b,rip,=",False,16787888,16788200,2,jmp 0x1002a3b,jmp 0x1002a3b,eb00,cpu,jmp,False,1,0,,,,,16788027.0,,"[{'addr': 16788027, 'type': 'CODE'}]"
16788027,"0x2c,rbp,-,[4],rax,=",True,16787888,16788199,3,"mov eax, dword [rbp - 0x2c]","mov eax, dword [var_34h]",8b45d4,cpu,mov,False,9,0,,"[{'addr': 16788025, 'type': 'CODE'}]",,,,,
16788030,"1,eax,-=,1,0x80000000,-,!,31,$o,^,of,:=,31,$s,sf,:=,$z,zf,:=,$p,pf,:=,32,$b,cf,:=,3,$b,af,:=",False,16787888,16788199,3,"sub eax, 1","sub eax, 1",83e801,cpu,sub,False,18,0,,,1.0,,,,
16788033,"zf,?{,16788055,rip,=,}",False,16787888,16788200,2,je 0x1002a57,je 0x1002a57,7414,cpu,cjmp,False,2147483649,0,,,,,16788055.0,16788035.0,
16788035,"0x1002a45,rip,=",False,16787888,16788200,2,jmp 0x1002a45,jmp 0x1002a45,eb00,cpu,jmp,False,1,0,,,,,16788037.0,,"[{'addr': 16788037, 'type': 'CODE'}]"
16788037,"0x30,rbp,-,[4],rax,=",True,16787888,16788199,3,"mov eax, dword [rbp - 0x30]","mov eax, dword [var_38h]",8b45d0,cpu,mov,False,9,0,,"[{'addr': 16788035, 'type': 'CODE'}]",,,,,
16788040,"eax,0x40,rbp,-,=[4]",True,16787888,16788199,3,"mov dword [rbp - 0x40], eax","mov dword [var_48h], eax",8945c0,cpu,mov,False,268435465,0,,,,,,,
16788043,"0x1002a62,rip,=",False,16787888,16788200,2,jmp 0x1002a62,jmp 0x1002a62,eb15,cpu,jmp,False,1,0,,,,,16788066.0,,"[{'addr': 16788066, 'type': 'CODE'}]"
16788045,"0x30,rbp,-,[4],rax,=",True,16787888,16788199,3,"mov eax, dword [rbp - 0x30]","mov eax, dword [var_38h]",8b45d0,cpu,mov,False,9,0,,,,,,,
16788048,"0,1,!,!,?{,1,1,-,eax,<<,0x80000000,&,!,!,^,},1,eax,<<=,$z,zf,:=,$p,pf,:=,31,$s,sf,:=,cf,=",False,16787888,16788200,2,"shl eax, 1","shl eax, 1",d1e0,cpu,shl,False,23,0,,,,,,,
16788050,"eax,0x40,rbp,-,=[4]",True,16787888,16788199,3,"mov dword [rbp - 0x40], eax","mov dword [var_48h], eax",8945c0,cpu,mov,False,268435465,0,,,,,,,
16788053,"0x1002a62,rip,=",False,16787888,16788200,2,jmp 0x1002a62,jmp 0x1002a62,eb0b,cpu,jmp,False,1,0,,,,,16788066.0,,"[{'addr': 16788066, 'type': 'CODE'}]"
16788055,"0x30,rbp,-,[4],rax,=",True,16787888,16788199,3,"mov eax, dword [rbp - 0x30]","mov eax, dword [var_38h]",8b45d0,cpu,mov,False,9,0,,,,,,,
16788058,"32,18446744073709551613,~,32,eax,~,*,DUP,eax,=,eax,-,?{,1,1,}{,0,0,},cf,:=,of,:=",False,16787888,16788199,3,"imul eax, eax, 0xfffffffd","imul eax, eax, 0xfffffffd",6bc0fd,cpu,mul,False,20,0,,,,,,,
16788061,"eax,0x40,rbp,-,=[4]",True,16787888,16788199,3,"mov dword [rbp - 0x40], eax","mov dword [var_48h], eax",8945c0,cpu,mov,False,268435465,0,,,,,,,
16788064,"0x1002a62,rip,=",False,16787888,16788200,2,jmp 0x1002a62,jmp 0x1002a62,eb00,cpu,jmp,False,1,0,,,,,16788066.0,,"[{'addr': 16788066, 'type': 'CODE'}]"
16788066,"0x28,rbp,-,[8],rdx,=",True,16787888,16788198,4,"mov rdx, qword [rbp - 0x28]","mov rdx, qword [var_30h]",488b55d8,cpu,mov,False,9,0,,"[{'addr': 16788043, 'type': 'CODE'}, {'addr': 16788053, 'type': 'CODE'}, {'addr': 16788064, 'type': 'CODE'}]",,,,,
16788070,"0x38,rbp,-,[8],rsi,=",True,16787888,16788198,4,"mov rsi, qword [rbp - 0x38]","mov rsi, qword [var_40h]",488b75c8,cpu,mov,False,9,0,,,,,,,
16788074,"0x3c,rbp,-,[4],r8,=",True,16787888,16788198,4,"mov r8d, dword [rbp - 0x3c]","mov r8d, dword [var_44h]",448b45c4,cpu,mov,False,9,0,,,,,,,
16788078,"0x40,rbp,-,[4],rdi,=",True,16787888,16788199,3,"mov edi, dword [rbp - 0x40]","mov edi, dword [var_48h]",8b7dc0,cpu,mov,False,9,0,,,,,,,
16788081,"edi,0x44,rbp,-,=[4]",True,16787888,16788199,3,"mov dword [rbp - 0x44], edi","mov dword [var_4ch], edi",897dbc,cpu,mov,False,268435465,0,,,,,,,
16788084,"r8d,rax,=",False,16787888,16788199,3,"mov eax, r8d","mov eax, r8d",4489c0,cpu,mov,False,9,0,,,,,,,
16788087,"4294967295,rax,^,0xffffffff,&,rax,=,$z,zf,:=,$p,pf,:=,31,$s,sf,:=,0,cf,:=,0,of,:=",False,16787888,16788199,3,"xor eax, 0xffffffff","xor eax, 0xffffffff",83f0ff,cpu,xor,False,28,0,,,4294967295.0,4294967295.0,,,
16788090,"edi,rcx,=",False,16787888,16788200,2,"mov ecx, edi","mov ecx, edi",89f9,cpu,mov,False,9,0,,,,,,,
16788092,"4294967295,rcx,^,0xffffffff,&,rcx,=,$z,zf,:=,$p,pf,:=,31,$s,sf,:=,0,cf,:=,0,of,:=",False,16787888,16788199,3,"xor ecx, 0xffffffff","xor ecx, 0xffffffff",83f1ff,cpu,xor,False,28,0,,,4294967295.0,4294967295.0,,,
16788095,"r8d,r9,=",False,16787888,16788199,3,"mov r9d, r8d","mov r9d, r8d",4589c1,cpu,mov,False,9,0,,,,,,,
16788098,"r9d,r9,&,0xffffffff,&,r9,=,$z,zf,:=,$p,pf,:=,31,$s,sf,:=,0,cf,:=,0,of,:=",False,16787888,16788199,3,"and r9d, r9d","and r9d, r9d",4521c9,cpu,and,False,27,0,,,,,,,
16788101,"edi,rax,^,0xffffffff,&,rax,=,$z,zf,:=,$p,pf,:=,31,$s,sf,:=,0,cf,:=,0,of,:=",False,16787888,16788200,2,"xor eax, edi","xor eax, edi",31f8,cpu,xor,False,28,0,,,,,,,
16788103,"r9d,rax,^,0xffffffff,&,rax,=,$z,zf,:=,$p,pf,:=,31,$s,sf,:=,0,cf,:=,0,of,:=",False,16787888,16788199,3,"xor eax, r9d","xor eax, r9d",4431c8,cpu,xor,False,28,0,,,,,,,
16788106,"edi,r9,=",False,16787888,16788199,3,"mov r9d, edi","mov r9d, edi",4189f9,cpu,mov,False,9,0,,,,,,,
16788109,"r9d,r9d,|=,31,$s,sf,:=,$z,zf,:=,$p,pf,:=,0,of,:=,0,cf,:=",False,16787888,16788199,3,"or r9d, r9d","or r9d, r9d",4509c9,cpu,or,False,26,0,,,,,,,
16788112,"r8d,r10,=",False,16787888,16788199,3,"mov r10d, r8d","mov r10d, r8d",4589c2,cpu,mov,False,9,0,,,,,,,
16788115,"edi,r10,&,0xffffffff,&,r10,=,$z,zf,:=,$p,pf,:=,31,$s,sf,:=,0,cf,:=,0,of,:=",False,16787888,16788199,3,"and r10d, edi","and r10d, edi",4121fa,cpu,and,False,27,0,,,,,,,
16788118,"edi,r11,=",False,16787888,16788199,3,"mov r11d, edi","mov r11d, edi",4189fb,cpu,mov,False,9,0,,,,,,,
16788121,"r11d,r11,^,0xffffffff,&,r11,=,$z,zf,:=,$p,pf,:=,31,$s,sf,:=,0,cf,:=,0,of,:=",False,16787888,16788199,3,"xor r11d, r11d","xor r11d, r11d",4531db,cpu,xor,False,28,0,,,,,,,
16788124,"r11d,r10d,|=,31,$s,sf,:=,$z,zf,:=,$p,pf,:=,0,of,:=,0,cf,:=",False,16787888,16788199,3,"or r10d, r11d","or r10d, r11d",4509da,cpu,or,False,26,0,,,,,,,
16788127,"4294967295,r10,^,0xffffffff,&,r10,=,$z,zf,:=,$p,pf,:=,31,$s,sf,:=,0,cf,:=,0,of,:=",False,16787888,16788198,4,"xor r10d, 0xffffffff","xor r10d, 0xffffffff",4183f2ff,cpu,xor,False,28,0,,,4294967295.0,4294967295.0,,,
16788131,"r10d,r9,^,0xffffffff,&,r9,=,$z,zf,:=,$p,pf,:=,31,$s,sf,:=,0,cf,:=,0,of,:=",False,16787888,16788199,3,"xor r9d, r10d","xor r9d, r10d",4531d1,cpu,xor,False,28,0,,,,,,,
16788134,"r9d,rax,^,0xffffffff,&,rax,=,$z,zf,:=,$p,pf,:=,31,$s,sf,:=,0,cf,:=,0,of,:=",False,16787888,16788199,3,"xor eax, r9d","xor eax, r9d",4431c8,cpu,xor,False,28,0,,,,,,,
16788137,"ecx,rcx,^,0xffffffff,&,rcx,=,$z,zf,:=,$p,pf,:=,31,$s,sf,:=,0,cf,:=,0,of,:=",False,16787888,16788200,2,"xor ecx, ecx","xor ecx, ecx",31c9,cpu,xor,False,28,0,,,,,,,
16788139,"r8d,ecx,|=,31,$s,sf,:=,$z,zf,:=,$p,pf,:=,0,of,:=,0,cf,:=",False,16787888,16788199,3,"or ecx, r8d","or ecx, r8d",4409c1,cpu,or,False,26,0,,,,,,,
16788142,"edi,ecx,|=,31,$s,sf,:=,$z,zf,:=,$p,pf,:=,0,of,:=,0,cf,:=",False,16787888,16788200,2,"or ecx, edi","or ecx, edi",09f9,cpu,or,False,26,0,,,,,,,
16788144,"edi,ecx,|=,31,$s,sf,:=,$z,zf,:=,$p,pf,:=,0,of,:=,0,cf,:=",False,16787888,16788200,2,"or ecx, edi","or ecx, edi",09f9,cpu,or,False,26,0,,,,,,,
16788146,"edi,ecx,|=,31,$s,sf,:=,$z,zf,:=,$p,pf,:=,0,of,:=,0,cf,:=",False,16787888,16788200,2,"or ecx, edi","or ecx, edi",09f9,cpu,or,False,26,0,,,,,,,
16788148,"ecx,eax,+=,31,$o,of,:=,31,$s,sf,:=,$z,zf,:=,31,$c,cf,:=,$p,pf,:=,3,$c,af,:=",False,16787888,16788200,2,"add eax, ecx","add eax, ecx",01c8,cpu,add,False,17,0,,,,,,,
16788150,"rsi,rcx,=",False,16787888,16788199,3,"mov rcx, rsi","mov rcx, rsi",4889f1,cpu,mov,False,9,0,,,,,,,
16788153,"1,rcx,&=,$z,zf,:=,$p,pf,:=,63,$s,sf,:=,0,cf,:=,0,of,:=",False,16787888,16788198,4,"and rcx, 1","and rcx, 1",4883e101,cpu,and,False,27,0,,,1.0,,,,
16788157,"18446744073709551614,rcx,^=,$z,zf,:=,$p,pf,:=,63,$s,sf,:=,0,cf,:=,0,of,:=",False,16787888,16788198,4,"xor rcx, 0xfffffffffffffffe","xor rcx, 0xfffffffffffffffe",4883f1fe,cpu,xor,False,28,0,,,1.8446744073709552e+19,,,,
16788161,"1,rsi,^=,$z,zf,:=,$p,pf,:=,63,$s,sf,:=,0,cf,:=,0,of,:=",False,16787888,16788198,4,"xor rsi, 1","xor rsi, 1",4883f601,cpu,xor,False,28,0,,,1.0,,,,
16788165,"1,rsi,^=,$z,zf,:=,$p,pf,:=,63,$s,sf,:=,0,cf,:=,0,of,:=",False,16787888,16788198,4,"xor rsi, 1","xor rsi, 1",4883f601,cpu,xor,False,28,0,,,1.0,,,,
16788169,"rsi,rcx,&=,$z,zf,:=,$p,pf,:=,63,$s,sf,:=,0,cf,:=,0,of,:=",False,16787888,16788199,3,"and rcx, rsi","and rcx, rsi",4821f1,cpu,and,False,27,0,,,,,,,
16788172,"1,rcx,+=,63,$o,of,:=,63,$s,sf,:=,$z,zf,:=,63,$c,cf,:=,$p,pf,:=,3,$c,af,:=",False,16787888,16788198,4,"add rcx, 1","add rcx, 1",4883c101,cpu,add,False,17,0,,,1.0,,,,
16788176,"rdx,rcx,==,$z,zf,:=,64,$b,cf,:=,$p,pf,:=,63,$s,sf,:=,rdx,0x8000000000000000,-,!,63,$o,^,of,:=,3,$b,af,:=",False,16787888,16788199,3,"cmp rcx, rdx","cmp rcx, rdx",4839d1,cpu,cmp,False,15,0,,,,,,,
16788179,"eax,rdx,=",False,16787888,16788200,2,"mov edx, eax","mov edx, eax",89c2,cpu,mov,False,9,0,,,,,,,
16788181,"edx,0x4,rbp,-,=[4]",True,16787888,16788199,3,"mov dword [rbp - 4], edx","mov dword [var_ch], edx",8955fc,cpu,mov,False,268435465,0,,,,,,,
16788184,"rcx,0x20,rbp,-,=[8]",True,16787888,16788198,4,"mov qword [rbp - 0x20], rcx","mov qword [var_28h], rcx",48894de0,cpu,mov,False,268435465,0,,,,,,,
16788188,"eax,0x14,rbp,-,=[4]",True,16787888,16788199,3,"mov dword [rbp - 0x14], eax","mov dword [var_1ch], eax",8945ec,cpu,mov,False,268435465,0,,,,,,,
16788191,"zf,?{,16787965,rip,=,}",False,16787888,16788196,6,je 0x10029fd,je 0x10029fd,0f8418ffffff,cpu,cjmp,False,2147483649,0,,,,,16787965.0,16788197.0,
16788197,"0x1002a02,rip,=",False,16787888,16788197,5,jmp 0x1002a02,jmp 0x1002a02,e918ffffff,cpu,jmp,False,1,0,,,,,16787970.0,,"[{'addr': 16787970, 'type': 'CODE'}]"
