offset,esil,refptr,fcn_addr,fcn_last,size,opcode,disasm,bytes,family,type,reloc,type_num,type2_num,flags,xrefs_to,val,ptr,jump,fail,xrefs_from
16787152,"rbp,8,rsp,-,=[8],8,rsp,-=",False,16787152,16787217,1,push rbp,push rbp,55,cpu,rpush,False,268435468,0,['sym.filter_and_modify'],"[{'addr': 16785558, 'type': 'CALL'}]",,,,,
16787153,"rsp,rbp,=",False,16787152,16787215,3,"mov rbp, rsp","mov rbp, rsp",4889e5,cpu,mov,False,9,0,,,,,,,
16787156,"rdi,0x10,rbp,-,=[8]",True,16787152,16787214,4,"mov qword [rbp - 0x10], rdi","mov qword [var_18h], rdi",48897df0,cpu,mov,False,268435465,0,,,,,,,
16787160,"esi,0x4,rbp,-,=[4]",True,16787152,16787215,3,"mov dword [rbp - 4], esi","mov dword [var_ch], esi",8975fc,cpu,mov,False,268435465,0,,,,,,,
16787163,"esi,rcx,=",False,16787152,16787216,2,"mov ecx, esi","mov ecx, esi",89f1,cpu,mov,False,9,0,,,,,,,
16787165,"0,cf,:=,1,31,-,1,<<,ecx,&,?{,1,cf,:=,},31,ecx,>>,ecx,=,$z,zf,:=,$p,pf,:=,31,$s,sf,:=",False,16787152,16787215,3,"shr ecx, 0x1f","shr ecx, 0x1f",c1e91f,cpu,shr,False,22,0,,,31.0,,,,
16787168,"1,rcx,^,0xffffffff,&,rcx,=,$z,zf,:=,$p,pf,:=,31,$s,sf,:=,0,cf,:=,0,of,:=",False,16787152,16787215,3,"xor ecx, 1","xor ecx, 1",83f101,cpu,xor,False,28,0,,,1.0,,,,
16787171,"3,rax,=",False,16787152,16787213,5,"mov eax, 3","mov eax, 3",b803000000,cpu,mov,False,9,0,,,3.0,,,,
16787176,"ecx,eax,-=,ecx,0x80000000,-,!,31,$o,^,of,:=,31,$s,sf,:=,$z,zf,:=,$p,pf,:=,32,$b,cf,:=,3,$b,af,:=",False,16787152,16787216,2,"sub eax, ecx","sub eax, ecx",29c8,cpu,sub,False,18,0,,,,,,,
16787178,"2,rax,^,0xffffffff,&,rax,=,$z,zf,:=,$p,pf,:=,31,$s,sf,:=,0,cf,:=,0,of,:=",False,16787152,16787215,3,"xor eax, 2","xor eax, 2",83f002,cpu,xor,False,28,0,,,2.0,,,,
16787181,"0,eax,==,$z,zf,:=,32,$b,cf,:=,$p,pf,:=,31,$s,sf,:=,0,0x80000000,-,!,31,$o,^,of,:=,3,$b,af,:=",False,16787152,16787215,3,"cmp eax, 0","cmp eax, 0",83f800,cpu,cmp,False,15,0,,,0.0,0.0,,,
16787184,"zf,al,=",False,16787152,16787215,3,sete al,sete al,0f94c0,cpu,cmov,False,2147483657,0,,,,,,,
16787187,"0,esi,==,$z,zf,:=,32,$b,cf,:=,$p,pf,:=,31,$s,sf,:=,0,0x80000000,-,!,31,$o,^,of,:=,3,$b,af,:=",False,16787152,16787215,3,"cmp esi, 0","cmp esi, 0",83fe00,cpu,cmp,False,15,0,,,0.0,0.0,,,
16787190,"zf,!,cl,=",False,16787152,16787215,3,setne cl,setne cl,0f95c1,cpu,cmov,False,2147483657,0,,,,,,,
16787193,"cl,al,&=,$z,zf,:=,$p,pf,:=,7,$s,sf,:=,0,cf,:=,0,of,:=",False,16787152,16787216,2,"and al, cl","and al, cl",20c8,cpu,and,False,27,0,,,,,,,
16787195,"0,1,al,&,==,$z,zf,:=,$p,pf,:=,7,$s,sf,:=,0,cf,:=,0,of,:=",False,16787152,16787216,2,"test al, 1","test al, 1",a801,cpu,acmp,False,16,0,,,1.0,1.0,,,
16787197,"zf,!,?{,16787201,rip,=,}",False,16787152,16787216,2,jne 0x1002701,jne 0x1002701,7502,cpu,cjmp,False,2147483649,0,,,,,16787201.0,16787199.0,
16787199,"0x1002712,rip,=",False,16787152,16787216,2,jmp 0x1002712,jmp 0x1002712,eb11,cpu,jmp,False,1,0,,,,,16787218.0,,"[{'addr': 16787218, 'type': 'CODE'}]"
16787201,"0x4,rbp,-,[4],rax,=",True,16787152,16787215,3,"mov eax, dword [rbp - 4]","mov eax, dword [var_ch]",8b45fc,cpu,mov,False,9,0,,,,,,,
16787204,"eax,rax,=",False,16787152,16787216,2,"mov eax, eax","mov eax, eax",89c0,cpu,mov,False,9,0,,,,,,,
16787206,"rax,0x20,rbp,-,=[8]",True,16787152,16787214,4,"mov qword [rbp - 0x20], rax","mov qword [var_28h], rax",488945e0,cpu,mov,False,268435465,0,,,,,,,
16787210,"eax,rax,^,0xffffffff,&,rax,=,$z,zf,:=,$p,pf,:=,31,$s,sf,:=,0,cf,:=,0,of,:=",False,16787152,16787216,2,"xor eax, eax","xor eax, eax",31c0,cpu,xor,False,28,0,,,,,,,
16787212,"rax,0x18,rbp,-,=[8]",True,16787152,16787214,4,"mov qword [rbp - 0x18], rax","mov qword [var_20h], rax",488945e8,cpu,mov,False,268435465,0,,,,,,,
16787216,"0x1002714,rip,=",False,16787152,16787216,2,jmp 0x1002714,jmp 0x1002714,eb02,cpu,jmp,False,1,0,,,,,16787220.0,,"[{'addr': 16787220, 'type': 'CODE'}]"
