offset,esil,refptr,fcn_addr,fcn_last,size,opcode,disasm,bytes,family,type,reloc,type_num,type2_num,flags,xrefs_to,val,ptr,jump,fail,xrefs_from
16782880,"rbp,8,rsp,-,=[8],8,rsp,-=",False,16782880,16783145,1,push rbp,push rbp,55,cpu,rpush,False,268435468,0,['sym.mirror'],"[{'addr': 16783197, 'type': 'CALL'}]",,,,,
16782881,"rsp,rbp,=",False,16782880,16783143,3,"mov rbp, rsp","mov rbp, rsp",4889e5,cpu,mov,False,9,0,,,,,,,
16782884,"48,rsp,-=,48,0x8000000000000000,-,!,63,$o,^,of,:=,63,$s,sf,:=,$z,zf,:=,$p,pf,:=,64,$b,cf,:=,3,$b,af,:=",False,16782880,16783142,4,"sub rsp, 0x30","sub rsp, 0x30",4883ec30,cpu,sub,False,18,0,,,48.0,,,,
16782888,"edi,0xc,rbp,-,=[4]",True,16782880,16783143,3,"mov dword [rbp - 0xc], edi","mov dword [var_14h], edi",897df4,cpu,mov,False,268435465,0,,,,,,,
16782891,,False,16782880,16783142,4,"cvtsi2sd xmm0, edi","cvtsi2sd xmm0, edi",f20f2ac7,sse,null,False,0,0,,,,,,,
16782895,"xmm0,xmm0,*=",False,16782880,16783142,4,"mulsd xmm0, xmm0","mulsd xmm0, xmm0",f20f59c0,sse,mul,False,20,0,,,,,,,
16782899,,False,16782880,16783142,4,"cvttsd2si ecx, xmm0","cvttsd2si ecx, xmm0",f20f2cc8,sse,null,False,0,0,,,,,,,
16782903,"eax,rax,^,0xffffffff,&,rax,=,$z,zf,:=,$p,pf,:=,31,$s,sf,:=,0,cf,:=,0,of,:=",False,16782880,16783144,2,"xor eax, eax","xor eax, eax",31c0,cpu,xor,False,28,0,,,,,,,
16782905,"0,ecx,==,$z,zf,:=,32,$b,cf,:=,$p,pf,:=,31,$s,sf,:=,0,0x80000000,-,!,31,$o,^,of,:=,3,$b,af,:=",False,16782880,16783143,3,"cmp ecx, 0","cmp ecx, 0",83f900,cpu,cmp,False,15,0,,,0.0,0.0,,,
16782908,"ecx,0x8,rbp,-,=[4]",True,16782880,16783143,3,"mov dword [rbp - 8], ecx","mov dword [var_14h + 0x4], ecx",894df8,cpu,mov,False,268435465,0,,,,,,,
16782911,"eax,0x4,rbp,-,=[4]",True,16782880,16783143,3,"mov dword [rbp - 4], eax","mov dword [var_ch], eax",8945fc,cpu,mov,False,268435465,0,,,,,,,
16782914,"zf,?{,16782974,rip,=,}",False,16782880,16783144,2,je 0x100167e,je 0x100167e,743a,cpu,cjmp,False,2147483649,0,,,,,16782974.0,16782916.0,
16782916,"0x4,rbp,-,[4],rcx,=",True,16782880,16783143,3,"mov ecx, dword [rbp - 4]","mov ecx, dword [var_ch]",8b4dfc,cpu,mov,False,9,0,,,,,,,
16782919,"0x8,rbp,-,[4],rax,=",True,16782880,16783143,3,"mov eax, dword [rbp - 8]","mov eax, dword [var_14h + 0x4]",8b45f8,cpu,mov,False,9,0,,,,,,,
16782922,"eax,0x14,rbp,-,=[4]",True,16782880,16783143,3,"mov dword [rbp - 0x14], eax","mov dword [var_1ch], eax",8945ec,cpu,mov,False,268435465,0,,,,,,,
16782925,"10,rsi,=",False,16782880,16783141,5,"mov esi, 0xa","mov esi, 0xa",be0a000000,cpu,mov,False,9,0,,,10.0,,,,
16782930,"0,edx,=,31,eax,>>,?{,0xffffffff,edx,=,}",False,16782880,16783145,1,cdq,cdq,99,cpu,null,False,0,0,,,,,,,
16782931,"32,esi,~,32,edx,<<,eax,+,~%,32,esi,~,32,edx,<<,eax,+,~/,eax,=,edx,=",False,16782880,16783144,2,idiv esi,idiv esi,f7fe,cpu,div,False,21,0,,,,,,,
16782933,"0x14,rbp,-,[4],rax,=",True,16782880,16783143,3,"mov eax, dword [rbp - 0x14]","mov eax, dword [var_1ch]",8b45ec,cpu,mov,False,9,0,,,,,,,
16782936,"32,10,~,32,ecx,~,*,DUP,ecx,=,ecx,-,?{,1,1,}{,0,0,},cf,:=,of,:=",False,16782880,16783143,3,"imul ecx, ecx, 0xa","imul ecx, ecx, 0xa",6bc90a,cpu,mul,False,20,0,,,,,,,
16782939,"ecx,edx,+=,31,$o,of,:=,31,$s,sf,:=,$z,zf,:=,31,$c,cf,:=,$p,pf,:=,3,$c,af,:=",False,16782880,16783144,2,"add edx, ecx","add edx, ecx",01ca,cpu,add,False,17,0,,,,,,,
16782941,"edx,0x10,rbp,-,=[4]",True,16782880,16783143,3,"mov dword [rbp - 0x10], edx","mov dword [var_18h], edx",8955f0,cpu,mov,False,268435465,0,,,,,,,
16782944,"10,rcx,=",False,16782880,16783141,5,"mov ecx, 0xa","mov ecx, 0xa",b90a000000,cpu,mov,False,9,0,,,10.0,,,,
16782949,"0,edx,=,31,eax,>>,?{,0xffffffff,edx,=,}",False,16782880,16783145,1,cdq,cdq,99,cpu,null,False,0,0,,,,,,,
16782950,"32,ecx,~,32,edx,<<,eax,+,~%,32,ecx,~,32,edx,<<,eax,+,~/,eax,=,edx,=",False,16782880,16783144,2,idiv ecx,idiv ecx,f7f9,cpu,div,False,21,0,,,,,,,
16782952,"0x14,rbp,-,[4],rdx,=",True,16782880,16783143,3,"mov edx, dword [rbp - 0x14]","mov edx, dword [var_1ch]",8b55ec,cpu,mov,False,9,0,,,,,,,
16782955,"eax,rcx,=",False,16782880,16783144,2,"mov ecx, eax","mov ecx, eax",89c1,cpu,mov,False,9,0,,,,,,,
16782957,"0x10,rbp,-,[4],rax,=",True,16782880,16783143,3,"mov eax, dword [rbp - 0x10]","mov eax, dword [var_18h]",8b45f0,cpu,mov,False,9,0,,,,,,,
16782960,"9,edx,+=,31,$o,of,:=,31,$s,sf,:=,$z,zf,:=,31,$c,cf,:=,$p,pf,:=,3,$c,af,:=",False,16782880,16783143,3,"add edx, 9","add edx, 9",83c209,cpu,add,False,17,0,,,9.0,,,,
16782963,"19,edx,==,$z,zf,:=,32,$b,cf,:=,$p,pf,:=,31,$s,sf,:=,19,0x80000000,-,!,31,$o,^,of,:=,3,$b,af,:=",False,16782880,16783143,3,"cmp edx, 0x13","cmp edx, 0x13",83fa13,cpu,cmp,False,15,0,,,19.0,19.0,,,
16782966,"ecx,0x8,rbp,-,=[4]",True,16782880,16783143,3,"mov dword [rbp - 8], ecx","mov dword [var_14h + 0x4], ecx",894df8,cpu,mov,False,268435465,0,,,,,,,
16782969,"eax,0x4,rbp,-,=[4]",True,16782880,16783143,3,"mov dword [rbp - 4], eax","mov dword [var_ch], eax",8945fc,cpu,mov,False,268435465,0,,,,,,,
16782972,"cf,!,?{,16782916,rip,=,}",False,16782880,16783144,2,jae 0x1001644,jae 0x1001644,73c6,cpu,cjmp,False,2147483649,0,,,,,16782916.0,16782974.0,
16782974,"0x4,rbp,-,[4],rax,=",True,16782880,16783143,3,"mov eax, dword [rbp - 4]","mov eax, dword [var_ch]",8b45fc,cpu,mov,False,9,0,,,,,,,
16782977,"eax,0x20,rbp,-,=[4]",True,16782880,16783143,3,"mov dword [rbp - 0x20], eax","mov dword [var_28h], eax",8945e0,cpu,mov,False,268435465,0,,,,,,,
16782980,,False,16782880,16783142,4,"cvtsi2sd xmm0, eax","cvtsi2sd xmm0, eax",f20f2ac0,sse,null,False,0,0,,,,,,,
16782984,"16783408,rip,8,rsp,-=,rsp,=[],rip,=",False,16782880,16783141,5,call 0x1001830,call sym.imp.sqrt,e8a3010000,cpu,call,False,3,0,,,,,16783408.0,16782989.0,"[{'addr': 16783408, 'type': 'CALL'}]"
16782989,,False,16782880,16783142,4,"cvttsd2si ecx, xmm0","cvttsd2si ecx, xmm0",f20f2cc8,sse,null,False,0,0,,,,,,,
16782993,"eax,rax,^,0xffffffff,&,rax,=,$z,zf,:=,$p,pf,:=,31,$s,sf,:=,0,cf,:=,0,of,:=",False,16782880,16783144,2,"xor eax, eax","xor eax, eax",31c0,cpu,xor,False,28,0,,,,,,,
16782995,"0,ecx,==,$z,zf,:=,32,$b,cf,:=,$p,pf,:=,31,$s,sf,:=,0,0x80000000,-,!,31,$o,^,of,:=,3,$b,af,:=",False,16782880,16783143,3,"cmp ecx, 0","cmp ecx, 0",83f900,cpu,cmp,False,15,0,,,0.0,0.0,,,
16782998,"ecx,0x1c,rbp,-,=[4]",True,16782880,16783143,3,"mov dword [rbp - 0x1c], ecx","mov dword [var_24h], ecx",894de4,cpu,mov,False,268435465,0,,,,,,,
16783001,"eax,0x18,rbp,-,=[4]",True,16782880,16783143,3,"mov dword [rbp - 0x18], eax","mov dword [var_20h], eax",8945e8,cpu,mov,False,268435465,0,,,,,,,
16783004,"zf,?{,16783064,rip,=,}",False,16782880,16783144,2,je 0x10016d8,je 0x10016d8,743a,cpu,cjmp,False,2147483649,0,,,,,16783064.0,16783006.0,
16783006,"0x18,rbp,-,[4],rcx,=",True,16782880,16783143,3,"mov ecx, dword [rbp - 0x18]","mov ecx, dword [var_20h]",8b4de8,cpu,mov,False,9,0,,,,,,,
16783009,"0x1c,rbp,-,[4],rax,=",True,16782880,16783143,3,"mov eax, dword [rbp - 0x1c]","mov eax, dword [var_24h]",8b45e4,cpu,mov,False,9,0,,,,,,,
16783012,"eax,0x28,rbp,-,=[4]",True,16782880,16783143,3,"mov dword [rbp - 0x28], eax","mov dword [var_30h], eax",8945d8,cpu,mov,False,268435465,0,,,,,,,
16783015,"10,rsi,=",False,16782880,16783141,5,"mov esi, 0xa","mov esi, 0xa",be0a000000,cpu,mov,False,9,0,,,10.0,,,,
16783020,"0,edx,=,31,eax,>>,?{,0xffffffff,edx,=,}",False,16782880,16783145,1,cdq,cdq,99,cpu,null,False,0,0,,,,,,,
16783021,"32,esi,~,32,edx,<<,eax,+,~%,32,esi,~,32,edx,<<,eax,+,~/,eax,=,edx,=",False,16782880,16783144,2,idiv esi,idiv esi,f7fe,cpu,div,False,21,0,,,,,,,
16783023,"0x28,rbp,-,[4],rax,=",True,16782880,16783143,3,"mov eax, dword [rbp - 0x28]","mov eax, dword [var_30h]",8b45d8,cpu,mov,False,9,0,,,,,,,
16783026,"32,10,~,32,ecx,~,*,DUP,ecx,=,ecx,-,?{,1,1,}{,0,0,},cf,:=,of,:=",False,16782880,16783143,3,"imul ecx, ecx, 0xa","imul ecx, ecx, 0xa",6bc90a,cpu,mul,False,20,0,,,,,,,
16783029,"ecx,edx,+=,31,$o,of,:=,31,$s,sf,:=,$z,zf,:=,31,$c,cf,:=,$p,pf,:=,3,$c,af,:=",False,16782880,16783144,2,"add edx, ecx","add edx, ecx",01ca,cpu,add,False,17,0,,,,,,,
16783031,"edx,0x24,rbp,-,=[4]",True,16782880,16783143,3,"mov dword [rbp - 0x24], edx","mov dword [var_2ch], edx",8955dc,cpu,mov,False,268435465,0,,,,,,,
16783034,"10,rcx,=",False,16782880,16783141,5,"mov ecx, 0xa","mov ecx, 0xa",b90a000000,cpu,mov,False,9,0,,,10.0,,,,
16783039,"0,edx,=,31,eax,>>,?{,0xffffffff,edx,=,}",False,16782880,16783145,1,cdq,cdq,99,cpu,null,False,0,0,,,,,,,
16783040,"32,ecx,~,32,edx,<<,eax,+,~%,32,ecx,~,32,edx,<<,eax,+,~/,eax,=,edx,=",False,16782880,16783144,2,idiv ecx,idiv ecx,f7f9,cpu,div,False,21,0,,,,,,,
16783042,"0x28,rbp,-,[4],rdx,=",True,16782880,16783143,3,"mov edx, dword [rbp - 0x28]","mov edx, dword [var_30h]",8b55d8,cpu,mov,False,9,0,,,,,,,
16783045,"eax,rcx,=",False,16782880,16783144,2,"mov ecx, eax","mov ecx, eax",89c1,cpu,mov,False,9,0,,,,,,,
16783047,"0x24,rbp,-,[4],rax,=",True,16782880,16783143,3,"mov eax, dword [rbp - 0x24]","mov eax, dword [var_2ch]",8b45dc,cpu,mov,False,9,0,,,,,,,
16783050,"9,edx,+=,31,$o,of,:=,31,$s,sf,:=,$z,zf,:=,31,$c,cf,:=,$p,pf,:=,3,$c,af,:=",False,16782880,16783143,3,"add edx, 9","add edx, 9",83c209,cpu,add,False,17,0,,,9.0,,,,
16783053,"19,edx,==,$z,zf,:=,32,$b,cf,:=,$p,pf,:=,31,$s,sf,:=,19,0x80000000,-,!,31,$o,^,of,:=,3,$b,af,:=",False,16782880,16783143,3,"cmp edx, 0x13","cmp edx, 0x13",83fa13,cpu,cmp,False,15,0,,,19.0,19.0,,,
16783056,"ecx,0x1c,rbp,-,=[4]",True,16782880,16783143,3,"mov dword [rbp - 0x1c], ecx","mov dword [var_24h], ecx",894de4,cpu,mov,False,268435465,0,,,,,,,
16783059,"eax,0x18,rbp,-,=[4]",True,16782880,16783143,3,"mov dword [rbp - 0x18], eax","mov dword [var_20h], eax",8945e8,cpu,mov,False,268435465,0,,,,,,,
16783062,"cf,!,?{,16783006,rip,=,}",False,16782880,16783144,2,jae 0x100169e,jae 0x100169e,73c6,cpu,cjmp,False,2147483649,0,,,,,16783006.0,16783064.0,
16783064,"0xc,rbp,-,[4],rcx,=",True,16782880,16783143,3,"mov ecx, dword [rbp - 0xc]","mov ecx, dword [var_14h]",8b4df4,cpu,mov,False,9,0,,,,,,,
16783067,"0x18,rbp,-,[4],rax,=",True,16782880,16783143,3,"mov eax, dword [rbp - 0x18]","mov eax, dword [var_20h]",8b45e8,cpu,mov,False,9,0,,,,,,,
16783070,"ecx,eax,==,$z,zf,:=,32,$b,cf,:=,$p,pf,:=,31,$s,sf,:=,ecx,0x80000000,-,!,31,$o,^,of,:=,3,$b,af,:=",False,16782880,16783144,2,"cmp eax, ecx","cmp eax, ecx",39c8,cpu,cmp,False,15,0,,,,,,,
16783072,"zf,!,?{,16783098,rip,=,}",False,16782880,16783144,2,jne 0x10016fa,jne 0x10016fa,7518,cpu,cjmp,False,2147483649,0,,,,,16783098.0,16783074.0,
16783074,"0x1205,rip,-,rdi,=",True,16782880,16783139,7,"lea rdi, [rip - 0x1205]","lea rdi, str.number_is_mirror",488d3dfbedffff,cpu,lea,False,33,0,,,,16778468.0,,,"[{'addr': 16778468, 'type': 'DATA'}]"
16783081,"0,al,=",False,16782880,16783144,2,"mov al, 0","mov al, 0",b000,cpu,mov,False,9,0,,,0.0,,,,
16783083,"16783424,rip,8,rsp,-=,rsp,=[],rip,=",False,16782880,16783141,5,call 0x1001840,call sym.imp.printf,e850010000,cpu,call,False,3,0,,,,,16783424.0,16783088.0,"[{'addr': 16783424, 'type': 'CALL'}]"
16783088,"1,rax,=",False,16782880,16783141,5,"mov eax, 1","mov eax, 1",b801000000,cpu,mov,False,9,0,,,1.0,,,,
16783093,"eax,0x2c,rbp,-,=[4]",True,16782880,16783143,3,"mov dword [rbp - 0x2c], eax","mov dword [var_34h], eax",8945d4,cpu,mov,False,268435465,0,,,,,,,
16783096,"0x1001721,rip,=",False,16782880,16783144,2,jmp 0x1001721,jmp 0x1001721,eb27,cpu,jmp,False,1,0,,,,,16783137.0,,"[{'addr': 16783137, 'type': 'CODE'}]"
16783098,"0x20,rbp,-,[4],rsi,=",True,16782880,16783143,3,"mov esi, dword [rbp - 0x20]","mov esi, dword [var_28h]",8b75e0,cpu,mov,False,9,0,,,,,,,
16783101,"0x1203,rip,-,rdi,=",True,16782880,16783139,7,"lea rdi, [rip - 0x1203]","lea rdi, str.Not_a_mirror_number__d",488d3dfdedffff,cpu,lea,False,33,0,,,,16778497.0,,,"[{'addr': 16778497, 'type': 'DATA'}]"
16783108,"0,al,=",False,16782880,16783144,2,"mov al, 0","mov al, 0",b000,cpu,mov,False,9,0,,,0.0,,,,
16783110,"16783424,rip,8,rsp,-=,rsp,=[],rip,=",False,16782880,16783141,5,call 0x1001840,call sym.imp.printf,e835010000,cpu,call,False,3,0,,,,,16783424.0,16783115.0,"[{'addr': 16783424, 'type': 'CALL'}]"
16783115,"0x20,rbp,-,[4],rdx,=",True,16782880,16783143,3,"mov edx, dword [rbp - 0x20]","mov edx, dword [var_28h]",8b55e0,cpu,mov,False,9,0,,,,,,,
16783118,"eax,rax,^,0xffffffff,&,rax,=,$z,zf,:=,$p,pf,:=,31,$s,sf,:=,0,cf,:=,0,of,:=",False,16782880,16783144,2,"xor eax, eax","xor eax, eax",31c0,cpu,xor,False,28,0,,,,,,,
16783120,"679654,rcx,=",False,16782880,16783141,5,"mov ecx, 0xa5ee6","mov ecx, 0xa5ee6",b9e65e0a00,cpu,mov,False,9,0,,,679654.0,679654.0,,,
16783125,"679654,edx,==,$z,zf,:=,32,$b,cf,:=,$p,pf,:=,31,$s,sf,:=,679654,0x80000000,-,!,31,$o,^,of,:=,3,$b,af,:=",False,16782880,16783140,6,"cmp edx, 0xa5ee6","cmp edx, 0xa5ee6",81fae65e0a00,cpu,cmp,False,15,0,,,679654.0,679654.0,,,
16783131,"zf,?{,ecx,eax,=,}",False,16782880,16783143,3,"cmove eax, ecx","cmove eax, ecx",0f44c1,cpu,cmov,False,2147483657,0,,,,,,,
16783134,"eax,0x2c,rbp,-,=[4]",True,16782880,16783143,3,"mov dword [rbp - 0x2c], eax","mov dword [var_34h], eax",8945d4,cpu,mov,False,268435465,0,,,,,,,
16783137,"0x2c,rbp,-,[4],rax,=",True,16782880,16783143,3,"mov eax, dword [rbp - 0x2c]","mov eax, dword [var_34h]",8b45d4,cpu,mov,False,9,0,,"[{'addr': 16783096, 'type': 'CODE'}]",,,,,
16783140,"48,rsp,+=,63,$o,of,:=,63,$s,sf,:=,$z,zf,:=,63,$c,cf,:=,$p,pf,:=,3,$c,af,:=",False,16782880,16783142,4,"add rsp, 0x30","add rsp, 0x30",4883c430,cpu,add,False,17,0,,,48.0,,,,
16783144,"rsp,[8],8,rsp,+=,rbp,=",False,16782880,16783145,1,pop rbp,pop rbp,5d,cpu,pop,False,14,0,,,,,,,
16783145,"rsp,[8],rip,=,8,rsp,+=",False,16782880,16783145,1,ret,ret,c3,cpu,ret,False,5,0,,,,,,,
