offset,esil,refptr,fcn_addr,fcn_last,size,opcode,disasm,bytes,family,type,reloc,type_num,type2_num,flags,xrefs_to,val,jump,fail,xrefs_from,ptr
16783168,"rbp,8,rsp,-,=[8],8,rsp,-=",False,16783168,16783260,1,push rbp,push rbp,55,cpu,rpush,False,268435468,0,"['main', 'sym.main']","[{'addr': 16782861, 'type': 'DATA'}]",,,,,
16783169,"rsp,rbp,=",False,16783168,16783258,3,"mov rbp, rsp","mov rbp, rsp",4889e5,cpu,mov,False,9,0,,,,,,,
16783172,"16,rsp,-=,16,0x8000000000000000,-,!,63,$o,^,of,:=,63,$s,sf,:=,$z,zf,:=,$p,pf,:=,64,$b,cf,:=,3,$b,af,:=",False,16783168,16783257,4,"sub rsp, 0x10","sub rsp, 0x10",4883ec10,cpu,sub,False,18,0,,,16.0,,,,
16783176,"0x8,rsi,+,[8],rdi,=",True,16783168,16783257,4,"mov rdi, qword [rsi + 8]","mov rdi, qword [rsi + 8]",488b7e08,cpu,mov,False,9,0,,,,,,,
16783180,"eax,rax,^,0xffffffff,&,rax,=,$z,zf,:=,$p,pf,:=,31,$s,sf,:=,0,cf,:=,0,of,:=",False,16783168,16783259,2,"xor eax, eax","xor eax, eax",31c0,cpu,xor,False,28,0,,,,,,,
16783182,"eax,rsi,=",False,16783168,16783259,2,"mov esi, eax","mov esi, eax",89c6,cpu,mov,False,9,0,,,,,,,
16783184,"16783440,rip,8,rsp,-=,rsp,=[],rip,=",False,16783168,16783256,5,call 0x1001850,call sym.imp.strtod,e8fb000000,cpu,call,False,3,0,,,,16783440.0,16783189.0,"[{'addr': 16783440, 'type': 'CALL'}]",
16783189,,False,16783168,16783257,4,"cvtsd2ss xmm0, xmm0","cvtsd2ss xmm0, xmm0",f20f5ac0,sse,null,False,0,0,,,,,,,
16783193,,False,16783168,16783257,4,"cvttss2si edi, xmm0","cvttss2si edi, xmm0",f30f2cf8,sse,null,False,0,0,,,,,,,
16783197,"16782880,rip,8,rsp,-=,rsp,=[],rip,=",False,16783168,16783256,5,call 0x1001620,call sym.mirror,e8befeffff,cpu,call,False,3,0,,,,16782880.0,16783202.0,"[{'addr': 16782880, 'type': 'CALL'}]",
16783202,"eax,rcx,=",False,16783168,16783259,2,"mov ecx, eax","mov ecx, eax",89c1,cpu,mov,False,9,0,,,,,,,
16783204,"ecx,0x4,rbp,-,=[4]",True,16783168,16783258,3,"mov dword [rbp - 4], ecx","mov dword [var_ch], ecx",894dfc,cpu,mov,False,268435465,0,,,,,,,
16783207,"0x124d,rip,-,rdi,=",True,16783168,16783254,7,"lea rdi, [rip - 0x124d]","lea rdi, str.You_loose",488d3db3edffff,cpu,lea,False,33,0,,,,,,"[{'addr': 16778529, 'type': 'DATA'}]",16778529.0
16783214,"0x125d,rip,-,rax,=",True,16783168,16783254,7,"lea rax, [rip - 0x125d]","lea rax, str.You_win",488d05a3edffff,cpu,lea,False,33,0,,,,,,"[{'addr': 16778520, 'type': 'DATA'}]",16778520.0
16783221,"679654,ecx,==,$z,zf,:=,32,$b,cf,:=,$p,pf,:=,31,$s,sf,:=,679654,0x80000000,-,!,31,$o,^,of,:=,3,$b,af,:=",False,16783168,16783255,6,"cmp ecx, 0xa5ee6","cmp ecx, 0xa5ee6",81f9e65e0a00,cpu,cmp,False,15,0,,,679654.0,,,,679654.0
16783227,"zf,?{,rax,rdi,=,}",False,16783168,16783257,4,"cmove rdi, rax","cmove rdi, rax",480f44f8,cpu,cmov,False,2147483657,0,,,,,,,
16783231,"16783456,rip,8,rsp,-=,rsp,=[],rip,=",False,16783168,16783256,5,call 0x1001860,call sym.imp.puts,e8dc000000,cpu,call,False,3,0,,,,16783456.0,16783236.0,"[{'addr': 16783456, 'type': 'CALL'}]",
16783236,"0x4,rbp,-,[4],rsi,=",True,16783168,16783258,3,"mov esi, dword [rbp - 4]","mov esi, dword [var_ch]",8b75fc,cpu,mov,False,9,0,,,,,,,
16783239,"0x1299,rip,-,rdi,=",True,16783168,16783254,7,"lea rdi, [rip - 0x1299]","lea rdi, str.Hash:_0x_x",488d3d67edffff,cpu,lea,False,33,0,,,,,,"[{'addr': 16778485, 'type': 'DATA'}]",16778485.0
16783246,"0,al,=",False,16783168,16783259,2,"mov al, 0","mov al, 0",b000,cpu,mov,False,9,0,,,0.0,,,,
16783248,"16783424,rip,8,rsp,-=,rsp,=[],rip,=",False,16783168,16783256,5,call 0x1001840,call sym.imp.printf,e8ab000000,cpu,call,False,3,0,,,,16783424.0,16783253.0,"[{'addr': 16783424, 'type': 'CALL'}]",
16783253,"eax,rax,^,0xffffffff,&,rax,=,$z,zf,:=,$p,pf,:=,31,$s,sf,:=,0,cf,:=,0,of,:=",False,16783168,16783259,2,"xor eax, eax","xor eax, eax",31c0,cpu,xor,False,28,0,,,,,,,
16783255,"16,rsp,+=,63,$o,of,:=,63,$s,sf,:=,$z,zf,:=,63,$c,cf,:=,$p,pf,:=,3,$c,af,:=",False,16783168,16783257,4,"add rsp, 0x10","add rsp, 0x10",4883c410,cpu,add,False,17,0,,,16.0,,,,
16783259,"rsp,[8],8,rsp,+=,rbp,=",False,16783168,16783260,1,pop rbp,pop rbp,5d,cpu,pop,False,14,0,,,,,,,
16783260,"rsp,[8],rip,=,8,rsp,+=",False,16783168,16783260,1,ret,ret,c3,cpu,ret,False,5,0,,,,,,,
