offset,esil,refptr,fcn_addr,fcn_last,size,opcode,disasm,bytes,family,type,reloc,type_num,type2_num,flags,xrefs_to,ptr,xrefs_from,val
16783792,"rbp,8,rsp,-,=[8],8,rsp,-=",False,16783792,16783856,1,push rbp,push rbp,55,cpu,rpush,False,268435468,0,['sym.predigits'],"[{'addr': 16783115, 'type': 'CALL'}, {'addr': 16783228, 'type': 'CALL'}, {'addr': 16783314, 'type': 'CALL'}, {'addr': 16783422, 'type': 'CALL'}, {'addr': 16783500, 'type': 'CALL'}, {'addr': 16783559, 'type': 'CALL'}]",,,
16783793,"rsp,rbp,=",False,16783792,16783854,3,"mov rbp, rsp","mov rbp, rsp",4889e5,cpu,mov,False,9,0,,,,,
16783796,"sil,dl,=",False,16783792,16783854,3,"mov dl, sil","mov dl, sil",4088f2,cpu,mov,False,9,0,,,,,
16783799,"dil,r8b,=",False,16783792,16783854,3,"mov r8b, dil","mov r8b, dil",4188f8,cpu,mov,False,9,0,,,,,
16783802,"0x22af,rip,+,rax,=",True,16783792,16783850,7,"lea rax, [rip + 0x22af]","lea rax, obj.i",488d05af220000,cpu,lea,False,33,0,,,16792688.0,"[{'addr': 16792688, 'type': 'DATA'}]",
16783809,"rax,[4],rsi,=",True,16783792,16783855,2,"mov esi, dword [rax]","mov esi, dword [rax]",8b30,cpu,mov,False,9,0,,,,,
16783811,"esi,rax,=",False,16783792,16783855,2,"mov eax, esi","mov eax, esi",89f0,cpu,mov,False,9,0,,,,,
16783813,"1,eax,+=,31,$o,of,:=,31,$s,sf,:=,$z,zf,:=,31,$c,cf,:=,$p,pf,:=,3,$c,af,:=",False,16783792,16783854,3,"add eax, 1","add eax, 1",83c001,cpu,add,False,17,0,,,,,1.0
16783816,"32,esi,~,rdi,=",False,16783792,16783854,3,"movsxd rdi, esi","movsxd rdi, esi",4863fe,cpu,mov,False,9,0,,,,,
16783819,"0x22ae,rip,+,rcx,=",True,16783792,16783850,7,"lea rcx, [rip + 0x22ae]","lea rcx, [obj.roman_Number]",488d0dae220000,cpu,lea,False,33,0,,,16792704.0,"[{'addr': 16792704, 'type': 'DATA'}]",
16783826,"r8b,rdi,rcx,+,=[1]",True,16783792,16783853,4,"mov byte [rcx + rdi], r8b","mov byte [rcx + rdi], r8b",44880439,cpu,mov,False,9,0,,,,,
16783830,"2,esi,+=,31,$o,of,:=,31,$s,sf,:=,$z,zf,:=,31,$c,cf,:=,$p,pf,:=,3,$c,af,:=",False,16783792,16783854,3,"add esi, 2","add esi, 2",83c602,cpu,add,False,17,0,,,,,2.0
16783833,"0x2290,rip,+,rcx,=",True,16783792,16783850,7,"lea rcx, [rip + 0x2290]","lea rcx, obj.i",488d0d90220000,cpu,lea,False,33,0,,,16792688.0,"[{'addr': 16792688, 'type': 'DATA'}]",
16783840,"esi,rcx,=[4]",True,16783792,16783855,2,"mov dword [rcx], esi","mov dword [rcx], esi",8931,cpu,mov,False,9,0,,,,,
16783842,"32,eax,~,rcx,=",False,16783792,16783854,3,"movsxd rcx, eax","movsxd rcx, eax",4863c8,cpu,mov,False,9,0,,,,,
16783845,"0x2294,rip,+,rax,=",True,16783792,16783850,7,"lea rax, [rip + 0x2294]","lea rax, [obj.roman_Number]",488d0594220000,cpu,lea,False,33,0,,,16792704.0,"[{'addr': 16792704, 'type': 'DATA'}]",
16783852,"dl,rcx,rax,+,=[1]",True,16783792,16783854,3,"mov byte [rax + rcx], dl","mov byte [rax + rcx], dl",881408,cpu,mov,False,9,0,,,,,
16783855,"rsp,[8],8,rsp,+=,rbp,=",False,16783792,16783856,1,pop rbp,pop rbp,5d,cpu,pop,False,14,0,,,,,
16783856,"rsp,[8],rip,=,8,rsp,+=",False,16783792,16783856,1,ret,ret,c3,cpu,ret,False,5,0,,,,,
