offset,esil,refptr,fcn_addr,fcn_last,size,opcode,disasm,bytes,family,type,reloc,type_num,type2_num,flags,xrefs_to,val,ptr,jump,fail,xrefs_from
16783696,"rbp,8,rsp,-,=[8],8,rsp,-=",False,16783696,16783783,1,push rbp,push rbp,55,cpu,rpush,False,268435468,0,['sym.postdigits'],"[{'addr': 16783015, 'type': 'CALL'}, {'addr': 16783081, 'type': 'CALL'}, {'addr': 16783189, 'type': 'CALL'}, {'addr': 16783282, 'type': 'CALL'}, {'addr': 16783383, 'type': 'CALL'}, {'addr': 16783471, 'type': 'CALL'}, {'addr': 16783542, 'type': 'CALL'}]",,,,,
16783697,"rsp,rbp,=",False,16783696,16783781,3,"mov rbp, rsp","mov rbp, rsp",4889e5,cpu,mov,False,9,0,,,,,,,
16783700,"16,rsp,-=,16,0x8000000000000000,-,!,63,$o,^,of,:=,63,$s,sf,:=,$z,zf,:=,$p,pf,:=,64,$b,cf,:=,3,$b,af,:=",False,16783696,16783780,4,"sub rsp, 0x10","sub rsp, 0x10",4883ec10,cpu,sub,False,18,0,,,16.0,,,,
16783704,"esi,0x8,rbp,-,=[4]",True,16783696,16783781,3,"mov dword [rbp - 8], esi","mov dword [var_10h], esi",8975f8,cpu,mov,False,268435465,0,,,,,,,
16783707,"dil,al,=",False,16783696,16783781,3,"mov al, dil","mov al, dil",4088f8,cpu,mov,False,9,0,,,,,,,
16783710,"al,0x1,rbp,-,=[1]",True,16783696,16783781,3,"mov byte [rbp - 1], al","mov byte [c], al",8845ff,cpu,mov,False,268435465,0,,,,,,,
16783713,"0,esi,==,$z,zf,:=,32,$b,cf,:=,$p,pf,:=,31,$s,sf,:=,0,0x80000000,-,!,31,$o,^,of,:=,3,$b,af,:=",False,16783696,16783781,3,"cmp esi, 0","cmp esi, 0",83fe00,cpu,cmp,False,15,0,,,0.0,0.0,,,
16783716,"of,sf,^,zf,|,?{,16783778,rip,=,}",False,16783696,16783782,2,jle 0x10019a2,jle 0x10019a2,7e3c,cpu,cjmp,False,2147483649,0,,,,,16783778.0,16783718.0,
16783718,"0x8,rbp,-,[4],rcx,=",True,16783696,16783781,3,"mov ecx, dword [rbp - 8]","mov ecx, dword [var_10h]",8b4df8,cpu,mov,False,9,0,,,,,,,
16783721,"0x1,rbp,-,[1],al,=",True,16783696,16783781,3,"mov al, byte [rbp - 1]","mov al, byte [c]",8a45ff,cpu,mov,False,9,0,,,,,,,
16783724,"0x22fd,rip,+,rdx,=",True,16783696,16783777,7,"lea rdx, [rip + 0x22fd]","lea rdx, obj.i",488d15fd220000,cpu,lea,False,33,0,,,,16792688.0,,,"[{'addr': 16792688, 'type': 'DATA'}]"
16783731,"rdx,[4],rdx,=",True,16783696,16783782,2,"mov edx, dword [rdx]","mov edx, dword [rdx]",8b12,cpu,mov,False,9,0,,,,,,,
16783733,"edx,0xc,rbp,-,=[4]",True,16783696,16783781,3,"mov dword [rbp - 0xc], edx","mov dword [var_14h], edx",8955f4,cpu,mov,False,268435465,0,,,,,,,
16783736,"32,edx,~,rdx,=",False,16783696,16783781,3,"movsxd rdx, edx","movsxd rdx, edx",4863d2,cpu,mov,False,9,0,,,,,,,
16783739,"0x22fe,rip,+,rdi,=",True,16783696,16783777,7,"lea rdi, [rip + 0x22fe]","lea rdi, [obj.roman_Number]",488d3dfe220000,cpu,lea,False,33,0,,,,16792704.0,,,"[{'addr': 16792704, 'type': 'DATA'}]"
16783746,"rdx,rdi,+=,63,$o,of,:=,63,$s,sf,:=,$z,zf,:=,63,$c,cf,:=,$p,pf,:=,3,$c,af,:=",False,16783696,16783781,3,"add rdi, rdx","add rdi, rdx",4801d7,cpu,add,False,17,0,,,,,,,
16783749,"ecx,rcx,=",False,16783696,16783782,2,"mov ecx, ecx","mov ecx, ecx",89c9,cpu,mov,False,9,0,,,,,,,
16783751,"ecx,rdx,=",False,16783696,16783782,2,"mov edx, ecx","mov edx, ecx",89ca,cpu,mov,False,9,0,,,,,,,
16783753,"al,rsi,=",False,16783696,16783781,3,"movzx esi, al","movzx esi, al",0fb6f0,cpu,mov,False,9,0,,,,,,,
16783756,"16784064,rip,8,rsp,-=,rsp,=[],rip,=",False,16783696,16783779,5,call 0x1001ac0,call sym.imp.memset,e82f010000,cpu,call,False,3,0,,,,,16784064.0,16783761.0,"[{'addr': 16784064, 'type': 'CALL'}]"
16783761,"0xc,rbp,-,[4],rcx,=",True,16783696,16783781,3,"mov ecx, dword [rbp - 0xc]","mov ecx, dword [var_14h]",8b4df4,cpu,mov,False,9,0,,,,,,,
16783764,"0x8,rbp,-,[4],rax,=",True,16783696,16783781,3,"mov eax, dword [rbp - 8]","mov eax, dword [var_10h]",8b45f8,cpu,mov,False,9,0,,,,,,,
16783767,"eax,ecx,+=,31,$o,of,:=,31,$s,sf,:=,$z,zf,:=,31,$c,cf,:=,$p,pf,:=,3,$c,af,:=",False,16783696,16783782,2,"add ecx, eax","add ecx, eax",01c1,cpu,add,False,17,0,,,,,,,
16783769,"0x22d0,rip,+,rax,=",True,16783696,16783777,7,"lea rax, [rip + 0x22d0]","lea rax, obj.i",488d05d0220000,cpu,lea,False,33,0,,,,16792688.0,,,"[{'addr': 16792688, 'type': 'DATA'}]"
16783776,"ecx,rax,=[4]",True,16783696,16783782,2,"mov dword [rax], ecx","mov dword [rax], ecx",8908,cpu,mov,False,9,0,,,,,,,
16783778,"16,rsp,+=,63,$o,of,:=,63,$s,sf,:=,$z,zf,:=,63,$c,cf,:=,$p,pf,:=,3,$c,af,:=",False,16783696,16783780,4,"add rsp, 0x10","add rsp, 0x10",4883c410,cpu,add,False,17,0,,,16.0,,,,
16783782,"rsp,[8],8,rsp,+=,rbp,=",False,16783696,16783783,1,pop rbp,pop rbp,5d,cpu,pop,False,14,0,,,,,,,
16783783,"rsp,[8],rip,=,8,rsp,+=",False,16783696,16783783,1,ret,ret,c3,cpu,ret,False,5,0,,,,,,,
