offset,esil,refptr,fcn_addr,fcn_last,size,opcode,disasm,bytes,family,type,reloc,type_num,type2_num,flags,xrefs_to,val,jump,fail,xrefs_from,ptr
16782928,"rbp,8,rsp,-,=[8],8,rsp,-=",False,16782928,16783020,1,push rbp,push rbp,55,cpu,rpush,False,268435468,0,"['main', 'sym.main', 'dbg.main']","[{'addr': 16782717, 'type': 'DATA'}]",,,,,
16782929,"rsp,rbp,=",False,16782928,16783018,3,"mov rbp, rsp","mov rbp, rsp",4889e5,cpu,mov,False,9,0,,,,,,,
16782932,"16,rsp,-=,16,0x8000000000000000,-,!,63,$o,^,of,:=,63,$s,sf,:=,$z,zf,:=,$p,pf,:=,64,$b,cf,:=,3,$b,af,:=",False,16782928,16783017,4,"sub rsp, 0x10","sub rsp, 0x10",4883ec10,cpu,sub,False,18,0,,,16.0,,,,
16782936,"0x8,rsi,+,[8],rdi,=",True,16782928,16783017,4,"mov rdi, qword [rsi + 8]","mov rdi, qword [rsi + 8]",488b7e08,cpu,mov,False,9,0,,,,,,,
16782940,"eax,rax,^,0xffffffff,&,rax,=,$z,zf,:=,$p,pf,:=,31,$s,sf,:=,0,cf,:=,0,of,:=",False,16782928,16783019,2,"xor eax, eax","xor eax, eax",31c0,cpu,xor,False,28,0,,,,,,,
16782942,"eax,rsi,=",False,16782928,16783019,2,"mov esi, eax","mov esi, eax",89c6,cpu,mov,False,9,0,,,,,,,
16782944,"16783168,rip,8,rsp,-=,rsp,=[],rip,=",False,16782928,16783016,5,call 0x1001740,call sym.imp.strtod,e8db000000,cpu,call,False,3,0,,,,16783168.0,16782949.0,"[{'addr': 16783168, 'type': 'CALL'}]",
16782949,,False,16782928,16783017,4,"cvtsd2ss xmm0, xmm0","cvtsd2ss xmm0, xmm0",f20f5ac0,sse,null,False,0,0,,,,,,,
16782953,,False,16782928,16783017,4,"cvttss2si edi, xmm0","cvttss2si edi, xmm0",f30f2cf8,sse,null,False,0,0,,,,,,,
16782957,"16782736,rip,8,rsp,-=,rsp,=[],rip,=",False,16782928,16783016,5,call 0x1001590,call dbg.reverse,e81effffff,cpu,call,False,3,0,,,,16782736.0,16782962.0,"[{'addr': 16782736, 'type': 'CALL'}]",
16782962,"eax,rcx,=",False,16782928,16783019,2,"mov ecx, eax","mov ecx, eax",89c1,cpu,mov,False,9,0,,,,,,,
16782964,"ecx,0x4,rbp,-,=[4]",True,16782928,16783018,3,"mov dword [rbp - 4], ecx","mov dword [number], ecx",894dfc,cpu,mov,False,268435465,0,,,,,,,
16782967,"0x11ed,rip,-,rdi,=",True,16782928,16783014,7,"lea rdi, [rip - 0x11ed]","lea rdi, str.You_loose",488d3d13eeffff,cpu,lea,False,33,0,,,,,,"[{'addr': 16778385, 'type': 'DATA'}]",16778385.0
16782974,"0x11fd,rip,-,rax,=",True,16782928,16783014,7,"lea rax, [rip - 0x11fd]","lea rax, str.You_win",488d0503eeffff,cpu,lea,False,33,0,,,,,,"[{'addr': 16778376, 'type': 'DATA'}]",16778376.0
16782981,"48302938,ecx,==,$z,zf,:=,32,$b,cf,:=,$p,pf,:=,31,$s,sf,:=,48302938,0x80000000,-,!,31,$o,^,of,:=,3,$b,af,:=",False,16782928,16783015,6,"cmp ecx, 0x2e10b5a","cmp ecx, 0x2e10b5a",81f95a0be102,cpu,cmp,False,15,0,,,48302938.0,,,,48302938.0
16782987,"zf,?{,rax,rdi,=,}",False,16782928,16783017,4,"cmove rdi, rax","cmove rdi, rax",480f44f8,cpu,cmov,False,2147483657,0,,,,,,,
16782991,"16783184,rip,8,rsp,-=,rsp,=[],rip,=",False,16782928,16783016,5,call 0x1001750,call sym.imp.puts,e8bc000000,cpu,call,False,3,0,,,,16783184.0,16782996.0,"[{'addr': 16783184, 'type': 'CALL'}]",
16782996,"0x4,rbp,-,[4],rsi,=",True,16782928,16783018,3,"mov esi, dword [rbp - 4]","mov esi, dword [number]",8b75fc,cpu,mov,False,9,0,,,,,,,
16782999,"0x1222,rip,-,rdi,=",True,16782928,16783014,7,"lea rdi, [rip - 0x1222]","lea rdi, str.Hash:_0x_x",488d3ddeedffff,cpu,lea,False,33,0,,,,,,"[{'addr': 16778364, 'type': 'DATA'}]",16778364.0
16783006,"0,al,=",False,16782928,16783019,2,"mov al, 0","mov al, 0",b000,cpu,mov,False,9,0,,,0.0,,,,
16783008,"16783200,rip,8,rsp,-=,rsp,=[],rip,=",False,16782928,16783016,5,call 0x1001760,call sym.imp.printf,e8bb000000,cpu,call,False,3,0,,,,16783200.0,16783013.0,"[{'addr': 16783200, 'type': 'CALL'}]",
16783013,"eax,rax,^,0xffffffff,&,rax,=,$z,zf,:=,$p,pf,:=,31,$s,sf,:=,0,cf,:=,0,of,:=",False,16782928,16783019,2,"xor eax, eax","xor eax, eax",31c0,cpu,xor,False,28,0,,,,,,,
16783015,"16,rsp,+=,63,$o,of,:=,63,$s,sf,:=,$z,zf,:=,63,$c,cf,:=,$p,pf,:=,3,$c,af,:=",False,16782928,16783017,4,"add rsp, 0x10","add rsp, 0x10",4883c410,cpu,add,False,17,0,,,16.0,,,,
16783019,"rsp,[8],8,rsp,+=,rbp,=",False,16782928,16783020,1,pop rbp,pop rbp,5d,cpu,pop,False,14,0,,,,,,,
16783020,"rsp,[8],rip,=,8,rsp,+=",False,16782928,16783020,1,ret,ret,c3,cpu,ret,False,5,0,,,,,,,
