offset,esil,refptr,fcn_addr,fcn_last,size,opcode,disasm,bytes,family,type,reloc,type_num,type2_num,flags,xrefs_to,ptr,val,jump,fail
16782736,"rbp,8,rsp,-,=[8],8,rsp,-=",False,16782736,16782911,1,push rbp,push rbp,55,cpu,rpush,False,268435468,0,"['sym.reverse', 'dbg.reverse']","[{'addr': 16782957, 'type': 'CALL'}]",,,,
16782737,"rsp,rbp,=",False,16782736,16782909,3,"mov rbp, rsp","mov rbp, rsp",4889e5,cpu,mov,False,9,0,,,,,,
16782740,"edi,rcx,=",False,16782736,16782910,2,"mov ecx, edi","mov ecx, edi",89f9,cpu,mov,False,9,0,,,,,,
16782742,"0,1,!,!,?{,1,1,-,ecx,<<,0x80000000,&,!,!,^,},1,ecx,<<=,$z,zf,:=,$p,pf,:=,31,$s,sf,:=,cf,=",False,16782736,16782910,2,"shl ecx, 1","shl ecx, 1",d1e1,cpu,shl,False,23,0,,,,,,
16782744,"edi,rcx,^,0xffffffff,&,rcx,=,$z,zf,:=,$p,pf,:=,31,$s,sf,:=,0,cf,:=,0,of,:=",False,16782736,16782910,2,"xor ecx, edi","xor ecx, edi",31f9,cpu,xor,False,28,0,,,,,,
16782746,"eax,rax,^,0xffffffff,&,rax,=,$z,zf,:=,$p,pf,:=,31,$s,sf,:=,0,cf,:=,0,of,:=",False,16782736,16782910,2,"xor eax, eax","xor eax, eax",31c0,cpu,xor,False,28,0,,,,,,
16782748,"0,ecx,==,$z,zf,:=,32,$b,cf,:=,$p,pf,:=,31,$s,sf,:=,0,0x80000000,-,!,31,$o,^,of,:=,3,$b,af,:=",False,16782736,16782909,3,"cmp ecx, 0","cmp ecx, 0",83f900,cpu,cmp,False,15,0,,,0.0,0.0,,
16782751,"edi,0x8,rbp,-,=[4]",True,16782736,16782909,3,"mov dword [rbp - 8], edi","mov dword [var_10h], edi",897df8,cpu,mov,False,268435465,0,,,,,,
16782754,"eax,0x4,rbp,-,=[4]",True,16782736,16782909,3,"mov dword [rbp - 4], eax","mov dword [var_ch], eax",8945fc,cpu,mov,False,268435465,0,,,,,,
16782757,"zf,?{,16782907,rip,=,}",False,16782736,16782906,6,je 0x100163b,je 0x100163b,0f8490000000,cpu,cjmp,False,2147483649,0,,,,,16782907.0,16782763.0
16782763,"0x4,rbp,-,[4],rax,=",True,16782736,16782909,3,"mov eax, dword [rbp - 4]","mov eax, dword [var_ch]",8b45fc,cpu,mov,False,9,0,,,,,,
16782766,"0x8,rbp,-,[4],rsi,=",True,16782736,16782909,3,"mov esi, dword [rbp - 8]","mov esi, dword [var_10h]",8b75f8,cpu,mov,False,9,0,,,,,,
16782769,"eax,0x14,rbp,-,=[4]",True,16782736,16782909,3,"mov dword [rbp - 0x14], eax","mov dword [var_1ch], eax",8945ec,cpu,mov,False,268435465,0,,,,,,
16782772,"10,rcx,=",False,16782736,16782907,5,"mov ecx, 0xa","mov ecx, 0xa",b90a000000,cpu,mov,False,9,0,,,,10.0,,
16782777,"esi,rax,=",False,16782736,16782910,2,"mov eax, esi","mov eax, esi",89f0,cpu,mov,False,9,0,,,,,,
16782779,"0,edx,=,31,eax,>>,?{,0xffffffff,edx,=,}",False,16782736,16782911,1,cdq,cdq,99,cpu,null,False,0,0,,,,,,
16782780,"32,ecx,~,32,edx,<<,eax,+,~%,32,ecx,~,32,edx,<<,eax,+,~/,eax,=,edx,=",False,16782736,16782910,2,idiv ecx,idiv ecx,f7f9,cpu,div,False,21,0,,,,,,
16782782,"0x14,rbp,-,[4],rax,=",True,16782736,16782909,3,"mov eax, dword [rbp - 0x14]","mov eax, dword [var_1ch]",8b45ec,cpu,mov,False,9,0,,,,,,
16782785,"edx,0x10,rbp,-,=[4]",True,16782736,16782909,3,"mov dword [rbp - 0x10], edx","mov dword [var_18h], edx",8955f0,cpu,mov,False,268435465,0,,,,,,
16782788,"32,10,~,32,eax,~,*,DUP,edi,=,edi,-,?{,1,1,}{,0,0,},cf,:=,of,:=",False,16782736,16782909,3,"imul edi, eax, 0xa","imul edi, eax, 0xa",6bf80a,cpu,mul,False,20,0,,,,,,
16782791,"edi,rax,=",False,16782736,16782910,2,"mov eax, edi","mov eax, edi",89f8,cpu,mov,False,9,0,,,,,,
16782793,"4294967295,rax,^,0xffffffff,&,rax,=,$z,zf,:=,$p,pf,:=,31,$s,sf,:=,0,cf,:=,0,of,:=",False,16782736,16782909,3,"xor eax, 0xffffffff","xor eax, 0xffffffff",83f0ff,cpu,xor,False,28,0,,,4294967295.0,4294967295.0,,
16782796,"edx,rcx,=",False,16782736,16782910,2,"mov ecx, edx","mov ecx, edx",89d1,cpu,mov,False,9,0,,,,,,
16782798,"4294967295,rcx,^,0xffffffff,&,rcx,=,$z,zf,:=,$p,pf,:=,31,$s,sf,:=,0,cf,:=,0,of,:=",False,16782736,16782909,3,"xor ecx, 0xffffffff","xor ecx, 0xffffffff",83f1ff,cpu,xor,False,28,0,,,4294967295.0,4294967295.0,,
16782801,"edi,r8,=",False,16782736,16782909,3,"mov r8d, edi","mov r8d, edi",4189f8,cpu,mov,False,9,0,,,,,,
16782804,"r8d,r8,&,0xffffffff,&,r8,=,$z,zf,:=,$p,pf,:=,31,$s,sf,:=,0,cf,:=,0,of,:=",False,16782736,16782909,3,"and r8d, r8d","and r8d, r8d",4521c0,cpu,and,False,27,0,,,,,,
16782807,"edx,rax,^,0xffffffff,&,rax,=,$z,zf,:=,$p,pf,:=,31,$s,sf,:=,0,cf,:=,0,of,:=",False,16782736,16782910,2,"xor eax, edx","xor eax, edx",31d0,cpu,xor,False,28,0,,,,,,
16782809,"r8d,rax,^,0xffffffff,&,rax,=,$z,zf,:=,$p,pf,:=,31,$s,sf,:=,0,cf,:=,0,of,:=",False,16782736,16782909,3,"xor eax, r8d","xor eax, r8d",4431c0,cpu,xor,False,28,0,,,,,,
16782812,"edx,r8,=",False,16782736,16782909,3,"mov r8d, edx","mov r8d, edx",4189d0,cpu,mov,False,9,0,,,,,,
16782815,"r8d,r8d,|=,31,$s,sf,:=,$z,zf,:=,$p,pf,:=,0,of,:=,0,cf,:=",False,16782736,16782909,3,"or r8d, r8d","or r8d, r8d",4509c0,cpu,or,False,26,0,,,,,,
16782818,"edi,r9,=",False,16782736,16782909,3,"mov r9d, edi","mov r9d, edi",4189f9,cpu,mov,False,9,0,,,,,,
16782821,"edx,r9,&,0xffffffff,&,r9,=,$z,zf,:=,$p,pf,:=,31,$s,sf,:=,0,cf,:=,0,of,:=",False,16782736,16782909,3,"and r9d, edx","and r9d, edx",4121d1,cpu,and,False,27,0,,,,,,
16782824,"edx,r10,=",False,16782736,16782909,3,"mov r10d, edx","mov r10d, edx",4189d2,cpu,mov,False,9,0,,,,,,
16782827,"r10d,r10,^,0xffffffff,&,r10,=,$z,zf,:=,$p,pf,:=,31,$s,sf,:=,0,cf,:=,0,of,:=",False,16782736,16782909,3,"xor r10d, r10d","xor r10d, r10d",4531d2,cpu,xor,False,28,0,,,,,,
16782830,"r10d,r9d,|=,31,$s,sf,:=,$z,zf,:=,$p,pf,:=,0,of,:=,0,cf,:=",False,16782736,16782909,3,"or r9d, r10d","or r9d, r10d",4509d1,cpu,or,False,26,0,,,,,,
16782833,"4294967295,r9,^,0xffffffff,&,r9,=,$z,zf,:=,$p,pf,:=,31,$s,sf,:=,0,cf,:=,0,of,:=",False,16782736,16782908,4,"xor r9d, 0xffffffff","xor r9d, 0xffffffff",4183f1ff,cpu,xor,False,28,0,,,4294967295.0,4294967295.0,,
16782837,"r9d,r8,^,0xffffffff,&,r8,=,$z,zf,:=,$p,pf,:=,31,$s,sf,:=,0,cf,:=,0,of,:=",False,16782736,16782909,3,"xor r8d, r9d","xor r8d, r9d",4531c8,cpu,xor,False,28,0,,,,,,
16782840,"r8d,rax,^,0xffffffff,&,rax,=,$z,zf,:=,$p,pf,:=,31,$s,sf,:=,0,cf,:=,0,of,:=",False,16782736,16782909,3,"xor eax, r8d","xor eax, r8d",4431c0,cpu,xor,False,28,0,,,,,,
16782843,"ecx,rcx,^,0xffffffff,&,rcx,=,$z,zf,:=,$p,pf,:=,31,$s,sf,:=,0,cf,:=,0,of,:=",False,16782736,16782910,2,"xor ecx, ecx","xor ecx, ecx",31c9,cpu,xor,False,28,0,,,,,,
16782845,"edi,ecx,|=,31,$s,sf,:=,$z,zf,:=,$p,pf,:=,0,of,:=,0,cf,:=",False,16782736,16782910,2,"or ecx, edi","or ecx, edi",09f9,cpu,or,False,26,0,,,,,,
16782847,"edx,ecx,|=,31,$s,sf,:=,$z,zf,:=,$p,pf,:=,0,of,:=,0,cf,:=",False,16782736,16782910,2,"or ecx, edx","or ecx, edx",09d1,cpu,or,False,26,0,,,,,,
16782849,"edx,ecx,|=,31,$s,sf,:=,$z,zf,:=,$p,pf,:=,0,of,:=,0,cf,:=",False,16782736,16782910,2,"or ecx, edx","or ecx, edx",09d1,cpu,or,False,26,0,,,,,,
16782851,"edx,ecx,|=,31,$s,sf,:=,$z,zf,:=,$p,pf,:=,0,of,:=,0,cf,:=",False,16782736,16782910,2,"or ecx, edx","or ecx, edx",09d1,cpu,or,False,26,0,,,,,,
16782853,"ecx,eax,+=,31,$o,of,:=,31,$s,sf,:=,$z,zf,:=,31,$c,cf,:=,$p,pf,:=,3,$c,af,:=",False,16782736,16782910,2,"add eax, ecx","add eax, ecx",01c8,cpu,add,False,17,0,,,,,,
16782855,"eax,0xc,rbp,-,=[4]",True,16782736,16782909,3,"mov dword [rbp - 0xc], eax","mov dword [var_14h], eax",8945f4,cpu,mov,False,268435465,0,,,,,,
16782858,"10,rcx,=",False,16782736,16782907,5,"mov ecx, 0xa","mov ecx, 0xa",b90a000000,cpu,mov,False,9,0,,,,10.0,,
16782863,"esi,rax,=",False,16782736,16782910,2,"mov eax, esi","mov eax, esi",89f0,cpu,mov,False,9,0,,,,,,
16782865,"0,edx,=,31,eax,>>,?{,0xffffffff,edx,=,}",False,16782736,16782911,1,cdq,cdq,99,cpu,null,False,0,0,,,,,,
16782866,"32,ecx,~,32,edx,<<,eax,+,~%,32,ecx,~,32,edx,<<,eax,+,~/,eax,=,edx,=",False,16782736,16782910,2,idiv ecx,idiv ecx,f7f9,cpu,div,False,21,0,,,,,,
16782868,"eax,rcx,=",False,16782736,16782910,2,"mov ecx, eax","mov ecx, eax",89c1,cpu,mov,False,9,0,,,,,,
16782870,"0xc,rbp,-,[4],rax,=",True,16782736,16782909,3,"mov eax, dword [rbp - 0xc]","mov eax, dword [var_14h]",8b45f4,cpu,mov,False,9,0,,,,,,
16782873,"esi,rdx,=",False,16782736,16782910,2,"mov edx, esi","mov edx, esi",89f2,cpu,mov,False,9,0,,,,,,
16782875,"9,rdx,&,0xffffffff,&,rdx,=,$z,zf,:=,$p,pf,:=,31,$s,sf,:=,0,cf,:=,0,of,:=",False,16782736,16782909,3,"and edx, 9","and edx, 9",83e209,cpu,and,False,27,0,,,,9.0,,
16782878,"4294967286,rdx,^,0xffffffff,&,rdx,=,$z,zf,:=,$p,pf,:=,31,$s,sf,:=,0,cf,:=,0,of,:=",False,16782736,16782909,3,"xor edx, 0xfffffff6","xor edx, 0xfffffff6",83f2f6,cpu,xor,False,28,0,,,4294967286.0,4294967286.0,,
16782881,"9,rsi,^,0xffffffff,&,rsi,=,$z,zf,:=,$p,pf,:=,31,$s,sf,:=,0,cf,:=,0,of,:=",False,16782736,16782909,3,"xor esi, 9","xor esi, 9",83f609,cpu,xor,False,28,0,,,,9.0,,
16782884,"9,rsi,^,0xffffffff,&,rsi,=,$z,zf,:=,$p,pf,:=,31,$s,sf,:=,0,cf,:=,0,of,:=",False,16782736,16782909,3,"xor esi, 9","xor esi, 9",83f609,cpu,xor,False,28,0,,,,9.0,,
16782887,"esi,rdx,&,0xffffffff,&,rdx,=,$z,zf,:=,$p,pf,:=,31,$s,sf,:=,0,cf,:=,0,of,:=",False,16782736,16782910,2,"and edx, esi","and edx, esi",21f2,cpu,and,False,27,0,,,,,,
16782889,"9,edx,+=,31,$o,of,:=,31,$s,sf,:=,$z,zf,:=,31,$c,cf,:=,$p,pf,:=,3,$c,af,:=",False,16782736,16782909,3,"add edx, 9","add edx, 9",83c209,cpu,add,False,17,0,,,,9.0,,
16782892,"19,edx,==,$z,zf,:=,32,$b,cf,:=,$p,pf,:=,31,$s,sf,:=,19,0x80000000,-,!,31,$o,^,of,:=,3,$b,af,:=",False,16782736,16782909,3,"cmp edx, 0x13","cmp edx, 0x13",83fa13,cpu,cmp,False,15,0,,,19.0,19.0,,
16782895,"ecx,0x8,rbp,-,=[4]",True,16782736,16782909,3,"mov dword [rbp - 8], ecx","mov dword [var_10h], ecx",894df8,cpu,mov,False,268435465,0,,,,,,
16782898,"eax,0x4,rbp,-,=[4]",True,16782736,16782909,3,"mov dword [rbp - 4], eax","mov dword [var_ch], eax",8945fc,cpu,mov,False,268435465,0,,,,,,
16782901,"cf,!,?{,16782763,rip,=,}",False,16782736,16782906,6,jae 0x10015ab,jae 0x10015ab,0f8370ffffff,cpu,cjmp,False,2147483649,0,,,,,16782763.0,16782907.0
16782907,"0x4,rbp,-,[4],rax,=",True,16782736,16782909,3,"mov eax, dword [rbp - 4]","mov eax, dword [var_ch]",8b45fc,cpu,mov,False,9,0,,,,,,
16782910,"rsp,[8],8,rsp,+=,rbp,=",False,16782736,16782911,1,pop rbp,pop rbp,5d,cpu,pop,False,14,0,,,,,,
16782911,"rsp,[8],rip,=,8,rsp,+=",False,16782736,16782911,1,ret,ret,c3,cpu,ret,False,5,0,,,,,,
