offset,esil,refptr,fcn_addr,fcn_last,size,opcode,disasm,bytes,family,type,reloc,type_num,type2_num,flags,xrefs_to,val,jump,fail,xrefs_from,ptr
16783456,"rbp,8,rsp,-,=[8],8,rsp,-=",False,16783456,16783548,1,push rbp,push rbp,55,cpu,rpush,False,268435468,0,"['main', 'sym.main', 'dbg.main']","[{'addr': 16782877, 'type': 'DATA'}]",,,,,
16783457,"rsp,rbp,=",False,16783456,16783546,3,"mov rbp, rsp","mov rbp, rsp",4889e5,cpu,mov,False,9,0,,,,,,,
16783460,"16,rsp,-=,16,0x8000000000000000,-,!,63,$o,^,of,:=,63,$s,sf,:=,$z,zf,:=,$p,pf,:=,64,$b,cf,:=,3,$b,af,:=",False,16783456,16783545,4,"sub rsp, 0x10","sub rsp, 0x10",4883ec10,cpu,sub,False,18,0,,,16.0,,,,
16783464,"0x8,rsi,+,[8],rdi,=",True,16783456,16783545,4,"mov rdi, qword [rsi + 8]","mov rdi, qword [rsi + 8]",488b7e08,cpu,mov,False,9,0,,,,,,,
16783468,"eax,rax,^,0xffffffff,&,rax,=,$z,zf,:=,$p,pf,:=,31,$s,sf,:=,0,cf,:=,0,of,:=",False,16783456,16783547,2,"xor eax, eax","xor eax, eax",31c0,cpu,xor,False,28,0,,,,,,,
16783470,"eax,rsi,=",False,16783456,16783547,2,"mov esi, eax","mov esi, eax",89c6,cpu,mov,False,9,0,,,,,,,
16783472,"16783712,rip,8,rsp,-=,rsp,=[],rip,=",False,16783456,16783544,5,call 0x1001960,call sym.imp.strtod,e8eb000000,cpu,call,False,3,0,,,,16783712.0,16783477.0,"[{'addr': 16783712, 'type': 'CALL'}]",
16783477,,False,16783456,16783545,4,"cvtsd2ss xmm0, xmm0","cvtsd2ss xmm0, xmm0",f20f5ac0,sse,null,False,0,0,,,,,,,
16783481,,False,16783456,16783545,4,"cvttss2si edi, xmm0","cvttss2si edi, xmm0",f30f2cf8,sse,null,False,0,0,,,,,,,
16783485,"16783248,rip,8,rsp,-=,rsp,=[],rip,=",False,16783456,16783544,5,call 0x1001790,call dbg.magic_number,e80effffff,cpu,call,False,3,0,,,,16783248.0,16783490.0,"[{'addr': 16783248, 'type': 'CALL'}]",
16783490,"eax,rcx,=",False,16783456,16783547,2,"mov ecx, eax","mov ecx, eax",89c1,cpu,mov,False,9,0,,,,,,,
16783492,"ecx,0x4,rbp,-,=[4]",True,16783456,16783546,3,"mov dword [rbp - 4], ecx","mov dword [result], ecx",894dfc,cpu,mov,False,268435465,0,,,,,,,
16783495,"0x13bb,rip,-,rdi,=",True,16783456,16783542,7,"lea rdi, [rip - 0x13bb]","lea rdi, str.You_loose",488d3d45ecffff,cpu,lea,False,33,0,,,,,,"[{'addr': 16778451, 'type': 'DATA'}]",16778451.0
16783502,"0x13cb,rip,-,rax,=",True,16783456,16783542,7,"lea rax, [rip - 0x13cb]","lea rax, str.You_win",488d0535ecffff,cpu,lea,False,33,0,,,,,,"[{'addr': 16778442, 'type': 'DATA'}]",16778442.0
16783509,"1462,ecx,==,$z,zf,:=,32,$b,cf,:=,$p,pf,:=,31,$s,sf,:=,1462,0x80000000,-,!,31,$o,^,of,:=,3,$b,af,:=",False,16783456,16783543,6,"cmp ecx, 0x5b6","cmp ecx, 0x5b6",81f9b6050000,cpu,cmp,False,15,0,,,1462.0,,,,1462.0
16783515,"zf,?{,rax,rdi,=,}",False,16783456,16783545,4,"cmove rdi, rax","cmove rdi, rax",480f44f8,cpu,cmov,False,2147483657,0,,,,,,,
16783519,"16783728,rip,8,rsp,-=,rsp,=[],rip,=",False,16783456,16783544,5,call 0x1001970,call sym.imp.puts,e8cc000000,cpu,call,False,3,0,,,,16783728.0,16783524.0,"[{'addr': 16783728, 'type': 'CALL'}]",
16783524,"0x4,rbp,-,[4],rsi,=",True,16783456,16783546,3,"mov esi, dword [rbp - 4]","mov esi, dword [result]",8b75fc,cpu,mov,False,9,0,,,,,,,
16783527,"0x13f2,rip,-,rdi,=",True,16783456,16783542,7,"lea rdi, [rip - 0x13f2]","lea rdi, str.Result:_0x_x",488d3d0eecffff,cpu,lea,False,33,0,,,,,,"[{'addr': 16778428, 'type': 'DATA'}]",16778428.0
16783534,"0,al,=",False,16783456,16783547,2,"mov al, 0","mov al, 0",b000,cpu,mov,False,9,0,,,0.0,,,,
16783536,"16783696,rip,8,rsp,-=,rsp,=[],rip,=",False,16783456,16783544,5,call 0x1001950,call sym.imp.printf,e89b000000,cpu,call,False,3,0,,,,16783696.0,16783541.0,"[{'addr': 16783696, 'type': 'CALL'}]",
16783541,"eax,rax,^,0xffffffff,&,rax,=,$z,zf,:=,$p,pf,:=,31,$s,sf,:=,0,cf,:=,0,of,:=",False,16783456,16783547,2,"xor eax, eax","xor eax, eax",31c0,cpu,xor,False,28,0,,,,,,,
16783543,"16,rsp,+=,63,$o,of,:=,63,$s,sf,:=,$z,zf,:=,63,$c,cf,:=,$p,pf,:=,3,$c,af,:=",False,16783456,16783545,4,"add rsp, 0x10","add rsp, 0x10",4883c410,cpu,add,False,17,0,,,16.0,,,,
16783547,"rsp,[8],8,rsp,+=,rbp,=",False,16783456,16783548,1,pop rbp,pop rbp,5d,cpu,pop,False,14,0,,,,,,,
16783548,"rsp,[8],rip,=,8,rsp,+=",False,16783456,16783548,1,ret,ret,c3,cpu,ret,False,5,0,,,,,,,
