offset,esil,refptr,fcn_addr,fcn_last,size,opcode,disasm,bytes,family,type,reloc,type_num,type2_num,flags,xrefs_to,val,jump,fail,xrefs_from,ptr
16782896,"rbp,8,rsp,-,=[8],8,rsp,-=",False,16782896,16783065,1,push rbp,push rbp,55,cpu,rpush,False,268435468,0,"['sym.sumOfDigits', 'dbg.sumOfDigits']","[{'addr': 16783259, 'type': 'CALL'}]",,,,,
16782897,"rsp,rbp,=",False,16782896,16783063,3,"mov rbp, rsp","mov rbp, rsp",4889e5,cpu,mov,False,9,0,,,,,,,
16782900,"edi,0x14,rbp,-,=[4]",True,16782896,16783063,3,"mov dword [rbp - 0x14], edi","mov dword [var_1ch], edi",897dec,cpu,mov,False,268435465,0,,,,,,,
16782903,"0,0x10,rbp,-,=[4]",True,16782896,16783059,7,"mov dword [rbp - 0x10], 0","mov dword [var_18h], 0",c745f000000000,cpu,mov,False,268435465,0,,,0.0,,,,
16782910,"0x10,rbp,-,[4],rax,=",True,16782896,16783063,3,"mov eax, dword [rbp - 0x10]","mov eax, dword [var_18h]",8b45f0,cpu,mov,False,9,0,,"[{'addr': 16782944, 'type': 'CODE'}]",,,,,
16782913,"eax,0x18,rbp,-,=[4]",True,16782896,16783063,3,"mov dword [rbp - 0x18], eax","mov dword [var_20h], eax",8945e8,cpu,mov,False,268435465,0,,,,,,,
16782916,"0,eax,eax,&,==,$z,zf,:=,$p,pf,:=,31,$s,sf,:=,0,cf,:=,0,of,:=",False,16782896,16783064,2,"test eax, eax","test eax, eax",85c0,cpu,acmp,False,16,0,,,,,,,
16782918,"zf,?{,16782946,rip,=,}",False,16782896,16783064,2,je 0x1001662,je 0x1001662,741a,cpu,cjmp,False,2147483649,0,,,,16782946.0,16782920.0,,
16782920,"0x100164a,rip,=",False,16782896,16783064,2,jmp 0x100164a,jmp 0x100164a,eb00,cpu,jmp,False,1,0,,,,16782922.0,,"[{'addr': 16782922, 'type': 'CODE'}]",
16782922,"0x18,rbp,-,[4],rax,=",True,16782896,16783063,3,"mov eax, dword [rbp - 0x18]","mov eax, dword [var_20h]",8b45e8,cpu,mov,False,9,0,,"[{'addr': 16782920, 'type': 'CODE'}]",,,,,
16782925,"1,eax,-=,1,0x80000000,-,!,31,$o,^,of,:=,31,$s,sf,:=,$z,zf,:=,$p,pf,:=,32,$b,cf,:=,3,$b,af,:=",False,16782896,16783063,3,"sub eax, 1","sub eax, 1",83e801,cpu,sub,False,18,0,,,1.0,,,,
16782928,"zf,?{,16782987,rip,=,}",False,16782896,16783064,2,je 0x100168b,je 0x100168b,7439,cpu,cjmp,False,2147483649,0,,,,16782987.0,16782930.0,,
16782930,"0x1001654,rip,=",False,16782896,16783064,2,jmp 0x1001654,jmp 0x1001654,eb00,cpu,jmp,False,1,0,,,,16782932.0,,"[{'addr': 16782932, 'type': 'CODE'}]",
16782932,"0x18,rbp,-,[4],rax,=",True,16782896,16783063,3,"mov eax, dword [rbp - 0x18]","mov eax, dword [var_20h]",8b45e8,cpu,mov,False,9,0,,"[{'addr': 16782930, 'type': 'CODE'}]",,,,,
16782935,"2,eax,-=,2,0x80000000,-,!,31,$o,^,of,:=,31,$s,sf,:=,$z,zf,:=,$p,pf,:=,32,$b,cf,:=,3,$b,af,:=",False,16782896,16783063,3,"sub eax, 2","sub eax, 2",83e802,cpu,sub,False,18,0,,,2.0,,,,
16782938,"zf,?{,16783061,rip,=,}",False,16782896,16783064,2,je 0x10016d5,je 0x10016d5,7479,cpu,cjmp,False,2147483649,0,,,,16783061.0,16782940.0,,
16782940,"0x100165e,rip,=",False,16782896,16783064,2,jmp 0x100165e,jmp 0x100165e,eb00,cpu,jmp,False,1,0,,,,16782942.0,,"[{'addr': 16782942, 'type': 'CODE'}]",
16782942,"0x1001660,rip,=",False,16782896,16783064,2,jmp 0x1001660,jmp 0x1001660,eb00,cpu,jmp,False,1,0,,"[{'addr': 16782940, 'type': 'CODE'}]",,16782944.0,,"[{'addr': 16782944, 'type': 'CODE'}]",
16782944,"0x100163e,rip,=",False,16782896,16783064,2,jmp 0x100163e,jmp 0x100163e,ebdc,cpu,jmp,False,1,0,,"[{'addr': 16782942, 'type': 'CODE'}, {'addr': 16782985, 'type': 'CODE'}, {'addr': 16783059, 'type': 'CODE'}]",,16782910.0,,"[{'addr': 16782910, 'type': 'CODE'}]",
16782946,"0x14,rbp,-,[4],rax,=",True,16782896,16783063,3,"mov eax, dword [rbp - 0x14]","mov eax, dword [var_1ch]",8b45ec,cpu,mov,False,9,0,,,,,,,
16782949,"2,rcx,=",False,16782896,16783061,5,"mov ecx, 2","mov ecx, 2",b902000000,cpu,mov,False,9,0,,,2.0,,,,
16782954,"1,rdx,=",False,16782896,16783061,5,"mov edx, 1","mov edx, 1",ba01000000,cpu,mov,False,9,0,,,1.0,,,,
16782959,"0,eax,==,$z,zf,:=,32,$b,cf,:=,$p,pf,:=,31,$s,sf,:=,0,0x80000000,-,!,31,$o,^,of,:=,3,$b,af,:=",False,16782896,16783063,3,"cmp eax, 0","cmp eax, 0",83f800,cpu,cmp,False,15,0,,,0.0,,,,0.0
16782962,"zf,!,sf,of,^,!,&,?{,edx,ecx,=,}",False,16782896,16783063,3,"cmovg ecx, edx","cmovg ecx, edx",0f4fca,cpu,cmov,False,2147483657,0,,,,,,,
16782965,"ecx,0x10,rbp,-,=[4]",True,16782896,16783063,3,"mov dword [rbp - 0x10], ecx","mov dword [var_18h], ecx",894df0,cpu,mov,False,268435465,0,,,,,,,
16782968,"0,0xc,rbp,-,=[4]",True,16782896,16783059,7,"mov dword [rbp - 0xc], 0","mov dword [var_14h], 0",c745f400000000,cpu,mov,False,268435465,0,,,0.0,,,,
16782975,"eax,0x8,rbp,-,=[4]",True,16782896,16783063,3,"mov dword [rbp - 8], eax","mov dword [var_10h], eax",8945f8,cpu,mov,False,268435465,0,,,,,,,
16782978,"0,0x4,rbp,-,=[4]",True,16782896,16783059,7,"mov dword [rbp - 4], 0","mov dword [var_ch], 0",c745fc00000000,cpu,mov,False,268435465,0,,,0.0,,,,
16782985,"0x1001660,rip,=",False,16782896,16783064,2,jmp 0x1001660,jmp 0x1001660,ebd5,cpu,jmp,False,1,0,,,,16782944.0,,"[{'addr': 16782944, 'type': 'CODE'}]",
16782987,"0x8,rbp,-,[4],rdi,=",True,16782896,16783063,3,"mov edi, dword [rbp - 8]","mov edi, dword [var_10h]",8b7df8,cpu,mov,False,9,0,,,,,,,
16782990,"0xc,rbp,-,[4],rax,=",True,16782896,16783063,3,"mov eax, dword [rbp - 0xc]","mov eax, dword [var_14h]",8b45f4,cpu,mov,False,9,0,,,,,,,
16782993,"eax,0x20,rbp,-,=[4]",True,16782896,16783063,3,"mov dword [rbp - 0x20], eax","mov dword [var_28h], eax",8945e0,cpu,mov,False,268435465,0,,,,,,,
16782996,"10,rcx,=",False,16782896,16783061,5,"mov ecx, 0xa","mov ecx, 0xa",b90a000000,cpu,mov,False,9,0,,,10.0,,,,
16783001,"edi,rax,=",False,16782896,16783064,2,"mov eax, edi","mov eax, edi",89f8,cpu,mov,False,9,0,,,,,,,
16783003,"edx,rdx,^,0xffffffff,&,rdx,=,$z,zf,:=,$p,pf,:=,31,$s,sf,:=,0,cf,:=,0,of,:=",False,16782896,16783064,2,"xor edx, edx","xor edx, edx",31d2,cpu,xor,False,28,0,,,,,,,
16783005,"ecx,32,edx,<<,eax,+,%,ecx,32,edx,<<,eax,+,/,eax,=,edx,=",False,16782896,16783064,2,div ecx,div ecx,f7f1,cpu,div,False,21,0,,,,,,,
16783007,"0x20,rbp,-,[4],rax,=",True,16782896,16783063,3,"mov eax, dword [rbp - 0x20]","mov eax, dword [var_28h]",8b45e0,cpu,mov,False,9,0,,,,,,,
16783010,"edx,eax,+=,31,$o,of,:=,31,$s,sf,:=,$z,zf,:=,31,$c,cf,:=,$p,pf,:=,3,$c,af,:=",False,16782896,16783064,2,"add eax, edx","add eax, edx",01d0,cpu,add,False,17,0,,,,,,,
16783012,"eax,0x1c,rbp,-,=[4]",True,16782896,16783063,3,"mov dword [rbp - 0x1c], eax","mov dword [var_24h], eax",8945e4,cpu,mov,False,268435465,0,,,,,,,
16783015,"10,rcx,=",False,16782896,16783061,5,"mov ecx, 0xa","mov ecx, 0xa",b90a000000,cpu,mov,False,9,0,,,10.0,,,,
16783020,"edi,rax,=",False,16782896,16783064,2,"mov eax, edi","mov eax, edi",89f8,cpu,mov,False,9,0,,,,,,,
16783022,"edx,rdx,^,0xffffffff,&,rdx,=,$z,zf,:=,$p,pf,:=,31,$s,sf,:=,0,cf,:=,0,of,:=",False,16782896,16783064,2,"xor edx, edx","xor edx, edx",31d2,cpu,xor,False,28,0,,,,,,,
16783024,"ecx,32,edx,<<,eax,+,%,ecx,32,edx,<<,eax,+,/,eax,=,edx,=",False,16782896,16783064,2,div ecx,div ecx,f7f1,cpu,div,False,21,0,,,,,,,
16783026,"eax,rcx,=",False,16782896,16783064,2,"mov ecx, eax","mov ecx, eax",89c1,cpu,mov,False,9,0,,,,,,,
16783028,"0x1c,rbp,-,[4],rax,=",True,16782896,16783063,3,"mov eax, dword [rbp - 0x1c]","mov eax, dword [var_24h]",8b45e4,cpu,mov,False,9,0,,,,,,,
16783031,"1,rdx,=",False,16782896,16783061,5,"mov edx, 1","mov edx, 1",ba01000000,cpu,mov,False,9,0,,,1.0,,,,
16783036,"2,rsi,=",False,16782896,16783061,5,"mov esi, 2","mov esi, 2",be02000000,cpu,mov,False,9,0,,,2.0,,,,
16783041,"10,edi,==,$z,zf,:=,32,$b,cf,:=,$p,pf,:=,31,$s,sf,:=,10,0x80000000,-,!,31,$o,^,of,:=,3,$b,af,:=",False,16782896,16783063,3,"cmp edi, 0xa","cmp edi, 0xa",83ff0a,cpu,cmp,False,15,0,,,10.0,,,,10.0
16783044,"cf,?{,esi,edx,=,}",False,16782896,16783063,3,"cmovb edx, esi","cmovb edx, esi",0f42d6,cpu,cmov,False,2147483657,0,,,,,,,
16783047,"edx,0x10,rbp,-,=[4]",True,16782896,16783063,3,"mov dword [rbp - 0x10], edx","mov dword [var_18h], edx",8955f0,cpu,mov,False,268435465,0,,,,,,,
16783050,"eax,0xc,rbp,-,=[4]",True,16782896,16783063,3,"mov dword [rbp - 0xc], eax","mov dword [var_14h], eax",8945f4,cpu,mov,False,268435465,0,,,,,,,
16783053,"ecx,0x8,rbp,-,=[4]",True,16782896,16783063,3,"mov dword [rbp - 8], ecx","mov dword [var_10h], ecx",894df8,cpu,mov,False,268435465,0,,,,,,,
16783056,"eax,0x4,rbp,-,=[4]",True,16782896,16783063,3,"mov dword [rbp - 4], eax","mov dword [var_ch], eax",8945fc,cpu,mov,False,268435465,0,,,,,,,
16783059,"0x1001660,rip,=",False,16782896,16783064,2,jmp 0x1001660,jmp 0x1001660,eb8b,cpu,jmp,False,1,0,,,,16782944.0,,"[{'addr': 16782944, 'type': 'CODE'}]",
16783061,"0x4,rbp,-,[4],rax,=",True,16782896,16783063,3,"mov eax, dword [rbp - 4]","mov eax, dword [var_ch]",8b45fc,cpu,mov,False,9,0,,,,,,,
16783064,"rsp,[8],8,rsp,+=,rbp,=",False,16782896,16783065,1,pop rbp,pop rbp,5d,cpu,pop,False,14,0,,,,,,,
16783065,"rsp,[8],rip,=,8,rsp,+=",False,16782896,16783065,1,ret,ret,c3,cpu,ret,False,5,0,,,,,,,
