offset,esil,refptr,fcn_addr,fcn_last,size,opcode,disasm,bytes,family,type,reloc,type_num,type2_num,flags,xrefs_to,val,jump,fail,xrefs_from,ptr
16783072,"rbp,8,rsp,-,=[8],8,rsp,-=",False,16783072,16783242,1,push rbp,push rbp,55,cpu,rpush,False,268435468,0,"['sym.reverse', 'dbg.reverse']","[{'addr': 16783361, 'type': 'CALL'}]",,,,,
16783073,"rsp,rbp,=",False,16783072,16783240,3,"mov rbp, rsp","mov rbp, rsp",4889e5,cpu,mov,False,9,0,,,,,,,
16783076,"edi,0x14,rbp,-,=[4]",True,16783072,16783240,3,"mov dword [rbp - 0x14], edi","mov dword [var_1ch], edi",897dec,cpu,mov,False,268435465,0,,,,,,,
16783079,"0,0x10,rbp,-,=[4]",True,16783072,16783236,7,"mov dword [rbp - 0x10], 0","mov dword [var_18h], 0",c745f000000000,cpu,mov,False,268435465,0,,,0.0,,,,
16783086,"0x10,rbp,-,[4],rax,=",True,16783072,16783240,3,"mov eax, dword [rbp - 0x10]","mov eax, dword [var_18h]",8b45f0,cpu,mov,False,9,0,,"[{'addr': 16783120, 'type': 'CODE'}]",,,,,
16783089,"eax,0x18,rbp,-,=[4]",True,16783072,16783240,3,"mov dword [rbp - 0x18], eax","mov dword [var_20h], eax",8945e8,cpu,mov,False,268435465,0,,,,,,,
16783092,"0,eax,eax,&,==,$z,zf,:=,$p,pf,:=,31,$s,sf,:=,0,cf,:=,0,of,:=",False,16783072,16783241,2,"test eax, eax","test eax, eax",85c0,cpu,acmp,False,16,0,,,,,,,
16783094,"zf,?{,16783122,rip,=,}",False,16783072,16783241,2,je 0x1001712,je 0x1001712,741a,cpu,cjmp,False,2147483649,0,,,,16783122.0,16783096.0,,
16783096,"0x10016fa,rip,=",False,16783072,16783241,2,jmp 0x10016fa,jmp 0x10016fa,eb00,cpu,jmp,False,1,0,,,,16783098.0,,"[{'addr': 16783098, 'type': 'CODE'}]",
16783098,"0x18,rbp,-,[4],rax,=",True,16783072,16783240,3,"mov eax, dword [rbp - 0x18]","mov eax, dword [var_20h]",8b45e8,cpu,mov,False,9,0,,"[{'addr': 16783096, 'type': 'CODE'}]",,,,,
16783101,"1,eax,-=,1,0x80000000,-,!,31,$o,^,of,:=,31,$s,sf,:=,$z,zf,:=,$p,pf,:=,32,$b,cf,:=,3,$b,af,:=",False,16783072,16783240,3,"sub eax, 1","sub eax, 1",83e801,cpu,sub,False,18,0,,,1.0,,,,
16783104,"zf,?{,16783163,rip,=,}",False,16783072,16783241,2,je 0x100173b,je 0x100173b,7439,cpu,cjmp,False,2147483649,0,,,,16783163.0,16783106.0,,
16783106,"0x1001704,rip,=",False,16783072,16783241,2,jmp 0x1001704,jmp 0x1001704,eb00,cpu,jmp,False,1,0,,,,16783108.0,,"[{'addr': 16783108, 'type': 'CODE'}]",
16783108,"0x18,rbp,-,[4],rax,=",True,16783072,16783240,3,"mov eax, dword [rbp - 0x18]","mov eax, dword [var_20h]",8b45e8,cpu,mov,False,9,0,,"[{'addr': 16783106, 'type': 'CODE'}]",,,,,
16783111,"2,eax,-=,2,0x80000000,-,!,31,$o,^,of,:=,31,$s,sf,:=,$z,zf,:=,$p,pf,:=,32,$b,cf,:=,3,$b,af,:=",False,16783072,16783240,3,"sub eax, 2","sub eax, 2",83e802,cpu,sub,False,18,0,,,2.0,,,,
16783114,"zf,?{,16783238,rip,=,}",False,16783072,16783241,2,je 0x1001786,je 0x1001786,747a,cpu,cjmp,False,2147483649,0,,,,16783238.0,16783116.0,,
16783116,"0x100170e,rip,=",False,16783072,16783241,2,jmp 0x100170e,jmp 0x100170e,eb00,cpu,jmp,False,1,0,,,,16783118.0,,"[{'addr': 16783118, 'type': 'CODE'}]",
16783118,"0x1001710,rip,=",False,16783072,16783241,2,jmp 0x1001710,jmp 0x1001710,eb00,cpu,jmp,False,1,0,,"[{'addr': 16783116, 'type': 'CODE'}]",,16783120.0,,"[{'addr': 16783120, 'type': 'CODE'}]",
16783120,"0x10016ee,rip,=",False,16783072,16783241,2,jmp 0x10016ee,jmp 0x10016ee,ebdc,cpu,jmp,False,1,0,,"[{'addr': 16783118, 'type': 'CODE'}, {'addr': 16783161, 'type': 'CODE'}, {'addr': 16783236, 'type': 'CODE'}]",,16783086.0,,"[{'addr': 16783086, 'type': 'CODE'}]",
16783122,"0x14,rbp,-,[4],rax,=",True,16783072,16783240,3,"mov eax, dword [rbp - 0x14]","mov eax, dword [var_1ch]",8b45ec,cpu,mov,False,9,0,,,,,,,
16783125,"2,rcx,=",False,16783072,16783238,5,"mov ecx, 2","mov ecx, 2",b902000000,cpu,mov,False,9,0,,,2.0,,,,
16783130,"1,rdx,=",False,16783072,16783238,5,"mov edx, 1","mov edx, 1",ba01000000,cpu,mov,False,9,0,,,1.0,,,,
16783135,"0,eax,==,$z,zf,:=,32,$b,cf,:=,$p,pf,:=,31,$s,sf,:=,0,0x80000000,-,!,31,$o,^,of,:=,3,$b,af,:=",False,16783072,16783240,3,"cmp eax, 0","cmp eax, 0",83f800,cpu,cmp,False,15,0,,,0.0,,,,0.0
16783138,"zf,!,sf,of,^,!,&,?{,edx,ecx,=,}",False,16783072,16783240,3,"cmovg ecx, edx","cmovg ecx, edx",0f4fca,cpu,cmov,False,2147483657,0,,,,,,,
16783141,"ecx,0x10,rbp,-,=[4]",True,16783072,16783240,3,"mov dword [rbp - 0x10], ecx","mov dword [var_18h], ecx",894df0,cpu,mov,False,268435465,0,,,,,,,
16783144,"0,0xc,rbp,-,=[4]",True,16783072,16783236,7,"mov dword [rbp - 0xc], 0","mov dword [var_14h], 0",c745f400000000,cpu,mov,False,268435465,0,,,0.0,,,,
16783151,"eax,0x8,rbp,-,=[4]",True,16783072,16783240,3,"mov dword [rbp - 8], eax","mov dword [var_10h], eax",8945f8,cpu,mov,False,268435465,0,,,,,,,
16783154,"0,0x4,rbp,-,=[4]",True,16783072,16783236,7,"mov dword [rbp - 4], 0","mov dword [var_ch], 0",c745fc00000000,cpu,mov,False,268435465,0,,,0.0,,,,
16783161,"0x1001710,rip,=",False,16783072,16783241,2,jmp 0x1001710,jmp 0x1001710,ebd5,cpu,jmp,False,1,0,,,,16783120.0,,"[{'addr': 16783120, 'type': 'CODE'}]",
16783163,"0x8,rbp,-,[4],rdi,=",True,16783072,16783240,3,"mov edi, dword [rbp - 8]","mov edi, dword [var_10h]",8b7df8,cpu,mov,False,9,0,,,,,,,
16783166,"32,10,~,32,0xc,rbp,-,[4],~,*,DUP,eax,=,eax,-,?{,1,1,}{,0,0,},cf,:=,of,:=",False,16783072,16783239,4,"imul eax, dword [rbp - 0xc], 0xa","imul eax, dword [var_14h], 0xa",6b45f40a,cpu,mul,False,20,0,,,,,,,
16783170,"eax,0x20,rbp,-,=[4]",True,16783072,16783240,3,"mov dword [rbp - 0x20], eax","mov dword [var_28h], eax",8945e0,cpu,mov,False,268435465,0,,,,,,,
16783173,"10,rcx,=",False,16783072,16783238,5,"mov ecx, 0xa","mov ecx, 0xa",b90a000000,cpu,mov,False,9,0,,,10.0,,,,
16783178,"edi,rax,=",False,16783072,16783241,2,"mov eax, edi","mov eax, edi",89f8,cpu,mov,False,9,0,,,,,,,
16783180,"edx,rdx,^,0xffffffff,&,rdx,=,$z,zf,:=,$p,pf,:=,31,$s,sf,:=,0,cf,:=,0,of,:=",False,16783072,16783241,2,"xor edx, edx","xor edx, edx",31d2,cpu,xor,False,28,0,,,,,,,
16783182,"ecx,32,edx,<<,eax,+,%,ecx,32,edx,<<,eax,+,/,eax,=,edx,=",False,16783072,16783241,2,div ecx,div ecx,f7f1,cpu,div,False,21,0,,,,,,,
16783184,"0x20,rbp,-,[4],rax,=",True,16783072,16783240,3,"mov eax, dword [rbp - 0x20]","mov eax, dword [var_28h]",8b45e0,cpu,mov,False,9,0,,,,,,,
16783187,"edx,eax,+=,31,$o,of,:=,31,$s,sf,:=,$z,zf,:=,31,$c,cf,:=,$p,pf,:=,3,$c,af,:=",False,16783072,16783241,2,"add eax, edx","add eax, edx",01d0,cpu,add,False,17,0,,,,,,,
16783189,"eax,0x1c,rbp,-,=[4]",True,16783072,16783240,3,"mov dword [rbp - 0x1c], eax","mov dword [var_24h], eax",8945e4,cpu,mov,False,268435465,0,,,,,,,
16783192,"10,rcx,=",False,16783072,16783238,5,"mov ecx, 0xa","mov ecx, 0xa",b90a000000,cpu,mov,False,9,0,,,10.0,,,,
16783197,"edi,rax,=",False,16783072,16783241,2,"mov eax, edi","mov eax, edi",89f8,cpu,mov,False,9,0,,,,,,,
16783199,"edx,rdx,^,0xffffffff,&,rdx,=,$z,zf,:=,$p,pf,:=,31,$s,sf,:=,0,cf,:=,0,of,:=",False,16783072,16783241,2,"xor edx, edx","xor edx, edx",31d2,cpu,xor,False,28,0,,,,,,,
16783201,"ecx,32,edx,<<,eax,+,%,ecx,32,edx,<<,eax,+,/,eax,=,edx,=",False,16783072,16783241,2,div ecx,div ecx,f7f1,cpu,div,False,21,0,,,,,,,
16783203,"eax,rcx,=",False,16783072,16783241,2,"mov ecx, eax","mov ecx, eax",89c1,cpu,mov,False,9,0,,,,,,,
16783205,"0x1c,rbp,-,[4],rax,=",True,16783072,16783240,3,"mov eax, dword [rbp - 0x1c]","mov eax, dword [var_24h]",8b45e4,cpu,mov,False,9,0,,,,,,,
16783208,"1,rdx,=",False,16783072,16783238,5,"mov edx, 1","mov edx, 1",ba01000000,cpu,mov,False,9,0,,,1.0,,,,
16783213,"2,rsi,=",False,16783072,16783238,5,"mov esi, 2","mov esi, 2",be02000000,cpu,mov,False,9,0,,,2.0,,,,
16783218,"10,edi,==,$z,zf,:=,32,$b,cf,:=,$p,pf,:=,31,$s,sf,:=,10,0x80000000,-,!,31,$o,^,of,:=,3,$b,af,:=",False,16783072,16783240,3,"cmp edi, 0xa","cmp edi, 0xa",83ff0a,cpu,cmp,False,15,0,,,10.0,,,,10.0
16783221,"cf,?{,esi,edx,=,}",False,16783072,16783240,3,"cmovb edx, esi","cmovb edx, esi",0f42d6,cpu,cmov,False,2147483657,0,,,,,,,
16783224,"edx,0x10,rbp,-,=[4]",True,16783072,16783240,3,"mov dword [rbp - 0x10], edx","mov dword [var_18h], edx",8955f0,cpu,mov,False,268435465,0,,,,,,,
16783227,"eax,0xc,rbp,-,=[4]",True,16783072,16783240,3,"mov dword [rbp - 0xc], eax","mov dword [var_14h], eax",8945f4,cpu,mov,False,268435465,0,,,,,,,
16783230,"ecx,0x8,rbp,-,=[4]",True,16783072,16783240,3,"mov dword [rbp - 8], ecx","mov dword [var_10h], ecx",894df8,cpu,mov,False,268435465,0,,,,,,,
16783233,"eax,0x4,rbp,-,=[4]",True,16783072,16783240,3,"mov dword [rbp - 4], eax","mov dword [var_ch], eax",8945fc,cpu,mov,False,268435465,0,,,,,,,
16783236,"0x1001710,rip,=",False,16783072,16783241,2,jmp 0x1001710,jmp 0x1001710,eb8a,cpu,jmp,False,1,0,,,,16783120.0,,"[{'addr': 16783120, 'type': 'CODE'}]",
16783238,"0x4,rbp,-,[4],rax,=",True,16783072,16783240,3,"mov eax, dword [rbp - 4]","mov eax, dword [var_ch]",8b45fc,cpu,mov,False,9,0,,,,,,,
16783241,"rsp,[8],8,rsp,+=,rbp,=",False,16783072,16783242,1,pop rbp,pop rbp,5d,cpu,pop,False,14,0,,,,,,,
16783242,"rsp,[8],rip,=,8,rsp,+=",False,16783072,16783242,1,ret,ret,c3,cpu,ret,False,5,0,,,,,,,
