offset,esil,refptr,fcn_addr,fcn_last,size,opcode,disasm,bytes,family,type,reloc,type_num,type2_num,flags,xrefs_to,val,jump,fail,xrefs_from,ptr,comment
16783248,"rbp,8,rsp,-,=[8],8,rsp,-=",False,16783248,16783430,1,push rbp,push rbp,55,cpu,rpush,False,268435468,0,"['sym.magic_number', 'dbg.magic_number']","[{'addr': 16783485, 'type': 'CALL'}]",,,,,,
16783249,"rsp,rbp,=",False,16783248,16783428,3,"mov rbp, rsp","mov rbp, rsp",4889e5,cpu,mov,False,9,0,,,,,,,,
16783252,"48,rsp,-=,48,0x8000000000000000,-,!,63,$o,^,of,:=,63,$s,sf,:=,$z,zf,:=,$p,pf,:=,64,$b,cf,:=,3,$b,af,:=",False,16783248,16783427,4,"sub rsp, 0x30","sub rsp, 0x30",4883ec30,cpu,sub,False,18,0,,,48.0,,,,,
16783256,"edi,0x14,rbp,-,=[4]",True,16783248,16783428,3,"mov dword [rbp - 0x14], edi","mov dword [var_1ch], edi",897dec,cpu,mov,False,268435465,0,,,,,,,,
16783259,"16782896,rip,8,rsp,-=,rsp,=[],rip,=",False,16783248,16783426,5,call 0x1001630,call dbg.sumOfDigits,e890feffff,cpu,call,False,3,0,,,,16782896.0,16783264.0,"[{'addr': 16782896, 'type': 'CALL'}]",,
16783264,"eax,0xc,rbp,-,=[4]",True,16783248,16783428,3,"mov dword [rbp - 0xc], eax","mov dword [var_18h + 0x4], eax",8945f4,cpu,mov,False,268435465,0,,,,,,,,
16783267,"0,0x10,rbp,-,=[4]",True,16783248,16783424,7,"mov dword [rbp - 0x10], 0","mov dword [var_18h], 0",c745f000000000,cpu,mov,False,268435465,0,,,0.0,,,,,
16783274,"0x10,rbp,-,[4],rax,=",True,16783248,16783428,3,"mov eax, dword [rbp - 0x10]","mov eax, dword [var_18h]",8b45f0,cpu,mov,False,9,0,,"[{'addr': 16783309, 'type': 'CODE'}]",,,,,,
16783277,"rax,0x20,rbp,-,=[8]",True,16783248,16783427,4,"mov qword [rbp - 0x20], rax","mov qword [var_28h], rax",488945e0,cpu,mov,False,268435465,0,,,,,,,,
16783281,"3,rax,-=,3,0x8000000000000000,-,!,63,$o,^,of,:=,63,$s,sf,:=,$z,zf,:=,$p,pf,:=,64,$b,cf,:=,3,$b,af,:=",False,16783248,16783427,4,"sub rax, 3","sub rax, 3",4883e803,cpu,sub,False,18,0,,,3.0,,,,,
16783285,"cf,zf,|,!,?{,16783307,rip,=,}",False,16783248,16783429,2,ja 0x10017cb,ja 0x10017cb,7714,cpu,cjmp,False,2147483649,0,,,,16783307.0,16783287.0,,,
16783287,"0x20,rbp,-,[8],rax,=",True,16783248,16783427,4,"mov rax, qword [rbp - 0x20]","mov rax, qword [var_28h]",488b45e0,cpu,mov,False,9,0,,,,,,,,
16783291,"0x1346,rip,-,rcx,=",True,16783248,16783424,7,"lea rcx, [rip - 0x1346]","lea rcx, data.0100047c",488d0dbaecffff,cpu,lea,False,33,0,,,,,,"[{'addr': 16778364, 'type': 'DATA'}]",16778364.0,
16783298,"32,rax,4,*,rcx,+,[4],~,rax,=",True,16783248,16783427,4,"movsxd rax, dword [rcx + rax*4]","movsxd rax, dword [rcx + rax*4]",48630481,cpu,mov,False,9,0,,,,,,,,
16783302,"rcx,rax,+=,63,$o,of,:=,63,$s,sf,:=,$z,zf,:=,63,$c,cf,:=,$p,pf,:=,3,$c,af,:=",False,16783248,16783428,3,"add rax, rcx","add rax, rcx",4801c8,cpu,add,False,17,0,,,,,,,,
16783305,"rax,rip,=",False,16783248,16783429,2,jmp rax,jmp rax,ffe0,cpu,rjmp,False,268435458,0,['switch.0x010017c9'],,,,,"[{'addr': 16783311, 'type': 'CODE'}, {'addr': 16783333, 'type': 'CODE'}, {'addr': 16783358, 'type': 'CODE'}, {'addr': 16783385, 'type': 'CODE'}]",,c3dpdGNoIHRhYmxlICg0IGNhc2VzKSBhdCAweDEwMDA0N2M=
16783307,"0x10017cd,rip,=",False,16783248,16783429,2,jmp 0x10017cd,jmp 0x10017cd,eb00,cpu,jmp,False,1,0,,,,16783309.0,,"[{'addr': 16783309, 'type': 'CODE'}]",,
16783309,"0x10017aa,rip,=",False,16783248,16783429,2,jmp 0x10017aa,jmp 0x10017aa,ebdb,cpu,jmp,False,1,0,,"[{'addr': 16783307, 'type': 'CODE'}, {'addr': 16783331, 'type': 'CODE'}, {'addr': 16783356, 'type': 'CODE'}, {'addr': 16783383, 'type': 'CODE'}]",,16783274.0,,"[{'addr': 16783274, 'type': 'CODE'}]",,
16783311,"2,rax,=",False,16783248,16783426,5,"mov eax, 2","mov eax, 2",b802000000,cpu,mov,False,9,0,['case.0x10017c9.0'],"[{'addr': 16783305, 'type': 'CODE'}]",2.0,,,,,
16783316,"1,rcx,=",False,16783248,16783426,5,"mov ecx, 1","mov ecx, 1",b901000000,cpu,mov,False,9,0,,,1.0,,,,,
16783321,"10,0xc,rbp,-,[4],==,$z,zf,:=,32,$b,cf,:=,$p,pf,:=,31,$s,sf,:=,10,0x80000000,-,!,31,$o,^,of,:=,3,$b,af,:=",True,16783248,16783427,4,"cmp dword [rbp - 0xc], 0xa","cmp dword [var_18h + 0x4], 0xa",837df40a,cpu,cmp,False,268435471,0,,,10.0,,,,,
16783325,"sf,of,^,?{,ecx,eax,=,}",False,16783248,16783428,3,"cmovl eax, ecx","cmovl eax, ecx",0f4cc1,cpu,cmov,False,2147483657,0,,,,,,,,
16783328,"eax,0x10,rbp,-,=[4]",True,16783248,16783428,3,"mov dword [rbp - 0x10], eax","mov dword [var_18h], eax",8945f0,cpu,mov,False,268435465,0,,,,,,,,
16783331,"0x10017cd,rip,=",False,16783248,16783429,2,jmp 0x10017cd,jmp 0x10017cd,ebe8,cpu,jmp,False,1,0,,,,16783309.0,,"[{'addr': 16783309, 'type': 'CODE'}]",,
16783333,"0xc,rbp,-,[4],rax,=",True,16783248,16783428,3,"mov eax, dword [rbp - 0xc]","mov eax, dword [var_18h + 0x4]",8b45f4,cpu,mov,False,9,0,['case.0x10017c9.1'],"[{'addr': 16783305, 'type': 'CODE'}]",,,,,,
16783336,"32,eax,~,32,eax,~,*,DUP,eax,=,eax,-,?{,1,1,}{,0,0,},cf,:=,of,:=",False,16783248,16783428,3,"imul eax, eax","imul eax, eax",0fafc0,cpu,mul,False,20,0,,,,,,,,
16783339,"3,0x10,rbp,-,=[4]",True,16783248,16783424,7,"mov dword [rbp - 0x10], 3","mov dword [var_18h], 3",c745f003000000,cpu,mov,False,268435465,0,,,3.0,,,,,
16783346,"eax,0x8,rbp,-,=[4]",True,16783248,16783428,3,"mov dword [rbp - 8], eax","mov dword [format], eax",8945f8,cpu,mov,False,268435465,0,,,,,,,,
16783349,"0,0x4,rbp,-,=[4]",True,16783248,16783424,7,"mov dword [rbp - 4], 0","mov dword [var_ch], 0",c745fc00000000,cpu,mov,False,268435465,0,,,0.0,,,,,
16783356,"0x10017cd,rip,=",False,16783248,16783429,2,jmp 0x10017cd,jmp 0x10017cd,ebcf,cpu,jmp,False,1,0,,,,16783309.0,,"[{'addr': 16783309, 'type': 'CODE'}]",,
16783358,"0xc,rbp,-,[4],rdi,=",True,16783248,16783428,3,"mov edi, dword [rbp - 0xc]","mov edi, dword [var_18h + 0x4]",8b7df4,cpu,mov,False,9,0,['case.0x10017c9.2'],"[{'addr': 16783305, 'type': 'CODE'}]",,,,,,
16783361,"16783072,rip,8,rsp,-=,rsp,=[],rip,=",False,16783248,16783426,5,call 0x10016e0,call dbg.reverse,e8dafeffff,cpu,call,False,3,0,,,,16783072.0,16783366.0,"[{'addr': 16783072, 'type': 'CALL'}]",,
16783366,"32,eax,~,32,0xc,rbp,-,[4],~,*,DUP,eax,=,eax,-,?{,1,1,}{,0,0,},cf,:=,of,:=",False,16783248,16783427,4,"imul eax, dword [rbp - 0xc]","imul eax, dword [var_18h + 0x4]",0faf45f4,cpu,mul,False,20,0,,,,,,,,
16783370,"3,0x10,rbp,-,=[4]",True,16783248,16783424,7,"mov dword [rbp - 0x10], 3","mov dword [var_18h], 3",c745f003000000,cpu,mov,False,268435465,0,,,3.0,,,,,
16783377,"eax,0x8,rbp,-,=[4]",True,16783248,16783428,3,"mov dword [rbp - 8], eax","mov dword [format], eax",8945f8,cpu,mov,False,268435465,0,,,,,,,,
16783380,"eax,0x4,rbp,-,=[4]",True,16783248,16783428,3,"mov dword [rbp - 4], eax","mov dword [var_ch], eax",8945fc,cpu,mov,False,268435465,0,,,,,,,,
16783383,"0x10017cd,rip,=",False,16783248,16783429,2,jmp 0x10017cd,jmp 0x10017cd,ebb4,cpu,jmp,False,1,0,,,,16783309.0,,"[{'addr': 16783309, 'type': 'CODE'}]",,
16783385,"0x14,rbp,-,[4],rsi,=",True,16783248,16783428,3,"mov esi, dword [rbp - 0x14]","mov esi, dword [var_1ch]",8b75ec,cpu,mov,False,9,0,['case.0x10017c9.3'],"[{'addr': 16783305, 'type': 'CODE'}]",,,,,,
16783388,"0x4,rbp,-,[4],rax,=",True,16783248,16783428,3,"mov eax, dword [rbp - 4]","mov eax, dword [var_ch]",8b45fc,cpu,mov,False,9,0,,,,,,,,
16783391,"eax,0x24,rbp,-,=[4]",True,16783248,16783428,3,"mov dword [rbp - 0x24], eax","mov dword [var_2ch], eax",8945dc,cpu,mov,False,268435465,0,,,,,,,,
16783394,"0x1387,rip,-,rdi,=",True,16783248,16783424,7,"lea rdi, [rip - 0x1387]","lea rdi, str.d_is_not_a_magic_number",488d3d79ecffff,cpu,lea,False,33,0,,,,,,"[{'addr': 16778402, 'type': 'DATA'}]",16778402.0,
16783401,"0x13a4,rip,-,rax,=",True,16783248,16783424,7,"lea rax, [rip - 0x13a4]","lea rax, str.d_is_a_magic_number",488d055cecffff,cpu,lea,False,33,0,,,,,,"[{'addr': 16778380, 'type': 'DATA'}]",16778380.0,
16783408,"esi,0x8,rbp,-,[4],==,$z,zf,:=,32,$b,cf,:=,$p,pf,:=,31,$s,sf,:=,esi,0x80000000,-,!,31,$o,^,of,:=,3,$b,af,:=",True,16783248,16783428,3,"cmp dword [rbp - 8], esi","cmp dword [format], esi",3975f8,cpu,cmp,False,268435471,0,,,,,,,,
16783411,"zf,?{,rax,rdi,=,}",False,16783248,16783427,4,"cmove rdi, rax","cmove rdi, rax",480f44f8,cpu,cmov,False,2147483657,0,,,,,,,,
16783415,"0,al,=",False,16783248,16783429,2,"mov al, 0","mov al, 0",b000,cpu,mov,False,9,0,,,0.0,,,,,
16783417,"16783696,rip,8,rsp,-=,rsp,=[],rip,=",False,16783248,16783426,5,call 0x1001950,call sym.imp.printf,e812010000,cpu,call,False,3,0,,,,16783696.0,16783422.0,"[{'addr': 16783696, 'type': 'CALL'}]",,
16783422,"0x24,rbp,-,[4],rax,=",True,16783248,16783428,3,"mov eax, dword [rbp - 0x24]","mov eax, dword [var_2ch]",8b45dc,cpu,mov,False,9,0,,,,,,,,
16783425,"48,rsp,+=,63,$o,of,:=,63,$s,sf,:=,$z,zf,:=,63,$c,cf,:=,$p,pf,:=,3,$c,af,:=",False,16783248,16783427,4,"add rsp, 0x30","add rsp, 0x30",4883c430,cpu,add,False,17,0,,,48.0,,,,,
16783429,"rsp,[8],8,rsp,+=,rbp,=",False,16783248,16783430,1,pop rbp,pop rbp,5d,cpu,pop,False,14,0,,,,,,,,
16783430,"rsp,[8],rip,=,8,rsp,+=",False,16783248,16783430,1,ret,ret,c3,cpu,ret,False,5,0,,,,,,,,
