offset,esil,refptr,fcn_addr,fcn_last,size,opcode,disasm,bytes,family,type,reloc,type_num,type2_num,flags,xrefs_to,ptr,xrefs_from,val
16785680,"rbp,8,rsp,-,=[8],8,rsp,-=",False,16785680,16785744,1,push rbp,push rbp,55,cpu,rpush,False,268435468,0,['sym.predigits'],"[{'addr': 16783574, 'type': 'CALL'}, {'addr': 16783731, 'type': 'CALL'}, {'addr': 16783863, 'type': 'CALL'}, {'addr': 16784014, 'type': 'CALL'}, {'addr': 16784144, 'type': 'CALL'}, {'addr': 16784259, 'type': 'CALL'}, {'addr': 16784932, 'type': 'CALL'}, {'addr': 16785089, 'type': 'CALL'}, {'addr': 16785221, 'type': 'CALL'}, {'addr': 16785378, 'type': 'CALL'}]",,,
16785681,"rsp,rbp,=",False,16785680,16785742,3,"mov rbp, rsp","mov rbp, rsp",4889e5,cpu,mov,False,9,0,,,,,
16785684,"sil,dl,=",False,16785680,16785742,3,"mov dl, sil","mov dl, sil",4088f2,cpu,mov,False,9,0,,,,,
16785687,"dil,r8b,=",False,16785680,16785742,3,"mov r8b, dil","mov r8b, dil",4188f8,cpu,mov,False,9,0,,,,,
16785690,"0x22af,rip,+,rax,=",True,16785680,16785738,7,"lea rax, [rip + 0x22af]","lea rax, obj.i",488d05af220000,cpu,lea,False,33,0,,,16794576.0,"[{'addr': 16794576, 'type': 'DATA'}]",
16785697,"rax,[4],rsi,=",True,16785680,16785743,2,"mov esi, dword [rax]","mov esi, dword [rax]",8b30,cpu,mov,False,9,0,,,,,
16785699,"esi,rax,=",False,16785680,16785743,2,"mov eax, esi","mov eax, esi",89f0,cpu,mov,False,9,0,,,,,
16785701,"1,eax,+=,31,$o,of,:=,31,$s,sf,:=,$z,zf,:=,31,$c,cf,:=,$p,pf,:=,3,$c,af,:=",False,16785680,16785742,3,"add eax, 1","add eax, 1",83c001,cpu,add,False,17,0,,,,,1.0
16785704,"32,esi,~,rdi,=",False,16785680,16785742,3,"movsxd rdi, esi","movsxd rdi, esi",4863fe,cpu,mov,False,9,0,,,,,
16785707,"0x22ae,rip,+,rcx,=",True,16785680,16785738,7,"lea rcx, [rip + 0x22ae]","lea rcx, [obj.roman_Number]",488d0dae220000,cpu,lea,False,33,0,,,16794592.0,"[{'addr': 16794592, 'type': 'DATA'}]",
16785714,"r8b,rdi,rcx,+,=[1]",True,16785680,16785741,4,"mov byte [rcx + rdi], r8b","mov byte [rcx + rdi], r8b",44880439,cpu,mov,False,9,0,,,,,
16785718,"2,esi,+=,31,$o,of,:=,31,$s,sf,:=,$z,zf,:=,31,$c,cf,:=,$p,pf,:=,3,$c,af,:=",False,16785680,16785742,3,"add esi, 2","add esi, 2",83c602,cpu,add,False,17,0,,,,,2.0
16785721,"0x2290,rip,+,rcx,=",True,16785680,16785738,7,"lea rcx, [rip + 0x2290]","lea rcx, obj.i",488d0d90220000,cpu,lea,False,33,0,,,16794576.0,"[{'addr': 16794576, 'type': 'DATA'}]",
16785728,"esi,rcx,=[4]",True,16785680,16785743,2,"mov dword [rcx], esi","mov dword [rcx], esi",8931,cpu,mov,False,9,0,,,,,
16785730,"32,eax,~,rcx,=",False,16785680,16785742,3,"movsxd rcx, eax","movsxd rcx, eax",4863c8,cpu,mov,False,9,0,,,,,
16785733,"0x2294,rip,+,rax,=",True,16785680,16785738,7,"lea rax, [rip + 0x2294]","lea rax, [obj.roman_Number]",488d0594220000,cpu,lea,False,33,0,,,16794592.0,"[{'addr': 16794592, 'type': 'DATA'}]",
16785740,"dl,rcx,rax,+,=[1]",True,16785680,16785742,3,"mov byte [rax + rcx], dl","mov byte [rax + rcx], dl",881408,cpu,mov,False,9,0,,,,,
16785743,"rsp,[8],8,rsp,+=,rbp,=",False,16785680,16785744,1,pop rbp,pop rbp,5d,cpu,pop,False,14,0,,,,,
16785744,"rsp,[8],rip,=,8,rsp,+=",False,16785680,16785744,1,ret,ret,c3,cpu,ret,False,5,0,,,,,
