offset,esil,refptr,fcn_addr,fcn_last,size,opcode,disasm,bytes,family,type,reloc,type_num,type2_num,flags,xrefs_to,val,jump,fail,ptr,xrefs_from,comment
16785408,"rbp,8,rsp,-,=[8],8,rsp,-=",False,16785408,16785669,1,push rbp,push rbp,55,cpu,rpush,False,268435468,0,['sym.postdigits'],"[{'addr': 16783429, 'type': 'CALL'}, {'addr': 16783533, 'type': 'CALL'}, {'addr': 16783688, 'type': 'CALL'}, {'addr': 16783824, 'type': 'CALL'}, {'addr': 16783971, 'type': 'CALL'}, {'addr': 16784105, 'type': 'CALL'}, {'addr': 16784232, 'type': 'CALL'}, {'addr': 16784761, 'type': 'CALL'}, {'addr': 16784891, 'type': 'CALL'}, {'addr': 16785046, 'type': 'CALL'}, {'addr': 16785182, 'type': 'CALL'}, {'addr': 16785332, 'type': 'CALL'}]",,,,,,
16785409,"rsp,rbp,=",False,16785408,16785667,3,"mov rbp, rsp","mov rbp, rsp",4889e5,cpu,mov,False,9,0,,,,,,,,
16785412,"32,rsp,-=,32,0x8000000000000000,-,!,63,$o,^,of,:=,63,$s,sf,:=,$z,zf,:=,$p,pf,:=,64,$b,cf,:=,3,$b,af,:=",False,16785408,16785666,4,"sub rsp, 0x20","sub rsp, 0x20",4883ec20,cpu,sub,False,18,0,,,32.0,,,,,
16785416,"esi,0xc,rbp,-,=[4]",True,16785408,16785667,3,"mov dword [rbp - 0xc], esi","mov dword [var_14h], esi",8975f4,cpu,mov,False,268435465,0,,,,,,,,
16785419,"dil,al,=",False,16785408,16785667,3,"mov al, dil","mov al, dil",4088f8,cpu,mov,False,9,0,,,,,,,,
16785422,"al,0x5,rbp,-,=[1]",True,16785408,16785667,3,"mov byte [rbp - 5], al","mov byte [c], al",8845fb,cpu,mov,False,268435465,0,,,,,,,,
16785425,"0,0x4,rbp,-,=[4]",True,16785408,16785663,7,"mov dword [rbp - 4], 0","mov dword [c + 0x1], 0",c745fc00000000,cpu,mov,False,268435465,0,,,0.0,,,,,
16785432,"0x4,rbp,-,[4],rax,=",True,16785408,16785667,3,"mov eax, dword [rbp - 4]","mov eax, dword [c + 0x1]",8b45fc,cpu,mov,False,9,0,,"[{'addr': 16785467, 'type': 'CODE'}]",,,,,,
16785435,"rax,0x18,rbp,-,=[8]",True,16785408,16785666,4,"mov qword [rbp - 0x18], rax","mov qword [var_20h], rax",488945e8,cpu,mov,False,268435465,0,,,,,,,,
16785439,"5,rax,-=,5,0x8000000000000000,-,!,63,$o,^,of,:=,63,$s,sf,:=,$z,zf,:=,$p,pf,:=,64,$b,cf,:=,3,$b,af,:=",False,16785408,16785666,4,"sub rax, 5","sub rax, 5",4883e805,cpu,sub,False,18,0,,,5.0,,,,,
16785443,"cf,zf,|,!,?{,16785465,rip,=,}",False,16785408,16785668,2,ja 0x1002039,ja 0x1002039,7714,cpu,cjmp,False,2147483649,0,,,,16785465.0,16785445.0,,,
16785445,"0x18,rbp,-,[8],rax,=",True,16785408,16785666,4,"mov rax, qword [rbp - 0x18]","mov rax, qword [var_20h]",488b45e8,cpu,mov,False,9,0,,,,,,,,
16785449,"0x1a7c,rip,-,rcx,=",True,16785408,16785663,7,"lea rcx, [rip - 0x1a7c]","lea rcx, data.010005b4",488d0d84e5ffff,cpu,lea,False,33,0,,,,,,16778676.0,"[{'addr': 16778676, 'type': 'DATA'}]",
16785456,"32,rax,4,*,rcx,+,[4],~,rax,=",True,16785408,16785666,4,"movsxd rax, dword [rcx + rax*4]","movsxd rax, dword [rcx + rax*4]",48630481,cpu,mov,False,9,0,,,,,,,,
16785460,"rcx,rax,+=,63,$o,of,:=,63,$s,sf,:=,$z,zf,:=,63,$c,cf,:=,$p,pf,:=,3,$c,af,:=",False,16785408,16785667,3,"add rax, rcx","add rax, rcx",4801c8,cpu,add,False,17,0,,,,,,,,
16785463,"rax,rip,=",False,16785408,16785668,2,jmp rax,jmp rax,ffe0,cpu,rjmp,False,268435458,0,['switch.0x01002037'],,,,,,"[{'addr': 16785469, 'type': 'CODE'}, {'addr': 16785493, 'type': 'CODE'}, {'addr': 16785562, 'type': 'CODE'}, {'addr': 16785568, 'type': 'CODE'}, {'addr': 16785592, 'type': 'CODE'}, {'addr': 16785664, 'type': 'CODE'}]",c3dpdGNoIHRhYmxlICg2IGNhc2VzKSBhdCAweDEwMDA1YjQ=
16785465,"0x100203b,rip,=",False,16785408,16785668,2,jmp 0x100203b,jmp 0x100203b,eb00,cpu,jmp,False,1,0,,,,16785467.0,,,"[{'addr': 16785467, 'type': 'CODE'}]",
16785467,"0x1002018,rip,=",False,16785408,16785668,2,jmp 0x1002018,jmp 0x1002018,ebdb,cpu,jmp,False,1,0,,"[{'addr': 16785465, 'type': 'CODE'}, {'addr': 16785491, 'type': 'CODE'}, {'addr': 16785560, 'type': 'CODE'}, {'addr': 16785590, 'type': 'CODE'}, {'addr': 16785659, 'type': 'CODE'}]",,16785432.0,,,"[{'addr': 16785432, 'type': 'CODE'}]",
16785469,"0xc,rbp,-,[4],rdx,=",True,16785408,16785667,3,"mov edx, dword [rbp - 0xc]","mov edx, dword [var_14h]",8b55f4,cpu,mov,False,9,0,['case.0x1002037.0'],"[{'addr': 16785463, 'type': 'CODE'}]",,,,,,
16785472,"2,rax,=",False,16785408,16785665,5,"mov eax, 2","mov eax, 2",b802000000,cpu,mov,False,9,0,,,2.0,,,,,
16785477,"1,rcx,=",False,16785408,16785665,5,"mov ecx, 1","mov ecx, 1",b901000000,cpu,mov,False,9,0,,,1.0,,,,,
16785482,"0,edx,==,$z,zf,:=,32,$b,cf,:=,$p,pf,:=,31,$s,sf,:=,0,0x80000000,-,!,31,$o,^,of,:=,3,$b,af,:=",False,16785408,16785667,3,"cmp edx, 0","cmp edx, 0",83fa00,cpu,cmp,False,15,0,,,0.0,,,0.0,,
16785485,"zf,!,sf,of,^,!,&,?{,ecx,eax,=,}",False,16785408,16785667,3,"cmovg eax, ecx","cmovg eax, ecx",0f4fc1,cpu,cmov,False,2147483657,0,,,,,,,,
16785488,"eax,0x4,rbp,-,=[4]",True,16785408,16785667,3,"mov dword [rbp - 4], eax","mov dword [c + 0x1], eax",8945fc,cpu,mov,False,268435465,0,,,,,,,,
16785491,"0x100203b,rip,=",False,16785408,16785668,2,jmp 0x100203b,jmp 0x100203b,ebe6,cpu,jmp,False,1,0,,,,16785467.0,,,"[{'addr': 16785467, 'type': 'CODE'}]",
16785493,"0xc,rbp,-,[4],rcx,=",True,16785408,16785667,3,"mov ecx, dword [rbp - 0xc]","mov ecx, dword [var_14h]",8b4df4,cpu,mov,False,9,0,['case.0x1002037.1'],"[{'addr': 16785463, 'type': 'CODE'}]",,,,,,
16785496,"0x5,rbp,-,[1],al,=",True,16785408,16785667,3,"mov al, byte [rbp - 5]","mov al, byte [c]",8a45fb,cpu,mov,False,9,0,,,,,,,,
16785499,"0x236e,rip,+,rdx,=",True,16785408,16785663,7,"lea rdx, [rip + 0x236e]","lea rdx, obj.i",488d156e230000,cpu,lea,False,33,0,,,,,,16794576.0,"[{'addr': 16794576, 'type': 'DATA'}]",
16785506,"rdx,[4],rdx,=",True,16785408,16785668,2,"mov edx, dword [rdx]","mov edx, dword [rdx]",8b12,cpu,mov,False,9,0,,,,,,,,
16785508,"edx,0x1c,rbp,-,=[4]",True,16785408,16785667,3,"mov dword [rbp - 0x1c], edx","mov dword [var_24h], edx",8955e4,cpu,mov,False,268435465,0,,,,,,,,
16785511,"32,edx,~,rdx,=",False,16785408,16785667,3,"movsxd rdx, edx","movsxd rdx, edx",4863d2,cpu,mov,False,9,0,,,,,,,,
16785514,"0x236f,rip,+,rdi,=",True,16785408,16785663,7,"lea rdi, [rip + 0x236f]","lea rdi, [obj.roman_Number]",488d3d6f230000,cpu,lea,False,33,0,,,,,,16794592.0,"[{'addr': 16794592, 'type': 'DATA'}]",
16785521,"rdx,rdi,+=,63,$o,of,:=,63,$s,sf,:=,$z,zf,:=,63,$c,cf,:=,$p,pf,:=,3,$c,af,:=",False,16785408,16785667,3,"add rdi, rdx","add rdi, rdx",4801d7,cpu,add,False,17,0,,,,,,,,
16785524,"ecx,rcx,=",False,16785408,16785668,2,"mov ecx, ecx","mov ecx, ecx",89c9,cpu,mov,False,9,0,,,,,,,,
16785526,"ecx,rdx,=",False,16785408,16785668,2,"mov edx, ecx","mov edx, ecx",89ca,cpu,mov,False,9,0,,,,,,,,
16785528,"al,rsi,=",False,16785408,16785667,3,"movzx esi, al","movzx esi, al",0fb6f0,cpu,mov,False,9,0,,,,,,,,
16785531,"16785952,rip,8,rsp,-=,rsp,=[],rip,=",False,16785408,16785665,5,call 0x1002220,call sym.imp.memset,e8a0010000,cpu,call,False,3,0,,,,16785952.0,16785536.0,,"[{'addr': 16785952, 'type': 'CALL'}]",
16785536,"0x1c,rbp,-,[4],rcx,=",True,16785408,16785667,3,"mov ecx, dword [rbp - 0x1c]","mov ecx, dword [var_24h]",8b4de4,cpu,mov,False,9,0,,,,,,,,
16785539,"0xc,rbp,-,[4],rax,=",True,16785408,16785667,3,"mov eax, dword [rbp - 0xc]","mov eax, dword [var_14h]",8b45f4,cpu,mov,False,9,0,,,,,,,,
16785542,"eax,ecx,+=,31,$o,of,:=,31,$s,sf,:=,$z,zf,:=,31,$c,cf,:=,$p,pf,:=,3,$c,af,:=",False,16785408,16785668,2,"add ecx, eax","add ecx, eax",01c1,cpu,add,False,17,0,,,,,,,,
16785544,"0x2341,rip,+,rax,=",True,16785408,16785663,7,"lea rax, [rip + 0x2341]","lea rax, obj.i",488d0541230000,cpu,lea,False,33,0,,,,,,16794576.0,"[{'addr': 16794576, 'type': 'DATA'}]",
16785551,"ecx,rax,=[4]",True,16785408,16785668,2,"mov dword [rax], ecx","mov dword [rax], ecx",8908,cpu,mov,False,9,0,,,,,,,,
16785553,"5,0x4,rbp,-,=[4]",True,16785408,16785663,7,"mov dword [rbp - 4], 5","mov dword [c + 0x1], 5",c745fc05000000,cpu,mov,False,268435465,0,,,5.0,,,,,
16785560,"0x100203b,rip,=",False,16785408,16785668,2,jmp 0x100203b,jmp 0x100203b,eba1,cpu,jmp,False,1,0,,,,16785467.0,,,"[{'addr': 16785467, 'type': 'CODE'}]",
16785562,"32,rsp,+=,63,$o,of,:=,63,$s,sf,:=,$z,zf,:=,63,$c,cf,:=,$p,pf,:=,3,$c,af,:=",False,16785408,16785666,4,"add rsp, 0x20","add rsp, 0x20",4883c420,cpu,add,False,17,0,['case.0x1002037.2'],"[{'addr': 16785463, 'type': 'CODE'}]",32.0,,,,,
16785566,"rsp,[8],8,rsp,+=,rbp,=",False,16785408,16785669,1,pop rbp,pop rbp,5d,cpu,pop,False,14,0,,,,,,,,
16785567,"rsp,[8],rip,=,8,rsp,+=",False,16785408,16785669,1,ret,ret,c3,cpu,ret,False,5,0,,,,,,,,
16785568,"0xc,rbp,-,[4],rdx,=",True,16785408,16785667,3,"mov edx, dword [rbp - 0xc]","mov edx, dword [var_14h]",8b55f4,cpu,mov,False,9,0,['case.0x1002037.3'],"[{'addr': 16785463, 'type': 'CODE'}]",,,,,,
16785571,"2,rax,=",False,16785408,16785665,5,"mov eax, 2","mov eax, 2",b802000000,cpu,mov,False,9,0,,,2.0,,,,,
16785576,"1,rcx,=",False,16785408,16785665,5,"mov ecx, 1","mov ecx, 1",b901000000,cpu,mov,False,9,0,,,1.0,,,,,
16785581,"0,edx,==,$z,zf,:=,32,$b,cf,:=,$p,pf,:=,31,$s,sf,:=,0,0x80000000,-,!,31,$o,^,of,:=,3,$b,af,:=",False,16785408,16785667,3,"cmp edx, 0","cmp edx, 0",83fa00,cpu,cmp,False,15,0,,,0.0,,,0.0,,
16785584,"zf,!,sf,of,^,!,&,?{,ecx,eax,=,}",False,16785408,16785667,3,"cmovg eax, ecx","cmovg eax, ecx",0f4fc1,cpu,cmov,False,2147483657,0,,,,,,,,
16785587,"eax,0x4,rbp,-,=[4]",True,16785408,16785667,3,"mov dword [rbp - 4], eax","mov dword [c + 0x1], eax",8945fc,cpu,mov,False,268435465,0,,,,,,,,
16785590,"0x100203b,rip,=",False,16785408,16785668,2,jmp 0x100203b,jmp 0x100203b,eb83,cpu,jmp,False,1,0,,,,16785467.0,,,"[{'addr': 16785467, 'type': 'CODE'}]",
16785592,"0xc,rbp,-,[4],rcx,=",True,16785408,16785667,3,"mov ecx, dword [rbp - 0xc]","mov ecx, dword [var_14h]",8b4df4,cpu,mov,False,9,0,['case.0x1002037.4'],"[{'addr': 16785463, 'type': 'CODE'}]",,,,,,
16785595,"0x5,rbp,-,[1],al,=",True,16785408,16785667,3,"mov al, byte [rbp - 5]","mov al, byte [c]",8a45fb,cpu,mov,False,9,0,,,,,,,,
16785598,"0x230b,rip,+,rdx,=",True,16785408,16785663,7,"lea rdx, [rip + 0x230b]","lea rdx, obj.i",488d150b230000,cpu,lea,False,33,0,,,,,,16794576.0,"[{'addr': 16794576, 'type': 'DATA'}]",
16785605,"rdx,[4],rdx,=",True,16785408,16785668,2,"mov edx, dword [rdx]","mov edx, dword [rdx]",8b12,cpu,mov,False,9,0,,,,,,,,
16785607,"edx,0x20,rbp,-,=[4]",True,16785408,16785667,3,"mov dword [rbp - 0x20], edx","mov dword [var_28h], edx",8955e0,cpu,mov,False,268435465,0,,,,,,,,
16785610,"32,edx,~,rdx,=",False,16785408,16785667,3,"movsxd rdx, edx","movsxd rdx, edx",4863d2,cpu,mov,False,9,0,,,,,,,,
16785613,"0x230c,rip,+,rdi,=",True,16785408,16785663,7,"lea rdi, [rip + 0x230c]","lea rdi, [obj.roman_Number]",488d3d0c230000,cpu,lea,False,33,0,,,,,,16794592.0,"[{'addr': 16794592, 'type': 'DATA'}]",
16785620,"rdx,rdi,+=,63,$o,of,:=,63,$s,sf,:=,$z,zf,:=,63,$c,cf,:=,$p,pf,:=,3,$c,af,:=",False,16785408,16785667,3,"add rdi, rdx","add rdi, rdx",4801d7,cpu,add,False,17,0,,,,,,,,
16785623,"ecx,rcx,=",False,16785408,16785668,2,"mov ecx, ecx","mov ecx, ecx",89c9,cpu,mov,False,9,0,,,,,,,,
16785625,"ecx,rdx,=",False,16785408,16785668,2,"mov edx, ecx","mov edx, ecx",89ca,cpu,mov,False,9,0,,,,,,,,
16785627,"al,rsi,=",False,16785408,16785667,3,"movzx esi, al","movzx esi, al",0fb6f0,cpu,mov,False,9,0,,,,,,,,
16785630,"16785952,rip,8,rsp,-=,rsp,=[],rip,=",False,16785408,16785665,5,call 0x1002220,call sym.imp.memset,e83d010000,cpu,call,False,3,0,,,,16785952.0,16785635.0,,"[{'addr': 16785952, 'type': 'CALL'}]",
16785635,"0x20,rbp,-,[4],rcx,=",True,16785408,16785667,3,"mov ecx, dword [rbp - 0x20]","mov ecx, dword [var_28h]",8b4de0,cpu,mov,False,9,0,,,,,,,,
16785638,"0xc,rbp,-,[4],rax,=",True,16785408,16785667,3,"mov eax, dword [rbp - 0xc]","mov eax, dword [var_14h]",8b45f4,cpu,mov,False,9,0,,,,,,,,
16785641,"eax,ecx,+=,31,$o,of,:=,31,$s,sf,:=,$z,zf,:=,31,$c,cf,:=,$p,pf,:=,3,$c,af,:=",False,16785408,16785668,2,"add ecx, eax","add ecx, eax",01c1,cpu,add,False,17,0,,,,,,,,
16785643,"0x22de,rip,+,rax,=",True,16785408,16785663,7,"lea rax, [rip + 0x22de]","lea rax, obj.i",488d05de220000,cpu,lea,False,33,0,,,,,,16794576.0,"[{'addr': 16794576, 'type': 'DATA'}]",
16785650,"ecx,rax,=[4]",True,16785408,16785668,2,"mov dword [rax], ecx","mov dword [rax], ecx",8908,cpu,mov,False,9,0,,,,,,,,
16785652,"2,0x4,rbp,-,=[4]",True,16785408,16785663,7,"mov dword [rbp - 4], 2","mov dword [c + 0x1], 2",c745fc02000000,cpu,mov,False,268435465,0,,,2.0,,,,,
16785659,"0x100203b,rip,=",False,16785408,16785665,5,jmp 0x100203b,jmp 0x100203b,e93bffffff,cpu,jmp,False,1,0,,,,16785467.0,,,"[{'addr': 16785467, 'type': 'CODE'}]",
16785664,"32,rsp,+=,63,$o,of,:=,63,$s,sf,:=,$z,zf,:=,63,$c,cf,:=,$p,pf,:=,3,$c,af,:=",False,16785408,16785666,4,"add rsp, 0x20","add rsp, 0x20",4883c420,cpu,add,False,17,0,['case.0x1002037.5'],"[{'addr': 16785463, 'type': 'CODE'}]",32.0,,,,,
16785668,"rsp,[8],8,rsp,+=,rbp,=",False,16785408,16785669,1,pop rbp,pop rbp,5d,cpu,pop,False,14,0,,,,,,,,
16785669,"rsp,[8],rip,=,8,rsp,+=",False,16785408,16785669,1,ret,ret,c3,cpu,ret,False,5,0,,,,,,,,
