offset,esil,refptr,fcn_addr,fcn_last,size,opcode,disasm,bytes,family,type,reloc,type_num,type2_num,flags,xrefs_to,val,jump,fail,ptr,xrefs_from,comment
16785536,"rbp,8,rsp,-,=[8],8,rsp,-=",False,16785536,16785760,1,push rbp,push rbp,55,cpu,rpush,False,268435468,0,['sym.input_guard'],"[{'addr': 16784223, 'type': 'CALL'}, {'addr': 16784930, 'type': 'CALL'}]",,,,,,
16785537,"rsp,rbp,=",False,16785536,16785758,3,"mov rbp, rsp","mov rbp, rsp",4889e5,cpu,mov,False,9,0,,,,,,,,
16785540,"rdi,0x18,rbp,-,=[8]",True,16785536,16785757,4,"mov qword [rbp - 0x18], rdi","mov qword [var_20h], rdi",48897de8,cpu,mov,False,268435465,0,,,,,,,,
16785544,"rdi,[4],rax,=",True,16785536,16785759,2,"mov eax, dword [rdi]","mov eax, dword [rdi]",8b07,cpu,mov,False,9,0,,,,,,,,
16785546,"eax,0x8,rbp,-,=[4]",True,16785536,16785758,3,"mov dword [rbp - 8], eax","mov dword [var_10h], eax",8945f8,cpu,mov,False,268435465,0,,,,,,,,
16785549,"0,0xc,rbp,-,=[4]",True,16785536,16785754,7,"mov dword [rbp - 0xc], 0","mov dword [var_14h], 0",c745f400000000,cpu,mov,False,268435465,0,,,0.0,,,,,
16785556,"0xc,rbp,-,[4],rax,=",True,16785536,16785758,3,"mov eax, dword [rbp - 0xc]","mov eax, dword [var_14h]",8b45f4,cpu,mov,False,9,0,,"[{'addr': 16785591, 'type': 'CODE'}]",,,,,,
16785559,"rax,0x20,rbp,-,=[8]",True,16785536,16785757,4,"mov qword [rbp - 0x20], rax","mov qword [var_28h], rax",488945e0,cpu,mov,False,268435465,0,,,,,,,,
16785563,"6,rax,-=,6,0x8000000000000000,-,!,63,$o,^,of,:=,63,$s,sf,:=,$z,zf,:=,$p,pf,:=,64,$b,cf,:=,3,$b,af,:=",False,16785536,16785757,4,"sub rax, 6","sub rax, 6",4883e806,cpu,sub,False,18,0,,,6.0,,,,,
16785567,"cf,zf,|,!,?{,16785589,rip,=,}",False,16785536,16785759,2,ja 0x10020b5,ja 0x10020b5,7714,cpu,cjmp,False,2147483649,0,,,,16785589.0,16785569.0,,,
16785569,"0x20,rbp,-,[8],rax,=",True,16785536,16785757,4,"mov rax, qword [rbp - 0x20]","mov rax, qword [var_28h]",488b45e0,cpu,mov,False,9,0,,,,,,,,
16785573,"0x1bf8,rip,-,rcx,=",True,16785536,16785754,7,"lea rcx, [rip - 0x1bf8]","lea rcx, data.010004b4",488d0d08e4ffff,cpu,lea,False,33,0,,,,,,16778420.0,"[{'addr': 16778420, 'type': 'DATA'}]",
16785580,"32,rax,4,*,rcx,+,[4],~,rax,=",True,16785536,16785757,4,"movsxd rax, dword [rcx + rax*4]","movsxd rax, dword [rcx + rax*4]",48630481,cpu,mov,False,9,0,,,,,,,,
16785584,"rcx,rax,+=,63,$o,of,:=,63,$s,sf,:=,$z,zf,:=,63,$c,cf,:=,$p,pf,:=,3,$c,af,:=",False,16785536,16785758,3,"add rax, rcx","add rax, rcx",4801c8,cpu,add,False,17,0,,,,,,,,
16785587,"rax,rip,=",False,16785536,16785759,2,jmp rax,jmp rax,ffe0,cpu,rjmp,False,268435458,0,['switch.0x010020b3'],,,,,,"[{'addr': 16785593, 'type': 'CODE'}, {'addr': 16785622, 'type': 'CODE'}, {'addr': 16785655, 'type': 'CODE'}, {'addr': 16785683, 'type': 'CODE'}, {'addr': 16785688, 'type': 'CODE'}, {'addr': 16785693, 'type': 'CODE'}, {'addr': 16785725, 'type': 'CODE'}]",c3dpdGNoIHRhYmxlICg3IGNhc2VzKSBhdCAweDEwMDA0YjQ=
16785589,"0x10020b7,rip,=",False,16785536,16785759,2,jmp 0x10020b7,jmp 0x10020b7,eb00,cpu,jmp,False,1,0,,,,16785591.0,,,"[{'addr': 16785591, 'type': 'CODE'}]",
16785591,"0x1002094,rip,=",False,16785536,16785759,2,jmp 0x1002094,jmp 0x1002094,ebdb,cpu,jmp,False,1,0,,"[{'addr': 16785589, 'type': 'CODE'}, {'addr': 16785620, 'type': 'CODE'}, {'addr': 16785653, 'type': 'CODE'}, {'addr': 16785681, 'type': 'CODE'}, {'addr': 16785720, 'type': 'CODE'}, {'addr': 16785756, 'type': 'CODE'}]",,16785556.0,,,"[{'addr': 16785556, 'type': 'CODE'}]",
16785593,"1,rax,=",False,16785536,16785756,5,"mov eax, 1","mov eax, 1",b801000000,cpu,mov,False,9,0,['case.0x10020b3.0'],"[{'addr': 16785587, 'type': 'CODE'}]",1.0,,,,,
16785598,"3,rcx,=",False,16785536,16785756,5,"mov ecx, 3","mov ecx, 3",b903000000,cpu,mov,False,9,0,,,3.0,,,,,
16785603,"100,0x8,rbp,-,[4],==,$z,zf,:=,32,$b,cf,:=,$p,pf,:=,31,$s,sf,:=,100,0x80000000,-,!,31,$o,^,of,:=,3,$b,af,:=",True,16785536,16785757,4,"cmp dword [rbp - 8], 0x64","cmp dword [var_10h], 0x64",837df864,cpu,cmp,False,268435471,0,,,100.0,,,,,
16785607,"cf,zf,|,!,?{,ecx,eax,=,}",False,16785536,16785758,3,"cmova eax, ecx","cmova eax, ecx",0f47c1,cpu,cmov,False,2147483657,0,,,,,,,,
16785610,"eax,0xc,rbp,-,=[4]",True,16785536,16785758,3,"mov dword [rbp - 0xc], eax","mov dword [var_14h], eax",8945f4,cpu,mov,False,268435465,0,,,,,,,,
16785613,"0,0x4,rbp,-,=[4]",True,16785536,16785754,7,"mov dword [rbp - 4], 0","mov dword [var_ch], 0",c745fc00000000,cpu,mov,False,268435465,0,,,0.0,,,,,
16785620,"0x10020b7,rip,=",False,16785536,16785759,2,jmp 0x10020b7,jmp 0x10020b7,ebe1,cpu,jmp,False,1,0,,,,16785591.0,,,"[{'addr': 16785591, 'type': 'CODE'}]",
16785622,"0x18,rbp,-,[8],rdx,=",True,16785536,16785757,4,"mov rdx, qword [rbp - 0x18]","mov rdx, qword [var_20h]",488b55e8,cpu,mov,False,9,0,['case.0x10020b3.1'],"[{'addr': 16785587, 'type': 'CODE'}]",,,,,,
16785626,"2,rax,=",False,16785536,16785756,5,"mov eax, 2","mov eax, 2",b802000000,cpu,mov,False,9,0,,,2.0,,,,,
16785631,"3,rcx,=",False,16785536,16785756,5,"mov ecx, 3","mov ecx, 3",b903000000,cpu,mov,False,9,0,,,3.0,,,,,
16785636,"100,0x4,rdx,+,[4],==,$z,zf,:=,32,$b,cf,:=,$p,pf,:=,31,$s,sf,:=,100,0x80000000,-,!,31,$o,^,of,:=,3,$b,af,:=",True,16785536,16785757,4,"cmp dword [rdx + 4], 0x64","cmp dword [rdx + 4], 0x64",837a0464,cpu,cmp,False,15,0,,,100.0,,,,,
16785640,"cf,zf,|,!,?{,ecx,eax,=,}",False,16785536,16785758,3,"cmova eax, ecx","cmova eax, ecx",0f47c1,cpu,cmov,False,2147483657,0,,,,,,,,
16785643,"eax,0xc,rbp,-,=[4]",True,16785536,16785758,3,"mov dword [rbp - 0xc], eax","mov dword [var_14h], eax",8945f4,cpu,mov,False,268435465,0,,,,,,,,
16785646,"0,0x4,rbp,-,=[4]",True,16785536,16785754,7,"mov dword [rbp - 4], 0","mov dword [var_ch], 0",c745fc00000000,cpu,mov,False,268435465,0,,,0.0,,,,,
16785653,"0x10020b7,rip,=",False,16785536,16785759,2,jmp 0x10020b7,jmp 0x10020b7,ebc0,cpu,jmp,False,1,0,,,,16785591.0,,,"[{'addr': 16785591, 'type': 'CODE'}]",
16785655,"0x18,rbp,-,[8],rax,=",True,16785536,16785757,4,"mov rax, qword [rbp - 0x18]","mov rax, qword [var_20h]",488b45e8,cpu,mov,False,9,0,['case.0x10020b3.2'],"[{'addr': 16785587, 'type': 'CODE'}]",,,,,,
16785659,"101,0x8,rax,+,[4],==,$z,zf,:=,32,$b,cf,:=,$p,pf,:=,31,$s,sf,:=,101,0x80000000,-,!,31,$o,^,of,:=,3,$b,af,:=",True,16785536,16785757,4,"cmp dword [rax + 8], 0x65","cmp dword [rax + 8], 0x65",83780865,cpu,cmp,False,15,0,,,101.0,,,,,
16785663,"cf,al,=",False,16785536,16785758,3,setb al,setb al,0f92c0,cpu,cmov,False,2147483657,0,,,,,,,,
16785666,"1,al,&=,$z,zf,:=,$p,pf,:=,7,$s,sf,:=,0,cf,:=,0,of,:=",False,16785536,16785759,2,"and al, 1","and al, 1",2401,cpu,and,False,27,0,,,1.0,,,,,
16785668,"al,rax,=",False,16785536,16785758,3,"movzx eax, al","movzx eax, al",0fb6c0,cpu,mov,False,9,0,,,,,,,,
16785671,"3,0xc,rbp,-,=[4]",True,16785536,16785754,7,"mov dword [rbp - 0xc], 3","mov dword [var_14h], 3",c745f403000000,cpu,mov,False,268435465,0,,,3.0,,,,,
16785678,"eax,0x4,rbp,-,=[4]",True,16785536,16785758,3,"mov dword [rbp - 4], eax","mov dword [var_ch], eax",8945fc,cpu,mov,False,268435465,0,,,,,,,,
16785681,"0x10020b7,rip,=",False,16785536,16785759,2,jmp 0x10020b7,jmp 0x10020b7,eba4,cpu,jmp,False,1,0,,,,16785591.0,,,"[{'addr': 16785591, 'type': 'CODE'}]",
16785683,"0x4,rbp,-,[4],rax,=",True,16785536,16785758,3,"mov eax, dword [rbp - 4]","mov eax, dword [var_ch]",8b45fc,cpu,mov,False,9,0,['case.0x10020b3.3'],"[{'addr': 16785587, 'type': 'CODE'}]",,,,,,
16785686,"rsp,[8],8,rsp,+=,rbp,=",False,16785536,16785760,1,pop rbp,pop rbp,5d,cpu,pop,False,14,0,,,,,,,,
16785687,"rsp,[8],rip,=,8,rsp,+=",False,16785536,16785760,1,ret,ret,c3,cpu,ret,False,5,0,,,,,,,,
16785688,"0x4,rbp,-,[4],rax,=",True,16785536,16785758,3,"mov eax, dword [rbp - 4]","mov eax, dword [var_ch]",8b45fc,cpu,mov,False,9,0,['case.0x10020b3.4'],"[{'addr': 16785587, 'type': 'CODE'}]",,,,,,
16785691,"rsp,[8],8,rsp,+=,rbp,=",False,16785536,16785760,1,pop rbp,pop rbp,5d,cpu,pop,False,14,0,,,,,,,,
16785692,"rsp,[8],rip,=,8,rsp,+=",False,16785536,16785760,1,ret,ret,c3,cpu,ret,False,5,0,,,,,,,,
16785693,"1,rax,=",False,16785536,16785756,5,"mov eax, 1","mov eax, 1",b801000000,cpu,mov,False,9,0,['case.0x10020b3.5'],"[{'addr': 16785587, 'type': 'CODE'}]",1.0,,,,,
16785698,"3,rcx,=",False,16785536,16785756,5,"mov ecx, 3","mov ecx, 3",b903000000,cpu,mov,False,9,0,,,3.0,,,,,
16785703,"100,0x8,rbp,-,[4],==,$z,zf,:=,32,$b,cf,:=,$p,pf,:=,31,$s,sf,:=,100,0x80000000,-,!,31,$o,^,of,:=,3,$b,af,:=",True,16785536,16785757,4,"cmp dword [rbp - 8], 0x64","cmp dword [var_10h], 0x64",837df864,cpu,cmp,False,268435471,0,,,100.0,,,,,
16785707,"cf,zf,|,!,?{,ecx,eax,=,}",False,16785536,16785758,3,"cmova eax, ecx","cmova eax, ecx",0f47c1,cpu,cmov,False,2147483657,0,,,,,,,,
16785710,"eax,0xc,rbp,-,=[4]",True,16785536,16785758,3,"mov dword [rbp - 0xc], eax","mov dword [var_14h], eax",8945f4,cpu,mov,False,268435465,0,,,,,,,,
16785713,"0,0x4,rbp,-,=[4]",True,16785536,16785754,7,"mov dword [rbp - 4], 0","mov dword [var_ch], 0",c745fc00000000,cpu,mov,False,268435465,0,,,0.0,,,,,
16785720,"0x10020b7,rip,=",False,16785536,16785756,5,jmp 0x10020b7,jmp 0x10020b7,e97affffff,cpu,jmp,False,1,0,,,,16785591.0,,,"[{'addr': 16785591, 'type': 'CODE'}]",
16785725,"0x18,rbp,-,[8],rdx,=",True,16785536,16785757,4,"mov rdx, qword [rbp - 0x18]","mov rdx, qword [var_20h]",488b55e8,cpu,mov,False,9,0,['case.0x10020b3.6'],"[{'addr': 16785587, 'type': 'CODE'}]",,,,,,
16785729,"2,rax,=",False,16785536,16785756,5,"mov eax, 2","mov eax, 2",b802000000,cpu,mov,False,9,0,,,2.0,,,,,
16785734,"3,rcx,=",False,16785536,16785756,5,"mov ecx, 3","mov ecx, 3",b903000000,cpu,mov,False,9,0,,,3.0,,,,,
16785739,"100,0x4,rdx,+,[4],==,$z,zf,:=,32,$b,cf,:=,$p,pf,:=,31,$s,sf,:=,100,0x80000000,-,!,31,$o,^,of,:=,3,$b,af,:=",True,16785536,16785757,4,"cmp dword [rdx + 4], 0x64","cmp dword [rdx + 4], 0x64",837a0464,cpu,cmp,False,15,0,,,100.0,,,,,
16785743,"cf,zf,|,!,?{,ecx,eax,=,}",False,16785536,16785758,3,"cmova eax, ecx","cmova eax, ecx",0f47c1,cpu,cmov,False,2147483657,0,,,,,,,,
16785746,"eax,0xc,rbp,-,=[4]",True,16785536,16785758,3,"mov dword [rbp - 0xc], eax","mov dword [var_14h], eax",8945f4,cpu,mov,False,268435465,0,,,,,,,,
16785749,"0,0x4,rbp,-,=[4]",True,16785536,16785754,7,"mov dword [rbp - 4], 0","mov dword [var_ch], 0",c745fc00000000,cpu,mov,False,268435465,0,,,0.0,,,,,
16785756,"0x10020b7,rip,=",False,16785536,16785756,5,jmp 0x10020b7,jmp 0x10020b7,e956ffffff,cpu,jmp,False,1,0,,,,16785591.0,,,"[{'addr': 16785591, 'type': 'CODE'}]",
