offset,esil,refptr,fcn_addr,fcn_last,size,opcode,disasm,bytes,family,type,reloc,type_num,type2_num,flags,xrefs_to,val,jump,fail,ptr,xrefs_from,comment
16789920,"rbp,8,rsp,-,=[8],8,rsp,-=",False,16789920,16790257,1,push rbp,push rbp,55,cpu,rpush,False,268435468,0,['sym.calculate_flags'],"[{'addr': 16784372, 'type': 'CALL'}, {'addr': 16785134, 'type': 'CALL'}]",,,,,,
16789921,"rsp,rbp,=",False,16789920,16790255,3,"mov rbp, rsp","mov rbp, rsp",4889e5,cpu,mov,False,9,0,,,,,,,,
16789924,"80,rsp,-=,80,0x8000000000000000,-,!,63,$o,^,of,:=,63,$s,sf,:=,$z,zf,:=,$p,pf,:=,64,$b,cf,:=,3,$b,af,:=",False,16789920,16790254,4,"sub rsp, 0x50","sub rsp, 0x50",4883ec50,cpu,sub,False,18,0,,,80.0,,,,,
16789928,"rdi,0x30,rbp,-,=[8]",True,16789920,16790254,4,"mov qword [rbp - 0x30], rdi","mov qword [var_38h], rdi",48897dd0,cpu,mov,False,268435465,0,,,,,,,,
16789932,"esi,0x28,rbp,-,=[4]",True,16789920,16790255,3,"mov dword [rbp - 0x28], esi","mov dword [var_30h], esi",8975d8,cpu,mov,False,268435465,0,,,,,,,,
16789935,"0,0x24,rbp,-,=[4]",True,16789920,16790251,7,"mov dword [rbp - 0x24], 0","mov dword [var_2ch], 0",c745dc00000000,cpu,mov,False,268435465,0,,,0.0,,,,,
16789942,"0x24,rbp,-,[4],rax,=",True,16789920,16790255,3,"mov eax, dword [rbp - 0x24]","mov eax, dword [var_2ch]",8b45dc,cpu,mov,False,9,0,,"[{'addr': 16789977, 'type': 'CODE'}]",,,,,,
16789945,"rax,0x38,rbp,-,=[8]",True,16789920,16790254,4,"mov qword [rbp - 0x38], rax","mov qword [var_40h], rax",488945c8,cpu,mov,False,268435465,0,,,,,,,,
16789949,"6,rax,-=,6,0x8000000000000000,-,!,63,$o,^,of,:=,63,$s,sf,:=,$z,zf,:=,$p,pf,:=,64,$b,cf,:=,3,$b,af,:=",False,16789920,16790254,4,"sub rax, 6","sub rax, 6",4883e806,cpu,sub,False,18,0,,,6.0,,,,,
16789953,"cf,zf,|,!,?{,16789975,rip,=,}",False,16789920,16790256,2,ja 0x10031d7,ja 0x10031d7,7714,cpu,cjmp,False,2147483649,0,,,,16789975.0,16789955.0,,,
16789955,"0x38,rbp,-,[8],rax,=",True,16789920,16790254,4,"mov rax, qword [rbp - 0x38]","mov rax, qword [var_40h]",488b45c8,cpu,mov,False,9,0,,,,,,,,
16789959,"0x2c02,rip,-,rcx,=",True,16789920,16790251,7,"lea rcx, [rip - 0x2c02]","lea rcx, data.010005cc",488d0dfed3ffff,cpu,lea,False,33,0,,,,,,16778700.0,"[{'addr': 16778700, 'type': 'DATA'}]",
16789966,"32,rax,4,*,rcx,+,[4],~,rax,=",True,16789920,16790254,4,"movsxd rax, dword [rcx + rax*4]","movsxd rax, dword [rcx + rax*4]",48630481,cpu,mov,False,9,0,,,,,,,,
16789970,"rcx,rax,+=,63,$o,of,:=,63,$s,sf,:=,$z,zf,:=,63,$c,cf,:=,$p,pf,:=,3,$c,af,:=",False,16789920,16790255,3,"add rax, rcx","add rax, rcx",4801c8,cpu,add,False,17,0,,,,,,,,
16789973,"rax,rip,=",False,16789920,16790256,2,jmp rax,jmp rax,ffe0,cpu,rjmp,False,268435458,0,['switch.0x010031d5'],,,,,,"[{'addr': 16789979, 'type': 'CODE'}, {'addr': 16790010, 'type': 'CODE'}, {'addr': 16790055, 'type': 'CODE'}, {'addr': 16790064, 'type': 'CODE'}, {'addr': 16790167, 'type': 'CODE'}, {'addr': 16790201, 'type': 'CODE'}, {'addr': 16790249, 'type': 'CODE'}]",c3dpdGNoIHRhYmxlICg3IGNhc2VzKSBhdCAweDEwMDA1Y2M=
16789975,"0x10031d9,rip,=",False,16789920,16790256,2,jmp 0x10031d9,jmp 0x10031d9,eb00,cpu,jmp,False,1,0,,,,16789977.0,,,"[{'addr': 16789977, 'type': 'CODE'}]",
16789977,"0x10031b6,rip,=",False,16789920,16790256,2,jmp 0x10031b6,jmp 0x10031b6,ebdb,cpu,jmp,False,1,0,,"[{'addr': 16789975, 'type': 'CODE'}, {'addr': 16790008, 'type': 'CODE'}, {'addr': 16790053, 'type': 'CODE'}, {'addr': 16790162, 'type': 'CODE'}, {'addr': 16790196, 'type': 'CODE'}, {'addr': 16790244, 'type': 'CODE'}]",,16789942.0,,,"[{'addr': 16789942, 'type': 'CODE'}]",
16789979,"0x28,rbp,-,[4],rdx,=",True,16789920,16790255,3,"mov edx, dword [rbp - 0x28]","mov edx, dword [var_30h]",8b55d8,cpu,mov,False,9,0,['case.0x10031d5.0'],"[{'addr': 16789973, 'type': 'CODE'}]",,,,,,
16789982,"2,rax,=",False,16789920,16790253,5,"mov eax, 2","mov eax, 2",b802000000,cpu,mov,False,9,0,,,2.0,,,,,
16789987,"1,rcx,=",False,16789920,16790253,5,"mov ecx, 1","mov ecx, 1",b901000000,cpu,mov,False,9,0,,,1.0,,,,,
16789992,"1,edx,==,$z,zf,:=,32,$b,cf,:=,$p,pf,:=,31,$s,sf,:=,1,0x80000000,-,!,31,$o,^,of,:=,3,$b,af,:=",False,16789920,16790255,3,"cmp edx, 1","cmp edx, 1",83fa01,cpu,cmp,False,15,0,,,1.0,,,1.0,,
16789995,"zf,!,sf,of,^,!,&,?{,ecx,eax,=,}",False,16789920,16790255,3,"cmovg eax, ecx","cmovg eax, ecx",0f4fc1,cpu,cmov,False,2147483657,0,,,,,,,,
16789998,"eax,0x24,rbp,-,=[4]",True,16789920,16790255,3,"mov dword [rbp - 0x24], eax","mov dword [var_2ch], eax",8945dc,cpu,mov,False,268435465,0,,,,,,,,
16790001,"0,0x18,rbp,-,=[4]",True,16789920,16790251,7,"mov dword [rbp - 0x18], 0","mov dword [var_20h], 0",c745e800000000,cpu,mov,False,268435465,0,,,0.0,,,,,
16790008,"0x10031d9,rip,=",False,16789920,16790256,2,jmp 0x10031d9,jmp 0x10031d9,ebdf,cpu,jmp,False,1,0,,,,16789977.0,,,"[{'addr': 16789977, 'type': 'CODE'}]",
16790010,"0x30,rbp,-,[8],rax,=",True,16789920,16790254,4,"mov rax, qword [rbp - 0x30]","mov rax, qword [var_38h]",488b45d0,cpu,mov,False,9,0,['case.0x10031d5.1'],"[{'addr': 16789973, 'type': 'CODE'}]",,,,,,
16790014,"0x28,rbp,-,[4],rcx,=",True,16789920,16790255,3,"mov ecx, dword [rbp - 0x28]","mov ecx, dword [var_30h]",8b4dd8,cpu,mov,False,9,0,,,,,,,,
16790017,"18446744073709551615,ecx,+=,31,$o,of,:=,31,$s,sf,:=,$z,zf,:=,31,$c,cf,:=,$p,pf,:=,3,$c,af,:=",False,16789920,16790255,3,"add ecx, 0xffffffff","add ecx, 0xffffffff",83c1ff,cpu,add,False,17,0,,,,,,,,
16790020,"ecx,rcx,=",False,16789920,16790256,2,"mov ecx, ecx","mov ecx, ecx",89c9,cpu,mov,False,9,0,,,,,,,,
16790022,"rcx,0x20,rbp,-,=[8]",True,16789920,16790254,4,"mov qword [rbp - 0x20], rcx","mov qword [var_28h], rcx",48894de0,cpu,mov,False,268435465,0,,,,,,,,
16790026,"rax,[4],rax,=",True,16789920,16790256,2,"mov eax, dword [rax]","mov eax, dword [rax]",8b00,cpu,mov,False,9,0,,,,,,,,
16790028,"3,0x24,rbp,-,=[4]",True,16789920,16790251,7,"mov dword [rbp - 0x24], 3","mov dword [var_2ch], 3",c745dc03000000,cpu,mov,False,268435465,0,,,3.0,,,,,
16790035,"eax,0x14,rbp,-,=[4]",True,16789920,16790255,3,"mov dword [rbp - 0x14], eax","mov dword [var_1ch], eax",8945ec,cpu,mov,False,268435465,0,,,,,,,,
16790038,"0,0x10,rbp,-,=[8]",True,16789920,16790250,8,"mov qword [rbp - 0x10], 0","mov qword [var_18h], 0",48c745f000000000,cpu,mov,False,268435465,0,,,0.0,,,,,
16790046,"0,0x4,rbp,-,=[4]",True,16789920,16790251,7,"mov dword [rbp - 4], 0","mov dword [var_ch], 0",c745fc00000000,cpu,mov,False,268435465,0,,,0.0,,,,,
16790053,"0x10031d9,rip,=",False,16789920,16790256,2,jmp 0x10031d9,jmp 0x10031d9,ebb2,cpu,jmp,False,1,0,,,,16789977.0,,,"[{'addr': 16789977, 'type': 'CODE'}]",
16790055,"0x18,rbp,-,[4],rax,=",True,16789920,16790255,3,"mov eax, dword [rbp - 0x18]","mov eax, dword [var_20h]",8b45e8,cpu,mov,False,9,0,['case.0x10031d5.2'],"[{'addr': 16789973, 'type': 'CODE'}]",,,,,,
16790058,"80,rsp,+=,63,$o,of,:=,63,$s,sf,:=,$z,zf,:=,63,$c,cf,:=,$p,pf,:=,3,$c,af,:=",False,16789920,16790254,4,"add rsp, 0x50","add rsp, 0x50",4883c450,cpu,add,False,17,0,,,80.0,,,,,
16790062,"rsp,[8],8,rsp,+=,rbp,=",False,16789920,16790257,1,pop rbp,pop rbp,5d,cpu,pop,False,14,0,,,,,,,,
16790063,"rsp,[8],rip,=,8,rsp,+=",False,16789920,16790257,1,ret,ret,c3,cpu,ret,False,5,0,,,,,,,,
16790064,"0x30,rbp,-,[8],rax,=",True,16789920,16790254,4,"mov rax, qword [rbp - 0x30]","mov rax, qword [var_38h]",488b45d0,cpu,mov,False,9,0,['case.0x10031d5.3'],"[{'addr': 16789973, 'type': 'CODE'}]",,,,,,
16790068,"0x4,rbp,-,[4],rcx,=",True,16789920,16790255,3,"mov ecx, dword [rbp - 4]","mov ecx, dword [var_ch]",8b4dfc,cpu,mov,False,9,0,,,,,,,,
16790071,"ecx,0x48,rbp,-,=[4]",True,16789920,16790255,3,"mov dword [rbp - 0x48], ecx","mov dword [var_50h], ecx",894db8,cpu,mov,False,268435465,0,,,,,,,,
16790074,"0x10,rbp,-,[8],rcx,=",True,16789920,16790254,4,"mov rcx, qword [rbp - 0x10]","mov rcx, qword [var_18h]",488b4df0,cpu,mov,False,9,0,,,,,,,,
16790078,"rcx,0x50,rbp,-,=[8]",True,16789920,16790254,4,"mov qword [rbp - 0x50], rcx","mov qword [var_58h], rcx",48894db0,cpu,mov,False,268435465,0,,,,,,,,
16790082,"0x14,rbp,-,[4],rdi,=",True,16789920,16790255,3,"mov edi, dword [rbp - 0x14]","mov edi, dword [var_1ch]",8b7dec,cpu,mov,False,9,0,,,,,,,,
16790085,"rcx,rdx,=",False,16789920,16790255,3,"mov rdx, rcx","mov rdx, rcx",4889ca,cpu,mov,False,9,0,,,,,,,,
16790088,"1,rdx,+=,63,$o,of,:=,63,$s,sf,:=,$z,zf,:=,63,$c,cf,:=,$p,pf,:=,3,$c,af,:=",False,16789920,16790254,4,"add rdx, 1","add rdx, 1",4883c201,cpu,add,False,17,0,,,1.0,,,,,
16790092,"rdx,0x40,rbp,-,=[8]",True,16789920,16790254,4,"mov qword [rbp - 0x40], rdx","mov qword [var_48h], rdx",488955c0,cpu,mov,False,268435465,0,,,,,,,,
16790096,"0x4,rcx,4,*,rax,+,+,[4],rsi,=",True,16789920,16790254,4,"mov esi, dword [rax + rcx*4 + 4]","mov esi, dword [rax + rcx*4 + 4]",8b748804,cpu,mov,False,9,0,,,,,,,,
16790100,"esi,0x44,rbp,-,=[4]",True,16789920,16790255,3,"mov dword [rbp - 0x44], esi","mov dword [var_4ch], esi",8975bc,cpu,mov,False,268435465,0,,,,,,,,
16790103,"16790704,rip,8,rsp,-=,rsp,=[],rip,=",False,16789920,16790253,5,call 0x10034b0,call sym.evaluate_conditions,e854020000,cpu,call,False,3,0,,,,16790704.0,16790108.0,,"[{'addr': 16790704, 'type': 'CALL'}]",
16790108,"0x50,rbp,-,[8],rcx,=",True,16789920,16790254,4,"mov rcx, qword [rbp - 0x50]","mov rcx, qword [var_58h]",488b4db0,cpu,mov,False,9,0,,,,,,,,
16790112,"0x48,rbp,-,[4],rsi,=",True,16789920,16790255,3,"mov esi, dword [rbp - 0x48]","mov esi, dword [var_50h]",8b75b8,cpu,mov,False,9,0,,,,,,,,
16790115,"0x44,rbp,-,[4],rdx,=",True,16789920,16790255,3,"mov edx, dword [rbp - 0x44]","mov edx, dword [var_4ch]",8b55bc,cpu,mov,False,9,0,,,,,,,,
16790118,"7,rcx,&,0xffffffff,&,rcx,=,$z,zf,:=,$p,pf,:=,31,$s,sf,:=,0,cf,:=,0,of,:=",False,16789920,16790255,3,"and ecx, 7","and ecx, 7",83e107,cpu,and,False,27,0,,,7.0,,,,,
16790121,"0,cl,!,!,?{,1,cl,-,eax,<<,0x80000000,&,!,!,^,},cl,eax,<<=,$z,zf,:=,$p,pf,:=,31,$s,sf,:=,cf,=",False,16789920,16790256,2,"shl eax, cl","shl eax, cl",d3e0,cpu,shl,False,23,0,,,,,,,,
16790123,"0x40,rbp,-,[8],rcx,=",True,16789920,16790254,4,"mov rcx, qword [rbp - 0x40]","mov rcx, qword [var_48h]",488b4dc0,cpu,mov,False,9,0,,,,,,,,
16790127,"esi,eax,|=,31,$s,sf,:=,$z,zf,:=,$p,pf,:=,0,of,:=,0,cf,:=",False,16789920,16790256,2,"or eax, esi","or eax, esi",09f0,cpu,or,False,26,0,,,,,,,,
16790129,"3,rsi,=",False,16789920,16790253,5,"mov esi, 3","mov esi, 3",be03000000,cpu,mov,False,9,0,,,3.0,,,,,
16790134,"2,rdi,=",False,16789920,16790253,5,"mov edi, 2","mov edi, 2",bf02000000,cpu,mov,False,9,0,,,2.0,,,,,
16790139,"0x20,rbp,-,[8],rcx,==,$z,zf,:=,64,$b,cf,:=,$p,pf,:=,63,$s,sf,:=,0x20,rbp,-,[8],0x8000000000000000,-,!,63,$o,^,of,:=,3,$b,af,:=",True,16789920,16790254,4,"cmp rcx, qword [rbp - 0x20]","cmp rcx, qword [var_28h]",483b4de0,cpu,cmp,False,268435471,0,,,,,,,,
16790143,"zf,?{,edi,esi,=,}",False,16789920,16790255,3,"cmove esi, edi","cmove esi, edi",0f44f7,cpu,cmov,False,2147483657,0,,,,,,,,
16790146,"esi,0x24,rbp,-,=[4]",True,16789920,16790255,3,"mov dword [rbp - 0x24], esi","mov dword [var_2ch], esi",8975dc,cpu,mov,False,268435465,0,,,,,,,,
16790149,"eax,0x18,rbp,-,=[4]",True,16789920,16790255,3,"mov dword [rbp - 0x18], eax","mov dword [var_20h], eax",8945e8,cpu,mov,False,268435465,0,,,,,,,,
16790152,"edx,0x14,rbp,-,=[4]",True,16789920,16790255,3,"mov dword [rbp - 0x14], edx","mov dword [var_1ch], edx",8955ec,cpu,mov,False,268435465,0,,,,,,,,
16790155,"rcx,0x10,rbp,-,=[8]",True,16789920,16790254,4,"mov qword [rbp - 0x10], rcx","mov qword [var_18h], rcx",48894df0,cpu,mov,False,268435465,0,,,,,,,,
16790159,"eax,0x4,rbp,-,=[4]",True,16789920,16790255,3,"mov dword [rbp - 4], eax","mov dword [var_ch], eax",8945fc,cpu,mov,False,268435465,0,,,,,,,,
16790162,"0x10031d9,rip,=",False,16789920,16790253,5,jmp 0x10031d9,jmp 0x10031d9,e942ffffff,cpu,jmp,False,1,0,,,,16789977.0,,,"[{'addr': 16789977, 'type': 'CODE'}]",
16790167,"0x28,rbp,-,[4],rdx,=",True,16789920,16790255,3,"mov edx, dword [rbp - 0x28]","mov edx, dword [var_30h]",8b55d8,cpu,mov,False,9,0,['case.0x10031d5.4'],"[{'addr': 16789973, 'type': 'CODE'}]",,,,,,
16790170,"2,rax,=",False,16789920,16790253,5,"mov eax, 2","mov eax, 2",b802000000,cpu,mov,False,9,0,,,2.0,,,,,
16790175,"1,rcx,=",False,16789920,16790253,5,"mov ecx, 1","mov ecx, 1",b901000000,cpu,mov,False,9,0,,,1.0,,,,,
16790180,"1,edx,==,$z,zf,:=,32,$b,cf,:=,$p,pf,:=,31,$s,sf,:=,1,0x80000000,-,!,31,$o,^,of,:=,3,$b,af,:=",False,16789920,16790255,3,"cmp edx, 1","cmp edx, 1",83fa01,cpu,cmp,False,15,0,,,1.0,,,1.0,,
16790183,"zf,!,sf,of,^,!,&,?{,ecx,eax,=,}",False,16789920,16790255,3,"cmovg eax, ecx","cmovg eax, ecx",0f4fc1,cpu,cmov,False,2147483657,0,,,,,,,,
16790186,"eax,0x24,rbp,-,=[4]",True,16789920,16790255,3,"mov dword [rbp - 0x24], eax","mov dword [var_2ch], eax",8945dc,cpu,mov,False,268435465,0,,,,,,,,
16790189,"0,0x18,rbp,-,=[4]",True,16789920,16790251,7,"mov dword [rbp - 0x18], 0","mov dword [var_20h], 0",c745e800000000,cpu,mov,False,268435465,0,,,0.0,,,,,
16790196,"0x10031d9,rip,=",False,16789920,16790253,5,jmp 0x10031d9,jmp 0x10031d9,e920ffffff,cpu,jmp,False,1,0,,,,16789977.0,,,"[{'addr': 16789977, 'type': 'CODE'}]",
16790201,"0x30,rbp,-,[8],rax,=",True,16789920,16790254,4,"mov rax, qword [rbp - 0x30]","mov rax, qword [var_38h]",488b45d0,cpu,mov,False,9,0,['case.0x10031d5.5'],"[{'addr': 16789973, 'type': 'CODE'}]",,,,,,
16790205,"0x28,rbp,-,[4],rcx,=",True,16789920,16790255,3,"mov ecx, dword [rbp - 0x28]","mov ecx, dword [var_30h]",8b4dd8,cpu,mov,False,9,0,,,,,,,,
16790208,"18446744073709551615,ecx,+=,31,$o,of,:=,31,$s,sf,:=,$z,zf,:=,31,$c,cf,:=,$p,pf,:=,3,$c,af,:=",False,16789920,16790255,3,"add ecx, 0xffffffff","add ecx, 0xffffffff",83c1ff,cpu,add,False,17,0,,,,,,,,
16790211,"ecx,rcx,=",False,16789920,16790256,2,"mov ecx, ecx","mov ecx, ecx",89c9,cpu,mov,False,9,0,,,,,,,,
16790213,"rcx,0x20,rbp,-,=[8]",True,16789920,16790254,4,"mov qword [rbp - 0x20], rcx","mov qword [var_28h], rcx",48894de0,cpu,mov,False,268435465,0,,,,,,,,
16790217,"rax,[4],rax,=",True,16789920,16790256,2,"mov eax, dword [rax]","mov eax, dword [rax]",8b00,cpu,mov,False,9,0,,,,,,,,
16790219,"3,0x24,rbp,-,=[4]",True,16789920,16790251,7,"mov dword [rbp - 0x24], 3","mov dword [var_2ch], 3",c745dc03000000,cpu,mov,False,268435465,0,,,3.0,,,,,
16790226,"eax,0x14,rbp,-,=[4]",True,16789920,16790255,3,"mov dword [rbp - 0x14], eax","mov dword [var_1ch], eax",8945ec,cpu,mov,False,268435465,0,,,,,,,,
16790229,"0,0x10,rbp,-,=[8]",True,16789920,16790250,8,"mov qword [rbp - 0x10], 0","mov qword [var_18h], 0",48c745f000000000,cpu,mov,False,268435465,0,,,0.0,,,,,
16790237,"0,0x4,rbp,-,=[4]",True,16789920,16790251,7,"mov dword [rbp - 4], 0","mov dword [var_ch], 0",c745fc00000000,cpu,mov,False,268435465,0,,,0.0,,,,,
16790244,"0x10031d9,rip,=",False,16789920,16790253,5,jmp 0x10031d9,jmp 0x10031d9,e9f0feffff,cpu,jmp,False,1,0,,,,16789977.0,,,"[{'addr': 16789977, 'type': 'CODE'}]",
16790249,"0x18,rbp,-,[4],rax,=",True,16789920,16790255,3,"mov eax, dword [rbp - 0x18]","mov eax, dword [var_20h]",8b45e8,cpu,mov,False,9,0,['case.0x10031d5.6'],"[{'addr': 16789973, 'type': 'CODE'}]",,,,,,
16790252,"80,rsp,+=,63,$o,of,:=,63,$s,sf,:=,$z,zf,:=,63,$c,cf,:=,$p,pf,:=,3,$c,af,:=",False,16789920,16790254,4,"add rsp, 0x50","add rsp, 0x50",4883c450,cpu,add,False,17,0,,,80.0,,,,,
16790256,"rsp,[8],8,rsp,+=,rbp,=",False,16789920,16790257,1,pop rbp,pop rbp,5d,cpu,pop,False,14,0,,,,,,,,
16790257,"rsp,[8],rip,=,8,rsp,+=",False,16789920,16790257,1,ret,ret,c3,cpu,ret,False,5,0,,,,,,,,
