offset,esil,refptr,fcn_addr,fcn_last,size,opcode,disasm,bytes,family,type,reloc,type_num,type2_num,flags,xrefs_to,ptr,val,jump,fail
16786480,"rbp,8,rsp,-,=[8],8,rsp,-=",False,16786480,16786611,1,push rbp,push rbp,55,cpu,rpush,False,268435468,0,['sym.validate_data'],"[{'addr': 16783621, 'type': 'CALL'}]",,,,
16786481,"rsp,rbp,=",False,16786480,16786609,3,"mov rbp, rsp","mov rbp, rsp",4889e5,cpu,mov,False,9,0,,,,,,
16786484,"rdi,0x10,rbp,-,=[8]",True,16786480,16786608,4,"mov qword [rbp - 0x10], rdi","mov qword [var_18h], rdi",48897df0,cpu,mov,False,268435465,0,,,,,,
16786488,"rdi,[4],rcx,=",True,16786480,16786610,2,"mov ecx, dword [rdi]","mov ecx, dword [rdi]",8b0f,cpu,mov,False,9,0,,,,,,
16786490,"ecx,rsi,=",False,16786480,16786610,2,"mov esi, ecx","mov esi, ecx",89ce,cpu,mov,False,9,0,,,,,,
16786492,"4294967295,rsi,^,0xffffffff,&,rsi,=,$z,zf,:=,$p,pf,:=,31,$s,sf,:=,0,cf,:=,0,of,:=",False,16786480,16786609,3,"xor esi, 0xffffffff","xor esi, 0xffffffff",83f6ff,cpu,xor,False,28,0,,,4294967295.0,4294967295.0,,
16786495,"esi,rdx,=",False,16786480,16786610,2,"mov edx, esi","mov edx, esi",89f2,cpu,mov,False,9,0,,,,,,
16786497,"edx,edx,|=,31,$s,sf,:=,$z,zf,:=,$p,pf,:=,0,of,:=,0,cf,:=",False,16786480,16786610,2,"or edx, edx","or edx, edx",09d2,cpu,or,False,26,0,,,,,,
16786499,"0,rdx,&,0xffffffff,&,rdx,=,$z,zf,:=,$p,pf,:=,31,$s,sf,:=,0,cf,:=,0,of,:=",False,16786480,16786609,3,"and edx, 0","and edx, 0",83e200,cpu,and,False,27,0,,,,0.0,,
16786502,"ecx,rdx,^,0xffffffff,&,rdx,=,$z,zf,:=,$p,pf,:=,31,$s,sf,:=,0,cf,:=,0,of,:=",False,16786480,16786610,2,"xor edx, ecx","xor edx, ecx",31ca,cpu,xor,False,28,0,,,,,,
16786504,"ecx,rax,=",False,16786480,16786610,2,"mov eax, ecx","mov eax, ecx",89c8,cpu,mov,False,9,0,,,,,,
16786506,"4294967195,eax,|=,31,$s,sf,:=,$z,zf,:=,$p,pf,:=,0,of,:=,0,cf,:=",False,16786480,16786607,5,"or eax, 0xffffff9b","or eax, 0xffffff9b",0d9bffffff,cpu,or,False,26,0,,,4294967195.0,4294967195.0,,
16786511,"eax,rsi,^,0xffffffff,&,rsi,=,$z,zf,:=,$p,pf,:=,31,$s,sf,:=,0,cf,:=,0,of,:=",False,16786480,16786610,2,"xor esi, eax","xor esi, eax",31c6,cpu,xor,False,28,0,,,,,,
16786513,"ecx,rax,=",False,16786480,16786610,2,"mov eax, ecx","mov eax, ecx",89c8,cpu,mov,False,9,0,,,,,,
16786515,"esi,rax,&,0xffffffff,&,rax,=,$z,zf,:=,$p,pf,:=,31,$s,sf,:=,0,cf,:=,0,of,:=",False,16786480,16786610,2,"and eax, esi","and eax, esi",21f0,cpu,and,False,27,0,,,,,,
16786517,"edx,ecx,|=,31,$s,sf,:=,$z,zf,:=,$p,pf,:=,0,of,:=,0,cf,:=",False,16786480,16786610,2,"or ecx, edx","or ecx, edx",09d1,cpu,or,False,26,0,,,,,,
16786519,"eax,ecx,|=,31,$s,sf,:=,$z,zf,:=,$p,pf,:=,0,of,:=,0,cf,:=",False,16786480,16786610,2,"or ecx, eax","or ecx, eax",09c1,cpu,or,False,26,0,,,,,,
16786521,"18446744073709551515,ecx,+=,31,$o,of,:=,31,$s,sf,:=,$z,zf,:=,31,$c,cf,:=,$p,pf,:=,3,$c,af,:=",False,16786480,16786609,3,"add ecx, 0xffffff9b","add ecx, 0xffffff9b",83c19b,cpu,add,False,17,0,,,,1.8446744073709552e+19,,
16786524,"eax,rax,^,0xffffffff,&,rax,=,$z,zf,:=,$p,pf,:=,31,$s,sf,:=,0,cf,:=,0,of,:=",False,16786480,16786610,2,"xor eax, eax","xor eax, eax",31c0,cpu,xor,False,28,0,,,,,,
16786526,"18446744073709551516,ecx,==,$z,zf,:=,32,$b,cf,:=,$p,pf,:=,31,$s,sf,:=,18446744073709551516,0x80000000,-,!,31,$o,^,of,:=,3,$b,af,:=",False,16786480,16786609,3,"cmp ecx, 0xffffff9c","cmp ecx, 0xffffff9c",83f99c,cpu,cmp,False,15,0,,,1.8446744073709552e+19,1.8446744073709552e+19,,
16786529,"eax,0x4,rbp,-,=[4]",True,16786480,16786609,3,"mov dword [rbp - 4], eax","mov dword [var_ch], eax",8945fc,cpu,mov,False,268435465,0,,,,,,
16786532,"cf,?{,16786607,rip,=,}",False,16786480,16786610,2,jb 0x10024af,jb 0x10024af,7249,cpu,cjmp,False,2147483649,0,,,,,16786607.0,16786534.0
16786534,"0x10,rbp,-,[8],rax,=",True,16786480,16786608,4,"mov rax, qword [rbp - 0x10]","mov rax, qword [var_18h]",488b45f0,cpu,mov,False,9,0,,,,,,
16786538,"0x4,rax,+,[4],rcx,=",True,16786480,16786609,3,"mov ecx, dword [rax + 4]","mov ecx, dword [rax + 4]",8b4804,cpu,mov,False,9,0,,,,,,
16786541,"4294967295,rcx,^,0xffffffff,&,rcx,=,$z,zf,:=,$p,pf,:=,31,$s,sf,:=,0,cf,:=,0,of,:=",False,16786480,16786609,3,"xor ecx, 0xffffffff","xor ecx, 0xffffffff",83f1ff,cpu,xor,False,28,0,,,4294967295.0,4294967295.0,,
16786544,"4294967295,rcx,^,0xffffffff,&,rcx,=,$z,zf,:=,$p,pf,:=,31,$s,sf,:=,0,cf,:=,0,of,:=",False,16786480,16786606,6,"xor ecx, 0xffffffff","xor ecx, 0xffffffff",81f1ffffffff,cpu,xor,False,28,0,,,4294967295.0,4294967295.0,,
16786550,"18446744073709551515,ecx,+=,31,$o,of,:=,31,$s,sf,:=,$z,zf,:=,31,$c,cf,:=,$p,pf,:=,3,$c,af,:=",False,16786480,16786609,3,"add ecx, 0xffffff9b","add ecx, 0xffffff9b",83c19b,cpu,add,False,17,0,,,,1.8446744073709552e+19,,
16786553,"eax,rax,^,0xffffffff,&,rax,=,$z,zf,:=,$p,pf,:=,31,$s,sf,:=,0,cf,:=,0,of,:=",False,16786480,16786610,2,"xor eax, eax","xor eax, eax",31c0,cpu,xor,False,28,0,,,,,,
16786555,"18446744073709551516,ecx,==,$z,zf,:=,32,$b,cf,:=,$p,pf,:=,31,$s,sf,:=,18446744073709551516,0x80000000,-,!,31,$o,^,of,:=,3,$b,af,:=",False,16786480,16786609,3,"cmp ecx, 0xffffff9c","cmp ecx, 0xffffff9c",83f99c,cpu,cmp,False,15,0,,,1.8446744073709552e+19,1.8446744073709552e+19,,
16786558,"eax,0x4,rbp,-,=[4]",True,16786480,16786609,3,"mov dword [rbp - 4], eax","mov dword [var_ch], eax",8945fc,cpu,mov,False,268435465,0,,,,,,
16786561,"cf,?{,16786607,rip,=,}",False,16786480,16786610,2,jb 0x10024af,jb 0x10024af,722c,cpu,cjmp,False,2147483649,0,,,,,16786607.0,16786563.0
16786563,"0x10,rbp,-,[8],rax,=",True,16786480,16786608,4,"mov rax, qword [rbp - 0x10]","mov rax, qword [var_18h]",488b45f0,cpu,mov,False,9,0,,,,,,
16786567,"0x8,rax,+,[4],rcx,=",True,16786480,16786609,3,"mov ecx, dword [rax + 8]","mov ecx, dword [rax + 8]",8b4808,cpu,mov,False,9,0,,,,,,
16786570,"ecx,rax,=",False,16786480,16786610,2,"mov eax, ecx","mov eax, ecx",89c8,cpu,mov,False,9,0,,,,,,
16786572,"4294967295,rax,&,0xffffffff,&,rax,=,$z,zf,:=,$p,pf,:=,31,$s,sf,:=,0,cf,:=,0,of,:=",False,16786480,16786607,5,"and eax, 0xffffffff","and eax, 0xffffffff",25ffffffff,cpu,and,False,27,0,,,4294967295.0,4294967295.0,,
16786577,"0,rax,^,0xffffffff,&,rax,=,$z,zf,:=,$p,pf,:=,31,$s,sf,:=,0,cf,:=,0,of,:=",False,16786480,16786609,3,"xor eax, 0","xor eax, 0",83f000,cpu,xor,False,28,0,,,,0.0,,
16786580,"4294967295,rcx,^,0xffffffff,&,rcx,=,$z,zf,:=,$p,pf,:=,31,$s,sf,:=,0,cf,:=,0,of,:=",False,16786480,16786609,3,"xor ecx, 0xffffffff","xor ecx, 0xffffffff",83f1ff,cpu,xor,False,28,0,,,4294967295.0,4294967295.0,,
16786583,"4294967295,rcx,^,0xffffffff,&,rcx,=,$z,zf,:=,$p,pf,:=,31,$s,sf,:=,0,cf,:=,0,of,:=",False,16786480,16786609,3,"xor ecx, 0xffffffff","xor ecx, 0xffffffff",83f1ff,cpu,xor,False,28,0,,,4294967295.0,4294967295.0,,
16786586,"ecx,rax,&,0xffffffff,&,rax,=,$z,zf,:=,$p,pf,:=,31,$s,sf,:=,0,cf,:=,0,of,:=",False,16786480,16786610,2,"and eax, ecx","and eax, ecx",21c8,cpu,and,False,27,0,,,,,,
16786588,"4294967295,eax,+=,31,$o,of,:=,31,$s,sf,:=,$z,zf,:=,31,$c,cf,:=,$p,pf,:=,3,$c,af,:=",False,16786480,16786607,5,"add eax, 0xffffffff","add eax, 0xffffffff",05ffffffff,cpu,add,False,17,0,,,4294967295.0,4294967295.0,,
16786593,"100,eax,==,$z,zf,:=,32,$b,cf,:=,$p,pf,:=,31,$s,sf,:=,100,0x80000000,-,!,31,$o,^,of,:=,3,$b,af,:=",False,16786480,16786609,3,"cmp eax, 0x64","cmp eax, 0x64",83f864,cpu,cmp,False,15,0,,,100.0,100.0,,
16786596,"cf,al,=",False,16786480,16786609,3,setb al,setb al,0f92c0,cpu,cmov,False,2147483657,0,,,,,,
16786599,"1,al,&=,$z,zf,:=,$p,pf,:=,7,$s,sf,:=,0,cf,:=,0,of,:=",False,16786480,16786610,2,"and al, 1","and al, 1",2401,cpu,and,False,27,0,,,,1.0,,
16786601,"al,rax,=",False,16786480,16786609,3,"movzx eax, al","movzx eax, al",0fb6c0,cpu,mov,False,9,0,,,,,,
16786604,"eax,0x4,rbp,-,=[4]",True,16786480,16786609,3,"mov dword [rbp - 4], eax","mov dword [var_ch], eax",8945fc,cpu,mov,False,268435465,0,,,,,,
16786607,"0x4,rbp,-,[4],rax,=",True,16786480,16786609,3,"mov eax, dword [rbp - 4]","mov eax, dword [var_ch]",8b45fc,cpu,mov,False,9,0,,,,,,
16786610,"rsp,[8],8,rsp,+=,rbp,=",False,16786480,16786611,1,pop rbp,pop rbp,5d,cpu,pop,False,14,0,,,,,,
16786611,"rsp,[8],rip,=,8,rsp,+=",False,16786480,16786611,1,ret,ret,c3,cpu,ret,False,5,0,,,,,,
