offset,esil,refptr,fcn_addr,fcn_last,size,opcode,disasm,bytes,family,type,reloc,type_num,type2_num,flags,xrefs_to,val,jump,fail,xrefs_from,ptr
16783584,"rbp,8,rsp,-,=[8],8,rsp,-=",False,16783584,16783676,1,push rbp,push rbp,55,cpu,rpush,False,268435468,0,"['main', 'sym.main', 'dbg.main']","[{'addr': 16782781, 'type': 'DATA'}]",,,,,
16783585,"rsp,rbp,=",False,16783584,16783674,3,"mov rbp, rsp","mov rbp, rsp",4889e5,cpu,mov,False,9,0,,,,,,,
16783588,"16,rsp,-=,16,0x8000000000000000,-,!,63,$o,^,of,:=,63,$s,sf,:=,$z,zf,:=,$p,pf,:=,64,$b,cf,:=,3,$b,af,:=",False,16783584,16783673,4,"sub rsp, 0x10","sub rsp, 0x10",4883ec10,cpu,sub,False,18,0,,,16.0,,,,
16783592,"0x8,rsi,+,[8],rdi,=",True,16783584,16783673,4,"mov rdi, qword [rsi + 8]","mov rdi, qword [rsi + 8]",488b7e08,cpu,mov,False,9,0,,,,,,,
16783596,"eax,rax,^,0xffffffff,&,rax,=,$z,zf,:=,$p,pf,:=,31,$s,sf,:=,0,cf,:=,0,of,:=",False,16783584,16783675,2,"xor eax, eax","xor eax, eax",31c0,cpu,xor,False,28,0,,,,,,,
16783598,"eax,rsi,=",False,16783584,16783675,2,"mov esi, eax","mov esi, eax",89c6,cpu,mov,False,9,0,,,,,,,
16783600,"16783824,rip,8,rsp,-=,rsp,=[],rip,=",False,16783584,16783672,5,call 0x10019d0,call sym.imp.strtod,e8db000000,cpu,call,False,3,0,,,,16783824.0,16783605.0,"[{'addr': 16783824, 'type': 'CALL'}]",
16783605,,False,16783584,16783673,4,"cvtsd2ss xmm0, xmm0","cvtsd2ss xmm0, xmm0",f20f5ac0,sse,null,False,0,0,,,,,,,
16783609,,False,16783584,16783673,4,"cvttss2si edi, xmm0","cvttss2si edi, xmm0",f30f2cf8,sse,null,False,0,0,,,,,,,
16783613,"16782800,rip,8,rsp,-=,rsp,=[],rip,=",False,16783584,16783672,5,call 0x10015d0,call dbg.diagonal_addition,e8cefcffff,cpu,call,False,3,0,,,,16782800.0,16783618.0,"[{'addr': 16782800, 'type': 'CALL'}]",
16783618,"eax,rcx,=",False,16783584,16783675,2,"mov ecx, eax","mov ecx, eax",89c1,cpu,mov,False,9,0,,,,,,,
16783620,"ecx,0x4,rbp,-,=[4]",True,16783584,16783674,3,"mov dword [rbp - 4], ecx","mov dword [number], ecx",894dfc,cpu,mov,False,268435465,0,,,,,,,
16783623,"0x144b,rip,-,rdi,=",True,16783584,16783670,7,"lea rdi, [rip - 0x144b]","lea rdi, str.You_loose",488d3db5ebffff,cpu,lea,False,33,0,,,,,,"[{'addr': 16778435, 'type': 'DATA'}]",16778435.0
16783630,"0x145b,rip,-,rax,=",True,16783584,16783670,7,"lea rax, [rip - 0x145b]","lea rax, str.You_win",488d05a5ebffff,cpu,lea,False,33,0,,,,,,"[{'addr': 16778426, 'type': 'DATA'}]",16778426.0
16783637,"506328992,ecx,==,$z,zf,:=,32,$b,cf,:=,$p,pf,:=,31,$s,sf,:=,506328992,0x80000000,-,!,31,$o,^,of,:=,3,$b,af,:=",False,16783584,16783671,6,"cmp ecx, 0x1e2df7a0","cmp ecx, 0x1e2df7a0",81f9a0f72d1e,cpu,cmp,False,15,0,,,506328992.0,,,,506328992.0
16783643,"zf,?{,rax,rdi,=,}",False,16783584,16783673,4,"cmove rdi, rax","cmove rdi, rax",480f44f8,cpu,cmov,False,2147483657,0,,,,,,,
16783647,"16783840,rip,8,rsp,-=,rsp,=[],rip,=",False,16783584,16783672,5,call 0x10019e0,call sym.imp.puts,e8bc000000,cpu,call,False,3,0,,,,16783840.0,16783652.0,"[{'addr': 16783840, 'type': 'CALL'}]",
16783652,"0x4,rbp,-,[4],rsi,=",True,16783584,16783674,3,"mov esi, dword [rbp - 4]","mov esi, dword [number]",8b75fc,cpu,mov,False,9,0,,,,,,,
16783655,"0x1482,rip,-,rdi,=",True,16783584,16783670,7,"lea rdi, [rip - 0x1482]","lea rdi, str.Result:_0x_x",488d3d7eebffff,cpu,lea,False,33,0,,,,,,"[{'addr': 16778412, 'type': 'DATA'}]",16778412.0
16783662,"0,al,=",False,16783584,16783675,2,"mov al, 0","mov al, 0",b000,cpu,mov,False,9,0,,,0.0,,,,
16783664,"16783856,rip,8,rsp,-=,rsp,=[],rip,=",False,16783584,16783672,5,call 0x10019f0,call sym.imp.printf,e8bb000000,cpu,call,False,3,0,,,,16783856.0,16783669.0,"[{'addr': 16783856, 'type': 'CALL'}]",
16783669,"eax,rax,^,0xffffffff,&,rax,=,$z,zf,:=,$p,pf,:=,31,$s,sf,:=,0,cf,:=,0,of,:=",False,16783584,16783675,2,"xor eax, eax","xor eax, eax",31c0,cpu,xor,False,28,0,,,,,,,
16783671,"16,rsp,+=,63,$o,of,:=,63,$s,sf,:=,$z,zf,:=,63,$c,cf,:=,$p,pf,:=,3,$c,af,:=",False,16783584,16783673,4,"add rsp, 0x10","add rsp, 0x10",4883c410,cpu,add,False,17,0,,,16.0,,,,
16783675,"rsp,[8],8,rsp,+=,rbp,=",False,16783584,16783676,1,pop rbp,pop rbp,5d,cpu,pop,False,14,0,,,,,,,
16783676,"rsp,[8],rip,=,8,rsp,+=",False,16783584,16783676,1,ret,ret,c3,cpu,ret,False,5,0,,,,,,,
