offset,esil,refptr,fcn_addr,fcn_last,size,opcode,disasm,bytes,family,type,reloc,type_num,type2_num,flags,val,ptr,jump,fail,xrefs_from,xrefs_to
16783456,"rbp,8,rsp,-,=[8],8,rsp,-=",False,16783456,16783565,1,push rbp,push rbp,55,cpu,rpush,False,268435468,0,['sym.printArray'],,,,,,
16783457,"rsp,rbp,=",False,16783456,16783563,3,"mov rbp, rsp","mov rbp, rsp",4889e5,cpu,mov,False,9,0,,,,,,,
16783460,"48,rsp,-=,48,0x8000000000000000,-,!,63,$o,^,of,:=,63,$s,sf,:=,$z,zf,:=,$p,pf,:=,64,$b,cf,:=,3,$b,af,:=",False,16783456,16783562,4,"sub rsp, 0x30","sub rsp, 0x30",4883ec30,cpu,sub,False,18,0,,48.0,,,,,
16783464,"rdi,0x10,rbp,-,=[8]",True,16783456,16783562,4,"mov qword [rbp - 0x10], rdi","mov qword [var_18h], rdi",48897df0,cpu,mov,False,268435465,0,,,,,,,
16783468,"esi,0x4,rbp,-,=[4]",True,16783456,16783563,3,"mov dword [rbp - 4], esi","mov dword [var_ch], esi",8975fc,cpu,mov,False,268435465,0,,,,,,,
16783471,"0,esi,==,$z,zf,:=,32,$b,cf,:=,$p,pf,:=,31,$s,sf,:=,0,0x80000000,-,!,31,$o,^,of,:=,3,$b,af,:=",False,16783456,16783563,3,"cmp esi, 0","cmp esi, 0",83fe00,cpu,cmp,False,15,0,,0.0,0.0,,,,
16783474,"of,sf,^,zf,|,?{,16783493,rip,=,}",False,16783456,16783564,2,jle 0x1001885,jle 0x1001885,7e11,cpu,cjmp,False,2147483649,0,,,,16783493.0,16783476.0,,
16783476,"0x4,rbp,-,[4],rax,=",True,16783456,16783563,3,"mov eax, dword [rbp - 4]","mov eax, dword [var_ch]",8b45fc,cpu,mov,False,9,0,,,,,,,
16783479,"eax,rax,=",False,16783456,16783564,2,"mov eax, eax","mov eax, eax",89c0,cpu,mov,False,9,0,,,,,,,
16783481,"rax,0x20,rbp,-,=[8]",True,16783456,16783562,4,"mov qword [rbp - 0x20], rax","mov qword [var_28h], rax",488945e0,cpu,mov,False,268435465,0,,,,,,,
16783485,"eax,rax,^,0xffffffff,&,rax,=,$z,zf,:=,$p,pf,:=,31,$s,sf,:=,0,cf,:=,0,of,:=",False,16783456,16783564,2,"xor eax, eax","xor eax, eax",31c0,cpu,xor,False,28,0,,,,,,,
16783487,"rax,0x18,rbp,-,=[8]",True,16783456,16783562,4,"mov qword [rbp - 0x18], rax","mov qword [var_20h], rax",488945e8,cpu,mov,False,268435465,0,,,,,,,
16783491,"0x1001894,rip,=",False,16783456,16783564,2,jmp 0x1001894,jmp 0x1001894,eb0f,cpu,jmp,False,1,0,,,,16783508.0,,"[{'addr': 16783508, 'type': 'CODE'}]",
16783493,"10,rdi,=",False,16783456,16783561,5,"mov edi, 0xa","mov edi, 0xa",bf0a000000,cpu,mov,False,9,0,,10.0,,,,,
16783498,"48,rsp,+=,63,$o,of,:=,63,$s,sf,:=,$z,zf,:=,63,$c,cf,:=,$p,pf,:=,3,$c,af,:=",False,16783456,16783562,4,"add rsp, 0x30","add rsp, 0x30",4883c430,cpu,add,False,17,0,,48.0,,,,,
16783502,"rsp,[8],8,rsp,+=,rbp,=",False,16783456,16783565,1,pop rbp,pop rbp,5d,cpu,pop,False,14,0,,,,,,,
16783503,"0x1002320,rip,=",False,16783456,16783561,5,jmp 0x1002320,jmp sym.imp.putchar,e98c0a0000,cpu,jmp,False,1,0,,,,16786208.0,,"[{'addr': 16786208, 'type': 'CODE'}]",
16783508,"0x18,rbp,-,[8],rcx,=",True,16783456,16783562,4,"mov rcx, qword [rbp - 0x18]","mov rcx, qword [var_20h]",488b4de8,cpu,mov,False,9,0,,,,,,,"[{'addr': 16783491, 'type': 'CODE'}, {'addr': 16783564, 'type': 'CODE'}]"
16783512,"0x10,rbp,-,[8],rax,=",True,16783456,16783562,4,"mov rax, qword [rbp - 0x10]","mov rax, qword [var_18h]",488b45f0,cpu,mov,False,9,0,,,,,,,
16783516,"rcx,0x28,rbp,-,=[8]",True,16783456,16783562,4,"mov qword [rbp - 0x28], rcx","mov qword [var_30h], rcx",48894dd8,cpu,mov,False,268435465,0,,,,,,,
16783520,"rcx,4,*,rax,+,[4],xmm0,=",True,16783456,16783561,5,"movss xmm0, dword [rax + rcx*4]","movss xmm0, dword [rax + rcx*4]",f30f100488,sse,mov,False,9,0,,,,,,,
16783525,,False,16783456,16783562,4,"cvtss2sd xmm0, xmm0","cvtss2sd xmm0, xmm0",f30f5ac0,sse,null,False,0,0,,,,,,,
16783529,"0x12e4,rip,-,rdi,=",True,16783456,16783559,7,"lea rdi, [rip - 0x12e4]","lea rdi, str..2f",488d3d1cedffff,cpu,lea,False,33,0,,,16778700.0,,,"[{'addr': 16778700, 'type': 'DATA'}]",
16783536,"1,al,=",False,16783456,16783564,2,"mov al, 1","mov al, 1",b001,cpu,mov,False,9,0,,1.0,,,,,
16783538,"16786224,rip,8,rsp,-=,rsp,=[],rip,=",False,16783456,16783561,5,call 0x1002330,call sym.imp.printf,e8790a0000,cpu,call,False,3,0,,,,16786224.0,16783543.0,"[{'addr': 16786224, 'type': 'CALL'}]",
16783543,"0x20,rbp,-,[8],rcx,=",True,16783456,16783562,4,"mov rcx, qword [rbp - 0x20]","mov rcx, qword [var_28h]",488b4de0,cpu,mov,False,9,0,,,,,,,
16783547,"0x28,rbp,-,[8],rax,=",True,16783456,16783562,4,"mov rax, qword [rbp - 0x28]","mov rax, qword [var_30h]",488b45d8,cpu,mov,False,9,0,,,,,,,
16783551,"1,rax,+=,63,$o,of,:=,63,$s,sf,:=,$z,zf,:=,63,$c,cf,:=,$p,pf,:=,3,$c,af,:=",False,16783456,16783562,4,"add rax, 1","add rax, 1",4883c001,cpu,add,False,17,0,,1.0,,,,,
16783555,"rcx,rax,==,$z,zf,:=,64,$b,cf,:=,$p,pf,:=,63,$s,sf,:=,rcx,0x8000000000000000,-,!,63,$o,^,of,:=,3,$b,af,:=",False,16783456,16783563,3,"cmp rax, rcx","cmp rax, rcx",4839c8,cpu,cmp,False,15,0,,,,,,,
16783558,"rax,0x18,rbp,-,=[8]",True,16783456,16783562,4,"mov qword [rbp - 0x18], rax","mov qword [var_20h], rax",488945e8,cpu,mov,False,268435465,0,,,,,,,
16783562,"zf,?{,16783493,rip,=,}",False,16783456,16783564,2,je 0x1001885,je 0x1001885,74b9,cpu,cjmp,False,2147483649,0,,,,16783493.0,16783564.0,,
16783564,"0x1001894,rip,=",False,16783456,16783564,2,jmp 0x1001894,jmp 0x1001894,ebc6,cpu,jmp,False,1,0,,,,16783508.0,,"[{'addr': 16783508, 'type': 'CODE'}]",
