offset,esil,refptr,fcn_addr,fcn_last,size,opcode,disasm,bytes,family,type,reloc,type_num,type2_num,flags,xrefs_to,val,ptr,jump,fail,xrefs_from
16782848,"rbp,8,rsp,-,=[8],8,rsp,-=",False,16782848,16782938,1,push rbp,push rbp,55,cpu,rpush,False,268435468,0,"['main', 'sym.main']","[{'addr': 16782829, 'type': 'DATA'}]",,,,,
16782849,"rsp,rbp,=",False,16782848,16782936,3,"mov rbp, rsp","mov rbp, rsp",4889e5,cpu,mov,False,9,0,,,,,,,
16782852,"16,rsp,-=,16,0x8000000000000000,-,!,63,$o,^,of,:=,63,$s,sf,:=,$z,zf,:=,$p,pf,:=,64,$b,cf,:=,3,$b,af,:=",False,16782848,16782935,4,"sub rsp, 0x10","sub rsp, 0x10",4883ec10,cpu,sub,False,18,0,,,16.0,,,,
16782856,"rsi,0x8,rbp,-,=[8]",True,16782848,16782935,4,"mov qword [rbp - 8], rsi","mov qword [endptr], rsi",488975f8,cpu,mov,False,268435465,0,,,,,,,
16782860,"2,edi,==,$z,zf,:=,32,$b,cf,:=,$p,pf,:=,31,$s,sf,:=,2,0x80000000,-,!,31,$o,^,of,:=,3,$b,af,:=",False,16782848,16782936,3,"cmp edi, 2","cmp edi, 2",83ff02,cpu,cmp,False,15,0,,,2.0,2.0,,,
16782863,"zf,?{,16782896,rip,=,}",False,16782848,16782937,2,je 0x1001630,je 0x1001630,741f,cpu,cjmp,False,2147483649,0,,,,,16782896.0,16782865.0,
16782865,"0x8,rbp,-,[8],rax,=",True,16782848,16782935,4,"mov rax, qword [rbp - 8]","mov rax, qword [endptr]",488b45f8,cpu,mov,False,9,0,,,,,,,
16782869,"rax,[8],rsi,=",True,16782848,16782936,3,"mov rsi, qword [rax]","mov rsi, qword [rax]",488b30,cpu,mov,False,9,0,,,,,,,
16782872,"0x11e3,rip,-,rdi,=",True,16782848,16782932,7,"lea rdi, [rip - 0x11e3]","lea rdi, str.Usage:__s__integer",488d3d1deeffff,cpu,lea,False,33,0,,,,16778300.0,,,"[{'addr': 16778300, 'type': 'DATA'}]"
16782879,"0,al,=",False,16782848,16782937,2,"mov al, 0","mov al, 0",b000,cpu,mov,False,9,0,,,0.0,,,,
16782881,"16784912,rip,8,rsp,-=,rsp,=[],rip,=",False,16782848,16782934,5,call 0x1001e10,call sym.imp.printf,e8ea070000,cpu,call,False,3,0,,,,,16784912.0,16782886.0,"[{'addr': 16784912, 'type': 'CALL'}]"
16782886,"1,rax,=",False,16782848,16782934,5,"mov eax, 1","mov eax, 1",b801000000,cpu,mov,False,9,0,,,1.0,,,,
16782891,"eax,0xc,rbp,-,=[4]",True,16782848,16782936,3,"mov dword [rbp - 0xc], eax","mov dword [var_14h], eax",8945f4,cpu,mov,False,268435465,0,,,,,,,
16782894,"0x1001652,rip,=",False,16782848,16782937,2,jmp 0x1001652,jmp 0x1001652,eb22,cpu,jmp,False,1,0,,,,,16782930.0,,"[{'addr': 16782930, 'type': 'CODE'}]"
16782896,"0x8,rbp,-,[8],rax,=",True,16782848,16782935,4,"mov rax, qword [rbp - 8]","mov rax, qword [endptr]",488b45f8,cpu,mov,False,9,0,,,,,,,
16782900,"0x8,rax,+,[8],rdi,=",True,16782848,16782935,4,"mov rdi, qword [rax + 8]","mov rdi, qword [rax + 8]",488b7808,cpu,mov,False,9,0,,,,,,,
16782904,"eax,rax,^,0xffffffff,&,rax,=,$z,zf,:=,$p,pf,:=,31,$s,sf,:=,0,cf,:=,0,of,:=",False,16782848,16782937,2,"xor eax, eax","xor eax, eax",31c0,cpu,xor,False,28,0,,,,,,,
16782906,"eax,rsi,=",False,16782848,16782937,2,"mov esi, eax","mov esi, eax",89c6,cpu,mov,False,9,0,,,,,,,
16782908,"10,rdx,=",False,16782848,16782934,5,"mov edx, 0xa","mov edx, 0xa",ba0a000000,cpu,mov,False,9,0,,,10.0,,,,
16782913,"16784928,rip,8,rsp,-=,rsp,=[],rip,=",False,16782848,16782934,5,call 0x1001e20,call sym.imp.strtol,e8da070000,cpu,call,False,3,0,,,,,16784928.0,16782918.0,"[{'addr': 16784928, 'type': 'CALL'}]"
16782918,"eax,rdi,=",False,16782848,16782937,2,"mov edi, eax","mov edi, eax",89c7,cpu,mov,False,9,0,,,,,,,
16782920,"16782944,rip,8,rsp,-=,rsp,=[],rip,=",False,16782848,16782934,5,call 0x1001660,call sym.entropy_machine,e813000000,cpu,call,False,3,0,,,,,16782944.0,16782925.0,"[{'addr': 16782944, 'type': 'CALL'}]"
16782925,"eax,rax,^,0xffffffff,&,rax,=,$z,zf,:=,$p,pf,:=,31,$s,sf,:=,0,cf,:=,0,of,:=",False,16782848,16782937,2,"xor eax, eax","xor eax, eax",31c0,cpu,xor,False,28,0,,,,,,,
16782927,"eax,0xc,rbp,-,=[4]",True,16782848,16782936,3,"mov dword [rbp - 0xc], eax","mov dword [var_14h], eax",8945f4,cpu,mov,False,268435465,0,,,,,,,
16782930,"0xc,rbp,-,[4],rax,=",True,16782848,16782936,3,"mov eax, dword [rbp - 0xc]","mov eax, dword [var_14h]",8b45f4,cpu,mov,False,9,0,,"[{'addr': 16782894, 'type': 'CODE'}]",,,,,
16782933,"16,rsp,+=,63,$o,of,:=,63,$s,sf,:=,$z,zf,:=,63,$c,cf,:=,$p,pf,:=,3,$c,af,:=",False,16782848,16782935,4,"add rsp, 0x10","add rsp, 0x10",4883c410,cpu,add,False,17,0,,,16.0,,,,
16782937,"rsp,[8],8,rsp,+=,rbp,=",False,16782848,16782938,1,pop rbp,pop rbp,5d,cpu,pop,False,14,0,,,,,,,
16782938,"rsp,[8],rip,=,8,rsp,+=",False,16782848,16782938,1,ret,ret,c3,cpu,ret,False,5,0,,,,,,,
