offset,esil,refptr,fcn_addr,fcn_last,size,opcode,disasm,bytes,family,type,reloc,type_num,type2_num,flags,xrefs_to,ptr,xrefs_from,val
16784336,"rbp,8,rsp,-,=[8],8,rsp,-=",False,16784336,16784465,1,push rbp,push rbp,55,cpu,rpush,False,268435468,0,['sym.predigits'],"[{'addr': 16783236, 'type': 'CALL'}, {'addr': 16783420, 'type': 'CALL'}, {'addr': 16783587, 'type': 'CALL'}, {'addr': 16783734, 'type': 'CALL'}, {'addr': 16783833, 'type': 'CALL'}, {'addr': 16783940, 'type': 'CALL'}]",,,
16784337,"rsp,rbp,=",False,16784336,16784463,3,"mov rbp, rsp","mov rbp, rsp",4889e5,cpu,mov,False,9,0,,,,,
16784340,"sil,dl,=",False,16784336,16784463,3,"mov dl, sil","mov dl, sil",4088f2,cpu,mov,False,9,0,,,,,
16784343,"dil,r8b,=",False,16784336,16784463,3,"mov r8b, dil","mov r8b, dil",4188f8,cpu,mov,False,9,0,,,,,
16784346,"0x22ef,rip,+,rax,=",True,16784336,16784459,7,"lea rax, [rip + 0x22ef]","lea rax, obj.i",488d05ef220000,cpu,lea,False,33,0,,,16793296.0,"[{'addr': 16793296, 'type': 'DATA'}]",
16784353,"rax,[4],rdi,=",True,16784336,16784464,2,"mov edi, dword [rax]","mov edi, dword [rax]",8b38,cpu,mov,False,9,0,,,,,
16784355,"edi,rax,=",False,16784336,16784464,2,"mov eax, edi","mov eax, edi",89f8,cpu,mov,False,9,0,,,,,
16784357,"1,rax,&,0xffffffff,&,rax,=,$z,zf,:=,$p,pf,:=,31,$s,sf,:=,0,cf,:=,0,of,:=",False,16784336,16784463,3,"and eax, 1","and eax, 1",83e001,cpu,and,False,27,0,,,,,1.0
16784360,"edi,rcx,=",False,16784336,16784464,2,"mov ecx, edi","mov ecx, edi",89f9,cpu,mov,False,9,0,,,,,
16784362,"1,ecx,|=,31,$s,sf,:=,$z,zf,:=,$p,pf,:=,0,of,:=,0,cf,:=",False,16784336,16784463,3,"or ecx, 1","or ecx, 1",83c901,cpu,or,False,26,0,,,,,1.0
16784365,"ecx,eax,+=,31,$o,of,:=,31,$s,sf,:=,$z,zf,:=,31,$c,cf,:=,$p,pf,:=,3,$c,af,:=",False,16784336,16784464,2,"add eax, ecx","add eax, ecx",01c8,cpu,add,False,17,0,,,,,
16784367,"32,edi,~,rsi,=",False,16784336,16784463,3,"movsxd rsi, edi","movsxd rsi, edi",4863f7,cpu,mov,False,9,0,,,,,
16784370,"0x22e7,rip,+,rcx,=",True,16784336,16784459,7,"lea rcx, [rip + 0x22e7]","lea rcx, [obj.roman_Number]",488d0de7220000,cpu,lea,False,33,0,,,16793312.0,"[{'addr': 16793312, 'type': 'DATA'}]",
16784377,"r8b,rsi,rcx,+,=[1]",True,16784336,16784462,4,"mov byte [rcx + rsi], r8b","mov byte [rcx + rsi], r8b",44880431,cpu,mov,False,9,0,,,,,
16784381,"edi,rcx,=",False,16784336,16784464,2,"mov ecx, edi","mov ecx, edi",89f9,cpu,mov,False,9,0,,,,,
16784383,"4294967295,rcx,^,0xffffffff,&,rcx,=,$z,zf,:=,$p,pf,:=,31,$s,sf,:=,0,cf,:=,0,of,:=",False,16784336,16784463,3,"xor ecx, 0xffffffff","xor ecx, 0xffffffff",83f1ff,cpu,xor,False,28,0,,,4294967295.0,,4294967295.0
16784386,"edi,rsi,=",False,16784336,16784464,2,"mov esi, edi","mov esi, edi",89fe,cpu,mov,False,9,0,,,,,
16784388,"4294967293,rsi,^,0xffffffff,&,rsi,=,$z,zf,:=,$p,pf,:=,31,$s,sf,:=,0,cf,:=,0,of,:=",False,16784336,16784460,6,"xor esi, 0xfffffffd","xor esi, 0xfffffffd",81f6fdffffff,cpu,xor,False,28,0,,,4294967293.0,,4294967293.0
16784394,"2,rsi,^,0xffffffff,&,rsi,=,$z,zf,:=,$p,pf,:=,31,$s,sf,:=,0,cf,:=,0,of,:=",False,16784336,16784463,3,"xor esi, 2","xor esi, 2",83f602,cpu,xor,False,28,0,,,,,2.0
16784397,"edi,r8,=",False,16784336,16784463,3,"mov r8d, edi","mov r8d, edi",4189f8,cpu,mov,False,9,0,,,,,
16784400,"r8d,r8d,|=,31,$s,sf,:=,$z,zf,:=,$p,pf,:=,0,of,:=,0,cf,:=",False,16784336,16784463,3,"or r8d, r8d","or r8d, r8d",4509c0,cpu,or,False,26,0,,,,,
16784403,"edi,r9,=",False,16784336,16784463,3,"mov r9d, edi","mov r9d, edi",4189f9,cpu,mov,False,9,0,,,,,
16784406,"2,r9,&,0xffffffff,&,r9,=,$z,zf,:=,$p,pf,:=,31,$s,sf,:=,0,cf,:=,0,of,:=",False,16784336,16784462,4,"and r9d, 2","and r9d, 2",4183e102,cpu,and,False,27,0,,,,,2.0
16784410,"edi,r10,=",False,16784336,16784463,3,"mov r10d, edi","mov r10d, edi",4189fa,cpu,mov,False,9,0,,,,,
16784413,"r10d,r10,^,0xffffffff,&,r10,=,$z,zf,:=,$p,pf,:=,31,$s,sf,:=,0,cf,:=,0,of,:=",False,16784336,16784463,3,"xor r10d, r10d","xor r10d, r10d",4531d2,cpu,xor,False,28,0,,,,,
16784416,"r10d,r9d,|=,31,$s,sf,:=,$z,zf,:=,$p,pf,:=,0,of,:=,0,cf,:=",False,16784336,16784463,3,"or r9d, r10d","or r9d, r10d",4509d1,cpu,or,False,26,0,,,,,
16784419,"4294967295,r9,^,0xffffffff,&,r9,=,$z,zf,:=,$p,pf,:=,31,$s,sf,:=,0,cf,:=,0,of,:=",False,16784336,16784462,4,"xor r9d, 0xffffffff","xor r9d, 0xffffffff",4183f1ff,cpu,xor,False,28,0,,,4294967295.0,,4294967295.0
16784423,"r9d,r8,^,0xffffffff,&,r8,=,$z,zf,:=,$p,pf,:=,31,$s,sf,:=,0,cf,:=,0,of,:=",False,16784336,16784463,3,"xor r8d, r9d","xor r8d, r9d",4531c8,cpu,xor,False,28,0,,,,,
16784426,"r8d,rsi,^,0xffffffff,&,rsi,=,$z,zf,:=,$p,pf,:=,31,$s,sf,:=,0,cf,:=,0,of,:=",False,16784336,16784463,3,"xor esi, r8d","xor esi, r8d",4431c6,cpu,xor,False,28,0,,,,,
16784429,"ecx,rcx,^,0xffffffff,&,rcx,=,$z,zf,:=,$p,pf,:=,31,$s,sf,:=,0,cf,:=,0,of,:=",False,16784336,16784464,2,"xor ecx, ecx","xor ecx, ecx",31c9,cpu,xor,False,28,0,,,,,
16784431,"2,ecx,|=,31,$s,sf,:=,$z,zf,:=,$p,pf,:=,0,of,:=,0,cf,:=",False,16784336,16784463,3,"or ecx, 2","or ecx, 2",83c902,cpu,or,False,26,0,,,,,2.0
16784434,"edi,ecx,|=,31,$s,sf,:=,$z,zf,:=,$p,pf,:=,0,of,:=,0,cf,:=",False,16784336,16784464,2,"or ecx, edi","or ecx, edi",09f9,cpu,or,False,26,0,,,,,
16784436,"edi,ecx,|=,31,$s,sf,:=,$z,zf,:=,$p,pf,:=,0,of,:=,0,cf,:=",False,16784336,16784464,2,"or ecx, edi","or ecx, edi",09f9,cpu,or,False,26,0,,,,,
16784438,"edi,ecx,|=,31,$s,sf,:=,$z,zf,:=,$p,pf,:=,0,of,:=,0,cf,:=",False,16784336,16784464,2,"or ecx, edi","or ecx, edi",09f9,cpu,or,False,26,0,,,,,
16784440,"ecx,esi,+=,31,$o,of,:=,31,$s,sf,:=,$z,zf,:=,31,$c,cf,:=,$p,pf,:=,3,$c,af,:=",False,16784336,16784464,2,"add esi, ecx","add esi, ecx",01ce,cpu,add,False,17,0,,,,,
16784442,"0x228f,rip,+,rcx,=",True,16784336,16784459,7,"lea rcx, [rip + 0x228f]","lea rcx, obj.i",488d0d8f220000,cpu,lea,False,33,0,,,16793296.0,"[{'addr': 16793296, 'type': 'DATA'}]",
16784449,"esi,rcx,=[4]",True,16784336,16784464,2,"mov dword [rcx], esi","mov dword [rcx], esi",8931,cpu,mov,False,9,0,,,,,
16784451,"32,eax,~,rcx,=",False,16784336,16784463,3,"movsxd rcx, eax","movsxd rcx, eax",4863c8,cpu,mov,False,9,0,,,,,
16784454,"0x2293,rip,+,rax,=",True,16784336,16784459,7,"lea rax, [rip + 0x2293]","lea rax, [obj.roman_Number]",488d0593220000,cpu,lea,False,33,0,,,16793312.0,"[{'addr': 16793312, 'type': 'DATA'}]",
16784461,"dl,rcx,rax,+,=[1]",True,16784336,16784463,3,"mov byte [rax + rcx], dl","mov byte [rax + rcx], dl",881408,cpu,mov,False,9,0,,,,,
16784464,"rsp,[8],8,rsp,+=,rbp,=",False,16784336,16784465,1,pop rbp,pop rbp,5d,cpu,pop,False,14,0,,,,,
16784465,"rsp,[8],rip,=,8,rsp,+=",False,16784336,16784465,1,ret,ret,c3,cpu,ret,False,5,0,,,,,
