offset,esil,refptr,fcn_addr,fcn_last,size,opcode,disasm,bytes,family,type,reloc,type_num,type2_num,flags,xrefs_to,val,ptr,jump,fail,xrefs_from
16784208,"rbp,8,rsp,-,=[8],8,rsp,-=",False,16784208,16784334,1,push rbp,push rbp,55,cpu,rpush,False,268435468,0,['sym.postdigits'],"[{'addr': 16783028, 'type': 'CALL'}, {'addr': 16783170, 'type': 'CALL'}, {'addr': 16783326, 'type': 'CALL'}, {'addr': 16783490, 'type': 'CALL'}, {'addr': 16783670, 'type': 'CALL'}, {'addr': 16783796, 'type': 'CALL'}, {'addr': 16783923, 'type': 'CALL'}]",,,,,
16784209,"rsp,rbp,=",False,16784208,16784332,3,"mov rbp, rsp","mov rbp, rsp",4889e5,cpu,mov,False,9,0,,,,,,,
16784212,"16,rsp,-=,16,0x8000000000000000,-,!,63,$o,^,of,:=,63,$s,sf,:=,$z,zf,:=,$p,pf,:=,64,$b,cf,:=,3,$b,af,:=",False,16784208,16784331,4,"sub rsp, 0x10","sub rsp, 0x10",4883ec10,cpu,sub,False,18,0,,,16.0,,,,
16784216,"esi,0x8,rbp,-,=[4]",True,16784208,16784332,3,"mov dword [rbp - 8], esi","mov dword [var_10h], esi",8975f8,cpu,mov,False,268435465,0,,,,,,,
16784219,"dil,al,=",False,16784208,16784332,3,"mov al, dil","mov al, dil",4088f8,cpu,mov,False,9,0,,,,,,,
16784222,"al,0x1,rbp,-,=[1]",True,16784208,16784332,3,"mov byte [rbp - 1], al","mov byte [c], al",8845ff,cpu,mov,False,268435465,0,,,,,,,
16784225,"esi,rcx,=",False,16784208,16784333,2,"mov ecx, esi","mov ecx, esi",89f1,cpu,mov,False,9,0,,,,,,,
16784227,"0,cf,:=,1,31,-,1,<<,ecx,&,?{,1,cf,:=,},31,ecx,>>,ecx,=,$z,zf,:=,$p,pf,:=,31,$s,sf,:=",False,16784208,16784332,3,"shr ecx, 0x1f","shr ecx, 0x1f",c1e91f,cpu,shr,False,22,0,,,31.0,,,,
16784230,"1,rcx,^,0xffffffff,&,rcx,=,$z,zf,:=,$p,pf,:=,31,$s,sf,:=,0,cf,:=,0,of,:=",False,16784208,16784332,3,"xor ecx, 1","xor ecx, 1",83f101,cpu,xor,False,28,0,,,1.0,,,,
16784233,"3,rax,=",False,16784208,16784330,5,"mov eax, 3","mov eax, 3",b803000000,cpu,mov,False,9,0,,,3.0,,,,
16784238,"ecx,eax,-=,ecx,0x80000000,-,!,31,$o,^,of,:=,31,$s,sf,:=,$z,zf,:=,$p,pf,:=,32,$b,cf,:=,3,$b,af,:=",False,16784208,16784333,2,"sub eax, ecx","sub eax, ecx",29c8,cpu,sub,False,18,0,,,,,,,
16784240,"2,rax,^,0xffffffff,&,rax,=,$z,zf,:=,$p,pf,:=,31,$s,sf,:=,0,cf,:=,0,of,:=",False,16784208,16784332,3,"xor eax, 2","xor eax, 2",83f002,cpu,xor,False,28,0,,,2.0,,,,
16784243,"0,eax,==,$z,zf,:=,32,$b,cf,:=,$p,pf,:=,31,$s,sf,:=,0,0x80000000,-,!,31,$o,^,of,:=,3,$b,af,:=",False,16784208,16784332,3,"cmp eax, 0","cmp eax, 0",83f800,cpu,cmp,False,15,0,,,0.0,0.0,,,
16784246,"zf,al,=",False,16784208,16784332,3,sete al,sete al,0f94c0,cpu,cmov,False,2147483657,0,,,,,,,
16784249,"0,esi,==,$z,zf,:=,32,$b,cf,:=,$p,pf,:=,31,$s,sf,:=,0,0x80000000,-,!,31,$o,^,of,:=,3,$b,af,:=",False,16784208,16784332,3,"cmp esi, 0","cmp esi, 0",83fe00,cpu,cmp,False,15,0,,,0.0,0.0,,,
16784252,"zf,!,cl,=",False,16784208,16784332,3,setne cl,setne cl,0f95c1,cpu,cmov,False,2147483657,0,,,,,,,
16784255,"cl,al,&=,$z,zf,:=,$p,pf,:=,7,$s,sf,:=,0,cf,:=,0,of,:=",False,16784208,16784333,2,"and al, cl","and al, cl",20c8,cpu,and,False,27,0,,,,,,,
16784257,"0,1,al,&,==,$z,zf,:=,$p,pf,:=,7,$s,sf,:=,0,cf,:=,0,of,:=",False,16784208,16784333,2,"test al, 1","test al, 1",a801,cpu,acmp,False,16,0,,,1.0,1.0,,,
16784259,"zf,!,?{,16784263,rip,=,}",False,16784208,16784333,2,jne 0x1001b87,jne 0x1001b87,7502,cpu,cjmp,False,2147483649,0,,,,,16784263.0,16784261.0,
16784261,"0x1001bc9,rip,=",False,16784208,16784333,2,jmp 0x1001bc9,jmp 0x1001bc9,eb42,cpu,jmp,False,1,0,,,,,16784329.0,,"[{'addr': 16784329, 'type': 'CODE'}]"
16784263,"0x8,rbp,-,[4],rcx,=",True,16784208,16784332,3,"mov ecx, dword [rbp - 8]","mov ecx, dword [var_10h]",8b4df8,cpu,mov,False,9,0,,,,,,,
16784266,"0x1,rbp,-,[1],al,=",True,16784208,16784332,3,"mov al, byte [rbp - 1]","mov al, byte [c]",8a45ff,cpu,mov,False,9,0,,,,,,,
16784269,"0x233c,rip,+,rdx,=",True,16784208,16784328,7,"lea rdx, [rip + 0x233c]","lea rdx, obj.i",488d153c230000,cpu,lea,False,33,0,,,,16793296.0,,,"[{'addr': 16793296, 'type': 'DATA'}]"
16784276,"rdx,[4],rdx,=",True,16784208,16784333,2,"mov edx, dword [rdx]","mov edx, dword [rdx]",8b12,cpu,mov,False,9,0,,,,,,,
16784278,"edx,0xc,rbp,-,=[4]",True,16784208,16784332,3,"mov dword [rbp - 0xc], edx","mov dword [var_14h], edx",8955f4,cpu,mov,False,268435465,0,,,,,,,
16784281,"32,edx,~,rdx,=",False,16784208,16784332,3,"movsxd rdx, edx","movsxd rdx, edx",4863d2,cpu,mov,False,9,0,,,,,,,
16784284,"0x233d,rip,+,rdi,=",True,16784208,16784328,7,"lea rdi, [rip + 0x233d]","lea rdi, [obj.roman_Number]",488d3d3d230000,cpu,lea,False,33,0,,,,16793312.0,,,"[{'addr': 16793312, 'type': 'DATA'}]"
16784291,"rdx,rdi,+=,63,$o,of,:=,63,$s,sf,:=,$z,zf,:=,63,$c,cf,:=,$p,pf,:=,3,$c,af,:=",False,16784208,16784332,3,"add rdi, rdx","add rdi, rdx",4801d7,cpu,add,False,17,0,,,,,,,
16784294,"ecx,rcx,=",False,16784208,16784333,2,"mov ecx, ecx","mov ecx, ecx",89c9,cpu,mov,False,9,0,,,,,,,
16784296,"ecx,rdx,=",False,16784208,16784333,2,"mov edx, ecx","mov edx, ecx",89ca,cpu,mov,False,9,0,,,,,,,
16784298,"al,rsi,=",False,16784208,16784332,3,"movzx esi, al","movzx esi, al",0fb6f0,cpu,mov,False,9,0,,,,,,,
16784301,"16784672,rip,8,rsp,-=,rsp,=[],rip,=",False,16784208,16784330,5,call 0x1001d20,call sym.imp.memset,e86e010000,cpu,call,False,3,0,,,,,16784672.0,16784306.0,"[{'addr': 16784672, 'type': 'CALL'}]"
16784306,"0x8,rbp,-,[4],rax,=",True,16784208,16784332,3,"mov eax, dword [rbp - 8]","mov eax, dword [var_10h]",8b45f8,cpu,mov,False,9,0,,,,,,,
16784309,"0xc,rbp,-,[4],rdx,=",True,16784208,16784332,3,"mov edx, dword [rbp - 0xc]","mov edx, dword [var_14h]",8b55f4,cpu,mov,False,9,0,,,,,,,
16784312,"edx,rcx,=",False,16784208,16784333,2,"mov ecx, edx","mov ecx, edx",89d1,cpu,mov,False,9,0,,,,,,,
16784314,"eax,rcx,&,0xffffffff,&,rcx,=,$z,zf,:=,$p,pf,:=,31,$s,sf,:=,0,cf,:=,0,of,:=",False,16784208,16784333,2,"and ecx, eax","and ecx, eax",21c1,cpu,and,False,27,0,,,,,,,
16784316,"edx,eax,|=,31,$s,sf,:=,$z,zf,:=,$p,pf,:=,0,of,:=,0,cf,:=",False,16784208,16784333,2,"or eax, edx","or eax, edx",09d0,cpu,or,False,26,0,,,,,,,
16784318,"eax,ecx,+=,31,$o,of,:=,31,$s,sf,:=,$z,zf,:=,31,$c,cf,:=,$p,pf,:=,3,$c,af,:=",False,16784208,16784333,2,"add ecx, eax","add ecx, eax",01c1,cpu,add,False,17,0,,,,,,,
16784320,"0x2309,rip,+,rax,=",True,16784208,16784328,7,"lea rax, [rip + 0x2309]","lea rax, obj.i",488d0509230000,cpu,lea,False,33,0,,,,16793296.0,,,"[{'addr': 16793296, 'type': 'DATA'}]"
16784327,"ecx,rax,=[4]",True,16784208,16784333,2,"mov dword [rax], ecx","mov dword [rax], ecx",8908,cpu,mov,False,9,0,,,,,,,
16784329,"16,rsp,+=,63,$o,of,:=,63,$s,sf,:=,$z,zf,:=,63,$c,cf,:=,$p,pf,:=,3,$c,af,:=",False,16784208,16784331,4,"add rsp, 0x10","add rsp, 0x10",4883c410,cpu,add,False,17,0,,"[{'addr': 16784261, 'type': 'CODE'}]",16.0,,,,
16784333,"rsp,[8],8,rsp,+=,rbp,=",False,16784208,16784334,1,pop rbp,pop rbp,5d,cpu,pop,False,14,0,,,,,,,
16784334,"rsp,[8],rip,=,8,rsp,+=",False,16784208,16784334,1,ret,ret,c3,cpu,ret,False,5,0,,,,,,,
