offset,esil,refptr,fcn_addr,fcn_last,size,opcode,disasm,bytes,family,type,reloc,type_num,type2_num,flags,comment,val,ptr,xrefs_from
16784304,"ebp,rbp,^,0xffffffff,&,rbp,=,$z,zf,:=,$p,pf,:=,31,$s,sf,:=,0,cf,:=,0,of,:=",False,16784304,16784344,2,"xor ebp, ebp","xor ebp, ebp",31ed,cpu,xor,False,28,0,"['entry0', 'section..text', 'segment.LOAD1', 'sym._start']",WzEzXSAtci14IHNlY3Rpb24gc2l6ZSA5MjIyIG5hbWVkIC50ZXh0,,,
16784306,"rdx,r9,=",False,16784304,16784343,3,"mov r9, rdx","mov r9, rdx",4989d1,cpu,mov,False,9,0,,,,,
16784309,"rsp,[8],8,rsp,+=,rsi,=",False,16784304,16784345,1,pop rsi,pop rsi,5e,cpu,pop,False,14,0,,,,,
16784310,"rsp,rdx,=",False,16784304,16784343,3,"mov rdx, rsp","mov rdx, rsp",4889e2,cpu,mov,False,9,0,,,,,
16784313,"18446744073709551600,rsp,&=,$z,zf,:=,$p,pf,:=,63,$s,sf,:=,0,cf,:=,0,of,:=",False,16784304,16784342,4,"and rsp, 0xfffffffffffffff0","and rsp, 0xfffffffffffffff0",4883e4f0,cpu,and,False,27,0,,,1.8446744073709552e+19,,
16784317,"rax,8,rsp,-,=[8],8,rsp,-=",False,16784304,16784345,1,push rax,push rax,50,cpu,rpush,False,268435468,0,,,,,
16784318,"rsp,8,rsp,-,=[8],8,rsp,-=",False,16784304,16784345,1,push rsp,push rsp,54,cpu,rpush,False,268435468,0,,,,,
16784319,"0x23ea,rip,+,r8,=",True,16784304,16784339,7,"lea r8, [rip + 0x23ea]","lea r8, [dbg.__libc_csu_fini]",4c8d05ea230000,cpu,lea,False,33,0,,,,16793520.0,"[{'addr': 16793520, 'type': 'DATA'}]"
16784326,"0x2373,rip,+,rcx,=",True,16784304,16784339,7,"lea rcx, [rip + 0x2373]","lea rcx, [dbg.__libc_csu_init]",488d0d73230000,cpu,lea,False,33,0,,,,16793408.0,"[{'addr': 16793408, 'type': 'DATA'}]"
16784333,"0xc,rip,+,rdi,=",True,16784304,16784339,7,"lea rdi, [rip + 0xc]","lea rdi, [main]",488d3d0c000000,cpu,lea,False,33,0,,,,16784352.0,"[{'addr': 16784352, 'type': 'DATA'}]"
16784340,"0x3596,rip,+,[8],rip,8,rsp,-=,rsp,=[],rip,=",True,16784304,16784340,6,call qword [rip + 0x3596],call qword [reloc.__libc_start_main],ff1596350000,cpu,ircall,False,402653188,0,,,,16798064.0,"[{'addr': 16798064, 'type': 'CALL'}]"
