offset,esil,refptr,fcn_addr,fcn_last,size,opcode,disasm,bytes,family,type,reloc,type_num,type2_num,flags,xrefs_to,val,jump,fail,ptr,xrefs_from,comment
16786096,"rbp,8,rsp,-,=[8],8,rsp,-=",False,16786096,16786320,1,push rbp,push rbp,55,cpu,rpush,False,268435468,0,['sym.validate_input'],"[{'addr': 16784630, 'type': 'CALL'}, {'addr': 16785451, 'type': 'CALL'}]",,,,,,
16786097,"rsp,rbp,=",False,16786096,16786318,3,"mov rbp, rsp","mov rbp, rsp",4889e5,cpu,mov,False,9,0,,,,,,,,
16786100,"rdi,0x18,rbp,-,=[8]",True,16786096,16786317,4,"mov qword [rbp - 0x18], rdi","mov qword [var_20h], rdi",48897de8,cpu,mov,False,268435465,0,,,,,,,,
16786104,"rdi,[4],rax,=",True,16786096,16786319,2,"mov eax, dword [rdi]","mov eax, dword [rdi]",8b07,cpu,mov,False,9,0,,,,,,,,
16786106,"eax,0x8,rbp,-,=[4]",True,16786096,16786318,3,"mov dword [rbp - 8], eax","mov dword [var_10h], eax",8945f8,cpu,mov,False,268435465,0,,,,,,,,
16786109,"0,0xc,rbp,-,=[4]",True,16786096,16786314,7,"mov dword [rbp - 0xc], 0","mov dword [var_14h], 0",c745f400000000,cpu,mov,False,268435465,0,,,0.0,,,,,
16786116,"0xc,rbp,-,[4],rax,=",True,16786096,16786318,3,"mov eax, dword [rbp - 0xc]","mov eax, dword [var_14h]",8b45f4,cpu,mov,False,9,0,,"[{'addr': 16786151, 'type': 'CODE'}]",,,,,,
16786119,"rax,0x20,rbp,-,=[8]",True,16786096,16786317,4,"mov qword [rbp - 0x20], rax","mov qword [var_28h], rax",488945e0,cpu,mov,False,268435465,0,,,,,,,,
16786123,"6,rax,-=,6,0x8000000000000000,-,!,63,$o,^,of,:=,63,$s,sf,:=,$z,zf,:=,$p,pf,:=,64,$b,cf,:=,3,$b,af,:=",False,16786096,16786317,4,"sub rax, 6","sub rax, 6",4883e806,cpu,sub,False,18,0,,,6.0,,,,,
16786127,"cf,zf,|,!,?{,16786149,rip,=,}",False,16786096,16786319,2,ja 0x10022e5,ja 0x10022e5,7714,cpu,cjmp,False,2147483649,0,,,,16786149.0,16786129.0,,,
16786129,"0x20,rbp,-,[8],rax,=",True,16786096,16786317,4,"mov rax, qword [rbp - 0x20]","mov rax, qword [var_28h]",488b45e0,cpu,mov,False,9,0,,,,,,,,
16786133,"0x1d7c,rip,-,rcx,=",True,16786096,16786314,7,"lea rcx, [rip - 0x1d7c]","lea rcx, data.01000560",488d0d84e2ffff,cpu,lea,False,33,0,,,,,,16778592.0,"[{'addr': 16778592, 'type': 'DATA'}]",
16786140,"32,rax,4,*,rcx,+,[4],~,rax,=",True,16786096,16786317,4,"movsxd rax, dword [rcx + rax*4]","movsxd rax, dword [rcx + rax*4]",48630481,cpu,mov,False,9,0,,,,,,,,
16786144,"rcx,rax,+=,63,$o,of,:=,63,$s,sf,:=,$z,zf,:=,63,$c,cf,:=,$p,pf,:=,3,$c,af,:=",False,16786096,16786318,3,"add rax, rcx","add rax, rcx",4801c8,cpu,add,False,17,0,,,,,,,,
16786147,"rax,rip,=",False,16786096,16786319,2,jmp rax,jmp rax,ffe0,cpu,rjmp,False,268435458,0,['switch.0x010022e3'],,,,,,"[{'addr': 16786153, 'type': 'CODE'}, {'addr': 16786182, 'type': 'CODE'}, {'addr': 16786215, 'type': 'CODE'}, {'addr': 16786243, 'type': 'CODE'}, {'addr': 16786248, 'type': 'CODE'}, {'addr': 16786284, 'type': 'CODE'}, {'addr': 16786289, 'type': 'CODE'}]",c3dpdGNoIHRhYmxlICg3IGNhc2VzKSBhdCAweDEwMDA1NjA=
16786149,"0x10022e7,rip,=",False,16786096,16786319,2,jmp 0x10022e7,jmp 0x10022e7,eb00,cpu,jmp,False,1,0,,,,16786151.0,,,"[{'addr': 16786151, 'type': 'CODE'}]",
16786151,"0x10022c4,rip,=",False,16786096,16786319,2,jmp 0x10022c4,jmp 0x10022c4,ebdb,cpu,jmp,False,1,0,,"[{'addr': 16786149, 'type': 'CODE'}, {'addr': 16786180, 'type': 'CODE'}, {'addr': 16786213, 'type': 'CODE'}, {'addr': 16786241, 'type': 'CODE'}, {'addr': 16786279, 'type': 'CODE'}, {'addr': 16786316, 'type': 'CODE'}]",,16786116.0,,,"[{'addr': 16786116, 'type': 'CODE'}]",
16786153,"1,rax,=",False,16786096,16786316,5,"mov eax, 1","mov eax, 1",b801000000,cpu,mov,False,9,0,['case.0x10022e3.0'],"[{'addr': 16786147, 'type': 'CODE'}]",1.0,,,,,
16786158,"3,rcx,=",False,16786096,16786316,5,"mov ecx, 3","mov ecx, 3",b903000000,cpu,mov,False,9,0,,,3.0,,,,,
16786163,"100,0x8,rbp,-,[4],==,$z,zf,:=,32,$b,cf,:=,$p,pf,:=,31,$s,sf,:=,100,0x80000000,-,!,31,$o,^,of,:=,3,$b,af,:=",True,16786096,16786317,4,"cmp dword [rbp - 8], 0x64","cmp dword [var_10h], 0x64",837df864,cpu,cmp,False,268435471,0,,,100.0,,,,,
16786167,"cf,zf,|,!,?{,ecx,eax,=,}",False,16786096,16786318,3,"cmova eax, ecx","cmova eax, ecx",0f47c1,cpu,cmov,False,2147483657,0,,,,,,,,
16786170,"eax,0xc,rbp,-,=[4]",True,16786096,16786318,3,"mov dword [rbp - 0xc], eax","mov dword [var_14h], eax",8945f4,cpu,mov,False,268435465,0,,,,,,,,
16786173,"0,0x4,rbp,-,=[4]",True,16786096,16786314,7,"mov dword [rbp - 4], 0","mov dword [var_ch], 0",c745fc00000000,cpu,mov,False,268435465,0,,,0.0,,,,,
16786180,"0x10022e7,rip,=",False,16786096,16786319,2,jmp 0x10022e7,jmp 0x10022e7,ebe1,cpu,jmp,False,1,0,,,,16786151.0,,,"[{'addr': 16786151, 'type': 'CODE'}]",
16786182,"0x18,rbp,-,[8],rdx,=",True,16786096,16786317,4,"mov rdx, qword [rbp - 0x18]","mov rdx, qword [var_20h]",488b55e8,cpu,mov,False,9,0,['case.0x10022e3.1'],"[{'addr': 16786147, 'type': 'CODE'}]",,,,,,
16786186,"2,rax,=",False,16786096,16786316,5,"mov eax, 2","mov eax, 2",b802000000,cpu,mov,False,9,0,,,2.0,,,,,
16786191,"3,rcx,=",False,16786096,16786316,5,"mov ecx, 3","mov ecx, 3",b903000000,cpu,mov,False,9,0,,,3.0,,,,,
16786196,"100,0x4,rdx,+,[4],==,$z,zf,:=,32,$b,cf,:=,$p,pf,:=,31,$s,sf,:=,100,0x80000000,-,!,31,$o,^,of,:=,3,$b,af,:=",True,16786096,16786317,4,"cmp dword [rdx + 4], 0x64","cmp dword [rdx + 4], 0x64",837a0464,cpu,cmp,False,15,0,,,100.0,,,,,
16786200,"cf,zf,|,!,?{,ecx,eax,=,}",False,16786096,16786318,3,"cmova eax, ecx","cmova eax, ecx",0f47c1,cpu,cmov,False,2147483657,0,,,,,,,,
16786203,"eax,0xc,rbp,-,=[4]",True,16786096,16786318,3,"mov dword [rbp - 0xc], eax","mov dword [var_14h], eax",8945f4,cpu,mov,False,268435465,0,,,,,,,,
16786206,"0,0x4,rbp,-,=[4]",True,16786096,16786314,7,"mov dword [rbp - 4], 0","mov dword [var_ch], 0",c745fc00000000,cpu,mov,False,268435465,0,,,0.0,,,,,
16786213,"0x10022e7,rip,=",False,16786096,16786319,2,jmp 0x10022e7,jmp 0x10022e7,ebc0,cpu,jmp,False,1,0,,,,16786151.0,,,"[{'addr': 16786151, 'type': 'CODE'}]",
16786215,"0x18,rbp,-,[8],rax,=",True,16786096,16786317,4,"mov rax, qword [rbp - 0x18]","mov rax, qword [var_20h]",488b45e8,cpu,mov,False,9,0,['case.0x10022e3.2'],"[{'addr': 16786147, 'type': 'CODE'}]",,,,,,
16786219,"101,0x8,rax,+,[4],==,$z,zf,:=,32,$b,cf,:=,$p,pf,:=,31,$s,sf,:=,101,0x80000000,-,!,31,$o,^,of,:=,3,$b,af,:=",True,16786096,16786317,4,"cmp dword [rax + 8], 0x65","cmp dword [rax + 8], 0x65",83780865,cpu,cmp,False,15,0,,,101.0,,,,,
16786223,"cf,al,=",False,16786096,16786318,3,setb al,setb al,0f92c0,cpu,cmov,False,2147483657,0,,,,,,,,
16786226,"1,al,&=,$z,zf,:=,$p,pf,:=,7,$s,sf,:=,0,cf,:=,0,of,:=",False,16786096,16786319,2,"and al, 1","and al, 1",2401,cpu,and,False,27,0,,,1.0,,,,,
16786228,"al,rax,=",False,16786096,16786318,3,"movzx eax, al","movzx eax, al",0fb6c0,cpu,mov,False,9,0,,,,,,,,
16786231,"3,0xc,rbp,-,=[4]",True,16786096,16786314,7,"mov dword [rbp - 0xc], 3","mov dword [var_14h], 3",c745f403000000,cpu,mov,False,268435465,0,,,3.0,,,,,
16786238,"eax,0x4,rbp,-,=[4]",True,16786096,16786318,3,"mov dword [rbp - 4], eax","mov dword [var_ch], eax",8945fc,cpu,mov,False,268435465,0,,,,,,,,
16786241,"0x10022e7,rip,=",False,16786096,16786319,2,jmp 0x10022e7,jmp 0x10022e7,eba4,cpu,jmp,False,1,0,,,,16786151.0,,,"[{'addr': 16786151, 'type': 'CODE'}]",
16786243,"0x4,rbp,-,[4],rax,=",True,16786096,16786318,3,"mov eax, dword [rbp - 4]","mov eax, dword [var_ch]",8b45fc,cpu,mov,False,9,0,['case.0x10022e3.3'],"[{'addr': 16786147, 'type': 'CODE'}]",,,,,,
16786246,"rsp,[8],8,rsp,+=,rbp,=",False,16786096,16786320,1,pop rbp,pop rbp,5d,cpu,pop,False,14,0,,,,,,,,
16786247,"rsp,[8],rip,=,8,rsp,+=",False,16786096,16786320,1,ret,ret,c3,cpu,ret,False,5,0,,,,,,,,
16786248,"0x18,rbp,-,[8],rdx,=",True,16786096,16786317,4,"mov rdx, qword [rbp - 0x18]","mov rdx, qword [var_20h]",488b55e8,cpu,mov,False,9,0,['case.0x10022e3.4'],"[{'addr': 16786147, 'type': 'CODE'}]",,,,,,
16786252,"2,rax,=",False,16786096,16786316,5,"mov eax, 2","mov eax, 2",b802000000,cpu,mov,False,9,0,,,2.0,,,,,
16786257,"3,rcx,=",False,16786096,16786316,5,"mov ecx, 3","mov ecx, 3",b903000000,cpu,mov,False,9,0,,,3.0,,,,,
16786262,"100,0x4,rdx,+,[4],==,$z,zf,:=,32,$b,cf,:=,$p,pf,:=,31,$s,sf,:=,100,0x80000000,-,!,31,$o,^,of,:=,3,$b,af,:=",True,16786096,16786317,4,"cmp dword [rdx + 4], 0x64","cmp dword [rdx + 4], 0x64",837a0464,cpu,cmp,False,15,0,,,100.0,,,,,
16786266,"cf,zf,|,!,?{,ecx,eax,=,}",False,16786096,16786318,3,"cmova eax, ecx","cmova eax, ecx",0f47c1,cpu,cmov,False,2147483657,0,,,,,,,,
16786269,"eax,0xc,rbp,-,=[4]",True,16786096,16786318,3,"mov dword [rbp - 0xc], eax","mov dword [var_14h], eax",8945f4,cpu,mov,False,268435465,0,,,,,,,,
16786272,"0,0x4,rbp,-,=[4]",True,16786096,16786314,7,"mov dword [rbp - 4], 0","mov dword [var_ch], 0",c745fc00000000,cpu,mov,False,268435465,0,,,0.0,,,,,
16786279,"0x10022e7,rip,=",False,16786096,16786316,5,jmp 0x10022e7,jmp 0x10022e7,e97bffffff,cpu,jmp,False,1,0,,,,16786151.0,,,"[{'addr': 16786151, 'type': 'CODE'}]",
16786284,"0x4,rbp,-,[4],rax,=",True,16786096,16786318,3,"mov eax, dword [rbp - 4]","mov eax, dword [var_ch]",8b45fc,cpu,mov,False,9,0,['case.0x10022e3.5'],"[{'addr': 16786147, 'type': 'CODE'}]",,,,,,
16786287,"rsp,[8],8,rsp,+=,rbp,=",False,16786096,16786320,1,pop rbp,pop rbp,5d,cpu,pop,False,14,0,,,,,,,,
16786288,"rsp,[8],rip,=,8,rsp,+=",False,16786096,16786320,1,ret,ret,c3,cpu,ret,False,5,0,,,,,,,,
16786289,"1,rax,=",False,16786096,16786316,5,"mov eax, 1","mov eax, 1",b801000000,cpu,mov,False,9,0,['case.0x10022e3.6'],"[{'addr': 16786147, 'type': 'CODE'}]",1.0,,,,,
16786294,"3,rcx,=",False,16786096,16786316,5,"mov ecx, 3","mov ecx, 3",b903000000,cpu,mov,False,9,0,,,3.0,,,,,
16786299,"100,0x8,rbp,-,[4],==,$z,zf,:=,32,$b,cf,:=,$p,pf,:=,31,$s,sf,:=,100,0x80000000,-,!,31,$o,^,of,:=,3,$b,af,:=",True,16786096,16786317,4,"cmp dword [rbp - 8], 0x64","cmp dword [var_10h], 0x64",837df864,cpu,cmp,False,268435471,0,,,100.0,,,,,
16786303,"cf,zf,|,!,?{,ecx,eax,=,}",False,16786096,16786318,3,"cmova eax, ecx","cmova eax, ecx",0f47c1,cpu,cmov,False,2147483657,0,,,,,,,,
16786306,"eax,0xc,rbp,-,=[4]",True,16786096,16786318,3,"mov dword [rbp - 0xc], eax","mov dword [var_14h], eax",8945f4,cpu,mov,False,268435465,0,,,,,,,,
16786309,"0,0x4,rbp,-,=[4]",True,16786096,16786314,7,"mov dword [rbp - 4], 0","mov dword [var_ch], 0",c745fc00000000,cpu,mov,False,268435465,0,,,0.0,,,,,
16786316,"0x10022e7,rip,=",False,16786096,16786316,5,jmp 0x10022e7,jmp 0x10022e7,e956ffffff,cpu,jmp,False,1,0,,,,16786151.0,,,"[{'addr': 16786151, 'type': 'CODE'}]",
