offset,esil,refptr,fcn_addr,fcn_last,size,opcode,disasm,bytes,family,type,reloc,type_num,type2_num,flags,val,ptr,jump,fail,xrefs_from,xrefs_to
16783152,"rbp,8,rsp,-,=[8],8,rsp,-=",False,16783152,16783283,1,push rbp,push rbp,55,cpu,rpush,False,268435468,0,['sym.parseArrayArg'],,,,,,
16783153,"rsp,rbp,=",False,16783152,16783281,3,"mov rbp, rsp","mov rbp, rsp",4889e5,cpu,mov,False,9,0,,,,,,,
16783156,"64,rsp,-=,64,0x8000000000000000,-,!,63,$o,^,of,:=,63,$s,sf,:=,$z,zf,:=,$p,pf,:=,64,$b,cf,:=,3,$b,af,:=",False,16783152,16783280,4,"sub rsp, 0x40","sub rsp, 0x40",4883ec40,cpu,sub,False,18,0,,64.0,,,,,
16783160,"rdi,0x18,rbp,-,=[8]",True,16783152,16783280,4,"mov qword [rbp - 0x18], rdi","mov qword [var_20h], rdi",48897de8,cpu,mov,False,268435465,0,,,,,,,
16783164,"rsi,0x10,rbp,-,=[8]",True,16783152,16783280,4,"mov qword [rbp - 0x10], rsi","mov qword [var_18h], rsi",488975f0,cpu,mov,False,268435465,0,,,,,,,
16783168,"edx,0x8,rbp,-,=[4]",True,16783152,16783281,3,"mov dword [rbp - 8], edx","mov dword [var_10h], edx",8955f8,cpu,mov,False,268435465,0,,,,,,,
16783171,"ecx,0x4,rbp,-,=[4]",True,16783152,16783281,3,"mov dword [rbp - 4], ecx","mov dword [var_ch], ecx",894dfc,cpu,mov,False,268435465,0,,,,,,,
16783174,"0,ecx,==,$z,zf,:=,32,$b,cf,:=,$p,pf,:=,31,$s,sf,:=,0,0x80000000,-,!,31,$o,^,of,:=,3,$b,af,:=",False,16783152,16783281,3,"cmp ecx, 0","cmp ecx, 0",83f900,cpu,cmp,False,15,0,,0.0,0.0,,,,
16783177,"of,sf,^,zf,|,?{,16783217,rip,=,}",False,16783152,16783282,2,jle 0x1001771,jle 0x1001771,7e26,cpu,cjmp,False,2147483649,0,,,,16783217.0,16783179.0,,
16783179,"0x10,rbp,-,[8],rax,=",True,16783152,16783280,4,"mov rax, qword [rbp - 0x10]","mov rax, qword [var_18h]",488b45f0,cpu,mov,False,9,0,,,,,,,
16783183,"0x4,rbp,-,[4],rdx,=",True,16783152,16783281,3,"mov edx, dword [rbp - 4]","mov edx, dword [var_ch]",8b55fc,cpu,mov,False,9,0,,,,,,,
16783186,"0x8,rbp,-,[4],rcx,=",True,16783152,16783281,3,"mov ecx, dword [rbp - 8]","mov ecx, dword [var_10h]",8b4df8,cpu,mov,False,9,0,,,,,,,
16783189,"32,ecx,~,rcx,=",False,16783152,16783281,3,"movsxd rcx, ecx","movsxd rcx, ecx",4863c9,cpu,mov,False,9,0,,,,,,,
16783192,"edx,rdx,=",False,16783152,16783282,2,"mov edx, edx","mov edx, edx",89d2,cpu,mov,False,9,0,,,,,,,
16783194,"rdx,0x30,rbp,-,=[8]",True,16783152,16783280,4,"mov qword [rbp - 0x30], rdx","mov qword [var_38h], rdx",488955d0,cpu,mov,False,268435465,0,,,,,,,
16783198,"0,3,!,!,?{,1,3,-,rcx,<<,0x8000000000000000,&,!,!,^,},3,rcx,<<=,$z,zf,:=,$p,pf,:=,63,$s,sf,:=,cf,=",False,16783152,16783280,4,"shl rcx, 3","shl rcx, 3",48c1e103,cpu,shl,False,23,0,,,,,,,
16783202,"rcx,rax,+=,63,$o,of,:=,63,$s,sf,:=,$z,zf,:=,63,$c,cf,:=,$p,pf,:=,3,$c,af,:=",False,16783152,16783281,3,"add rax, rcx","add rax, rcx",4801c8,cpu,add,False,17,0,,,,,,,
16783205,"rax,0x28,rbp,-,=[8]",True,16783152,16783280,4,"mov qword [rbp - 0x28], rax","mov qword [endptr], rax",488945d8,cpu,mov,False,268435465,0,,,,,,,
16783209,"eax,rax,^,0xffffffff,&,rax,=,$z,zf,:=,$p,pf,:=,31,$s,sf,:=,0,cf,:=,0,of,:=",False,16783152,16783282,2,"xor eax, eax","xor eax, eax",31c0,cpu,xor,False,28,0,,,,,,,
16783211,"rax,0x20,rbp,-,=[8]",True,16783152,16783280,4,"mov qword [rbp - 0x20], rax","mov qword [str], rax",488945e0,cpu,mov,False,268435465,0,,,,,,,
16783215,"0x1001777,rip,=",False,16783152,16783282,2,jmp 0x1001777,jmp 0x1001777,eb06,cpu,jmp,False,1,0,,,,16783223.0,,"[{'addr': 16783223, 'type': 'CODE'}]",
16783217,"64,rsp,+=,63,$o,of,:=,63,$s,sf,:=,$z,zf,:=,63,$c,cf,:=,$p,pf,:=,3,$c,af,:=",False,16783152,16783280,4,"add rsp, 0x40","add rsp, 0x40",4883c440,cpu,add,False,17,0,,64.0,,,,,
16783221,"rsp,[8],8,rsp,+=,rbp,=",False,16783152,16783283,1,pop rbp,pop rbp,5d,cpu,pop,False,14,0,,,,,,,
16783222,"rsp,[8],rip,=,8,rsp,+=",False,16783152,16783283,1,ret,ret,c3,cpu,ret,False,5,0,,,,,,,
16783223,"0x20,rbp,-,[8],rcx,=",True,16783152,16783280,4,"mov rcx, qword [rbp - 0x20]","mov rcx, qword [str]",488b4de0,cpu,mov,False,9,0,,,,,,,"[{'addr': 16783215, 'type': 'CODE'}, {'addr': 16783282, 'type': 'CODE'}]"
16783227,"0x28,rbp,-,[8],rax,=",True,16783152,16783280,4,"mov rax, qword [rbp - 0x28]","mov rax, qword [endptr]",488b45d8,cpu,mov,False,9,0,,,,,,,
16783231,"rcx,0x38,rbp,-,=[8]",True,16783152,16783280,4,"mov qword [rbp - 0x38], rcx","mov qword [var_40h], rcx",48894dc8,cpu,mov,False,268435465,0,,,,,,,
16783235,"rcx,8,*,rax,+,[8],rdi,=",True,16783152,16783280,4,"mov rdi, qword [rax + rcx*8]","mov rdi, qword [rax + rcx*8]",488b3cc8,cpu,mov,False,9,0,,,,,,,
16783239,"eax,rax,^,0xffffffff,&,rax,=,$z,zf,:=,$p,pf,:=,31,$s,sf,:=,0,cf,:=,0,of,:=",False,16783152,16783282,2,"xor eax, eax","xor eax, eax",31c0,cpu,xor,False,28,0,,,,,,,
16783241,"eax,rsi,=",False,16783152,16783282,2,"mov esi, eax","mov esi, eax",89c6,cpu,mov,False,9,0,,,,,,,
16783243,"16786192,rip,8,rsp,-=,rsp,=[],rip,=",False,16783152,16783279,5,call 0x1002310,call sym.imp.strtod,e8800b0000,cpu,call,False,3,0,,,,16786192.0,16783248.0,"[{'addr': 16786192, 'type': 'CALL'}]",
16783248,"0x18,rbp,-,[8],rdx,=",True,16783152,16783280,4,"mov rdx, qword [rbp - 0x18]","mov rdx, qword [var_20h]",488b55e8,cpu,mov,False,9,0,,,,,,,
16783252,"0x38,rbp,-,[8],rax,=",True,16783152,16783280,4,"mov rax, qword [rbp - 0x38]","mov rax, qword [var_40h]",488b45c8,cpu,mov,False,9,0,,,,,,,
16783256,"0x30,rbp,-,[8],rcx,=",True,16783152,16783280,4,"mov rcx, qword [rbp - 0x30]","mov rcx, qword [var_38h]",488b4dd0,cpu,mov,False,9,0,,,,,,,
16783260,,False,16783152,16783280,4,"cvtsd2ss xmm0, xmm0","cvtsd2ss xmm0, xmm0",f20f5ac0,sse,null,False,0,0,,,,,,,
16783264,"xmm0,rax,4,*,rdx,+,=[4]",True,16783152,16783279,5,"movss dword [rdx + rax*4], xmm0","movss dword [rdx + rax*4], xmm0",f30f110482,sse,mov,False,9,0,,,,,,,
16783269,"1,rax,+=,63,$o,of,:=,63,$s,sf,:=,$z,zf,:=,63,$c,cf,:=,$p,pf,:=,3,$c,af,:=",False,16783152,16783280,4,"add rax, 1","add rax, 1",4883c001,cpu,add,False,17,0,,1.0,,,,,
16783273,"rcx,rax,==,$z,zf,:=,64,$b,cf,:=,$p,pf,:=,63,$s,sf,:=,rcx,0x8000000000000000,-,!,63,$o,^,of,:=,3,$b,af,:=",False,16783152,16783281,3,"cmp rax, rcx","cmp rax, rcx",4839c8,cpu,cmp,False,15,0,,,,,,,
16783276,"rax,0x20,rbp,-,=[8]",True,16783152,16783280,4,"mov qword [rbp - 0x20], rax","mov qword [str], rax",488945e0,cpu,mov,False,268435465,0,,,,,,,
16783280,"zf,?{,16783217,rip,=,}",False,16783152,16783282,2,je 0x1001771,je 0x1001771,74bf,cpu,cjmp,False,2147483649,0,,,,16783217.0,16783282.0,,
16783282,"0x1001777,rip,=",False,16783152,16783282,2,jmp 0x1001777,jmp 0x1001777,ebc3,cpu,jmp,False,1,0,,,,16783223.0,,"[{'addr': 16783223, 'type': 'CODE'}]",
