offset,esil,refptr,fcn_addr,fcn_last,size,opcode,disasm,bytes,family,type,reloc,type_num,type2_num,flags,xrefs_to,val,jump,fail,ptr,xrefs_from,comment
16783184,"rbp,8,rsp,-,=[8],8,rsp,-=",False,16783184,16783454,1,push rbp,push rbp,55,cpu,rpush,False,268435468,0,"['main', 'sym.main']","[{'addr': 16783165, 'type': 'DATA'}]",,,,,,
16783185,"rsp,rbp,=",False,16783184,16783452,3,"mov rbp, rsp","mov rbp, rsp",4889e5,cpu,mov,False,9,0,,,,,,,,
16783188,"32,rsp,-=,32,0x8000000000000000,-,!,63,$o,^,of,:=,63,$s,sf,:=,$z,zf,:=,$p,pf,:=,64,$b,cf,:=,3,$b,af,:=",False,16783184,16783451,4,"sub rsp, 0x20","sub rsp, 0x20",4883ec20,cpu,sub,False,18,0,,,32.0,,,,,
16783192,"edi,0x14,rbp,-,=[4]",True,16783184,16783452,3,"mov dword [rbp - 0x14], edi","mov dword [var_1ch], edi",897dec,cpu,mov,False,268435465,0,,,,,,,,
16783195,"rsi,0x10,rbp,-,=[8]",True,16783184,16783451,4,"mov qword [rbp - 0x10], rsi","mov qword [endptr], rsi",488975f0,cpu,mov,False,268435465,0,,,,,,,,
16783199,"0,0x8,rbp,-,=[4]",True,16783184,16783448,7,"mov dword [rbp - 8], 0","mov dword [var_10h], 0",c745f800000000,cpu,mov,False,268435465,0,,,0.0,,,,,
16783206,"0x8,rbp,-,[4],rax,=",True,16783184,16783452,3,"mov eax, dword [rbp - 8]","mov eax, dword [var_10h]",8b45f8,cpu,mov,False,9,0,,"[{'addr': 16783241, 'type': 'CODE'}]",,,,,,
16783209,"rax,0x20,rbp,-,=[8]",True,16783184,16783451,4,"mov qword [rbp - 0x20], rax","mov qword [var_28h], rax",488945e0,cpu,mov,False,268435465,0,,,,,,,,
16783213,"6,rax,-=,6,0x8000000000000000,-,!,63,$o,^,of,:=,63,$s,sf,:=,$z,zf,:=,$p,pf,:=,64,$b,cf,:=,3,$b,af,:=",False,16783184,16783451,4,"sub rax, 6","sub rax, 6",4883e806,cpu,sub,False,18,0,,,6.0,,,,,
16783217,"cf,zf,|,!,?{,16783239,rip,=,}",False,16783184,16783453,2,ja 0x1001787,ja 0x1001787,7714,cpu,cjmp,False,2147483649,0,,,,16783239.0,16783219.0,,,
16783219,"0x20,rbp,-,[8],rax,=",True,16783184,16783451,4,"mov rax, qword [rbp - 0x20]","mov rax, qword [var_28h]",488b45e0,cpu,mov,False,9,0,,,,,,,,
16783223,"0x1342,rip,-,rcx,=",True,16783184,16783448,7,"lea rcx, [rip - 0x1342]","lea rcx, data.0100043c",488d0dbeecffff,cpu,lea,False,33,0,,,,,,16778300.0,"[{'addr': 16778300, 'type': 'DATA'}]",
16783230,"32,rax,4,*,rcx,+,[4],~,rax,=",True,16783184,16783451,4,"movsxd rax, dword [rcx + rax*4]","movsxd rax, dword [rcx + rax*4]",48630481,cpu,mov,False,9,0,,,,,,,,
16783234,"rcx,rax,+=,63,$o,of,:=,63,$s,sf,:=,$z,zf,:=,63,$c,cf,:=,$p,pf,:=,3,$c,af,:=",False,16783184,16783452,3,"add rax, rcx","add rax, rcx",4801c8,cpu,add,False,17,0,,,,,,,,
16783237,"rax,rip,=",False,16783184,16783453,2,jmp rax,jmp rax,ffe0,cpu,rjmp,False,268435458,0,['switch.0x01001785'],,,,,,"[{'addr': 16783243, 'type': 'CODE'}, {'addr': 16783267, 'type': 'CODE'}, {'addr': 16783304, 'type': 'CODE'}, {'addr': 16783349, 'type': 'CODE'}, {'addr': 16783358, 'type': 'CODE'}, {'addr': 16783406, 'type': 'CODE'}, {'addr': 16783446, 'type': 'CODE'}]",c3dpdGNoIHRhYmxlICg3IGNhc2VzKSBhdCAweDEwMDA0M2M=
16783239,"0x1001789,rip,=",False,16783184,16783453,2,jmp 0x1001789,jmp 0x1001789,eb00,cpu,jmp,False,1,0,,,,16783241.0,,,"[{'addr': 16783241, 'type': 'CODE'}]",
16783241,"0x1001766,rip,=",False,16783184,16783453,2,jmp 0x1001766,jmp 0x1001766,ebdb,cpu,jmp,False,1,0,,"[{'addr': 16783239, 'type': 'CODE'}, {'addr': 16783265, 'type': 'CODE'}, {'addr': 16783302, 'type': 'CODE'}, {'addr': 16783347, 'type': 'CODE'}, {'addr': 16783401, 'type': 'CODE'}, {'addr': 16783441, 'type': 'CODE'}]",,16783206.0,,,"[{'addr': 16783206, 'type': 'CODE'}]",
16783243,"0x14,rbp,-,[4],rdx,=",True,16783184,16783452,3,"mov edx, dword [rbp - 0x14]","mov edx, dword [var_1ch]",8b55ec,cpu,mov,False,9,0,['case.0x1001785.0'],"[{'addr': 16783237, 'type': 'CODE'}]",,,,,,
16783246,"1,rax,=",False,16783184,16783450,5,"mov eax, 1","mov eax, 1",b801000000,cpu,mov,False,9,0,,,1.0,,,,,
16783251,"2,rcx,=",False,16783184,16783450,5,"mov ecx, 2","mov ecx, 2",b902000000,cpu,mov,False,9,0,,,2.0,,,,,
16783256,"2,edx,==,$z,zf,:=,32,$b,cf,:=,$p,pf,:=,31,$s,sf,:=,2,0x80000000,-,!,31,$o,^,of,:=,3,$b,af,:=",False,16783184,16783452,3,"cmp edx, 2","cmp edx, 2",83fa02,cpu,cmp,False,15,0,,,2.0,,,2.0,,
16783259,"zf,?{,ecx,eax,=,}",False,16783184,16783452,3,"cmove eax, ecx","cmove eax, ecx",0f44c1,cpu,cmov,False,2147483657,0,,,,,,,,
16783262,"eax,0x8,rbp,-,=[4]",True,16783184,16783452,3,"mov dword [rbp - 8], eax","mov dword [var_10h], eax",8945f8,cpu,mov,False,268435465,0,,,,,,,,
16783265,"0x1001789,rip,=",False,16783184,16783453,2,jmp 0x1001789,jmp 0x1001789,ebe6,cpu,jmp,False,1,0,,,,16783241.0,,,"[{'addr': 16783241, 'type': 'CODE'}]",
16783267,"0x10,rbp,-,[8],rax,=",True,16783184,16783451,4,"mov rax, qword [rbp - 0x10]","mov rax, qword [endptr]",488b45f0,cpu,mov,False,9,0,['case.0x1001785.1'],"[{'addr': 16783237, 'type': 'CODE'}]",,,,,,
16783271,"rax,[8],rsi,=",True,16783184,16783452,3,"mov rsi, qword [rax]","mov rsi, qword [rax]",488b30,cpu,mov,False,9,0,,,,,,,,
16783274,"0x1241,rip,-,rdi,=",True,16783184,16783448,7,"lea rdi, [rip - 0x1241]","lea rdi, str.Usage:__s__integer",488d3dbfedffff,cpu,lea,False,33,0,,,,,,16778608.0,"[{'addr': 16778608, 'type': 'DATA'}]",
16783281,"0,al,=",False,16783184,16783453,2,"mov al, 0","mov al, 0",b000,cpu,mov,False,9,0,,,0.0,,,,,
16783283,"16786496,rip,8,rsp,-=,rsp,=[],rip,=",False,16783184,16783450,5,call 0x1002440,call sym.imp.printf,e8880c0000,cpu,call,False,3,0,,,,16786496.0,16783288.0,,"[{'addr': 16786496, 'type': 'CALL'}]",
16783288,"6,0x8,rbp,-,=[4]",True,16783184,16783448,7,"mov dword [rbp - 8], 6","mov dword [var_10h], 6",c745f806000000,cpu,mov,False,268435465,0,,,6.0,,,,,
16783295,"1,0x4,rbp,-,=[4]",True,16783184,16783448,7,"mov dword [rbp - 4], 1","mov dword [var_ch], 1",c745fc01000000,cpu,mov,False,268435465,0,,,1.0,,,,,
16783302,"0x1001789,rip,=",False,16783184,16783453,2,jmp 0x1001789,jmp 0x1001789,ebc1,cpu,jmp,False,1,0,,,,16783241.0,,,"[{'addr': 16783241, 'type': 'CODE'}]",
16783304,"0x10,rbp,-,[8],rax,=",True,16783184,16783451,4,"mov rax, qword [rbp - 0x10]","mov rax, qword [endptr]",488b45f0,cpu,mov,False,9,0,['case.0x1001785.2'],"[{'addr': 16783237, 'type': 'CODE'}]",,,,,,
16783308,"0x8,rax,+,[8],rdi,=",True,16783184,16783451,4,"mov rdi, qword [rax + 8]","mov rdi, qword [rax + 8]",488b7808,cpu,mov,False,9,0,,,,,,,,
16783312,"eax,rax,^,0xffffffff,&,rax,=,$z,zf,:=,$p,pf,:=,31,$s,sf,:=,0,cf,:=,0,of,:=",False,16783184,16783453,2,"xor eax, eax","xor eax, eax",31c0,cpu,xor,False,28,0,,,,,,,,
16783314,"eax,rsi,=",False,16783184,16783453,2,"mov esi, eax","mov esi, eax",89c6,cpu,mov,False,9,0,,,,,,,,
16783316,"10,rdx,=",False,16783184,16783450,5,"mov edx, 0xa","mov edx, 0xa",ba0a000000,cpu,mov,False,9,0,,,10.0,,,,,
16783321,"16786512,rip,8,rsp,-=,rsp,=[],rip,=",False,16783184,16783450,5,call 0x1002450,call sym.imp.strtol,e8720c0000,cpu,call,False,3,0,,,,16786512.0,16783326.0,,"[{'addr': 16786512, 'type': 'CALL'}]",
16783326,"eax,rdi,=",False,16783184,16783453,2,"mov edi, eax","mov edi, eax",89c7,cpu,mov,False,9,0,,,,,,,,
16783328,"16783456,rip,8,rsp,-=,rsp,=[],rip,=",False,16783184,16783450,5,call 0x1001860,call sym.entropy_machine,e87b000000,cpu,call,False,3,0,,,,16783456.0,16783333.0,,"[{'addr': 16783456, 'type': 'CALL'}]",
16783333,"6,0x8,rbp,-,=[4]",True,16783184,16783448,7,"mov dword [rbp - 8], 6","mov dword [var_10h], 6",c745f806000000,cpu,mov,False,268435465,0,,,6.0,,,,,
16783340,"0,0x4,rbp,-,=[4]",True,16783184,16783448,7,"mov dword [rbp - 4], 0","mov dword [var_ch], 0",c745fc00000000,cpu,mov,False,268435465,0,,,0.0,,,,,
16783347,"0x1001789,rip,=",False,16783184,16783453,2,jmp 0x1001789,jmp 0x1001789,eb94,cpu,jmp,False,1,0,,,,16783241.0,,,"[{'addr': 16783241, 'type': 'CODE'}]",
16783349,"0x4,rbp,-,[4],rax,=",True,16783184,16783452,3,"mov eax, dword [rbp - 4]","mov eax, dword [var_ch]",8b45fc,cpu,mov,False,9,0,['case.0x1001785.3'],"[{'addr': 16783237, 'type': 'CODE'}]",,,,,,
16783352,"32,rsp,+=,63,$o,of,:=,63,$s,sf,:=,$z,zf,:=,63,$c,cf,:=,$p,pf,:=,3,$c,af,:=",False,16783184,16783451,4,"add rsp, 0x20","add rsp, 0x20",4883c420,cpu,add,False,17,0,,,32.0,,,,,
16783356,"rsp,[8],8,rsp,+=,rbp,=",False,16783184,16783454,1,pop rbp,pop rbp,5d,cpu,pop,False,14,0,,,,,,,,
16783357,"rsp,[8],rip,=,8,rsp,+=",False,16783184,16783454,1,ret,ret,c3,cpu,ret,False,5,0,,,,,,,,
16783358,"0x10,rbp,-,[8],rax,=",True,16783184,16783451,4,"mov rax, qword [rbp - 0x10]","mov rax, qword [endptr]",488b45f0,cpu,mov,False,9,0,['case.0x1001785.4'],"[{'addr': 16783237, 'type': 'CODE'}]",,,,,,
16783362,"0x8,rax,+,[8],rdi,=",True,16783184,16783451,4,"mov rdi, qword [rax + 8]","mov rdi, qword [rax + 8]",488b7808,cpu,mov,False,9,0,,,,,,,,
16783366,"eax,rax,^,0xffffffff,&,rax,=,$z,zf,:=,$p,pf,:=,31,$s,sf,:=,0,cf,:=,0,of,:=",False,16783184,16783453,2,"xor eax, eax","xor eax, eax",31c0,cpu,xor,False,28,0,,,,,,,,
16783368,"eax,rsi,=",False,16783184,16783453,2,"mov esi, eax","mov esi, eax",89c6,cpu,mov,False,9,0,,,,,,,,
16783370,"10,rdx,=",False,16783184,16783450,5,"mov edx, 0xa","mov edx, 0xa",ba0a000000,cpu,mov,False,9,0,,,10.0,,,,,
16783375,"16786512,rip,8,rsp,-=,rsp,=[],rip,=",False,16783184,16783450,5,call 0x1002450,call sym.imp.strtol,e83c0c0000,cpu,call,False,3,0,,,,16786512.0,16783380.0,,"[{'addr': 16786512, 'type': 'CALL'}]",
16783380,"eax,rdi,=",False,16783184,16783453,2,"mov edi, eax","mov edi, eax",89c7,cpu,mov,False,9,0,,,,,,,,
16783382,"16783456,rip,8,rsp,-=,rsp,=[],rip,=",False,16783184,16783450,5,call 0x1001860,call sym.entropy_machine,e845000000,cpu,call,False,3,0,,,,16783456.0,16783387.0,,"[{'addr': 16783456, 'type': 'CALL'}]",
16783387,"3,0x8,rbp,-,=[4]",True,16783184,16783448,7,"mov dword [rbp - 8], 3","mov dword [var_10h], 3",c745f803000000,cpu,mov,False,268435465,0,,,3.0,,,,,
16783394,"0,0x4,rbp,-,=[4]",True,16783184,16783448,7,"mov dword [rbp - 4], 0","mov dword [var_ch], 0",c745fc00000000,cpu,mov,False,268435465,0,,,0.0,,,,,
16783401,"0x1001789,rip,=",False,16783184,16783450,5,jmp 0x1001789,jmp 0x1001789,e95bffffff,cpu,jmp,False,1,0,,,,16783241.0,,,"[{'addr': 16783241, 'type': 'CODE'}]",
16783406,"0x10,rbp,-,[8],rax,=",True,16783184,16783451,4,"mov rax, qword [rbp - 0x10]","mov rax, qword [endptr]",488b45f0,cpu,mov,False,9,0,['case.0x1001785.5'],"[{'addr': 16783237, 'type': 'CODE'}]",,,,,,
16783410,"rax,[8],rsi,=",True,16783184,16783452,3,"mov rsi, qword [rax]","mov rsi, qword [rax]",488b30,cpu,mov,False,9,0,,,,,,,,
16783413,"0x12cc,rip,-,rdi,=",True,16783184,16783448,7,"lea rdi, [rip - 0x12cc]","lea rdi, str.Usage:__s__integer",488d3d34edffff,cpu,lea,False,33,0,,,,,,16778608.0,"[{'addr': 16778608, 'type': 'DATA'}]",
16783420,"0,al,=",False,16783184,16783453,2,"mov al, 0","mov al, 0",b000,cpu,mov,False,9,0,,,0.0,,,,,
16783422,"16786496,rip,8,rsp,-=,rsp,=[],rip,=",False,16783184,16783450,5,call 0x1002440,call sym.imp.printf,e8fd0b0000,cpu,call,False,3,0,,,,16786496.0,16783427.0,,"[{'addr': 16786496, 'type': 'CALL'}]",
16783427,"3,0x8,rbp,-,=[4]",True,16783184,16783448,7,"mov dword [rbp - 8], 3","mov dword [var_10h], 3",c745f803000000,cpu,mov,False,268435465,0,,,3.0,,,,,
16783434,"1,0x4,rbp,-,=[4]",True,16783184,16783448,7,"mov dword [rbp - 4], 1","mov dword [var_ch], 1",c745fc01000000,cpu,mov,False,268435465,0,,,1.0,,,,,
16783441,"0x1001789,rip,=",False,16783184,16783450,5,jmp 0x1001789,jmp 0x1001789,e933ffffff,cpu,jmp,False,1,0,,,,16783241.0,,,"[{'addr': 16783241, 'type': 'CODE'}]",
16783446,"0x4,rbp,-,[4],rax,=",True,16783184,16783452,3,"mov eax, dword [rbp - 4]","mov eax, dword [var_ch]",8b45fc,cpu,mov,False,9,0,['case.0x1001785.6'],"[{'addr': 16783237, 'type': 'CODE'}]",,,,,,
16783449,"32,rsp,+=,63,$o,of,:=,63,$s,sf,:=,$z,zf,:=,63,$c,cf,:=,$p,pf,:=,3,$c,af,:=",False,16783184,16783451,4,"add rsp, 0x20","add rsp, 0x20",4883c420,cpu,add,False,17,0,,,32.0,,,,,
16783453,"rsp,[8],8,rsp,+=,rbp,=",False,16783184,16783454,1,pop rbp,pop rbp,5d,cpu,pop,False,14,0,,,,,,,,
16783454,"rsp,[8],rip,=,8,rsp,+=",False,16783184,16783454,1,ret,ret,c3,cpu,ret,False,5,0,,,,,,,,
