offset,esil,refptr,fcn_addr,fcn_last,size,opcode,disasm,bytes,family,type,reloc,type_num,type2_num,flags,xrefs_to,val,jump,fail,xrefs_from,ptr
16784208,"rbp,8,rsp,-,=[8],8,rsp,-=",False,16784208,16784300,1,push rbp,push rbp,55,cpu,rpush,False,268435468,0,"['main', 'sym.main', 'dbg.main']","[{'addr': 16782813, 'type': 'DATA'}]",,,,,
16784209,"rsp,rbp,=",False,16784208,16784298,3,"mov rbp, rsp","mov rbp, rsp",4889e5,cpu,mov,False,9,0,,,,,,,
16784212,"16,rsp,-=,16,0x8000000000000000,-,!,63,$o,^,of,:=,63,$s,sf,:=,$z,zf,:=,$p,pf,:=,64,$b,cf,:=,3,$b,af,:=",False,16784208,16784297,4,"sub rsp, 0x10","sub rsp, 0x10",4883ec10,cpu,sub,False,18,0,,,16.0,,,,
16784216,"0x8,rsi,+,[8],rdi,=",True,16784208,16784297,4,"mov rdi, qword [rsi + 8]","mov rdi, qword [rsi + 8]",488b7e08,cpu,mov,False,9,0,,,,,,,
16784220,"eax,rax,^,0xffffffff,&,rax,=,$z,zf,:=,$p,pf,:=,31,$s,sf,:=,0,cf,:=,0,of,:=",False,16784208,16784299,2,"xor eax, eax","xor eax, eax",31c0,cpu,xor,False,28,0,,,,,,,
16784222,"eax,rsi,=",False,16784208,16784299,2,"mov esi, eax","mov esi, eax",89c6,cpu,mov,False,9,0,,,,,,,
16784224,"16784448,rip,8,rsp,-=,rsp,=[],rip,=",False,16784208,16784296,5,call 0x1001c40,call sym.imp.strtod,e8db000000,cpu,call,False,3,0,,,,16784448.0,16784229.0,"[{'addr': 16784448, 'type': 'CALL'}]",
16784229,,False,16784208,16784297,4,"cvtsd2ss xmm0, xmm0","cvtsd2ss xmm0, xmm0",f20f5ac0,sse,null,False,0,0,,,,,,,
16784233,,False,16784208,16784297,4,"cvttss2si edi, xmm0","cvttss2si edi, xmm0",f30f2cf8,sse,null,False,0,0,,,,,,,
16784237,"16782832,rip,8,rsp,-=,rsp,=[],rip,=",False,16784208,16784296,5,call 0x10015f0,call dbg.diagonal_addition,e87efaffff,cpu,call,False,3,0,,,,16782832.0,16784242.0,"[{'addr': 16782832, 'type': 'CALL'}]",
16784242,"eax,rcx,=",False,16784208,16784299,2,"mov ecx, eax","mov ecx, eax",89c1,cpu,mov,False,9,0,,,,,,,
16784244,"ecx,0x4,rbp,-,=[4]",True,16784208,16784298,3,"mov dword [rbp - 4], ecx","mov dword [number], ecx",894dfc,cpu,mov,False,268435465,0,,,,,,,
16784247,"0x169f,rip,-,rdi,=",True,16784208,16784294,7,"lea rdi, [rip - 0x169f]","lea rdi, str.You_loose",488d3d61e9ffff,cpu,lea,False,33,0,,,,,,"[{'addr': 16778463, 'type': 'DATA'}]",16778463.0
16784254,"0x16af,rip,-,rax,=",True,16784208,16784294,7,"lea rax, [rip - 0x16af]","lea rax, str.You_win",488d0551e9ffff,cpu,lea,False,33,0,,,,,,"[{'addr': 16778454, 'type': 'DATA'}]",16778454.0
16784261,"506328992,ecx,==,$z,zf,:=,32,$b,cf,:=,$p,pf,:=,31,$s,sf,:=,506328992,0x80000000,-,!,31,$o,^,of,:=,3,$b,af,:=",False,16784208,16784295,6,"cmp ecx, 0x1e2df7a0","cmp ecx, 0x1e2df7a0",81f9a0f72d1e,cpu,cmp,False,15,0,,,506328992.0,,,,506328992.0
16784267,"zf,?{,rax,rdi,=,}",False,16784208,16784297,4,"cmove rdi, rax","cmove rdi, rax",480f44f8,cpu,cmov,False,2147483657,0,,,,,,,
16784271,"16784464,rip,8,rsp,-=,rsp,=[],rip,=",False,16784208,16784296,5,call 0x1001c50,call sym.imp.puts,e8bc000000,cpu,call,False,3,0,,,,16784464.0,16784276.0,"[{'addr': 16784464, 'type': 'CALL'}]",
16784276,"0x4,rbp,-,[4],rsi,=",True,16784208,16784298,3,"mov esi, dword [rbp - 4]","mov esi, dword [number]",8b75fc,cpu,mov,False,9,0,,,,,,,
16784279,"0x16d6,rip,-,rdi,=",True,16784208,16784294,7,"lea rdi, [rip - 0x16d6]","lea rdi, str.Result:_0x_x",488d3d2ae9ffff,cpu,lea,False,33,0,,,,,,"[{'addr': 16778440, 'type': 'DATA'}]",16778440.0
16784286,"0,al,=",False,16784208,16784299,2,"mov al, 0","mov al, 0",b000,cpu,mov,False,9,0,,,0.0,,,,
16784288,"16784480,rip,8,rsp,-=,rsp,=[],rip,=",False,16784208,16784296,5,call 0x1001c60,call sym.imp.printf,e8bb000000,cpu,call,False,3,0,,,,16784480.0,16784293.0,"[{'addr': 16784480, 'type': 'CALL'}]",
16784293,"eax,rax,^,0xffffffff,&,rax,=,$z,zf,:=,$p,pf,:=,31,$s,sf,:=,0,cf,:=,0,of,:=",False,16784208,16784299,2,"xor eax, eax","xor eax, eax",31c0,cpu,xor,False,28,0,,,,,,,
16784295,"16,rsp,+=,63,$o,of,:=,63,$s,sf,:=,$z,zf,:=,63,$c,cf,:=,$p,pf,:=,3,$c,af,:=",False,16784208,16784297,4,"add rsp, 0x10","add rsp, 0x10",4883c410,cpu,add,False,17,0,,,16.0,,,,
16784299,"rsp,[8],8,rsp,+=,rbp,=",False,16784208,16784300,1,pop rbp,pop rbp,5d,cpu,pop,False,14,0,,,,,,,
16784300,"rsp,[8],rip,=,8,rsp,+=",False,16784208,16784300,1,ret,ret,c3,cpu,ret,False,5,0,,,,,,,
