offset,esil,refptr,fcn_addr,fcn_last,size,opcode,disasm,bytes,family,type,reloc,type_num,type2_num,flags,xrefs_to,val,ptr,xrefs_from,jump
16787936,"rbp,8,rsp,-,=[8],8,rsp,-=",False,16787936,16788267,1,push rbp,push rbp,55,cpu,rpush,False,268435468,0,['sym.analyze_dynamics'],"[{'addr': 16784317, 'type': 'CALL'}]",,,,
16787937,"rsp,rbp,=",False,16787936,16788265,3,"mov rbp, rsp","mov rbp, rsp",4889e5,cpu,mov,False,9,0,,,,,,
16787940,"rdi,[16],xmm2,=",True,16787936,16788265,3,"movups xmm2, xmmword [rdi]","movups xmm2, xmmword [rdi]",0f1017,sse,mov,False,9,0,,,,,,
16787943,"0x10,rdi,+,[16],xmm3,=",True,16787936,16788264,4,"movups xmm3, xmmword [rdi + 0x10]","movups xmm3, xmmword [rdi + 0x10]",0f105f10,sse,mov,False,9,0,,,,,,
16787947,"xmm3,xmm7,=",False,16787936,16788265,3,"movaps xmm7, xmm3","movaps xmm7, xmm3",0f28fb,sse,mov,False,9,0,,,,,,
16787950,,False,16787936,16788264,4,"shufps xmm7, xmm2, 0x30","shufps xmm7, xmm2, 0x30",0fc6fa30,sse,null,False,0,0,,,,,,
16787954,"xmm2,xmm4,=",False,16787936,16788265,3,"movaps xmm4, xmm2","movaps xmm4, xmm2",0f28e2,sse,mov,False,9,0,,,,,,
16787957,,False,16787936,16788264,4,"shufps xmm4, xmm7, 0x29","shufps xmm4, xmm7, 0x29",0fc6e729,sse,null,False,0,0,,,,,,
16787961,"0x30,rdi,+,[4],r11,=",True,16787936,16788264,4,"mov r11d, dword [rdi + 0x30]","mov r11d, dword [rdi + 0x30]",448b5f30,cpu,mov,False,9,0,,,,,,
16787965,"0x20,rdi,+,[16],xmm0,=",True,16787936,16788264,4,"movups xmm0, xmmword [rdi + 0x20]","movups xmm0, xmmword [rdi + 0x20]",0f104720,sse,mov,False,9,0,,,,,,
16787969,"xmm0,xmm1,=",False,16787936,16788265,3,"movaps xmm1, xmm0","movaps xmm1, xmm0",0f28c8,sse,mov,False,9,0,,,,,,
16787972,,False,16787936,16788264,4,"shufps xmm1, xmm3, 0x30","shufps xmm1, xmm3, 0x30",0fc6cb30,sse,null,False,0,0,,,,,,
16787976,"xmm3,xmm5,=",False,16787936,16788265,3,"movaps xmm5, xmm3","movaps xmm5, xmm3",0f28eb,sse,mov,False,9,0,,,,,,
16787979,,False,16787936,16788264,4,"shufps xmm5, xmm1, 0x29","shufps xmm5, xmm1, 0x29",0fc6e929,sse,null,False,0,0,,,,,,
16787983,"0x24,rdi,+,[16],xmm1,=",True,16787936,16788264,4,"movups xmm1, xmmword [rdi + 0x24]","movups xmm1, xmmword [rdi + 0x24]",0f104f24,sse,mov,False,9,0,,,,,,
16787987,"0x34,rdi,+,[4],rax,=",True,16787936,16788265,3,"mov eax, dword [rdi + 0x34]","mov eax, dword [rdi + 0x34]",8b4734,cpu,mov,False,9,0,,,,,,
16787990,"r11d,rcx,=",False,16787936,16788265,3,"mov ecx, r11d","mov ecx, r11d",4489d9,cpu,mov,False,9,0,,,,,,
16787993,"eax,ecx,-=,eax,0x80000000,-,!,31,$o,^,of,:=,31,$s,sf,:=,$z,zf,:=,$p,pf,:=,32,$b,cf,:=,3,$b,af,:=",False,16787936,16788266,2,"sub ecx, eax","sub ecx, eax",29c1,cpu,sub,False,18,0,,,,,,
16787995,"zf,!,sf,of,^,!,&,cl,=",False,16787936,16788265,3,setg cl,setg cl,0f9fc1,cpu,cmov,False,2147483657,0,,,,,,
16787998,"cl,rcx,=",False,16787936,16788265,3,"movzx ecx, cl","movzx ecx, cl",0fb6c9,cpu,mov,False,9,0,,,,,,
16788001,"ecx,0x4,rbp,-,=[4]",True,16787936,16788265,3,"mov dword [rbp - 4], ecx","mov dword [var_ch], ecx",894dfc,cpu,mov,False,268435465,0,,,,,,
16788004,"0x38,rdi,+,[4],rcx,=",True,16787936,16788265,3,"mov ecx, dword [rdi + 0x38]","mov ecx, dword [rdi + 0x38]",8b4f38,cpu,mov,False,9,0,,,,,,
16788007,"eax,rdx,=",False,16787936,16788266,2,"mov edx, eax","mov edx, eax",89c2,cpu,mov,False,9,0,,,,,,
16788009,"ecx,edx,-=,ecx,0x80000000,-,!,31,$o,^,of,:=,31,$s,sf,:=,$z,zf,:=,$p,pf,:=,32,$b,cf,:=,3,$b,af,:=",False,16787936,16788266,2,"sub edx, ecx","sub edx, ecx",29ca,cpu,sub,False,18,0,,,,,,
16788011,"zf,!,sf,of,^,!,&,dl,=",False,16787936,16788265,3,setg dl,setg dl,0f9fc2,cpu,cmov,False,2147483657,0,,,,,,
16788014,"dl,rdx,=",False,16787936,16788265,3,"movzx edx, dl","movzx edx, dl",0fb6d2,cpu,mov,False,9,0,,,,,,
16788017,"xmm2,xmm6,=",False,16787936,16788265,3,"movaps xmm6, xmm2","movaps xmm6, xmm2",0f28f2,sse,mov,False,9,0,,,,,,
16788020,,False,16787936,16788264,4,"shufps xmm6, xmm7, 0x28","shufps xmm6, xmm7, 0x28",0fc6f728,sse,null,False,0,0,,,,,,
16788024,,False,16787936,16788264,4,"paddd xmm6, xmm5","paddd xmm6, xmm5",660ffef5,sse,add,False,17,0,,,,,,
16788028,,False,16787936,16788263,5,"pshufd xmm7, xmm6, 0xee","pshufd xmm7, xmm6, 0xee",660f70feee,sse,null,False,0,0,,,,,,
16788033,,False,16787936,16788264,4,"paddd xmm6, xmm7","paddd xmm6, xmm7",660ffef7,sse,add,False,17,0,,,,,,
16788037,,False,16787936,16788263,5,"pshufd xmm7, xmm6, 0x55","pshufd xmm7, xmm6, 0x55",660f70fe55,sse,null,False,0,0,,,,,,
16788042,,False,16787936,16788264,4,"paddd xmm6, xmm7","paddd xmm6, xmm7",660ffef7,sse,add,False,17,0,,,,,,
16788046,"xmm6l,r8d,=",False,16787936,16788263,5,"movd r8d, xmm6","movd r8d, xmm6",66410f7ef0,sse,mov,False,9,0,,,,,,
16788051,"0x4,rdi,+,[4],rsi,=",True,16787936,16788265,3,"mov esi, dword [rdi + 4]","mov esi, dword [rdi + 4]",8b7704,cpu,mov,False,9,0,,,,,,
16788054,"esi,r8d,+=,31,$o,of,:=,31,$s,sf,:=,$z,zf,:=,31,$c,cf,:=,$p,pf,:=,3,$c,af,:=",False,16787936,16788265,3,"add r8d, esi","add r8d, esi",4101f0,cpu,add,False,17,0,,,,,,
16788057,,False,16787936,16788263,5,"pshufd xmm7, xmm0, 0xaa","pshufd xmm7, xmm0, 0xaa",660f70f8aa,sse,null,False,0,0,,,,,,
16788062,,False,16787936,16788263,5,"pshufd xmm6, xmm0, 0x55","pshufd xmm6, xmm0, 0x55",660f70f055,sse,null,False,0,0,,,,,,
16788067,,False,16787936,16788264,4,"paddd xmm6, xmm7","paddd xmm6, xmm7",660ffef7,sse,add,False,17,0,,,,,,
16788071,"xmm6l,r9d,=",False,16787936,16788263,5,"movd r9d, xmm6","movd r9d, xmm6",66410f7ef1,sse,mov,False,9,0,,,,,,
16788076,"0x2c,rdi,+,[4],r10,=",True,16787936,16788264,4,"mov r10d, dword [rdi + 0x2c]","mov r10d, dword [rdi + 0x2c]",448b572c,cpu,mov,False,9,0,,,,,,
16788080,"r11d,rsi,=",False,16787936,16788265,3,"mov esi, r11d","mov esi, r11d",4489de,cpu,mov,False,9,0,,,,,,
16788083,"r10d,esi,|=,31,$s,sf,:=,$z,zf,:=,$p,pf,:=,0,of,:=,0,cf,:=",False,16787936,16788265,3,"or esi, r10d","or esi, r10d",4409d6,cpu,or,False,26,0,,,,,,
16788086,"r11d,rsi,&,0xffffffff,&,rsi,=,$z,zf,:=,$p,pf,:=,31,$s,sf,:=,0,cf,:=,0,of,:=",False,16787936,16788265,3,"and esi, r11d","and esi, r11d",4421de,cpu,and,False,27,0,,,,,,
16788089,"r10d,esi,+=,31,$o,of,:=,31,$s,sf,:=,$z,zf,:=,31,$c,cf,:=,$p,pf,:=,3,$c,af,:=",False,16787936,16788265,3,"add esi, r10d","add esi, r10d",4401d6,cpu,add,False,17,0,,,,,,
16788092,"ecx,eax,+=,31,$o,of,:=,31,$s,sf,:=,$z,zf,:=,31,$c,cf,:=,$p,pf,:=,3,$c,af,:=",False,16787936,16788266,2,"add eax, ecx","add eax, ecx",01c8,cpu,add,False,17,0,,,,,,
16788094,"r9d,r8d,+=,31,$o,of,:=,31,$s,sf,:=,$z,zf,:=,31,$c,cf,:=,$p,pf,:=,3,$c,af,:=",False,16787936,16788265,3,"add r8d, r9d","add r8d, r9d",4501c8,cpu,add,False,17,0,,,,,,
16788097,"eax,esi,+=,31,$o,of,:=,31,$s,sf,:=,$z,zf,:=,31,$c,cf,:=,$p,pf,:=,3,$c,af,:=",False,16787936,16788266,2,"add esi, eax","add esi, eax",01c6,cpu,add,False,17,0,,,,,,
16788099,"r8d,rax,=",False,16787936,16788265,3,"mov eax, r8d","mov eax, r8d",4489c0,cpu,mov,False,9,0,,,,,,
16788102,"esi,rax,&,0xffffffff,&,rax,=,$z,zf,:=,$p,pf,:=,31,$s,sf,:=,0,cf,:=,0,of,:=",False,16787936,16788266,2,"and eax, esi","and eax, esi",21f0,cpu,and,False,27,0,,,,,,
16788104,"r8d,esi,|=,31,$s,sf,:=,$z,zf,:=,$p,pf,:=,0,of,:=,0,cf,:=",False,16787936,16788265,3,"or esi, r8d","or esi, r8d",4409c6,cpu,or,False,26,0,,,,,,
16788107,"esi,eax,+=,31,$o,of,:=,31,$s,sf,:=,$z,zf,:=,31,$c,cf,:=,$p,pf,:=,3,$c,af,:=",False,16787936,16788266,2,"add eax, esi","add eax, esi",01f0,cpu,add,False,17,0,,,,,,
16788109,"0x3c,rdi,+,[4],rsi,=",True,16787936,16788265,3,"mov esi, dword [rdi + 0x3c]","mov esi, dword [rdi + 0x3c]",8b773c,cpu,mov,False,9,0,,,,,,
16788112,"esi,ecx,-=,esi,0x80000000,-,!,31,$o,^,of,:=,31,$s,sf,:=,$z,zf,:=,$p,pf,:=,32,$b,cf,:=,3,$b,af,:=",False,16787936,16788266,2,"sub ecx, esi","sub ecx, esi",29f1,cpu,sub,False,18,0,,,,,,
16788114,"zf,!,sf,of,^,!,&,cl,=",False,16787936,16788265,3,setg cl,setg cl,0f9fc1,cpu,cmov,False,2147483657,0,,,,,,
16788117,"cl,rdi,=",False,16787936,16788265,3,"movzx edi, cl","movzx edi, cl",0fb6f9,cpu,mov,False,9,0,,,,,,
16788120,,False,16787936,16788264,4,"pcmpgtd xmm3, xmm5","pcmpgtd xmm3, xmm5",660f66dd,sse,cmp,False,15,0,,,,,,
16788124,,False,16787936,16788264,4,"pcmpgtd xmm2, xmm4","pcmpgtd xmm2, xmm4",660f66d4,sse,cmp,False,15,0,,,,,,
16788128,,False,16787936,16788264,4,"packssdw xmm2, xmm3","packssdw xmm2, xmm3",660f6bd3,sse,mov,False,9,0,,,,,,
16788132,,False,16787936,16788264,4,"packsswb xmm2, xmm3","packsswb xmm2, xmm3",660f63d3,sse,mov,False,9,0,,,,,,
16788136,,False,16787936,16788264,4,"pmovmskb ecx, xmm2","pmovmskb ecx, xmm2",660fd7ca,sse,null,False,0,0,,,,,,
16788140,"cl,rcx,=",False,16787936,16788265,3,"movzx ecx, cl","movzx ecx, cl",0fb6c9,cpu,mov,False,9,0,,,,,,
16788143,"32,134480385,~,32,ecx,~,*,DUP,ecx,=,ecx,-,?{,1,1,}{,0,0,},cf,:=,of,:=",False,16787936,16788262,6,"imul ecx, ecx, 0x8040201","imul ecx, ecx, 0x8040201",69c901020408,cpu,mul,False,20,0,,,,,,
16788149,"0,cf,:=,1,3,-,1,<<,ecx,&,?{,1,cf,:=,},3,ecx,>>,ecx,=,$z,zf,:=,$p,pf,:=,31,$s,sf,:=",False,16787936,16788265,3,"shr ecx, 3","shr ecx, 3",c1e903,cpu,shr,False,22,0,,,3.0,,,
16788152,"286331153,rcx,&,0xffffffff,&,rcx,=,$z,zf,:=,$p,pf,:=,31,$s,sf,:=,0,cf,:=,0,of,:=",False,16787936,16788262,6,"and ecx, 0x11111111","and ecx, 0x11111111",81e111111111,cpu,and,False,27,0,,,286331153.0,286331153.0,,
16788158,"32,286331153,~,32,ecx,~,*,DUP,r8d,=,r8d,-,?{,1,1,}{,0,0,},cf,:=,of,:=",False,16787936,16788261,7,"imul r8d, ecx, 0x11111111","imul r8d, ecx, 0x11111111",4469c111111111,cpu,mul,False,20,0,,,,,,
16788165,"0,cf,:=,1,28,-,1,<<,r8d,&,?{,1,cf,:=,},28,r8d,>>,r8d,=,$z,zf,:=,$p,pf,:=,31,$s,sf,:=",False,16787936,16788264,4,"shr r8d, 0x1c","shr r8d, 0x1c",41c1e81c,cpu,shr,False,22,0,,,28.0,,,
16788169,,False,16787936,16788264,4,"pcmpgtd xmm0, xmm1","pcmpgtd xmm0, xmm1",660f66c1,sse,cmp,False,15,0,,,,,,
16788173,,False,16787936,16788265,3,"movmskps ecx, xmm0","movmskps ecx, xmm0",0f50c8,sse,null,False,0,0,,,,,,
16788176,"0,2,!,!,?{,1,2,-,ecx,<<,0x80000000,&,!,!,^,},2,ecx,<<=,$z,zf,:=,$p,pf,:=,31,$s,sf,:=,cf,=",False,16787936,16788265,3,"shl ecx, 2","shl ecx, 2",c1e102,cpu,shl,False,23,0,,,,,,
16788179,"4841987667533046032,rsi,=",False,16787936,16788258,10,"movabs rsi, 0x4332322132212110","movabs rsi, 0x4332322132212110",48be1021213221323243,cpu,mov,False,9,0,,,4.841987667533046e+18,4.841987667533046e+18,,
16788189,"0,cf,:=,1,cl,-,1,<<,rsi,&,?{,1,cf,:=,},cl,rsi,>>,rsi,=,$z,zf,:=,$p,pf,:=,63,$s,sf,:=",False,16787936,16788265,3,"shr rsi, cl","shr rsi, cl",48d3ee,cpu,shr,False,22,0,,,10.0,,,
16788192,"0x4,rbp,-,[4],rcx,=",True,16787936,16788265,3,"mov ecx, dword [rbp - 4]","mov ecx, dword [var_ch]",8b4dfc,cpu,mov,False,9,0,,,,,,
16788195,"7,rsi,&,0xffffffff,&,rsi,=,$z,zf,:=,$p,pf,:=,31,$s,sf,:=,0,cf,:=,0,of,:=",False,16787936,16788265,3,"and esi, 7","and esi, 7",83e607,cpu,and,False,27,0,,,7.0,,,
16788198,"esi,r8d,+=,31,$o,of,:=,31,$s,sf,:=,$z,zf,:=,31,$c,cf,:=,$p,pf,:=,3,$c,af,:=",False,16787936,16788265,3,"add r8d, esi","add r8d, esi",4101f0,cpu,add,False,17,0,,,,,,
16788201,"ecx,rsi,=",False,16787936,16788266,2,"mov esi, ecx","mov esi, ecx",89ce,cpu,mov,False,9,0,,,,,,
16788203,"-1,esi,^=",False,16787936,16788266,2,not esi,not esi,f7d6,cpu,not,False,30,0,,,,,,
16788205,"esi,r9,=",False,16787936,16788265,3,"mov r9d, esi","mov r9d, esi",4189f1,cpu,mov,False,9,0,,,,,,
16788208,"r8d,r9,^,0xffffffff,&,r9,=,$z,zf,:=,$p,pf,:=,31,$s,sf,:=,0,cf,:=,0,of,:=",False,16787936,16788265,3,"xor r9d, r8d","xor r9d, r8d",4531c1,cpu,xor,False,28,0,,,,,,
16788211,"ecx,r9,^,0xffffffff,&,r9,=,$z,zf,:=,$p,pf,:=,31,$s,sf,:=,0,cf,:=,0,of,:=",False,16787936,16788265,3,"xor r9d, ecx","xor r9d, ecx",4131c9,cpu,xor,False,28,0,,,,,,
16788214,"r8d,rsi,&,0xffffffff,&,rsi,=,$z,zf,:=,$p,pf,:=,31,$s,sf,:=,0,cf,:=,0,of,:=",False,16787936,16788265,3,"and esi, r8d","and esi, r8d",4421c6,cpu,and,False,27,0,,,,,,
16788217,"r9d,rsi,^,0xffffffff,&,rsi,=,$z,zf,:=,$p,pf,:=,31,$s,sf,:=,0,cf,:=,0,of,:=",False,16787936,16788265,3,"xor esi, r9d","xor esi, r9d",4431ce,cpu,xor,False,28,0,,,,,,
16788220,"-1,esi,^=",False,16787936,16788266,2,not esi,not esi,f7d6,cpu,not,False,30,0,,,,,,
16788222,"r8d,ecx,|=,31,$s,sf,:=,$z,zf,:=,$p,pf,:=,0,of,:=,0,cf,:=",False,16787936,16788265,3,"or ecx, r8d","or ecx, r8d",4409c1,cpu,or,False,26,0,,,,,,
16788225,"ecx,esi,+=,31,$o,of,:=,31,$s,sf,:=,$z,zf,:=,31,$c,cf,:=,$p,pf,:=,3,$c,af,:=",False,16787936,16788266,2,"add esi, ecx","add esi, ecx",01ce,cpu,add,False,17,0,,,,,,
16788227,"edi,rcx,=",False,16787936,16788266,2,"mov ecx, edi","mov ecx, edi",89f9,cpu,mov,False,9,0,,,,,,
16788229,"edx,ecx,|=,31,$s,sf,:=,$z,zf,:=,$p,pf,:=,0,of,:=,0,cf,:=",False,16787936,16788266,2,"or ecx, edx","or ecx, edx",09d1,cpu,or,False,26,0,,,,,,
16788231,"edi,rcx,&,0xffffffff,&,rcx,=,$z,zf,:=,$p,pf,:=,31,$s,sf,:=,0,cf,:=,0,of,:=",False,16787936,16788266,2,"and ecx, edi","and ecx, edi",21f9,cpu,and,False,27,0,,,,,,
16788233,"edx,ecx,+=,31,$o,of,:=,31,$s,sf,:=,$z,zf,:=,31,$c,cf,:=,$p,pf,:=,3,$c,af,:=",False,16787936,16788266,2,"add ecx, edx","add ecx, edx",01d1,cpu,add,False,17,0,,,,,,
16788235,"ecx,esi,+=,31,$o,of,:=,31,$s,sf,:=,$z,zf,:=,31,$c,cf,:=,$p,pf,:=,3,$c,af,:=",False,16787936,16788266,2,"add esi, ecx","add esi, ecx",01ce,cpu,add,False,17,0,,,,,,
16788237,,False,16787936,16788264,4,"cvtsi2sd xmm0, eax","cvtsi2sd xmm0, eax",f20f2ac0,sse,null,False,0,0,,,,,,
16788241,"0x2529,rip,-,[8],xmm1,=",True,16787936,16788260,8,"movsd xmm1, qword [rip - 0x2529]","movsd xmm1, qword [data.010005f0]",f20f100dd7daffff,sse,mov,False,9,0,,,,16778736.0,"[{'addr': 16778736, 'type': 'DATA'}]",
16788249,"xmm1,xmm0,*=",False,16787936,16788264,4,"mulsd xmm0, xmm1","mulsd xmm0, xmm1",f20f59c1,sse,mul,False,20,0,,,,,,
16788253,"0x24fc,rip,-,rdi,=",True,16787936,16788261,7,"lea rdi, [rip - 0x24fc]","lea rdi, str.Avg:__.2f__Inversions:__d",488d3d04dbffff,cpu,lea,False,33,0,,,,16778792.0,"[{'addr': 16778792, 'type': 'DATA'}]",
16788260,"1,al,=",False,16787936,16788266,2,"mov al, 1","mov al, 1",b001,cpu,mov,False,9,0,,,1.0,,,
16788262,"rsp,[8],8,rsp,+=,rbp,=",False,16787936,16788267,1,pop rbp,pop rbp,5d,cpu,pop,False,14,0,,,,,,
16788263,"0x1002c00,rip,=",False,16787936,16788263,5,jmp 0x1002c00,jmp sym.imp.printf,e9d4000000,cpu,jmp,False,1,0,,,,,"[{'addr': 16788480, 'type': 'CODE'}]",16788480.0
