offset,esil,refptr,fcn_addr,fcn_last,size,opcode,disasm,bytes,family,type,reloc,type_num,type2_num,flags,xrefs_to,val,jump,fail,ptr,xrefs_from
16787008,"rbp,8,rsp,-,=[8],8,rsp,-=",False,16787008,16787259,1,push rbp,push rbp,55,cpu,rpush,False,268435468,0,['sym.recursive_filter'],"[{'addr': 16783929, 'type': 'CALL'}, {'addr': 16787152, 'type': 'CALL'}]",,,,,
16787009,"rsp,rbp,=",False,16787008,16787257,3,"mov rbp, rsp","mov rbp, rsp",4889e5,cpu,mov,False,9,0,,,,,,,
16787012,"32,rsp,-=,32,0x8000000000000000,-,!,63,$o,^,of,:=,63,$s,sf,:=,$z,zf,:=,$p,pf,:=,64,$b,cf,:=,3,$b,af,:=",False,16787008,16787256,4,"sub rsp, 0x20","sub rsp, 0x20",4883ec20,cpu,sub,False,18,0,,,32.0,,,,
16787016,"rdi,0x10,rbp,-,=[8]",True,16787008,16787256,4,"mov qword [rbp - 0x10], rdi","mov qword [var_18h], rdi",48897df0,cpu,mov,False,268435465,0,,,,,,,
16787020,"esi,0x8,rbp,-,=[4]",True,16787008,16787257,3,"mov dword [rbp - 8], esi","mov dword [var_10h], esi",8975f8,cpu,mov,False,268435465,0,,,,,,,
16787023,"edx,0x4,rbp,-,=[4]",True,16787008,16787257,3,"mov dword [rbp - 4], edx","mov dword [var_ch], edx",8955fc,cpu,mov,False,268435465,0,,,,,,,
16787026,"edx,esi,==,$z,zf,:=,32,$b,cf,:=,$p,pf,:=,31,$s,sf,:=,edx,0x80000000,-,!,31,$o,^,of,:=,3,$b,af,:=",False,16787008,16787258,2,"cmp esi, edx","cmp esi, edx",39d6,cpu,cmp,False,15,0,,,,,,,
16787028,"of,!,sf,^,?{,16787254,rip,=,}",False,16787008,16787254,6,jge 0x1002736,jge 0x1002736,0f8ddc000000,cpu,cjmp,False,2147483649,0,,,,16787254.0,16787034.0,,
16787034,"0x10,rbp,-,[8],rax,=",True,16787008,16787256,4,"mov rax, qword [rbp - 0x10]","mov rax, qword [var_18h]",488b45f0,cpu,mov,False,9,0,,,,,,,
16787038,"0x8,rbp,-,[4],rcx,=",True,16787008,16787257,3,"mov ecx, dword [rbp - 8]","mov ecx, dword [var_10h]",8b4df8,cpu,mov,False,9,0,,,,,,,
16787041,"32,ecx,~,rcx,=",False,16787008,16787257,3,"movsxd rcx, ecx","movsxd rcx, ecx",4863c9,cpu,mov,False,9,0,,,,,,,
16787044,"rcx,rsi,=",False,16787008,16787257,3,"mov rsi, rcx","mov rsi, rcx",4889ce,cpu,mov,False,9,0,,,,,,,
16787047,"0,2,!,!,?{,1,2,-,rsi,<<,0x8000000000000000,&,!,!,^,},2,rsi,<<=,$z,zf,:=,$p,pf,:=,63,$s,sf,:=,cf,=",False,16787008,16787256,4,"shl rsi, 2","shl rsi, 2",48c1e602,cpu,shl,False,23,0,,,,,,,
16787051,"rax,rdx,=",False,16787008,16787257,3,"mov rdx, rax","mov rdx, rax",4889c2,cpu,mov,False,9,0,,,,,,,
16787054,"rsi,rdx,+=,63,$o,of,:=,63,$s,sf,:=,$z,zf,:=,63,$c,cf,:=,$p,pf,:=,3,$c,af,:=",False,16787008,16787257,3,"add rdx, rsi","add rdx, rsi",4801f2,cpu,add,False,17,0,,,,,,,
16787057,"rdx,0x20,rbp,-,=[8]",True,16787008,16787256,4,"mov qword [rbp - 0x20], rdx","mov qword [var_28h], rdx",488955e0,cpu,mov,False,268435465,0,,,,,,,
16787061,"rcx,4,*,rax,+,[4],rax,=",True,16787008,16787257,3,"mov eax, dword [rax + rcx*4]","mov eax, dword [rax + rcx*4]",8b0488,cpu,mov,False,9,0,,,,,,,
16787064,"eax,0x14,rbp,-,=[4]",True,16787008,16787257,3,"mov dword [rbp - 0x14], eax","mov dword [var_1ch], eax",8945ec,cpu,mov,False,268435465,0,,,,,,,
16787067,"5,rcx,=",False,16787008,16787255,5,"mov ecx, 5","mov ecx, 5",b905000000,cpu,mov,False,9,0,,,5.0,,,,
16787072,"0,edx,=,31,eax,>>,?{,0xffffffff,edx,=,}",False,16787008,16787259,1,cdq,cdq,99,cpu,null,False,0,0,,,,,,,
16787073,"32,ecx,~,32,edx,<<,eax,+,~%,32,ecx,~,32,edx,<<,eax,+,~/,eax,=,edx,=",False,16787008,16787258,2,idiv ecx,idiv ecx,f7f9,cpu,div,False,21,0,,,,,,,
16787075,"edx,rax,=",False,16787008,16787258,2,"mov eax, edx","mov eax, edx",89d0,cpu,mov,False,9,0,,,,,,,
16787077,"0,cf,:=,1,6,-,1,<<,eax,&,?{,1,cf,:=,},6,eax,>>,eax,=,$z,zf,:=,$p,pf,:=,31,$s,sf,:=",False,16787008,16787257,3,"shr eax, 6","shr eax, 6",c1e806,cpu,shr,False,22,0,,,6.0,,,,
16787080,"5001,eax,==,$z,zf,:=,32,$b,cf,:=,$p,pf,:=,31,$s,sf,:=,5001,0x80000000,-,!,31,$o,^,of,:=,3,$b,af,:=",False,16787008,16787255,5,"cmp eax, 0x1389","cmp eax, 0x1389",3d89130000,cpu,cmp,False,15,0,,,5001.0,,,5001.0,
16787085,"cf,al,=",False,16787008,16787257,3,setb al,setb al,0f92c0,cpu,cmov,False,2147483657,0,,,,,,,
16787088,"0,edx,==,$z,zf,:=,32,$b,cf,:=,$p,pf,:=,31,$s,sf,:=,0,0x80000000,-,!,31,$o,^,of,:=,3,$b,af,:=",False,16787008,16787257,3,"cmp edx, 0","cmp edx, 0",83fa00,cpu,cmp,False,15,0,,,0.0,,,0.0,
16787091,"sf,of,^,!,cl,=",False,16787008,16787257,3,setge cl,setge cl,0f9dc1,cpu,cmov,False,2147483657,0,,,,,,,
16787094,"0,2,!,!,?{,1,2,-,edx,<<,0x80000000,&,!,!,^,},2,edx,<<=,$z,zf,:=,$p,pf,:=,31,$s,sf,:=,cf,=",False,16787008,16787257,3,"shl edx, 2","shl edx, 2",c1e202,cpu,shl,False,23,0,,,,,,,
16787097,"3,rdx,^,0xffffffff,&,rdx,=,$z,zf,:=,$p,pf,:=,31,$s,sf,:=,0,cf,:=,0,of,:=",False,16787008,16787257,3,"xor edx, 3","xor edx, 3",83f203,cpu,xor,False,28,0,,,3.0,,,,
16787100,"3,edx,-=,3,0x80000000,-,!,31,$o,^,of,:=,31,$s,sf,:=,$z,zf,:=,$p,pf,:=,32,$b,cf,:=,3,$b,af,:=",False,16787008,16787257,3,"sub edx, 3","sub edx, 3",83ea03,cpu,sub,False,18,0,,,3.0,,,,
16787103,"0,edx,==,$z,zf,:=,32,$b,cf,:=,$p,pf,:=,31,$s,sf,:=,0,0x80000000,-,!,31,$o,^,of,:=,3,$b,af,:=",False,16787008,16787257,3,"cmp edx, 0","cmp edx, 0",83fa00,cpu,cmp,False,15,0,,,0.0,,,0.0,
16787106,"zf,dl,=",False,16787008,16787257,3,sete dl,sete dl,0f94c2,cpu,cmov,False,2147483657,0,,,,,,,
16787109,"dl,cl,&=,$z,zf,:=,$p,pf,:=,7,$s,sf,:=,0,cf,:=,0,of,:=",False,16787008,16787258,2,"and cl, dl","and cl, dl",20d1,cpu,and,False,27,0,,,,,,,
16787111,"cl,al,&=,$z,zf,:=,$p,pf,:=,7,$s,sf,:=,0,cf,:=,0,of,:=",False,16787008,16787258,2,"and al, cl","and al, cl",20c8,cpu,and,False,27,0,,,,,,,
16787113,"0,1,al,&,==,$z,zf,:=,$p,pf,:=,7,$s,sf,:=,0,cf,:=,0,of,:=",False,16787008,16787258,2,"test al, 1","test al, 1",a801,cpu,acmp,False,16,0,,,1.0,,,1.0,
16787115,"zf,!,?{,16787119,rip,=,}",False,16787008,16787258,2,jne 0x10026af,jne 0x10026af,7502,cpu,cjmp,False,2147483649,0,,,,16787119.0,16787117.0,,
16787117,"0x10026bc,rip,=",False,16787008,16787258,2,jmp 0x10026bc,jmp 0x10026bc,eb0d,cpu,jmp,False,1,0,,,,16787132.0,,,"[{'addr': 16787132, 'type': 'CODE'}]"
16787119,"0x20,rbp,-,[8],rax,=",True,16787008,16787256,4,"mov rax, qword [rbp - 0x20]","mov rax, qword [var_28h]",488b45e0,cpu,mov,False,9,0,,,,,,,
16787123,"0x14,rbp,-,[4],rdx,=",True,16787008,16787257,3,"mov edx, dword [rbp - 0x14]","mov edx, dword [var_1ch]",8b55ec,cpu,mov,False,9,0,,,,,,,
16787126,"ecx,rcx,^,0xffffffff,&,rcx,=,$z,zf,:=,$p,pf,:=,31,$s,sf,:=,0,cf,:=,0,of,:=",False,16787008,16787258,2,"xor ecx, ecx","xor ecx, ecx",31c9,cpu,xor,False,28,0,,,,,,,
16787128,"edx,ecx,-=,edx,0x80000000,-,!,31,$o,^,of,:=,31,$s,sf,:=,$z,zf,:=,$p,pf,:=,32,$b,cf,:=,3,$b,af,:=",False,16787008,16787258,2,"sub ecx, edx","sub ecx, edx",29d1,cpu,sub,False,18,0,,,,,,,
16787130,"ecx,rax,=[4]",True,16787008,16787258,2,"mov dword [rax], ecx","mov dword [rax], ecx",8908,cpu,mov,False,9,0,,,,,,,
16787132,"0x8,rbp,-,[4],rax,=",True,16787008,16787257,3,"mov eax, dword [rbp - 8]","mov eax, dword [var_10h]",8b45f8,cpu,mov,False,9,0,,"[{'addr': 16787117, 'type': 'CODE'}]",,,,,
16787135,"0x4,rbp,-,[4],rdx,=",True,16787008,16787257,3,"mov edx, dword [rbp - 4]","mov edx, dword [var_ch]",8b55fc,cpu,mov,False,9,0,,,,,,,
16787138,"0x10,rbp,-,[8],rdi,=",True,16787008,16787256,4,"mov rdi, qword [rbp - 0x10]","mov rdi, qword [var_18h]",488b7df0,cpu,mov,False,9,0,,,,,,,
16787142,"eax,rsi,=",False,16787008,16787258,2,"mov esi, eax","mov esi, eax",89c6,cpu,mov,False,9,0,,,,,,,
16787144,"2,rsi,&,0xffffffff,&,rsi,=,$z,zf,:=,$p,pf,:=,31,$s,sf,:=,0,cf,:=,0,of,:=",False,16787008,16787257,3,"and esi, 2","and esi, 2",83e602,cpu,and,False,27,0,,,2.0,,,,
16787147,"2,eax,|=,31,$s,sf,:=,$z,zf,:=,$p,pf,:=,0,of,:=,0,cf,:=",False,16787008,16787257,3,"or eax, 2","or eax, 2",83c802,cpu,or,False,26,0,,,2.0,,,,
16787150,"eax,esi,+=,31,$o,of,:=,31,$s,sf,:=,$z,zf,:=,31,$c,cf,:=,$p,pf,:=,3,$c,af,:=",False,16787008,16787258,2,"add esi, eax","add esi, eax",01c6,cpu,add,False,17,0,,,,,,,
16787152,"16787008,rip,8,rsp,-=,rsp,=[],rip,=",False,16787008,16787255,5,call 0x1002640,call sym.recursive_filter,e86bffffff,cpu,call,False,3,0,,,,16787008.0,16787157.0,,"[{'addr': 16787008, 'type': 'CALL'}]"
16787157,"0x8,rbp,-,[4],rax,=",True,16787008,16787257,3,"mov eax, dword [rbp - 8]","mov eax, dword [var_10h]",8b45f8,cpu,mov,False,9,0,,,,,,,
16787160,"3,rcx,=",False,16787008,16787255,5,"mov ecx, 3","mov ecx, 3",b903000000,cpu,mov,False,9,0,,,3.0,,,,
16787165,"0,edx,=,31,eax,>>,?{,0xffffffff,edx,=,}",False,16787008,16787259,1,cdq,cdq,99,cpu,null,False,0,0,,,,,,,
16787166,"32,ecx,~,32,edx,<<,eax,+,~%,32,ecx,~,32,edx,<<,eax,+,~/,eax,=,edx,=",False,16787008,16787258,2,idiv ecx,idiv ecx,f7f9,cpu,div,False,21,0,,,,,,,
16787168,"edx,rcx,=",False,16787008,16787258,2,"mov ecx, edx","mov ecx, edx",89d1,cpu,mov,False,9,0,,,,,,,
16787170,"4294967295,rcx,^,0xffffffff,&,rcx,=,$z,zf,:=,$p,pf,:=,31,$s,sf,:=,0,cf,:=,0,of,:=",False,16787008,16787257,3,"xor ecx, 0xffffffff","xor ecx, 0xffffffff",83f1ff,cpu,xor,False,28,0,,,4294967295.0,,,4294967295.0,
16787173,"edx,rax,=",False,16787008,16787258,2,"mov eax, edx","mov eax, edx",89d0,cpu,mov,False,9,0,,,,,,,
16787175,"ecx,rax,^,0xffffffff,&,rax,=,$z,zf,:=,$p,pf,:=,31,$s,sf,:=,0,cf,:=,0,of,:=",False,16787008,16787258,2,"xor eax, ecx","xor eax, ecx",31c8,cpu,xor,False,28,0,,,,,,,
16787177,"4294967295,rax,^,0xffffffff,&,rax,=,$z,zf,:=,$p,pf,:=,31,$s,sf,:=,0,cf,:=,0,of,:=",False,16787008,16787257,3,"xor eax, 0xffffffff","xor eax, 0xffffffff",83f0ff,cpu,xor,False,28,0,,,4294967295.0,,,4294967295.0,
16787180,"76,rax,^,0xffffffff,&,rax,=,$z,zf,:=,$p,pf,:=,31,$s,sf,:=,0,cf,:=,0,of,:=",False,16787008,16787257,3,"xor eax, 0x4c","xor eax, 0x4c",83f04c,cpu,xor,False,28,0,,,76.0,,,76.0,
16787183,"40,rax,^,0xffffffff,&,rax,=,$z,zf,:=,$p,pf,:=,31,$s,sf,:=,0,cf,:=,0,of,:=",False,16787008,16787257,3,"xor eax, 0x28","xor eax, 0x28",83f028,cpu,xor,False,28,0,,,40.0,,,40.0,
16787186,"edx,rax,^,0xffffffff,&,rax,=,$z,zf,:=,$p,pf,:=,31,$s,sf,:=,0,cf,:=,0,of,:=",False,16787008,16787258,2,"xor eax, edx","xor eax, edx",31d0,cpu,xor,False,28,0,,,,,,,
16787188,"100,eax,==,$z,zf,:=,32,$b,cf,:=,$p,pf,:=,31,$s,sf,:=,100,0x80000000,-,!,31,$o,^,of,:=,3,$b,af,:=",False,16787008,16787257,3,"cmp eax, 0x64","cmp eax, 0x64",83f864,cpu,cmp,False,15,0,,,100.0,,,100.0,
16787191,"zf,!,?{,16787220,rip,=,}",False,16787008,16787258,2,jne 0x1002714,jne 0x1002714,751b,cpu,cjmp,False,2147483649,0,,,,16787220.0,16787193.0,,
16787193,"0x20,rbp,-,[8],rax,=",True,16787008,16787256,4,"mov rax, qword [rbp - 0x20]","mov rax, qword [var_28h]",488b45e0,cpu,mov,False,9,0,,,,,,,
16787197,"rax,[4],rdx,=",True,16787008,16787258,2,"mov edx, dword [rax]","mov edx, dword [rax]",8b10,cpu,mov,False,9,0,,,,,,,
16787199,"edx,rcx,=",False,16787008,16787258,2,"mov ecx, edx","mov ecx, edx",89d1,cpu,mov,False,9,0,,,,,,,
16787201,"3,rcx,&,0xffffffff,&,rcx,=,$z,zf,:=,$p,pf,:=,31,$s,sf,:=,0,cf,:=,0,of,:=",False,16787008,16787257,3,"and ecx, 3","and ecx, 3",83e103,cpu,and,False,27,0,,,3.0,,,,
16787204,"4294967292,rcx,^,0xffffffff,&,rcx,=,$z,zf,:=,$p,pf,:=,31,$s,sf,:=,0,cf,:=,0,of,:=",False,16787008,16787257,3,"xor ecx, 0xfffffffc","xor ecx, 0xfffffffc",83f1fc,cpu,xor,False,28,0,,,4294967292.0,,,4294967292.0,
16787207,"3,rdx,^,0xffffffff,&,rdx,=,$z,zf,:=,$p,pf,:=,31,$s,sf,:=,0,cf,:=,0,of,:=",False,16787008,16787257,3,"xor edx, 3","xor edx, 3",83f203,cpu,xor,False,28,0,,,3.0,,,,
16787210,"3,rdx,^,0xffffffff,&,rdx,=,$z,zf,:=,$p,pf,:=,31,$s,sf,:=,0,cf,:=,0,of,:=",False,16787008,16787257,3,"xor edx, 3","xor edx, 3",83f203,cpu,xor,False,28,0,,,3.0,,,,
16787213,"edx,rcx,&,0xffffffff,&,rcx,=,$z,zf,:=,$p,pf,:=,31,$s,sf,:=,0,cf,:=,0,of,:=",False,16787008,16787258,2,"and ecx, edx","and ecx, edx",21d1,cpu,and,False,27,0,,,,,,,
16787215,"3,ecx,+=,31,$o,of,:=,31,$s,sf,:=,$z,zf,:=,31,$c,cf,:=,$p,pf,:=,3,$c,af,:=",False,16787008,16787257,3,"add ecx, 3","add ecx, 3",83c103,cpu,add,False,17,0,,,3.0,,,,
16787218,"ecx,rax,=[4]",True,16787008,16787258,2,"mov dword [rax], ecx","mov dword [rax], ecx",8908,cpu,mov,False,9,0,,,,,,,
16787220,"0x8,rbp,-,[4],rax,=",True,16787008,16787257,3,"mov eax, dword [rbp - 8]","mov eax, dword [var_10h]",8b45f8,cpu,mov,False,9,0,,,,,,,
16787223,"2147483649,rax,&,0xffffffff,&,rax,=,$z,zf,:=,$p,pf,:=,31,$s,sf,:=,0,cf,:=,0,of,:=",False,16787008,16787255,5,"and eax, 0x80000001","and eax, 0x80000001",2501000080,cpu,and,False,27,0,,,2147483649.0,,,2147483649.0,
16787228,"1,eax,==,$z,zf,:=,32,$b,cf,:=,$p,pf,:=,31,$s,sf,:=,1,0x80000000,-,!,31,$o,^,of,:=,3,$b,af,:=",False,16787008,16787257,3,"cmp eax, 1","cmp eax, 1",83f801,cpu,cmp,False,15,0,,,1.0,,,1.0,
16787231,"zf,!,?{,16787254,rip,=,}",False,16787008,16787258,2,jne 0x1002736,jne 0x1002736,7515,cpu,cjmp,False,2147483649,0,,,,16787254.0,16787233.0,,
16787233,"0x20,rbp,-,[8],rax,=",True,16787008,16787256,4,"mov rax, qword [rbp - 0x20]","mov rax, qword [var_28h]",488b45e0,cpu,mov,False,9,0,,,,,,,
16787237,"rax,[4],rdx,=",True,16787008,16787258,2,"mov edx, dword [rax]","mov edx, dword [rax]",8b10,cpu,mov,False,9,0,,,,,,,
16787239,"edx,rcx,=",False,16787008,16787258,2,"mov ecx, edx","mov ecx, edx",89d1,cpu,mov,False,9,0,,,,,,,
16787241,"4294967294,ecx,|=,31,$s,sf,:=,$z,zf,:=,$p,pf,:=,0,of,:=,0,cf,:=",False,16787008,16787254,6,"or ecx, 0xfffffffe","or ecx, 0xfffffffe",81c9feffffff,cpu,or,False,26,0,,,4294967294.0,,,4294967294.0,
16787247,"4294967294,rcx,&,0xffffffff,&,rcx,=,$z,zf,:=,$p,pf,:=,31,$s,sf,:=,0,cf,:=,0,of,:=",False,16787008,16787257,3,"and ecx, 0xfffffffe","and ecx, 0xfffffffe",83e1fe,cpu,and,False,27,0,,,4294967294.0,,,4294967294.0,
16787250,"edx,ecx,+=,31,$o,of,:=,31,$s,sf,:=,$z,zf,:=,31,$c,cf,:=,$p,pf,:=,3,$c,af,:=",False,16787008,16787258,2,"add ecx, edx","add ecx, edx",01d1,cpu,add,False,17,0,,,,,,,
16787252,"ecx,rax,=[4]",True,16787008,16787258,2,"mov dword [rax], ecx","mov dword [rax], ecx",8908,cpu,mov,False,9,0,,,,,,,
16787254,"32,rsp,+=,63,$o,of,:=,63,$s,sf,:=,$z,zf,:=,63,$c,cf,:=,$p,pf,:=,3,$c,af,:=",False,16787008,16787256,4,"add rsp, 0x20","add rsp, 0x20",4883c420,cpu,add,False,17,0,,,32.0,,,,
16787258,"rsp,[8],8,rsp,+=,rbp,=",False,16787008,16787259,1,pop rbp,pop rbp,5d,cpu,pop,False,14,0,,,,,,,
16787259,"rsp,[8],rip,=,8,rsp,+=",False,16787008,16787259,1,ret,ret,c3,cpu,ret,False,5,0,,,,,,,
