offset,esil,refptr,fcn_addr,fcn_last,size,opcode,disasm,bytes,family,type,reloc,type_num,type2_num,flags,xrefs_to,val,jump,xrefs_from,fail,ptr
16787264,"rbp,8,rsp,-,=[8],8,rsp,-=",False,16787264,16787574,1,push rbp,push rbp,55,cpu,rpush,False,268435468,0,['sym.logical_chain'],"[{'addr': 16783941, 'type': 'CALL'}]",,,,,
16787265,"rsp,rbp,=",False,16787264,16787572,3,"mov rbp, rsp","mov rbp, rsp",4889e5,cpu,mov,False,9,0,,,,,,,
16787268,"rdi,0x18,rbp,-,=[8]",True,16787264,16787571,4,"mov qword [rbp - 0x18], rdi","mov qword [var_20h], rdi",48897de8,cpu,mov,False,268435465,0,,,,,,,
16787272,"rdi,[4],rcx,=",True,16787264,16787573,2,"mov ecx, dword [rdi]","mov ecx, dword [rdi]",8b0f,cpu,mov,False,9,0,,,,,,,
16787274,"1,rax,=",False,16787264,16787570,5,"mov eax, 1","mov eax, 1",b801000000,cpu,mov,False,9,0,,,1.0,,,,
16787279,"ecx,0xc,rbp,-,=[4]",True,16787264,16787572,3,"mov dword [rbp - 0xc], ecx","mov dword [var_14h], ecx",894df4,cpu,mov,False,268435465,0,,,,,,,
16787282,"rax,0x8,rbp,-,=[8]",True,16787264,16787571,4,"mov qword [rbp - 8], rax","mov qword [var_10h], rax",488945f8,cpu,mov,False,268435465,0,,,,,,,
16787286,"0x100275a,rip,=",False,16787264,16787573,2,jmp 0x100275a,jmp 0x100275a,eb02,cpu,jmp,False,1,0,,,,16787290.0,"[{'addr': 16787290, 'type': 'CODE'}]",,
16787288,"rsp,[8],8,rsp,+=,rbp,=",False,16787264,16787574,1,pop rbp,pop rbp,5d,cpu,pop,False,14,0,,,,,,,
16787289,"rsp,[8],rip,=,8,rsp,+=",False,16787264,16787574,1,ret,ret,c3,cpu,ret,False,5,0,,,,,,,
16787290,"0x18,rbp,-,[8],rcx,=",True,16787264,16787571,4,"mov rcx, qword [rbp - 0x18]","mov rcx, qword [var_20h]",488b4de8,cpu,mov,False,9,0,,"[{'addr': 16787286, 'type': 'CODE'}, {'addr': 16787570, 'type': 'CODE'}]",,,,,
16787294,"0xc,rbp,-,[4],rax,=",True,16787264,16787572,3,"mov eax, dword [rbp - 0xc]","mov eax, dword [var_14h]",8b45f4,cpu,mov,False,9,0,,,,,,,
16787297,"0x8,rbp,-,[8],rdx,=",True,16787264,16787571,4,"mov rdx, qword [rbp - 8]","mov rdx, qword [var_10h]",488b55f8,cpu,mov,False,9,0,,,,,,,
16787301,"rdx,0x38,rbp,-,=[8]",True,16787264,16787571,4,"mov qword [rbp - 0x38], rdx","mov qword [var_40h], rdx",488955c8,cpu,mov,False,268435465,0,,,,,,,
16787305,"eax,0x2c,rbp,-,=[4]",True,16787264,16787572,3,"mov dword [rbp - 0x2c], eax","mov dword [var_34h], eax",8945d4,cpu,mov,False,268435465,0,,,,,,,
16787308,"rdx,rdi,=",False,16787264,16787572,3,"mov rdi, rdx","mov rdi, rdx",4889d7,cpu,mov,False,9,0,,,,,,,
16787311,"0,2,!,!,?{,1,2,-,rdi,<<,0x8000000000000000,&,!,!,^,},2,rdi,<<=,$z,zf,:=,$p,pf,:=,63,$s,sf,:=,cf,=",False,16787264,16787571,4,"shl rdi, 2","shl rdi, 2",48c1e702,cpu,shl,False,23,0,,,,,,,
16787315,"rcx,rsi,=",False,16787264,16787572,3,"mov rsi, rcx","mov rsi, rcx",4889ce,cpu,mov,False,9,0,,,,,,,
16787318,"rdi,rsi,+=,63,$o,of,:=,63,$s,sf,:=,$z,zf,:=,63,$c,cf,:=,$p,pf,:=,3,$c,af,:=",False,16787264,16787572,3,"add rsi, rdi","add rsi, rdi",4801fe,cpu,add,False,17,0,,,,,,,
16787321,"rsi,0x28,rbp,-,=[8]",True,16787264,16787571,4,"mov qword [rbp - 0x28], rsi","mov qword [var_30h], rsi",488975d8,cpu,mov,False,268435465,0,,,,,,,
16787325,"rdx,4,*,rcx,+,[4],rcx,=",True,16787264,16787572,3,"mov ecx, dword [rcx + rdx*4]","mov ecx, dword [rcx + rdx*4]",8b0c91,cpu,mov,False,9,0,,,,,,,
16787328,"ecx,0x1c,rbp,-,=[4]",True,16787264,16787572,3,"mov dword [rbp - 0x1c], ecx","mov dword [var_24h], ecx",894de4,cpu,mov,False,268435465,0,,,,,,,
16787331,"ecx,eax,==,$z,zf,:=,32,$b,cf,:=,$p,pf,:=,31,$s,sf,:=,ecx,0x80000000,-,!,31,$o,^,of,:=,3,$b,af,:=",False,16787264,16787573,2,"cmp eax, ecx","cmp eax, ecx",39c8,cpu,cmp,False,15,0,,,,,,,
16787333,"of,!,sf,^,?{,16787432,rip,=,}",False,16787264,16787573,2,jge 0x10027e8,jge 0x10027e8,7d61,cpu,cjmp,False,2147483649,0,,,,16787432.0,,16787335.0,
16787335,"0x1c,rbp,-,[4],rax,=",True,16787264,16787572,3,"mov eax, dword [rbp - 0x1c]","mov eax, dword [var_24h]",8b45e4,cpu,mov,False,9,0,,,,,,,
16787338,"0x28,rbp,-,[8],rcx,=",True,16787264,16787571,4,"mov rcx, qword [rbp - 0x28]","mov rcx, qword [var_30h]",488b4dd8,cpu,mov,False,9,0,,,,,,,
16787342,"0x4,rcx,+,[4],rcx,=",True,16787264,16787572,3,"mov ecx, dword [rcx + 4]","mov ecx, dword [rcx + 4]",8b4904,cpu,mov,False,9,0,,,,,,,
16787345,"ecx,0x3c,rbp,-,=[4]",True,16787264,16787572,3,"mov dword [rbp - 0x3c], ecx","mov dword [var_44h], ecx",894dc4,cpu,mov,False,268435465,0,,,,,,,
16787348,"ecx,eax,==,$z,zf,:=,32,$b,cf,:=,$p,pf,:=,31,$s,sf,:=,ecx,0x80000000,-,!,31,$o,^,of,:=,3,$b,af,:=",False,16787264,16787573,2,"cmp eax, ecx","cmp eax, ecx",39c8,cpu,cmp,False,15,0,,,,,,,
16787350,"of,sf,^,zf,|,?{,16787432,rip,=,}",False,16787264,16787573,2,jle 0x10027e8,jle 0x10027e8,7e50,cpu,cjmp,False,2147483649,0,,,,16787432.0,,16787352.0,
16787352,"0x1c,rbp,-,[4],rcx,=",True,16787264,16787572,3,"mov ecx, dword [rbp - 0x1c]","mov ecx, dword [var_24h]",8b4de4,cpu,mov,False,9,0,,,,,,,
16787355,"0x3c,rbp,-,[4],rsi,=",True,16787264,16787572,3,"mov esi, dword [rbp - 0x3c]","mov esi, dword [var_44h]",8b75c4,cpu,mov,False,9,0,,,,,,,
16787358,"0x2c,rbp,-,[4],rdi,=",True,16787264,16787572,3,"mov edi, dword [rbp - 0x2c]","mov edi, dword [var_34h]",8b7dd4,cpu,mov,False,9,0,,,,,,,
16787361,"edi,rax,=",False,16787264,16787573,2,"mov eax, edi","mov eax, edi",89f8,cpu,mov,False,9,0,,,,,,,
16787363,"4294967295,rax,^,0xffffffff,&,rax,=,$z,zf,:=,$p,pf,:=,31,$s,sf,:=,0,cf,:=,0,of,:=",False,16787264,16787572,3,"xor eax, 0xffffffff","xor eax, 0xffffffff",83f0ff,cpu,xor,False,28,0,,,4294967295.0,,,,4294967295.0
16787366,"esi,rdx,=",False,16787264,16787573,2,"mov edx, esi","mov edx, esi",89f2,cpu,mov,False,9,0,,,,,,,
16787368,"4294967295,rdx,^,0xffffffff,&,rdx,=,$z,zf,:=,$p,pf,:=,31,$s,sf,:=,0,cf,:=,0,of,:=",False,16787264,16787572,3,"xor edx, 0xffffffff","xor edx, 0xffffffff",83f2ff,cpu,xor,False,28,0,,,4294967295.0,,,,4294967295.0
16787371,"edi,r8,=",False,16787264,16787572,3,"mov r8d, edi","mov r8d, edi",4189f8,cpu,mov,False,9,0,,,,,,,
16787374,"r8d,r8,&,0xffffffff,&,r8,=,$z,zf,:=,$p,pf,:=,31,$s,sf,:=,0,cf,:=,0,of,:=",False,16787264,16787572,3,"and r8d, r8d","and r8d, r8d",4521c0,cpu,and,False,27,0,,,,,,,
16787377,"esi,rax,^,0xffffffff,&,rax,=,$z,zf,:=,$p,pf,:=,31,$s,sf,:=,0,cf,:=,0,of,:=",False,16787264,16787573,2,"xor eax, esi","xor eax, esi",31f0,cpu,xor,False,28,0,,,,,,,
16787379,"r8d,rax,^,0xffffffff,&,rax,=,$z,zf,:=,$p,pf,:=,31,$s,sf,:=,0,cf,:=,0,of,:=",False,16787264,16787572,3,"xor eax, r8d","xor eax, r8d",4431c0,cpu,xor,False,28,0,,,,,,,
16787382,"esi,r8,=",False,16787264,16787572,3,"mov r8d, esi","mov r8d, esi",4189f0,cpu,mov,False,9,0,,,,,,,
16787385,"r8d,r8d,|=,31,$s,sf,:=,$z,zf,:=,$p,pf,:=,0,of,:=,0,cf,:=",False,16787264,16787572,3,"or r8d, r8d","or r8d, r8d",4509c0,cpu,or,False,26,0,,,,,,,
16787388,"edi,r9,=",False,16787264,16787572,3,"mov r9d, edi","mov r9d, edi",4189f9,cpu,mov,False,9,0,,,,,,,
16787391,"esi,r9,&,0xffffffff,&,r9,=,$z,zf,:=,$p,pf,:=,31,$s,sf,:=,0,cf,:=,0,of,:=",False,16787264,16787572,3,"and r9d, esi","and r9d, esi",4121f1,cpu,and,False,27,0,,,,,,,
16787394,"esi,r10,=",False,16787264,16787572,3,"mov r10d, esi","mov r10d, esi",4189f2,cpu,mov,False,9,0,,,,,,,
16787397,"r10d,r10,^,0xffffffff,&,r10,=,$z,zf,:=,$p,pf,:=,31,$s,sf,:=,0,cf,:=,0,of,:=",False,16787264,16787572,3,"xor r10d, r10d","xor r10d, r10d",4531d2,cpu,xor,False,28,0,,,,,,,
16787400,"r10d,r9d,|=,31,$s,sf,:=,$z,zf,:=,$p,pf,:=,0,of,:=,0,cf,:=",False,16787264,16787572,3,"or r9d, r10d","or r9d, r10d",4509d1,cpu,or,False,26,0,,,,,,,
16787403,"4294967295,r9,^,0xffffffff,&,r9,=,$z,zf,:=,$p,pf,:=,31,$s,sf,:=,0,cf,:=,0,of,:=",False,16787264,16787571,4,"xor r9d, 0xffffffff","xor r9d, 0xffffffff",4183f1ff,cpu,xor,False,28,0,,,4294967295.0,,,,4294967295.0
16787407,"r9d,r8,^,0xffffffff,&,r8,=,$z,zf,:=,$p,pf,:=,31,$s,sf,:=,0,cf,:=,0,of,:=",False,16787264,16787572,3,"xor r8d, r9d","xor r8d, r9d",4531c8,cpu,xor,False,28,0,,,,,,,
16787410,"r8d,rax,^,0xffffffff,&,rax,=,$z,zf,:=,$p,pf,:=,31,$s,sf,:=,0,cf,:=,0,of,:=",False,16787264,16787572,3,"xor eax, r8d","xor eax, r8d",4431c0,cpu,xor,False,28,0,,,,,,,
16787413,"edx,rdx,^,0xffffffff,&,rdx,=,$z,zf,:=,$p,pf,:=,31,$s,sf,:=,0,cf,:=,0,of,:=",False,16787264,16787573,2,"xor edx, edx","xor edx, edx",31d2,cpu,xor,False,28,0,,,,,,,
16787415,"edi,edx,|=,31,$s,sf,:=,$z,zf,:=,$p,pf,:=,0,of,:=,0,cf,:=",False,16787264,16787573,2,"or edx, edi","or edx, edi",09fa,cpu,or,False,26,0,,,,,,,
16787417,"esi,edx,|=,31,$s,sf,:=,$z,zf,:=,$p,pf,:=,0,of,:=,0,cf,:=",False,16787264,16787573,2,"or edx, esi","or edx, esi",09f2,cpu,or,False,26,0,,,,,,,
16787419,"esi,edx,|=,31,$s,sf,:=,$z,zf,:=,$p,pf,:=,0,of,:=,0,cf,:=",False,16787264,16787573,2,"or edx, esi","or edx, esi",09f2,cpu,or,False,26,0,,,,,,,
16787421,"esi,edx,|=,31,$s,sf,:=,$z,zf,:=,$p,pf,:=,0,of,:=,0,cf,:=",False,16787264,16787573,2,"or edx, esi","or edx, esi",09f2,cpu,or,False,26,0,,,,,,,
16787423,"edx,eax,+=,31,$o,of,:=,31,$s,sf,:=,$z,zf,:=,31,$c,cf,:=,$p,pf,:=,3,$c,af,:=",False,16787264,16787573,2,"add eax, edx","add eax, edx",01d0,cpu,add,False,17,0,,,,,,,
16787425,"ecx,rax,^,0xffffffff,&,rax,=,$z,zf,:=,$p,pf,:=,31,$s,sf,:=,0,cf,:=,0,of,:=",False,16787264,16787573,2,"xor eax, ecx","xor eax, ecx",31c8,cpu,xor,False,28,0,,,,,,,
16787427,"eax,0x40,rbp,-,=[4]",True,16787264,16787572,3,"mov dword [rbp - 0x40], eax","mov dword [var_48h], eax",8945c0,cpu,mov,False,268435465,0,,,,,,,
16787430,"0x100280f,rip,=",False,16787264,16787573,2,jmp 0x100280f,jmp 0x100280f,eb27,cpu,jmp,False,1,0,,,,16787471.0,"[{'addr': 16787471, 'type': 'CODE'}]",,
16787432,"0x1c,rbp,-,[4],rcx,=",True,16787264,16787572,3,"mov ecx, dword [rbp - 0x1c]","mov ecx, dword [var_24h]",8b4de4,cpu,mov,False,9,0,,,,,,,
16787435,"1,rcx,&,0xffffffff,&,rcx,=,$z,zf,:=,$p,pf,:=,31,$s,sf,:=,0,cf,:=,0,of,:=",False,16787264,16787572,3,"and ecx, 1","and ecx, 1",83e101,cpu,and,False,27,0,,,1.0,,,,
16787438,"ecx,rax,=",False,16787264,16787573,2,"mov eax, ecx","mov eax, ecx",89c8,cpu,mov,False,9,0,,,,,,,
16787440,"0,1,!,!,?{,1,1,-,eax,<<,0x80000000,&,!,!,^,},1,eax,<<=,$z,zf,:=,$p,pf,:=,31,$s,sf,:=,cf,=",False,16787264,16787573,2,"shl eax, 1","shl eax, 1",d1e0,cpu,shl,False,23,0,,,,,,,
16787442,"ecx,rax,^,0xffffffff,&,rax,=,$z,zf,:=,$p,pf,:=,31,$s,sf,:=,0,cf,:=,0,of,:=",False,16787264,16787573,2,"xor eax, ecx","xor eax, ecx",31c8,cpu,xor,False,28,0,,,,,,,
16787444,"0,eax,==,$z,zf,:=,32,$b,cf,:=,$p,pf,:=,31,$s,sf,:=,0,0x80000000,-,!,31,$o,^,of,:=,3,$b,af,:=",False,16787264,16787572,3,"cmp eax, 0","cmp eax, 0",83f800,cpu,cmp,False,15,0,,,0.0,,,,0.0
16787447,"zf,!,?{,16787459,rip,=,}",False,16787264,16787573,2,jne 0x1002803,jne 0x1002803,750a,cpu,cjmp,False,2147483649,0,,,,16787459.0,,16787449.0,
16787449,"0x1c,rbp,-,[4],rax,=",True,16787264,16787572,3,"mov eax, dword [rbp - 0x1c]","mov eax, dword [var_24h]",8b45e4,cpu,mov,False,9,0,,,,,,,
16787452,"0,cf,:=,1,1,-,1,<<,eax,&,?{,1,cf,:=,},1,eax,>>>>,eax,=,$z,zf,:=,$p,pf,:=,31,$s,sf,:=",False,16787264,16787573,2,"sar eax, 1","sar eax, 1",d1f8,cpu,sar,False,25,0,,,,,,,
16787454,"eax,0x40,rbp,-,=[4]",True,16787264,16787572,3,"mov dword [rbp - 0x40], eax","mov dword [var_48h], eax",8945c0,cpu,mov,False,268435465,0,,,,,,,
16787457,"0x100280f,rip,=",False,16787264,16787573,2,jmp 0x100280f,jmp 0x100280f,eb0c,cpu,jmp,False,1,0,,,,16787471.0,"[{'addr': 16787471, 'type': 'CODE'}]",,
16787459,"0x1c,rbp,-,[4],rcx,=",True,16787264,16787572,3,"mov ecx, dword [rbp - 0x1c]","mov ecx, dword [var_24h]",8b4de4,cpu,mov,False,9,0,,,,,,,
16787462,"ecx,rax,=",False,16787264,16787573,2,"mov eax, ecx","mov eax, ecx",89c8,cpu,mov,False,9,0,,,,,,,
16787464,"0,1,!,!,?{,1,1,-,eax,<<,0x80000000,&,!,!,^,},1,eax,<<=,$z,zf,:=,$p,pf,:=,31,$s,sf,:=,cf,=",False,16787264,16787573,2,"shl eax, 1","shl eax, 1",d1e0,cpu,shl,False,23,0,,,,,,,
16787466,"ecx,rax,^,0xffffffff,&,rax,=,$z,zf,:=,$p,pf,:=,31,$s,sf,:=,0,cf,:=,0,of,:=",False,16787264,16787573,2,"xor eax, ecx","xor eax, ecx",31c8,cpu,xor,False,28,0,,,,,,,
16787468,"eax,0x40,rbp,-,=[4]",True,16787264,16787572,3,"mov dword [rbp - 0x40], eax","mov dword [var_48h], eax",8945c0,cpu,mov,False,268435465,0,,,,,,,
16787471,"0x38,rbp,-,[8],rsi,=",True,16787264,16787571,4,"mov rsi, qword [rbp - 0x38]","mov rsi, qword [var_40h]",488b75c8,cpu,mov,False,9,0,,"[{'addr': 16787430, 'type': 'CODE'}, {'addr': 16787457, 'type': 'CODE'}]",,,,,
16787475,"0x28,rbp,-,[8],rax,=",True,16787264,16787571,4,"mov rax, qword [rbp - 0x28]","mov rax, qword [var_30h]",488b45d8,cpu,mov,False,9,0,,,,,,,
16787479,"0x40,rbp,-,[4],rcx,=",True,16787264,16787572,3,"mov ecx, dword [rbp - 0x40]","mov ecx, dword [var_48h]",8b4dc0,cpu,mov,False,9,0,,,,,,,
16787482,"ecx,rax,=[4]",True,16787264,16787573,2,"mov dword [rax], ecx","mov dword [rax], ecx",8908,cpu,mov,False,9,0,,,,,,,
16787484,"rsi,rdx,=",False,16787264,16787572,3,"mov rdx, rsi","mov rdx, rsi",4889f2,cpu,mov,False,9,0,,,,,,,
16787487,"18446744073709551615,rdx,^=,$z,zf,:=,$p,pf,:=,63,$s,sf,:=,0,cf,:=,0,of,:=",False,16787264,16787571,4,"xor rdx, 0xffffffffffffffff","xor rdx, 0xffffffffffffffff",4883f2ff,cpu,xor,False,28,0,,,,,,,
16787491,"rsi,rax,=",False,16787264,16787572,3,"mov rax, rsi","mov rax, rsi",4889f0,cpu,mov,False,9,0,,,,,,,
16787494,"18446744073709551614,rax,^=,$z,zf,:=,$p,pf,:=,63,$s,sf,:=,0,cf,:=,0,of,:=",False,16787264,16787571,4,"xor rax, 0xfffffffffffffffe","xor rax, 0xfffffffffffffffe",4883f0fe,cpu,xor,False,28,0,,,1.8446744073709552e+19,,,,
16787498,"1,rax,^=,$z,zf,:=,$p,pf,:=,63,$s,sf,:=,0,cf,:=,0,of,:=",False,16787264,16787571,4,"xor rax, 1","xor rax, 1",4883f001,cpu,xor,False,28,0,,,1.0,,,,
16787502,"rsi,rdi,=",False,16787264,16787572,3,"mov rdi, rsi","mov rdi, rsi",4889f7,cpu,mov,False,9,0,,,,,,,
16787505,"rdi,rdi,|=,63,$s,sf,:=,$z,zf,:=,$p,pf,:=,0,of,:=,0,cf,:=",False,16787264,16787572,3,"or rdi, rdi","or rdi, rdi",4809ff,cpu,or,False,26,0,,,,,,,
16787508,"rsi,r8,=",False,16787264,16787572,3,"mov r8, rsi","mov r8, rsi",4989f0,cpu,mov,False,9,0,,,,,,,
16787511,"1,r8,&=,$z,zf,:=,$p,pf,:=,63,$s,sf,:=,0,cf,:=,0,of,:=",False,16787264,16787571,4,"and r8, 1","and r8, 1",4983e001,cpu,and,False,27,0,,,1.0,,,,
16787515,"rsi,r9,=",False,16787264,16787572,3,"mov r9, rsi","mov r9, rsi",4989f1,cpu,mov,False,9,0,,,,,,,
16787518,"r9,r9,^=,$z,zf,:=,$p,pf,:=,63,$s,sf,:=,0,cf,:=,0,of,:=",False,16787264,16787572,3,"xor r9, r9","xor r9, r9",4d31c9,cpu,xor,False,28,0,,,,,,,
16787521,"r9,r8,|=,63,$s,sf,:=,$z,zf,:=,$p,pf,:=,0,of,:=,0,cf,:=",False,16787264,16787572,3,"or r8, r9","or r8, r9",4d09c8,cpu,or,False,26,0,,,,,,,
16787524,"18446744073709551615,r8,^=,$z,zf,:=,$p,pf,:=,63,$s,sf,:=,0,cf,:=,0,of,:=",False,16787264,16787571,4,"xor r8, 0xffffffffffffffff","xor r8, 0xffffffffffffffff",4983f0ff,cpu,xor,False,28,0,,,,,,,
16787528,"r8,rdi,^=,$z,zf,:=,$p,pf,:=,63,$s,sf,:=,0,cf,:=,0,of,:=",False,16787264,16787572,3,"xor rdi, r8","xor rdi, r8",4c31c7,cpu,xor,False,28,0,,,,,,,
16787531,"rdi,rax,^=,$z,zf,:=,$p,pf,:=,63,$s,sf,:=,0,cf,:=,0,of,:=",False,16787264,16787572,3,"xor rax, rdi","xor rax, rdi",4831f8,cpu,xor,False,28,0,,,,,,,
16787534,"rdx,rdx,^=,$z,zf,:=,$p,pf,:=,63,$s,sf,:=,0,cf,:=,0,of,:=",False,16787264,16787572,3,"xor rdx, rdx","xor rdx, rdx",4831d2,cpu,xor,False,28,0,,,,,,,
16787537,"1,rdx,|=,63,$s,sf,:=,$z,zf,:=,$p,pf,:=,0,of,:=,0,cf,:=",False,16787264,16787571,4,"or rdx, 1","or rdx, 1",4883ca01,cpu,or,False,26,0,,,1.0,,,,
16787541,"rsi,rdx,|=,63,$s,sf,:=,$z,zf,:=,$p,pf,:=,0,of,:=,0,cf,:=",False,16787264,16787572,3,"or rdx, rsi","or rdx, rsi",4809f2,cpu,or,False,26,0,,,,,,,
16787544,"rsi,rdx,|=,63,$s,sf,:=,$z,zf,:=,$p,pf,:=,0,of,:=,0,cf,:=",False,16787264,16787572,3,"or rdx, rsi","or rdx, rsi",4809f2,cpu,or,False,26,0,,,,,,,
16787547,"rsi,rdx,|=,63,$s,sf,:=,$z,zf,:=,$p,pf,:=,0,of,:=,0,cf,:=",False,16787264,16787572,3,"or rdx, rsi","or rdx, rsi",4809f2,cpu,or,False,26,0,,,,,,,
16787550,"rdx,rax,+=,63,$o,of,:=,63,$s,sf,:=,$z,zf,:=,63,$c,cf,:=,$p,pf,:=,3,$c,af,:=",False,16787264,16787572,3,"add rax, rdx","add rax, rdx",4801d0,cpu,add,False,17,0,,,,,,,
16787553,"15,rax,==,$z,zf,:=,64,$b,cf,:=,$p,pf,:=,63,$s,sf,:=,15,0x8000000000000000,-,!,63,$o,^,of,:=,3,$b,af,:=",False,16787264,16787571,4,"cmp rax, 0xf","cmp rax, 0xf",4883f80f,cpu,cmp,False,15,0,,,15.0,,,,15.0
16787557,"ecx,0xc,rbp,-,=[4]",True,16787264,16787572,3,"mov dword [rbp - 0xc], ecx","mov dword [var_14h], ecx",894df4,cpu,mov,False,268435465,0,,,,,,,
16787560,"rax,0x8,rbp,-,=[8]",True,16787264,16787571,4,"mov qword [rbp - 8], rax","mov qword [var_10h], rax",488945f8,cpu,mov,False,268435465,0,,,,,,,
16787564,"zf,?{,16787288,rip,=,}",False,16787264,16787569,6,je 0x1002758,je 0x1002758,0f84e6feffff,cpu,cjmp,False,2147483649,0,,,,16787288.0,,16787570.0,
16787570,"0x100275a,rip,=",False,16787264,16787570,5,jmp 0x100275a,jmp 0x100275a,e9e3feffff,cpu,jmp,False,1,0,,,,16787290.0,"[{'addr': 16787290, 'type': 'CODE'}]",,
