offset,esil,refptr,fcn_addr,fcn_last,size,opcode,disasm,bytes,family,type,reloc,type_num,type2_num,flags,xrefs_to,val,ptr,jump,fail,xrefs_from
16787584,"rbp,8,rsp,-,=[8],8,rsp,-=",False,16787584,16787784,1,push rbp,push rbp,55,cpu,rpush,False,268435468,0,['sym.calculate_flags'],"[{'addr': 16783958, 'type': 'CALL'}]",,,,,
16787585,"rsp,rbp,=",False,16787584,16787782,3,"mov rbp, rsp","mov rbp, rsp",4889e5,cpu,mov,False,9,0,,,,,,,
16787588,"80,rsp,-=,80,0x8000000000000000,-,!,63,$o,^,of,:=,63,$s,sf,:=,$z,zf,:=,$p,pf,:=,64,$b,cf,:=,3,$b,af,:=",False,16787584,16787781,4,"sub rsp, 0x50","sub rsp, 0x50",4883ec50,cpu,sub,False,18,0,,,80.0,,,,
16787592,"rdi,0x10,rbp,-,=[8]",True,16787584,16787781,4,"mov qword [rbp - 0x10], rdi","mov qword [var_18h], rdi",48897df0,cpu,mov,False,268435465,0,,,,,,,
16787596,"esi,0x8,rbp,-,=[4]",True,16787584,16787782,3,"mov dword [rbp - 8], esi","mov dword [var_10h], esi",8975f8,cpu,mov,False,268435465,0,,,,,,,
16787599,"eax,rax,^,0xffffffff,&,rax,=,$z,zf,:=,$p,pf,:=,31,$s,sf,:=,0,cf,:=,0,of,:=",False,16787584,16787783,2,"xor eax, eax","xor eax, eax",31c0,cpu,xor,False,28,0,,,,,,,
16787601,"1,esi,==,$z,zf,:=,32,$b,cf,:=,$p,pf,:=,31,$s,sf,:=,1,0x80000000,-,!,31,$o,^,of,:=,3,$b,af,:=",False,16787584,16787782,3,"cmp esi, 1","cmp esi, 1",83fe01,cpu,cmp,False,15,0,,,1.0,1.0,,,
16787604,"eax,0x4,rbp,-,=[4]",True,16787584,16787782,3,"mov dword [rbp - 4], eax","mov dword [var_ch], eax",8945fc,cpu,mov,False,268435465,0,,,,,,,
16787607,"of,sf,^,zf,|,?{,16787667,rip,=,}",False,16787584,16787783,2,jle 0x10028d3,jle 0x10028d3,7e3a,cpu,cjmp,False,2147483649,0,,,,,16787667.0,16787609.0,
16787609,"0x10,rbp,-,[8],rax,=",True,16787584,16787781,4,"mov rax, qword [rbp - 0x10]","mov rax, qword [var_18h]",488b45f0,cpu,mov,False,9,0,,,,,,,
16787613,"0x8,rbp,-,[4],rdx,=",True,16787584,16787782,3,"mov edx, dword [rbp - 8]","mov edx, dword [var_10h]",8b55f8,cpu,mov,False,9,0,,,,,,,
16787616,"edx,rcx,=",False,16787584,16787783,2,"mov ecx, edx","mov ecx, edx",89d1,cpu,mov,False,9,0,,,,,,,
16787618,"4294967295,rcx,&,0xffffffff,&,rcx,=,$z,zf,:=,$p,pf,:=,31,$s,sf,:=,0,cf,:=,0,of,:=",False,16787584,16787779,6,"and ecx, 0xffffffff","and ecx, 0xffffffff",81e1ffffffff,cpu,and,False,27,0,,,4294967295.0,4294967295.0,,,
16787624,"0,rcx,^,0xffffffff,&,rcx,=,$z,zf,:=,$p,pf,:=,31,$s,sf,:=,0,cf,:=,0,of,:=",False,16787584,16787782,3,"xor ecx, 0","xor ecx, 0",83f100,cpu,xor,False,28,0,,,0.0,,,,
16787627,"4294967295,rdx,^,0xffffffff,&,rdx,=,$z,zf,:=,$p,pf,:=,31,$s,sf,:=,0,cf,:=,0,of,:=",False,16787584,16787782,3,"xor edx, 0xffffffff","xor edx, 0xffffffff",83f2ff,cpu,xor,False,28,0,,,4294967295.0,4294967295.0,,,
16787630,"4294967295,rdx,^,0xffffffff,&,rdx,=,$z,zf,:=,$p,pf,:=,31,$s,sf,:=,0,cf,:=,0,of,:=",False,16787584,16787782,3,"xor edx, 0xffffffff","xor edx, 0xffffffff",83f2ff,cpu,xor,False,28,0,,,4294967295.0,4294967295.0,,,
16787633,"edx,rcx,&,0xffffffff,&,rcx,=,$z,zf,:=,$p,pf,:=,31,$s,sf,:=,0,cf,:=,0,of,:=",False,16787584,16787783,2,"and ecx, edx","and ecx, edx",21d1,cpu,and,False,27,0,,,,,,,
16787635,"4294967295,ecx,+=,31,$o,of,:=,31,$s,sf,:=,$z,zf,:=,31,$c,cf,:=,$p,pf,:=,3,$c,af,:=",False,16787584,16787779,6,"add ecx, 0xffffffff","add ecx, 0xffffffff",81c1ffffffff,cpu,add,False,17,0,,,4294967295.0,4294967295.0,,,
16787641,"ecx,rcx,=",False,16787584,16787783,2,"mov ecx, ecx","mov ecx, ecx",89c9,cpu,mov,False,9,0,,,,,,,
16787643,"rcx,0x30,rbp,-,=[8]",True,16787584,16787781,4,"mov qword [rbp - 0x30], rcx","mov qword [var_38h], rcx",48894dd0,cpu,mov,False,268435465,0,,,,,,,
16787647,"rax,[4],rdx,=",True,16787584,16787783,2,"mov edx, dword [rax]","mov edx, dword [rax]",8b10,cpu,mov,False,9,0,,,,,,,
16787649,"eax,rax,^,0xffffffff,&,rax,=,$z,zf,:=,$p,pf,:=,31,$s,sf,:=,0,cf,:=,0,of,:=",False,16787584,16787783,2,"xor eax, eax","xor eax, eax",31c0,cpu,xor,False,28,0,,,,,,,
16787651,"eax,rcx,=",False,16787584,16787783,2,"mov ecx, eax","mov ecx, eax",89c1,cpu,mov,False,9,0,,,,,,,
16787653,"eax,rax,^,0xffffffff,&,rax,=,$z,zf,:=,$p,pf,:=,31,$s,sf,:=,0,cf,:=,0,of,:=",False,16787584,16787783,2,"xor eax, eax","xor eax, eax",31c0,cpu,xor,False,28,0,,,,,,,
16787655,"edx,0x24,rbp,-,=[4]",True,16787584,16787782,3,"mov dword [rbp - 0x24], edx","mov dword [var_2ch], edx",8955dc,cpu,mov,False,268435465,0,,,,,,,
16787658,"rcx,0x20,rbp,-,=[8]",True,16787584,16787781,4,"mov qword [rbp - 0x20], rcx","mov qword [var_28h], rcx",48894de0,cpu,mov,False,268435465,0,,,,,,,
16787662,"eax,0x14,rbp,-,=[4]",True,16787584,16787782,3,"mov dword [rbp - 0x14], eax","mov dword [var_1ch], eax",8945ec,cpu,mov,False,268435465,0,,,,,,,
16787665,"0x10028dc,rip,=",False,16787584,16787783,2,jmp 0x10028dc,jmp 0x10028dc,eb09,cpu,jmp,False,1,0,,,,,16787676.0,,"[{'addr': 16787676, 'type': 'CODE'}]"
16787667,"0x4,rbp,-,[4],rax,=",True,16787584,16787782,3,"mov eax, dword [rbp - 4]","mov eax, dword [var_ch]",8b45fc,cpu,mov,False,9,0,,,,,,,
16787670,"80,rsp,+=,63,$o,of,:=,63,$s,sf,:=,$z,zf,:=,63,$c,cf,:=,$p,pf,:=,3,$c,af,:=",False,16787584,16787781,4,"add rsp, 0x50","add rsp, 0x50",4883c450,cpu,add,False,17,0,,,80.0,,,,
16787674,"rsp,[8],8,rsp,+=,rbp,=",False,16787584,16787784,1,pop rbp,pop rbp,5d,cpu,pop,False,14,0,,,,,,,
16787675,"rsp,[8],rip,=,8,rsp,+=",False,16787584,16787784,1,ret,ret,c3,cpu,ret,False,5,0,,,,,,,
16787676,"0x14,rbp,-,[4],rcx,=",True,16787584,16787782,3,"mov ecx, dword [rbp - 0x14]","mov ecx, dword [var_1ch]",8b4dec,cpu,mov,False,9,0,,"[{'addr': 16787665, 'type': 'CODE'}, {'addr': 16787783, 'type': 'CODE'}]",,,,,
16787679,"0x20,rbp,-,[8],rdx,=",True,16787584,16787781,4,"mov rdx, qword [rbp - 0x20]","mov rdx, qword [var_28h]",488b55e0,cpu,mov,False,9,0,,,,,,,
16787683,"0x24,rbp,-,[4],rdi,=",True,16787584,16787782,3,"mov edi, dword [rbp - 0x24]","mov edi, dword [var_2ch]",8b7ddc,cpu,mov,False,9,0,,,,,,,
16787686,"0x10,rbp,-,[8],rax,=",True,16787584,16787781,4,"mov rax, qword [rbp - 0x10]","mov rax, qword [var_18h]",488b45f0,cpu,mov,False,9,0,,,,,,,
16787690,"ecx,0x40,rbp,-,=[4]",True,16787584,16787782,3,"mov dword [rbp - 0x40], ecx","mov dword [var_48h], ecx",894dc0,cpu,mov,False,268435465,0,,,,,,,
16787693,"rdx,0x48,rbp,-,=[8]",True,16787584,16787781,4,"mov qword [rbp - 0x48], rdx","mov qword [var_50h], rdx",488955b8,cpu,mov,False,268435465,0,,,,,,,
16787697,"rdx,rcx,=",False,16787584,16787782,3,"mov rcx, rdx","mov rcx, rdx",4889d1,cpu,mov,False,9,0,,,,,,,
16787700,"1,rcx,&=,$z,zf,:=,$p,pf,:=,63,$s,sf,:=,0,cf,:=,0,of,:=",False,16787584,16787781,4,"and rcx, 1","and rcx, 1",4883e101,cpu,and,False,27,0,,,1.0,,,,
16787704,"18446744073709551614,rcx,^=,$z,zf,:=,$p,pf,:=,63,$s,sf,:=,0,cf,:=,0,of,:=",False,16787584,16787781,4,"xor rcx, 0xfffffffffffffffe","xor rcx, 0xfffffffffffffffe",4883f1fe,cpu,xor,False,28,0,,,1.8446744073709552e+19,,,,
16787708,"1,rdx,^=,$z,zf,:=,$p,pf,:=,63,$s,sf,:=,0,cf,:=,0,of,:=",False,16787584,16787781,4,"xor rdx, 1","xor rdx, 1",4883f201,cpu,xor,False,28,0,,,1.0,,,,
16787712,"1,rdx,^=,$z,zf,:=,$p,pf,:=,63,$s,sf,:=,0,cf,:=,0,of,:=",False,16787584,16787781,4,"xor rdx, 1","xor rdx, 1",4883f201,cpu,xor,False,28,0,,,1.0,,,,
16787716,"rdx,rcx,&=,$z,zf,:=,$p,pf,:=,63,$s,sf,:=,0,cf,:=,0,of,:=",False,16787584,16787782,3,"and rcx, rdx","and rcx, rdx",4821d1,cpu,and,False,27,0,,,,,,,
16787719,"1,rcx,+=,63,$o,of,:=,63,$s,sf,:=,$z,zf,:=,63,$c,cf,:=,$p,pf,:=,3,$c,af,:=",False,16787584,16787781,4,"add rcx, 1","add rcx, 1",4883c101,cpu,add,False,17,0,,,1.0,,,,
16787723,"rcx,0x38,rbp,-,=[8]",True,16787584,16787781,4,"mov qword [rbp - 0x38], rcx","mov qword [var_40h], rcx",48894dc8,cpu,mov,False,268435465,0,,,,,,,
16787727,"rcx,4,*,rax,+,[4],rsi,=",True,16787584,16787782,3,"mov esi, dword [rax + rcx*4]","mov esi, dword [rax + rcx*4]",8b3488,cpu,mov,False,9,0,,,,,,,
16787730,"esi,0x3c,rbp,-,=[4]",True,16787584,16787782,3,"mov dword [rbp - 0x3c], esi","mov dword [var_44h], esi",8975c4,cpu,mov,False,268435465,0,,,,,,,
16787733,"16788272,rip,8,rsp,-=,rsp,=[],rip,=",False,16787584,16787780,5,call 0x1002b30,call sym.evaluate_conditions,e816020000,cpu,call,False,3,0,,,,,16788272.0,16787738.0,"[{'addr': 16788272, 'type': 'CALL'}]"
16787738,"0x48,rbp,-,[8],rcx,=",True,16787584,16787781,4,"mov rcx, qword [rbp - 0x48]","mov rcx, qword [var_50h]",488b4db8,cpu,mov,False,9,0,,,,,,,
16787742,"0x40,rbp,-,[4],rdi,=",True,16787584,16787782,3,"mov edi, dword [rbp - 0x40]","mov edi, dword [var_48h]",8b7dc0,cpu,mov,False,9,0,,,,,,,
16787745,"0x30,rbp,-,[8],rsi,=",True,16787584,16787781,4,"mov rsi, qword [rbp - 0x30]","mov rsi, qword [var_38h]",488b75d0,cpu,mov,False,9,0,,,,,,,
16787749,"0x3c,rbp,-,[4],rdx,=",True,16787584,16787782,3,"mov edx, dword [rbp - 0x3c]","mov edx, dword [var_44h]",8b55c4,cpu,mov,False,9,0,,,,,,,
16787752,"7,rcx,&,0xffffffff,&,rcx,=,$z,zf,:=,$p,pf,:=,31,$s,sf,:=,0,cf,:=,0,of,:=",False,16787584,16787782,3,"and ecx, 7","and ecx, 7",83e107,cpu,and,False,27,0,,,7.0,,,,
16787755,"0,cl,!,!,?{,1,cl,-,eax,<<,0x80000000,&,!,!,^,},cl,eax,<<=,$z,zf,:=,$p,pf,:=,31,$s,sf,:=,cf,=",False,16787584,16787783,2,"shl eax, cl","shl eax, cl",d3e0,cpu,shl,False,23,0,,,,,,,
16787757,"0x38,rbp,-,[8],rcx,=",True,16787584,16787781,4,"mov rcx, qword [rbp - 0x38]","mov rcx, qword [var_40h]",488b4dc8,cpu,mov,False,9,0,,,,,,,
16787761,"edi,eax,|=,31,$s,sf,:=,$z,zf,:=,$p,pf,:=,0,of,:=,0,cf,:=",False,16787584,16787783,2,"or eax, edi","or eax, edi",09f8,cpu,or,False,26,0,,,,,,,
16787763,"rsi,rcx,==,$z,zf,:=,64,$b,cf,:=,$p,pf,:=,63,$s,sf,:=,rsi,0x8000000000000000,-,!,63,$o,^,of,:=,3,$b,af,:=",False,16787584,16787782,3,"cmp rcx, rsi","cmp rcx, rsi",4839f1,cpu,cmp,False,15,0,,,,,,,
16787766,"eax,rsi,=",False,16787584,16787783,2,"mov esi, eax","mov esi, eax",89c6,cpu,mov,False,9,0,,,,,,,
16787768,"esi,0x4,rbp,-,=[4]",True,16787584,16787782,3,"mov dword [rbp - 4], esi","mov dword [var_ch], esi",8975fc,cpu,mov,False,268435465,0,,,,,,,
16787771,"edx,0x24,rbp,-,=[4]",True,16787584,16787782,3,"mov dword [rbp - 0x24], edx","mov dword [var_2ch], edx",8955dc,cpu,mov,False,268435465,0,,,,,,,
16787774,"rcx,0x20,rbp,-,=[8]",True,16787584,16787781,4,"mov qword [rbp - 0x20], rcx","mov qword [var_28h], rcx",48894de0,cpu,mov,False,268435465,0,,,,,,,
16787778,"eax,0x14,rbp,-,=[4]",True,16787584,16787782,3,"mov dword [rbp - 0x14], eax","mov dword [var_1ch], eax",8945ec,cpu,mov,False,268435465,0,,,,,,,
16787781,"zf,?{,16787667,rip,=,}",False,16787584,16787783,2,je 0x10028d3,je 0x10028d3,748c,cpu,cjmp,False,2147483649,0,,,,,16787667.0,16787783.0,
16787783,"0x10028dc,rip,=",False,16787584,16787783,2,jmp 0x10028dc,jmp 0x10028dc,eb93,cpu,jmp,False,1,0,,,,,16787676.0,,"[{'addr': 16787676, 'type': 'CODE'}]"
