offset,esil,refptr,fcn_addr,fcn_last,size,opcode,disasm,bytes,family,type,reloc,type_num,type2_num,flags,xrefs_to,val,jump,fail,xrefs_from,ptr
16782736,"rbp,8,rsp,-,=[8],8,rsp,-=",False,16782736,16782907,1,push rbp,push rbp,55,cpu,rpush,False,268435468,0,"['sym.reverse', 'dbg.reverse']","[{'addr': 16782957, 'type': 'CALL'}]",,,,,
16782737,"rsp,rbp,=",False,16782736,16782905,3,"mov rbp, rsp","mov rbp, rsp",4889e5,cpu,mov,False,9,0,,,,,,,
16782740,"edi,0x14,rbp,-,=[4]",True,16782736,16782905,3,"mov dword [rbp - 0x14], edi","mov dword [var_1ch], edi",897dec,cpu,mov,False,268435465,0,,,,,,,
16782743,"0,0x10,rbp,-,=[4]",True,16782736,16782901,7,"mov dword [rbp - 0x10], 0","mov dword [var_18h], 0",c745f000000000,cpu,mov,False,268435465,0,,,0.0,,,,
16782750,"0x10,rbp,-,[4],rax,=",True,16782736,16782905,3,"mov eax, dword [rbp - 0x10]","mov eax, dword [var_18h]",8b45f0,cpu,mov,False,9,0,,"[{'addr': 16782784, 'type': 'CODE'}]",,,,,
16782753,"eax,0x18,rbp,-,=[4]",True,16782736,16782905,3,"mov dword [rbp - 0x18], eax","mov dword [var_20h], eax",8945e8,cpu,mov,False,268435465,0,,,,,,,
16782756,"0,eax,eax,&,==,$z,zf,:=,$p,pf,:=,31,$s,sf,:=,0,cf,:=,0,of,:=",False,16782736,16782906,2,"test eax, eax","test eax, eax",85c0,cpu,acmp,False,16,0,,,,,,,
16782758,"zf,?{,16782786,rip,=,}",False,16782736,16782906,2,je 0x10015c2,je 0x10015c2,741a,cpu,cjmp,False,2147483649,0,,,,16782786.0,16782760.0,,
16782760,"0x10015aa,rip,=",False,16782736,16782906,2,jmp 0x10015aa,jmp 0x10015aa,eb00,cpu,jmp,False,1,0,,,,16782762.0,,"[{'addr': 16782762, 'type': 'CODE'}]",
16782762,"0x18,rbp,-,[4],rax,=",True,16782736,16782905,3,"mov eax, dword [rbp - 0x18]","mov eax, dword [var_20h]",8b45e8,cpu,mov,False,9,0,,"[{'addr': 16782760, 'type': 'CODE'}]",,,,,
16782765,"1,eax,-=,1,0x80000000,-,!,31,$o,^,of,:=,31,$s,sf,:=,$z,zf,:=,$p,pf,:=,32,$b,cf,:=,3,$b,af,:=",False,16782736,16782905,3,"sub eax, 1","sub eax, 1",83e801,cpu,sub,False,18,0,,,1.0,,,,
16782768,"zf,?{,16782827,rip,=,}",False,16782736,16782906,2,je 0x10015eb,je 0x10015eb,7439,cpu,cjmp,False,2147483649,0,,,,16782827.0,16782770.0,,
16782770,"0x10015b4,rip,=",False,16782736,16782906,2,jmp 0x10015b4,jmp 0x10015b4,eb00,cpu,jmp,False,1,0,,,,16782772.0,,"[{'addr': 16782772, 'type': 'CODE'}]",
16782772,"0x18,rbp,-,[4],rax,=",True,16782736,16782905,3,"mov eax, dword [rbp - 0x18]","mov eax, dword [var_20h]",8b45e8,cpu,mov,False,9,0,,"[{'addr': 16782770, 'type': 'CODE'}]",,,,,
16782775,"2,eax,-=,2,0x80000000,-,!,31,$o,^,of,:=,31,$s,sf,:=,$z,zf,:=,$p,pf,:=,32,$b,cf,:=,3,$b,af,:=",False,16782736,16782905,3,"sub eax, 2","sub eax, 2",83e802,cpu,sub,False,18,0,,,2.0,,,,
16782778,"zf,?{,16782903,rip,=,}",False,16782736,16782906,2,je 0x1001637,je 0x1001637,747b,cpu,cjmp,False,2147483649,0,,,,16782903.0,16782780.0,,
16782780,"0x10015be,rip,=",False,16782736,16782906,2,jmp 0x10015be,jmp 0x10015be,eb00,cpu,jmp,False,1,0,,,,16782782.0,,"[{'addr': 16782782, 'type': 'CODE'}]",
16782782,"0x10015c0,rip,=",False,16782736,16782906,2,jmp 0x10015c0,jmp 0x10015c0,eb00,cpu,jmp,False,1,0,,"[{'addr': 16782780, 'type': 'CODE'}]",,16782784.0,,"[{'addr': 16782784, 'type': 'CODE'}]",
16782784,"0x100159e,rip,=",False,16782736,16782906,2,jmp 0x100159e,jmp 0x100159e,ebdc,cpu,jmp,False,1,0,,"[{'addr': 16782782, 'type': 'CODE'}, {'addr': 16782825, 'type': 'CODE'}, {'addr': 16782901, 'type': 'CODE'}]",,16782750.0,,"[{'addr': 16782750, 'type': 'CODE'}]",
16782786,"0x14,rbp,-,[4],rax,=",True,16782736,16782905,3,"mov eax, dword [rbp - 0x14]","mov eax, dword [var_1ch]",8b45ec,cpu,mov,False,9,0,,,,,,,
16782789,"1,rcx,=",False,16782736,16782903,5,"mov ecx, 1","mov ecx, 1",b901000000,cpu,mov,False,9,0,,,1.0,,,,
16782794,"2,rdx,=",False,16782736,16782903,5,"mov edx, 2","mov edx, 2",ba02000000,cpu,mov,False,9,0,,,2.0,,,,
16782799,"0,eax,==,$z,zf,:=,32,$b,cf,:=,$p,pf,:=,31,$s,sf,:=,0,0x80000000,-,!,31,$o,^,of,:=,3,$b,af,:=",False,16782736,16782905,3,"cmp eax, 0","cmp eax, 0",83f800,cpu,cmp,False,15,0,,,0.0,,,,0.0
16782802,"zf,?{,edx,ecx,=,}",False,16782736,16782905,3,"cmove ecx, edx","cmove ecx, edx",0f44ca,cpu,cmov,False,2147483657,0,,,,,,,
16782805,"ecx,0x10,rbp,-,=[4]",True,16782736,16782905,3,"mov dword [rbp - 0x10], ecx","mov dword [var_18h], ecx",894df0,cpu,mov,False,268435465,0,,,,,,,
16782808,"eax,0xc,rbp,-,=[4]",True,16782736,16782905,3,"mov dword [rbp - 0xc], eax","mov dword [var_14h], eax",8945f4,cpu,mov,False,268435465,0,,,,,,,
16782811,"0,0x8,rbp,-,=[4]",True,16782736,16782901,7,"mov dword [rbp - 8], 0","mov dword [var_10h], 0",c745f800000000,cpu,mov,False,268435465,0,,,0.0,,,,
16782818,"0,0x4,rbp,-,=[4]",True,16782736,16782901,7,"mov dword [rbp - 4], 0","mov dword [var_ch], 0",c745fc00000000,cpu,mov,False,268435465,0,,,0.0,,,,
16782825,"0x10015c0,rip,=",False,16782736,16782906,2,jmp 0x10015c0,jmp 0x10015c0,ebd5,cpu,jmp,False,1,0,,,,16782784.0,,"[{'addr': 16782784, 'type': 'CODE'}]",
16782827,"0x8,rbp,-,[4],rax,=",True,16782736,16782905,3,"mov eax, dword [rbp - 8]","mov eax, dword [var_10h]",8b45f8,cpu,mov,False,9,0,,,,,,,
16782830,"eax,0x20,rbp,-,=[4]",True,16782736,16782905,3,"mov dword [rbp - 0x20], eax","mov dword [var_28h], eax",8945e0,cpu,mov,False,268435465,0,,,,,,,
16782833,"0xc,rbp,-,[4],rdi,=",True,16782736,16782905,3,"mov edi, dword [rbp - 0xc]","mov edi, dword [var_14h]",8b7df4,cpu,mov,False,9,0,,,,,,,
16782836,"10,rcx,=",False,16782736,16782903,5,"mov ecx, 0xa","mov ecx, 0xa",b90a000000,cpu,mov,False,9,0,,,10.0,,,,
16782841,"edi,rax,=",False,16782736,16782906,2,"mov eax, edi","mov eax, edi",89f8,cpu,mov,False,9,0,,,,,,,
16782843,"0,edx,=,31,eax,>>,?{,0xffffffff,edx,=,}",False,16782736,16782907,1,cdq,cdq,99,cpu,null,False,0,0,,,,,,,
16782844,"32,ecx,~,32,edx,<<,eax,+,~%,32,ecx,~,32,edx,<<,eax,+,~/,eax,=,edx,=",False,16782736,16782906,2,idiv ecx,idiv ecx,f7f9,cpu,div,False,21,0,,,,,,,
16782846,"0x20,rbp,-,[4],rax,=",True,16782736,16782905,3,"mov eax, dword [rbp - 0x20]","mov eax, dword [var_28h]",8b45e0,cpu,mov,False,9,0,,,,,,,
16782849,"32,10,~,32,eax,~,*,DUP,eax,=,eax,-,?{,1,1,}{,0,0,},cf,:=,of,:=",False,16782736,16782905,3,"imul eax, eax, 0xa","imul eax, eax, 0xa",6bc00a,cpu,mul,False,20,0,,,,,,,
16782852,"eax,edx,+=,31,$o,of,:=,31,$s,sf,:=,$z,zf,:=,31,$c,cf,:=,$p,pf,:=,3,$c,af,:=",False,16782736,16782906,2,"add edx, eax","add edx, eax",01c2,cpu,add,False,17,0,,,,,,,
16782854,"edx,0x1c,rbp,-,=[4]",True,16782736,16782905,3,"mov dword [rbp - 0x1c], edx","mov dword [var_24h], edx",8955e4,cpu,mov,False,268435465,0,,,,,,,
16782857,"10,rcx,=",False,16782736,16782903,5,"mov ecx, 0xa","mov ecx, 0xa",b90a000000,cpu,mov,False,9,0,,,10.0,,,,
16782862,"edi,rax,=",False,16782736,16782906,2,"mov eax, edi","mov eax, edi",89f8,cpu,mov,False,9,0,,,,,,,
16782864,"0,edx,=,31,eax,>>,?{,0xffffffff,edx,=,}",False,16782736,16782907,1,cdq,cdq,99,cpu,null,False,0,0,,,,,,,
16782865,"32,ecx,~,32,edx,<<,eax,+,~%,32,ecx,~,32,edx,<<,eax,+,~/,eax,=,edx,=",False,16782736,16782906,2,idiv ecx,idiv ecx,f7f9,cpu,div,False,21,0,,,,,,,
16782867,"0x1c,rbp,-,[4],rdx,=",True,16782736,16782905,3,"mov edx, dword [rbp - 0x1c]","mov edx, dword [var_24h]",8b55e4,cpu,mov,False,9,0,,,,,,,
16782870,"9,edi,+=,31,$o,of,:=,31,$s,sf,:=,$z,zf,:=,31,$c,cf,:=,$p,pf,:=,3,$c,af,:=",False,16782736,16782905,3,"add edi, 9","add edi, 9",83c709,cpu,add,False,17,0,,,9.0,,,,
16782873,"1,rcx,=",False,16782736,16782903,5,"mov ecx, 1","mov ecx, 1",b901000000,cpu,mov,False,9,0,,,1.0,,,,
16782878,"2,rsi,=",False,16782736,16782903,5,"mov esi, 2","mov esi, 2",be02000000,cpu,mov,False,9,0,,,2.0,,,,
16782883,"19,edi,==,$z,zf,:=,32,$b,cf,:=,$p,pf,:=,31,$s,sf,:=,19,0x80000000,-,!,31,$o,^,of,:=,3,$b,af,:=",False,16782736,16782905,3,"cmp edi, 0x13","cmp edi, 0x13",83ff13,cpu,cmp,False,15,0,,,19.0,,,,19.0
16782886,"cf,?{,esi,ecx,=,}",False,16782736,16782905,3,"cmovb ecx, esi","cmovb ecx, esi",0f42ce,cpu,cmov,False,2147483657,0,,,,,,,
16782889,"ecx,0x10,rbp,-,=[4]",True,16782736,16782905,3,"mov dword [rbp - 0x10], ecx","mov dword [var_18h], ecx",894df0,cpu,mov,False,268435465,0,,,,,,,
16782892,"eax,0xc,rbp,-,=[4]",True,16782736,16782905,3,"mov dword [rbp - 0xc], eax","mov dword [var_14h], eax",8945f4,cpu,mov,False,268435465,0,,,,,,,
16782895,"edx,0x8,rbp,-,=[4]",True,16782736,16782905,3,"mov dword [rbp - 8], edx","mov dword [var_10h], edx",8955f8,cpu,mov,False,268435465,0,,,,,,,
16782898,"edx,0x4,rbp,-,=[4]",True,16782736,16782905,3,"mov dword [rbp - 4], edx","mov dword [var_ch], edx",8955fc,cpu,mov,False,268435465,0,,,,,,,
16782901,"0x10015c0,rip,=",False,16782736,16782906,2,jmp 0x10015c0,jmp 0x10015c0,eb89,cpu,jmp,False,1,0,,,,16782784.0,,"[{'addr': 16782784, 'type': 'CODE'}]",
16782903,"0x4,rbp,-,[4],rax,=",True,16782736,16782905,3,"mov eax, dword [rbp - 4]","mov eax, dword [var_ch]",8b45fc,cpu,mov,False,9,0,,,,,,,
16782906,"rsp,[8],8,rsp,+=,rbp,=",False,16782736,16782907,1,pop rbp,pop rbp,5d,cpu,pop,False,14,0,,,,,,,
16782907,"rsp,[8],rip,=,8,rsp,+=",False,16782736,16782907,1,ret,ret,c3,cpu,ret,False,5,0,,,,,,,
