offset,esil,refptr,fcn_addr,fcn_last,size,opcode,disasm,bytes,family,type,reloc,type_num,type2_num,flags,xrefs_to,val,jump,fail,ptr,xrefs_from,comment
16783664,"rbp,8,rsp,-,=[8],8,rsp,-=",False,16783664,16784011,1,push rbp,push rbp,55,cpu,rpush,False,268435468,0,['sym.recursive_modulation'],"[{'addr': 16783463, 'type': 'CALL'}]",,,,,,
16783665,"rsp,rbp,=",False,16783664,16784009,3,"mov rbp, rsp","mov rbp, rsp",4889e5,cpu,mov,False,9,0,,,,,,,,
16783668,"0,0x30,rbp,-,=[4]",True,16783664,16784005,7,"mov dword [rbp - 0x30], 0","mov dword [var_38h], 0",c745d000000000,cpu,mov,False,268435465,0,,,0.0,,,,,
16783675,"0,0x1c,rbp,-,=[4]",True,16783664,16784005,7,"mov dword [rbp - 0x1c], 0","mov dword [var_24h], 0",c745e400000000,cpu,mov,False,268435465,0,,,0.0,,,,,
16783682,"edi,0x18,rbp,-,=[4]",True,16783664,16784009,3,"mov dword [rbp - 0x18], edi","mov dword [var_20h], edi",897de8,cpu,mov,False,268435465,0,,,,,,,,
16783685,"esi,0x14,rbp,-,=[4]",True,16783664,16784009,3,"mov dword [rbp - 0x14], esi","mov dword [var_1ch], esi",8975ec,cpu,mov,False,268435465,0,,,,,,,,
16783688,"0x30,rbp,-,[4],rax,=",True,16783664,16784009,3,"mov eax, dword [rbp - 0x30]","mov eax, dword [var_38h]",8b45d0,cpu,mov,False,9,0,,"[{'addr': 16783723, 'type': 'CODE'}]",,,,,,
16783691,"rax,0x38,rbp,-,=[8]",True,16783664,16784008,4,"mov qword [rbp - 0x38], rax","mov qword [var_40h], rax",488945c8,cpu,mov,False,268435465,0,,,,,,,,
16783695,"4,rax,-=,4,0x8000000000000000,-,!,63,$o,^,of,:=,63,$s,sf,:=,$z,zf,:=,$p,pf,:=,64,$b,cf,:=,3,$b,af,:=",False,16783664,16784008,4,"sub rax, 4","sub rax, 4",4883e804,cpu,sub,False,18,0,,,4.0,,,,,
16783699,"cf,zf,|,!,?{,16783721,rip,=,}",False,16783664,16784010,2,ja 0x1001969,ja 0x1001969,7714,cpu,cjmp,False,2147483649,0,,,,16783721.0,16783701.0,,,
16783701,"0x38,rbp,-,[8],rax,=",True,16783664,16784008,4,"mov rax, qword [rbp - 0x38]","mov rax, qword [var_40h]",488b45c8,cpu,mov,False,9,0,,,,,,,,
16783705,"0x14a8,rip,-,rcx,=",True,16783664,16784005,7,"lea rcx, [rip - 0x14a8]","lea rcx, data.010004b8",488d0d58ebffff,cpu,lea,False,33,0,,,,,,16778424.0,"[{'addr': 16778424, 'type': 'DATA'}]",
16783712,"32,rax,4,*,rcx,+,[4],~,rax,=",True,16783664,16784008,4,"movsxd rax, dword [rcx + rax*4]","movsxd rax, dword [rcx + rax*4]",48630481,cpu,mov,False,9,0,,,,,,,,
16783716,"rcx,rax,+=,63,$o,of,:=,63,$s,sf,:=,$z,zf,:=,63,$c,cf,:=,$p,pf,:=,3,$c,af,:=",False,16783664,16784009,3,"add rax, rcx","add rax, rcx",4801c8,cpu,add,False,17,0,,,,,,,,
16783719,"rax,rip,=",False,16783664,16784010,2,jmp rax,jmp rax,ffe0,cpu,rjmp,False,268435458,0,['switch.0x01001967'],,,,,,"[{'addr': 16783725, 'type': 'CODE'}, {'addr': 16783795, 'type': 'CODE'}, {'addr': 16783846, 'type': 'CODE'}, {'addr': 16783920, 'type': 'CODE'}, {'addr': 16784004, 'type': 'CODE'}]",c3dpdGNoIHRhYmxlICg1IGNhc2VzKSBhdCAweDEwMDA0Yjg=
16783721,"0x100196b,rip,=",False,16783664,16784010,2,jmp 0x100196b,jmp 0x100196b,eb00,cpu,jmp,False,1,0,,,,16783723.0,,,"[{'addr': 16783723, 'type': 'CODE'}]",
16783723,"0x1001948,rip,=",False,16783664,16784010,2,jmp 0x1001948,jmp 0x1001948,ebdb,cpu,jmp,False,1,0,,"[{'addr': 16783721, 'type': 'CODE'}, {'addr': 16783793, 'type': 'CODE'}, {'addr': 16783844, 'type': 'CODE'}, {'addr': 16783915, 'type': 'CODE'}, {'addr': 16783999, 'type': 'CODE'}]",,16783688.0,,,"[{'addr': 16783688, 'type': 'CODE'}]",
16783725,"0x14,rbp,-,[4],rcx,=",True,16783664,16784009,3,"mov ecx, dword [rbp - 0x14]","mov ecx, dword [var_1ch]",8b4dec,cpu,mov,False,9,0,['case.0x1001967.0'],"[{'addr': 16783719, 'type': 'CODE'}]",,,,,,
16783728,"0x18,rbp,-,[4],rax,=",True,16783664,16784009,3,"mov eax, dword [rbp - 0x18]","mov eax, dword [var_20h]",8b45e8,cpu,mov,False,9,0,,,,,,,,
16783731,"0x1c,rbp,-,[4],rdx,=",True,16783664,16784009,3,"mov edx, dword [rbp - 0x1c]","mov edx, dword [var_24h]",8b55e4,cpu,mov,False,9,0,,,,,,,,
16783734,"edx,0x2c,rbp,-,=[4]",True,16783664,16784009,3,"mov dword [rbp - 0x2c], edx","mov dword [var_34h], edx",8955d4,cpu,mov,False,268435465,0,,,,,,,,
16783737,"1,ecx,==,$z,zf,:=,32,$b,cf,:=,$p,pf,:=,31,$s,sf,:=,1,0x80000000,-,!,31,$o,^,of,:=,3,$b,af,:=",False,16783664,16784009,3,"cmp ecx, 1","cmp ecx, 1",83f901,cpu,cmp,False,15,0,,,1.0,,,1.0,,
16783740,"sf,of,^,dl,=",False,16783664,16784009,3,setl dl,setl dl,0f9cc2,cpu,cmov,False,2147483657,0,,,,,,,,
16783743,"1,eax,==,$z,zf,:=,32,$b,cf,:=,$p,pf,:=,31,$s,sf,:=,1,0x80000000,-,!,31,$o,^,of,:=,3,$b,af,:=",False,16783664,16784009,3,"cmp eax, 1","cmp eax, 1",83f801,cpu,cmp,False,15,0,,,1.0,,,1.0,,
16783746,"sf,of,^,dil,=",False,16783664,16784008,4,setl dil,setl dil,400f9cc7,cpu,cmov,False,2147483657,0,,,,,,,,
16783750,"dl,dil,|=,7,$s,sf,:=,$z,zf,:=,$p,pf,:=,0,of,:=,0,cf,:=",False,16783664,16784009,3,"or dil, dl","or dil, dl",4008d7,cpu,or,False,26,0,,,,,,,,
16783753,"1,rdx,=",False,16783664,16784007,5,"mov edx, 1","mov edx, 1",ba01000000,cpu,mov,False,9,0,,,1.0,,,,,
16783758,"4,rsi,=",False,16783664,16784007,5,"mov esi, 4","mov esi, 4",be04000000,cpu,mov,False,9,0,,,4.0,,,,,
16783763,"0,1,dil,&,==,$z,zf,:=,$p,pf,:=,7,$s,sf,:=,0,cf,:=,0,of,:=",False,16783664,16784008,4,"test dil, 1","test dil, 1",40f6c701,cpu,acmp,False,16,0,,,1.0,,,1.0,,
16783767,"zf,!,?{,esi,edx,=,}",False,16783664,16784009,3,"cmovne edx, esi","cmovne edx, esi",0f45d6,cpu,cmov,False,2147483657,0,,,,,,,,
16783770,"edx,0x30,rbp,-,=[4]",True,16783664,16784009,3,"mov dword [rbp - 0x30], edx","mov dword [var_38h], edx",8955d0,cpu,mov,False,268435465,0,,,,,,,,
16783773,"ecx,0x10,rbp,-,=[4]",True,16783664,16784009,3,"mov dword [rbp - 0x10], ecx","mov dword [var_18h], ecx",894df0,cpu,mov,False,268435465,0,,,,,,,,
16783776,"eax,0xc,rbp,-,=[4]",True,16783664,16784009,3,"mov dword [rbp - 0xc], eax","mov dword [var_14h], eax",8945f4,cpu,mov,False,268435465,0,,,,,,,,
16783779,"0,0x8,rbp,-,=[4]",True,16783664,16784005,7,"mov dword [rbp - 8], 0","mov dword [var_10h], 0",c745f800000000,cpu,mov,False,268435465,0,,,0.0,,,,,
16783786,"0,0x4,rbp,-,=[4]",True,16783664,16784005,7,"mov dword [rbp - 4], 0","mov dword [var_ch], 0",c745fc00000000,cpu,mov,False,268435465,0,,,0.0,,,,,
16783793,"0x100196b,rip,=",False,16783664,16784010,2,jmp 0x100196b,jmp 0x100196b,ebb8,cpu,jmp,False,1,0,,,,16783723.0,,,"[{'addr': 16783723, 'type': 'CODE'}]",
16783795,"0x8,rbp,-,[4],rdx,=",True,16783664,16784009,3,"mov edx, dword [rbp - 8]","mov edx, dword [var_10h]",8b55f8,cpu,mov,False,9,0,['case.0x1001967.1'],"[{'addr': 16783719, 'type': 'CODE'}]",,,,,,
16783798,"0xc,rbp,-,[4],rcx,=",True,16783664,16784009,3,"mov ecx, dword [rbp - 0xc]","mov ecx, dword [var_14h]",8b4df4,cpu,mov,False,9,0,,,,,,,,
16783801,"0x10,rbp,-,[4],rax,=",True,16783664,16784009,3,"mov eax, dword [rbp - 0x10]","mov eax, dword [var_18h]",8b45f0,cpu,mov,False,9,0,,,,,,,,
16783804,"edx,0x20,rbp,-,=[4]",True,16783664,16784009,3,"mov dword [rbp - 0x20], edx","mov dword [var_28h], edx",8955e0,cpu,mov,False,268435465,0,,,,,,,,
16783807,"ecx,0x24,rbp,-,=[4]",True,16783664,16784009,3,"mov dword [rbp - 0x24], ecx","mov dword [var_2ch], ecx",894ddc,cpu,mov,False,268435465,0,,,,,,,,
16783810,"eax,0x28,rbp,-,=[4]",True,16783664,16784009,3,"mov dword [rbp - 0x28], eax","mov dword [var_30h], eax",8945d8,cpu,mov,False,268435465,0,,,,,,,,
16783813,"0x24,rbp,-,[4],rax,=",True,16783664,16784009,3,"mov eax, dword [rbp - 0x24]","mov eax, dword [var_2ch]",8b45dc,cpu,mov,False,9,0,,,,,,,,
16783816,"3,rcx,=",False,16783664,16784007,5,"mov ecx, 3","mov ecx, 3",b903000000,cpu,mov,False,9,0,,,3.0,,,,,
16783821,"edx,rdx,^,0xffffffff,&,rdx,=,$z,zf,:=,$p,pf,:=,31,$s,sf,:=,0,cf,:=,0,of,:=",False,16783664,16784010,2,"xor edx, edx","xor edx, edx",31d2,cpu,xor,False,28,0,,,,,,,,
16783823,"ecx,32,edx,<<,eax,+,%,ecx,32,edx,<<,eax,+,/,eax,=,edx,=",False,16783664,16784010,2,div ecx,div ecx,f7f1,cpu,div,False,21,0,,,,,,,,
16783825,"3,rax,=",False,16783664,16784007,5,"mov eax, 3","mov eax, 3",b803000000,cpu,mov,False,9,0,,,3.0,,,,,
16783830,"2,rcx,=",False,16783664,16784007,5,"mov ecx, 2","mov ecx, 2",b902000000,cpu,mov,False,9,0,,,2.0,,,,,
16783835,"0,edx,==,$z,zf,:=,32,$b,cf,:=,$p,pf,:=,31,$s,sf,:=,0,0x80000000,-,!,31,$o,^,of,:=,3,$b,af,:=",False,16783664,16784009,3,"cmp edx, 0","cmp edx, 0",83fa00,cpu,cmp,False,15,0,,,0.0,,,0.0,,
16783838,"zf,?{,ecx,eax,=,}",False,16783664,16784009,3,"cmove eax, ecx","cmove eax, ecx",0f44c1,cpu,cmov,False,2147483657,0,,,,,,,,
16783841,"eax,0x30,rbp,-,=[4]",True,16783664,16784009,3,"mov dword [rbp - 0x30], eax","mov dword [var_38h], eax",8945d0,cpu,mov,False,268435465,0,,,,,,,,
16783844,"0x100196b,rip,=",False,16783664,16784010,2,jmp 0x100196b,jmp 0x100196b,eb85,cpu,jmp,False,1,0,,,,16783723.0,,,"[{'addr': 16783723, 'type': 'CODE'}]",
16783846,"0x24,rbp,-,[4],rcx,=",True,16783664,16784009,3,"mov ecx, dword [rbp - 0x24]","mov ecx, dword [var_2ch]",8b4ddc,cpu,mov,False,9,0,['case.0x1001967.2'],"[{'addr': 16783719, 'type': 'CODE'}]",,,,,,
16783849,"18446744073709551614,ecx,+=,31,$o,of,:=,31,$s,sf,:=,$z,zf,:=,31,$c,cf,:=,$p,pf,:=,3,$c,af,:=",False,16783664,16784009,3,"add ecx, 0xfffffffe","add ecx, 0xfffffffe",83c1fe,cpu,add,False,17,0,,,1.8446744073709552e+19,,,,,
16783852,"0x28,rbp,-,[4],rdx,=",True,16783664,16784009,3,"mov edx, dword [rbp - 0x28]","mov edx, dword [var_30h]",8b55d8,cpu,mov,False,9,0,,,,,,,,
16783855,"18446744073709551615,edx,+=,31,$o,of,:=,31,$s,sf,:=,$z,zf,:=,31,$c,cf,:=,$p,pf,:=,3,$c,af,:=",False,16783664,16784009,3,"add edx, 0xffffffff","add edx, 0xffffffff",83c2ff,cpu,add,False,17,0,,,,,,,,
16783858,"0x24,rbp,-,[4],rax,=",True,16783664,16784009,3,"mov eax, dword [rbp - 0x24]","mov eax, dword [var_2ch]",8b45dc,cpu,mov,False,9,0,,,,,,,,
16783861,"0x20,rbp,-,[4],eax,+=,31,$o,of,:=,31,$s,sf,:=,$z,zf,:=,31,$c,cf,:=,$p,pf,:=,3,$c,af,:=",True,16783664,16784009,3,"add eax, dword [rbp - 0x20]","add eax, dword [var_28h]",0345e0,cpu,add,False,17,0,,,,,,,,
16783864,"2,0x28,rbp,-,[4],==,$z,zf,:=,32,$b,cf,:=,$p,pf,:=,31,$s,sf,:=,2,0x80000000,-,!,31,$o,^,of,:=,3,$b,af,:=",True,16783664,16784008,4,"cmp dword [rbp - 0x28], 2","cmp dword [var_30h], 2",837dd802,cpu,cmp,False,268435471,0,,,2.0,,,,,
16783868,"sf,of,^,sil,=",False,16783664,16784008,4,setl sil,setl sil,400f9cc6,cpu,cmov,False,2147483657,0,,,,,,,,
16783872,"3,0x24,rbp,-,[4],==,$z,zf,:=,32,$b,cf,:=,$p,pf,:=,31,$s,sf,:=,3,0x80000000,-,!,31,$o,^,of,:=,3,$b,af,:=",True,16783664,16784008,4,"cmp dword [rbp - 0x24], 3","cmp dword [var_2ch], 3",837ddc03,cpu,cmp,False,268435471,0,,,3.0,,,,,
16783876,"sf,of,^,r8b,=",False,16783664,16784008,4,setl r8b,setl r8b,410f9cc0,cpu,cmov,False,2147483657,0,,,,,,,,
16783880,"sil,r8b,|=,7,$s,sf,:=,$z,zf,:=,$p,pf,:=,0,of,:=,0,cf,:=",False,16783664,16784009,3,"or r8b, sil","or r8b, sil",4108f0,cpu,or,False,26,0,,,,,,,,
16783883,"1,rsi,=",False,16783664,16784007,5,"mov esi, 1","mov esi, 1",be01000000,cpu,mov,False,9,0,,,1.0,,,,,
16783888,"4,rdi,=",False,16783664,16784007,5,"mov edi, 4","mov edi, 4",bf04000000,cpu,mov,False,9,0,,,4.0,,,,,
16783893,"0,1,r8b,&,==,$z,zf,:=,$p,pf,:=,7,$s,sf,:=,0,cf,:=,0,of,:=",False,16783664,16784008,4,"test r8b, 1","test r8b, 1",41f6c001,cpu,acmp,False,16,0,,,1.0,,,1.0,,
16783897,"zf,!,?{,edi,esi,=,}",False,16783664,16784009,3,"cmovne esi, edi","cmovne esi, edi",0f45f7,cpu,cmov,False,2147483657,0,,,,,,,,
16783900,"esi,0x30,rbp,-,=[4]",True,16783664,16784009,3,"mov dword [rbp - 0x30], esi","mov dword [var_38h], esi",8975d0,cpu,mov,False,268435465,0,,,,,,,,
16783903,"edx,0x10,rbp,-,=[4]",True,16783664,16784009,3,"mov dword [rbp - 0x10], edx","mov dword [var_18h], edx",8955f0,cpu,mov,False,268435465,0,,,,,,,,
16783906,"ecx,0xc,rbp,-,=[4]",True,16783664,16784009,3,"mov dword [rbp - 0xc], ecx","mov dword [var_14h], ecx",894df4,cpu,mov,False,268435465,0,,,,,,,,
16783909,"eax,0x8,rbp,-,=[4]",True,16783664,16784009,3,"mov dword [rbp - 8], eax","mov dword [var_10h], eax",8945f8,cpu,mov,False,268435465,0,,,,,,,,
16783912,"eax,0x4,rbp,-,=[4]",True,16783664,16784009,3,"mov dword [rbp - 4], eax","mov dword [var_ch], eax",8945fc,cpu,mov,False,268435465,0,,,,,,,,
16783915,"0x100196b,rip,=",False,16783664,16784007,5,jmp 0x100196b,jmp 0x100196b,e93bffffff,cpu,jmp,False,1,0,,,,16783723.0,,,"[{'addr': 16783723, 'type': 'CODE'}]",
16783920,"0x24,rbp,-,[4],rax,=",True,16783664,16784009,3,"mov eax, dword [rbp - 0x24]","mov eax, dword [var_2ch]",8b45dc,cpu,mov,False,9,0,['case.0x1001967.3'],"[{'addr': 16783719, 'type': 'CODE'}]",,,,,,
16783923,"5,rcx,=",False,16783664,16784007,5,"mov ecx, 5","mov ecx, 5",b905000000,cpu,mov,False,9,0,,,5.0,,,,,
16783928,"edx,rdx,^,0xffffffff,&,rdx,=,$z,zf,:=,$p,pf,:=,31,$s,sf,:=,0,cf,:=,0,of,:=",False,16783664,16784010,2,"xor edx, edx","xor edx, edx",31d2,cpu,xor,False,28,0,,,,,,,,
16783930,"ecx,32,edx,<<,eax,+,%,ecx,32,edx,<<,eax,+,/,eax,=,edx,=",False,16783664,16784010,2,div ecx,div ecx,f7f1,cpu,div,False,21,0,,,,,,,,
16783932,"edx,rdi,=",False,16783664,16784010,2,"mov edi, edx","mov edi, edx",89d7,cpu,mov,False,9,0,,,,,,,,
16783934,"0x28,rbp,-,[4],rax,=",True,16783664,16784009,3,"mov eax, dword [rbp - 0x28]","mov eax, dword [var_30h]",8b45d8,cpu,mov,False,9,0,,,,,,,,
16783937,"18446744073709551615,eax,+=,31,$o,of,:=,31,$s,sf,:=,$z,zf,:=,31,$c,cf,:=,$p,pf,:=,3,$c,af,:=",False,16783664,16784009,3,"add eax, 0xffffffff","add eax, 0xffffffff",83c0ff,cpu,add,False,17,0,,,,,,,,
16783940,"0x24,rbp,-,[4],rdx,=",True,16783664,16784009,3,"mov edx, dword [rbp - 0x24]","mov edx, dword [var_2ch]",8b55dc,cpu,mov,False,9,0,,,,,,,,
16783943,"0,cf,:=,1,1,-,1,<<,edx,&,?{,1,cf,:=,},1,edx,>>,edx,=,$z,zf,:=,$p,pf,:=,31,$s,sf,:=",False,16783664,16784010,2,"shr edx, 1","shr edx, 1",d1ea,cpu,shr,False,22,0,,,1.0,,,,,
16783945,"0x24,rbp,-,[4],rsi,=",True,16783664,16784009,3,"mov esi, dword [rbp - 0x24]","mov esi, dword [var_2ch]",8b75dc,cpu,mov,False,9,0,,,,,,,,
16783948,"0,1,!,!,?{,1,1,-,esi,<<,0x80000000,&,!,!,^,},1,esi,<<=,$z,zf,:=,$p,pf,:=,31,$s,sf,:=,cf,=",False,16783664,16784010,2,"shl esi, 1","shl esi, 1",d1e6,cpu,shl,False,23,0,,,,,,,,
16783950,"4294967293,rcx,=",False,16783664,16784007,5,"mov ecx, 0xfffffffd","mov ecx, 0xfffffffd",b9fdffffff,cpu,mov,False,9,0,,,4294967293.0,,,4294967293.0,,
16783955,"4294967295,r8,=",False,16783664,16784006,6,"mov r8d, 0xffffffff","mov r8d, 0xffffffff",41b8ffffffff,cpu,mov,False,9,0,,,4294967295.0,,,4294967295.0,,
16783961,"0,edi,==,$z,zf,:=,32,$b,cf,:=,$p,pf,:=,31,$s,sf,:=,0,0x80000000,-,!,31,$o,^,of,:=,3,$b,af,:=",False,16783664,16784009,3,"cmp edi, 0","cmp edi, 0",83ff00,cpu,cmp,False,15,0,,,0.0,,,0.0,,
16783964,"zf,?{,r8d,ecx,=,}",False,16783664,16784008,4,"cmove ecx, r8d","cmove ecx, r8d",410f44c8,cpu,cmov,False,2147483657,0,,,,,,,,
16783968,"0,edi,==,$z,zf,:=,32,$b,cf,:=,$p,pf,:=,31,$s,sf,:=,0,0x80000000,-,!,31,$o,^,of,:=,3,$b,af,:=",False,16783664,16784009,3,"cmp edi, 0","cmp edi, 0",83ff00,cpu,cmp,False,15,0,,,0.0,,,0.0,,
16783971,"zf,?{,esi,edx,=,}",False,16783664,16784009,3,"cmove edx, esi","cmove edx, esi",0f44d6,cpu,cmov,False,2147483657,0,,,,,,,,
16783974,"0x24,rbp,-,[4],ecx,+=,31,$o,of,:=,31,$s,sf,:=,$z,zf,:=,31,$c,cf,:=,$p,pf,:=,3,$c,af,:=",True,16783664,16784009,3,"add ecx, dword [rbp - 0x24]","add ecx, dword [var_2ch]",034ddc,cpu,add,False,17,0,,,,,,,,
16783977,"0x20,rbp,-,[4],edx,+=,31,$o,of,:=,31,$s,sf,:=,$z,zf,:=,31,$c,cf,:=,$p,pf,:=,3,$c,af,:=",True,16783664,16784009,3,"add edx, dword [rbp - 0x20]","add edx, dword [var_28h]",0355e0,cpu,add,False,17,0,,,,,,,,
16783980,"0x2c,rbp,-,[4],edx,+=,31,$o,of,:=,31,$s,sf,:=,$z,zf,:=,31,$c,cf,:=,$p,pf,:=,3,$c,af,:=",True,16783664,16784009,3,"add edx, dword [rbp - 0x2c]","add edx, dword [var_34h]",0355d4,cpu,add,False,17,0,,,,,,,,
16783983,"0,0x30,rbp,-,=[4]",True,16783664,16784005,7,"mov dword [rbp - 0x30], 0","mov dword [var_38h], 0",c745d000000000,cpu,mov,False,268435465,0,,,0.0,,,,,
16783990,"edx,0x1c,rbp,-,=[4]",True,16783664,16784009,3,"mov dword [rbp - 0x1c], edx","mov dword [var_24h], edx",8955e4,cpu,mov,False,268435465,0,,,,,,,,
16783993,"ecx,0x18,rbp,-,=[4]",True,16783664,16784009,3,"mov dword [rbp - 0x18], ecx","mov dword [var_20h], ecx",894de8,cpu,mov,False,268435465,0,,,,,,,,
16783996,"eax,0x14,rbp,-,=[4]",True,16783664,16784009,3,"mov dword [rbp - 0x14], eax","mov dword [var_1ch], eax",8945ec,cpu,mov,False,268435465,0,,,,,,,,
16783999,"0x100196b,rip,=",False,16783664,16784007,5,jmp 0x100196b,jmp 0x100196b,e9e7feffff,cpu,jmp,False,1,0,,,,16783723.0,,,"[{'addr': 16783723, 'type': 'CODE'}]",
16784004,"0x4,rbp,-,[4],rax,=",True,16783664,16784009,3,"mov eax, dword [rbp - 4]","mov eax, dword [var_ch]",8b45fc,cpu,mov,False,9,0,['case.0x1001967.4'],"[{'addr': 16783719, 'type': 'CODE'}]",,,,,,
16784007,"0x2c,rbp,-,[4],eax,+=,31,$o,of,:=,31,$s,sf,:=,$z,zf,:=,31,$c,cf,:=,$p,pf,:=,3,$c,af,:=",True,16783664,16784009,3,"add eax, dword [rbp - 0x2c]","add eax, dword [var_34h]",0345d4,cpu,add,False,17,0,,,,,,,,
16784010,"rsp,[8],8,rsp,+=,rbp,=",False,16783664,16784011,1,pop rbp,pop rbp,5d,cpu,pop,False,14,0,,,,,,,,
16784011,"rsp,[8],rip,=,8,rsp,+=",False,16783664,16784011,1,ret,ret,c3,cpu,ret,False,5,0,,,,,,,,
