offset,esil,refptr,fcn_addr,fcn_last,size,opcode,disasm,bytes,family,type,reloc,type_num,type2_num,flags,xrefs_to,val,jump,fail,ptr,xrefs_from,comment
16784016,"rbp,8,rsp,-,=[8],8,rsp,-=",False,16784016,16784346,1,push rbp,push rbp,55,cpu,rpush,False,268435468,0,['sym.evaluate_conditions'],"[{'addr': 16783483, 'type': 'CALL'}]",,,,,,
16784017,"rsp,rbp,=",False,16784016,16784344,3,"mov rbp, rsp","mov rbp, rsp",4889e5,cpu,mov,False,9,0,,,,,,,,
16784020,"edi,rax,=",False,16784016,16784345,2,"mov eax, edi","mov eax, edi",89f8,cpu,mov,False,9,0,,,,,,,,
16784022,"eax,0x28,rbp,-,=[4]",True,16784016,16784344,3,"mov dword [rbp - 0x28], eax","mov dword [var_30h], eax",8945d8,cpu,mov,False,268435465,0,,,,,,,,
16784025,"10,rcx,=",False,16784016,16784342,5,"mov ecx, 0xa","mov ecx, 0xa",b90a000000,cpu,mov,False,9,0,,,10.0,,,,,
16784030,"0,edx,=,31,eax,>>,?{,0xffffffff,edx,=,}",False,16784016,16784346,1,cdq,cdq,99,cpu,null,False,0,0,,,,,,,,
16784031,"32,ecx,~,32,edx,<<,eax,+,~%,32,ecx,~,32,edx,<<,eax,+,~/,eax,=,edx,=",False,16784016,16784345,2,idiv ecx,idiv ecx,f7f9,cpu,div,False,21,0,,,,,,,,
16784033,"edx,0x20,rbp,-,=[4]",True,16784016,16784344,3,"mov dword [rbp - 0x20], edx","mov dword [var_28h], edx",8955e0,cpu,mov,False,268435465,0,,,,,,,,
16784036,"0,0x24,rbp,-,=[4]",True,16784016,16784340,7,"mov dword [rbp - 0x24], 0","mov dword [var_2ch], 0",c745dc00000000,cpu,mov,False,268435465,0,,,0.0,,,,,
16784043,"0x24,rbp,-,[4],rax,=",True,16784016,16784344,3,"mov eax, dword [rbp - 0x24]","mov eax, dword [var_2ch]",8b45dc,cpu,mov,False,9,0,,"[{'addr': 16784078, 'type': 'CODE'}]",,,,,,
16784046,"rax,0x30,rbp,-,=[8]",True,16784016,16784343,4,"mov qword [rbp - 0x30], rax","mov qword [var_38h], rax",488945d0,cpu,mov,False,268435465,0,,,,,,,,
16784050,"7,rax,-=,7,0x8000000000000000,-,!,63,$o,^,of,:=,63,$s,sf,:=,$z,zf,:=,$p,pf,:=,64,$b,cf,:=,3,$b,af,:=",False,16784016,16784343,4,"sub rax, 7","sub rax, 7",4883e807,cpu,sub,False,18,0,,,7.0,,,,,
16784054,"cf,zf,|,!,?{,16784076,rip,=,}",False,16784016,16784345,2,ja 0x1001acc,ja 0x1001acc,7714,cpu,cjmp,False,2147483649,0,,,,16784076.0,16784056.0,,,
16784056,"0x30,rbp,-,[8],rax,=",True,16784016,16784343,4,"mov rax, qword [rbp - 0x30]","mov rax, qword [var_38h]",488b45d0,cpu,mov,False,9,0,,,,,,,,
16784060,"0x15f7,rip,-,rcx,=",True,16784016,16784340,7,"lea rcx, [rip - 0x15f7]","lea rcx, data.010004cc",488d0d09eaffff,cpu,lea,False,33,0,,,,,,16778444.0,"[{'addr': 16778444, 'type': 'DATA'}]",
16784067,"32,rax,4,*,rcx,+,[4],~,rax,=",True,16784016,16784343,4,"movsxd rax, dword [rcx + rax*4]","movsxd rax, dword [rcx + rax*4]",48630481,cpu,mov,False,9,0,,,,,,,,
16784071,"rcx,rax,+=,63,$o,of,:=,63,$s,sf,:=,$z,zf,:=,63,$c,cf,:=,$p,pf,:=,3,$c,af,:=",False,16784016,16784344,3,"add rax, rcx","add rax, rcx",4801c8,cpu,add,False,17,0,,,,,,,,
16784074,"rax,rip,=",False,16784016,16784345,2,jmp rax,jmp rax,ffe0,cpu,rjmp,False,268435458,0,['switch.0x01001aca'],,,,,,"[{'addr': 16784080, 'type': 'CODE'}, {'addr': 16784109, 'type': 'CODE'}, {'addr': 16784141, 'type': 'CODE'}, {'addr': 16784180, 'type': 'CODE'}, {'addr': 16784211, 'type': 'CODE'}, {'addr': 16784231, 'type': 'CODE'}, {'addr': 16784272, 'type': 'CODE'}, {'addr': 16784342, 'type': 'CODE'}]",c3dpdGNoIHRhYmxlICg4IGNhc2VzKSBhdCAweDEwMDA0Y2M=
16784076,"0x1001ace,rip,=",False,16784016,16784345,2,jmp 0x1001ace,jmp 0x1001ace,eb00,cpu,jmp,False,1,0,,,,16784078.0,,,"[{'addr': 16784078, 'type': 'CODE'}]",
16784078,"0x1001aab,rip,=",False,16784016,16784345,2,jmp 0x1001aab,jmp 0x1001aab,ebdb,cpu,jmp,False,1,0,,"[{'addr': 16784076, 'type': 'CODE'}, {'addr': 16784107, 'type': 'CODE'}, {'addr': 16784139, 'type': 'CODE'}, {'addr': 16784178, 'type': 'CODE'}, {'addr': 16784206, 'type': 'CODE'}, {'addr': 16784226, 'type': 'CODE'}, {'addr': 16784267, 'type': 'CODE'}, {'addr': 16784337, 'type': 'CODE'}]",,16784043.0,,,"[{'addr': 16784043, 'type': 'CODE'}]",
16784080,"1,rax,=",False,16784016,16784342,5,"mov eax, 1","mov eax, 1",b801000000,cpu,mov,False,9,0,['case.0x1001aca.0'],"[{'addr': 16784074, 'type': 'CODE'}]",1.0,,,,,
16784085,"7,rcx,=",False,16784016,16784342,5,"mov ecx, 7","mov ecx, 7",b907000000,cpu,mov,False,9,0,,,7.0,,,,,
16784090,"18446744073709551614,0x20,rbp,-,[4],==,$z,zf,:=,32,$b,cf,:=,$p,pf,:=,31,$s,sf,:=,18446744073709551614,0x80000000,-,!,31,$o,^,of,:=,3,$b,af,:=",True,16784016,16784343,4,"cmp dword [rbp - 0x20], 0xfffffffe","cmp dword [var_28h], 0xfffffffe",837de0fe,cpu,cmp,False,268435471,0,,,1.8446744073709552e+19,,,,,
16784094,"sf,of,^,?{,ecx,eax,=,}",False,16784016,16784344,3,"cmovl eax, ecx","cmovl eax, ecx",0f4cc1,cpu,cmov,False,2147483657,0,,,,,,,,
16784097,"eax,0x24,rbp,-,=[4]",True,16784016,16784344,3,"mov dword [rbp - 0x24], eax","mov dword [var_2ch], eax",8945dc,cpu,mov,False,268435465,0,,,,,,,,
16784100,"0,0x4,rbp,-,=[4]",True,16784016,16784340,7,"mov dword [rbp - 4], 0","mov dword [var_ch], 0",c745fc00000000,cpu,mov,False,268435465,0,,,0.0,,,,,
16784107,"0x1001ace,rip,=",False,16784016,16784345,2,jmp 0x1001ace,jmp 0x1001ace,ebe1,cpu,jmp,False,1,0,,,,16784078.0,,,"[{'addr': 16784078, 'type': 'CODE'}]",
16784109,"0x20,rbp,-,[4],rax,=",True,16784016,16784344,3,"mov eax, dword [rbp - 0x20]","mov eax, dword [var_28h]",8b45e0,cpu,mov,False,9,0,['case.0x1001aca.1'],"[{'addr': 16784074, 'type': 'CODE'}]",,,,,,
16784112,"3,eax,+=,31,$o,of,:=,31,$s,sf,:=,$z,zf,:=,31,$c,cf,:=,$p,pf,:=,3,$c,af,:=",False,16784016,16784344,3,"add eax, 3","add eax, 3",83c003,cpu,add,False,17,0,,,3.0,,,,,
16784115,"eax,0x1c,rbp,-,=[4]",True,16784016,16784344,3,"mov dword [rbp - 0x1c], eax","mov dword [var_24h], eax",8945e4,cpu,mov,False,268435465,0,,,,,,,,
16784118,"2,0x24,rbp,-,=[4]",True,16784016,16784340,7,"mov dword [rbp - 0x24], 2","mov dword [var_2ch], 2",c745dc02000000,cpu,mov,False,268435465,0,,,2.0,,,,,
16784125,"1,0x10,rbp,-,=[4]",True,16784016,16784340,7,"mov dword [rbp - 0x10], 1","mov dword [var_18h], 1",c745f001000000,cpu,mov,False,268435465,0,,,1.0,,,,,
16784132,"0,0xc,rbp,-,=[4]",True,16784016,16784340,7,"mov dword [rbp - 0xc], 0","mov dword [var_14h], 0",c745f400000000,cpu,mov,False,268435465,0,,,0.0,,,,,
16784139,"0x1001ace,rip,=",False,16784016,16784345,2,jmp 0x1001ace,jmp 0x1001ace,ebc1,cpu,jmp,False,1,0,,,,16784078.0,,,"[{'addr': 16784078, 'type': 'CODE'}]",
16784141,"0xc,rbp,-,[4],rcx,=",True,16784016,16784344,3,"mov ecx, dword [rbp - 0xc]","mov ecx, dword [var_14h]",8b4df4,cpu,mov,False,9,0,['case.0x1001aca.2'],"[{'addr': 16784074, 'type': 'CODE'}]",,,,,,
16784144,"0x10,rbp,-,[4],rax,=",True,16784016,16784344,3,"mov eax, dword [rbp - 0x10]","mov eax, dword [var_18h]",8b45f0,cpu,mov,False,9,0,,,,,,,,
16784147,"ecx,0x14,rbp,-,=[4]",True,16784016,16784344,3,"mov dword [rbp - 0x14], ecx","mov dword [var_1ch], ecx",894dec,cpu,mov,False,268435465,0,,,,,,,,
16784150,"eax,0x18,rbp,-,=[4]",True,16784016,16784344,3,"mov dword [rbp - 0x18], eax","mov dword [var_20h], eax",8945e8,cpu,mov,False,268435465,0,,,,,,,,
16784153,"0x18,rbp,-,[4],rdx,=",True,16784016,16784344,3,"mov edx, dword [rbp - 0x18]","mov edx, dword [var_20h]",8b55e8,cpu,mov,False,9,0,,,,,,,,
16784156,"1,rdx,&,0xffffffff,&,rdx,=,$z,zf,:=,$p,pf,:=,31,$s,sf,:=,0,cf,:=,0,of,:=",False,16784016,16784344,3,"and edx, 1","and edx, 1",83e201,cpu,and,False,27,0,,,1.0,,,,,
16784159,"5,rax,=",False,16784016,16784342,5,"mov eax, 5","mov eax, 5",b805000000,cpu,mov,False,9,0,,,5.0,,,,,
16784164,"3,rcx,=",False,16784016,16784342,5,"mov ecx, 3","mov ecx, 3",b903000000,cpu,mov,False,9,0,,,3.0,,,,,
16784169,"0,edx,==,$z,zf,:=,32,$b,cf,:=,$p,pf,:=,31,$s,sf,:=,0,0x80000000,-,!,31,$o,^,of,:=,3,$b,af,:=",False,16784016,16784344,3,"cmp edx, 0","cmp edx, 0",83fa00,cpu,cmp,False,15,0,,,0.0,,,0.0,,
16784172,"zf,?{,ecx,eax,=,}",False,16784016,16784344,3,"cmove eax, ecx","cmove eax, ecx",0f44c1,cpu,cmov,False,2147483657,0,,,,,,,,
16784175,"eax,0x24,rbp,-,=[4]",True,16784016,16784344,3,"mov dword [rbp - 0x24], eax","mov dword [var_2ch], eax",8945dc,cpu,mov,False,268435465,0,,,,,,,,
16784178,"0x1001ace,rip,=",False,16784016,16784345,2,jmp 0x1001ace,jmp 0x1001ace,eb9a,cpu,jmp,False,1,0,,,,16784078.0,,,"[{'addr': 16784078, 'type': 'CODE'}]",
16784180,"0x28,rbp,-,[4],rax,=",True,16784016,16784344,3,"mov eax, dword [rbp - 0x28]","mov eax, dword [var_30h]",8b45d8,cpu,mov,False,9,0,['case.0x1001aca.3'],"[{'addr': 16784074, 'type': 'CODE'}]",,,,,,
16784183,"0,edx,=,31,eax,>>,?{,0xffffffff,edx,=,}",False,16784016,16784346,1,cdq,cdq,99,cpu,null,False,0,0,,,,,,,,
16784184,"32,0x18,rbp,-,[4],~,32,edx,<<,eax,+,~%,32,0x18,rbp,-,[4],~,32,edx,<<,eax,+,~/,eax,=,edx,=",False,16784016,16784344,3,idiv dword [rbp - 0x18],idiv dword [var_20h],f77de8,cpu,div,False,21,0,,,,,,,,
16784187,"4,rax,=",False,16784016,16784342,5,"mov eax, 4","mov eax, 4",b804000000,cpu,mov,False,9,0,,,4.0,,,,,
16784192,"5,rcx,=",False,16784016,16784342,5,"mov ecx, 5","mov ecx, 5",b905000000,cpu,mov,False,9,0,,,5.0,,,,,
16784197,"0,edx,==,$z,zf,:=,32,$b,cf,:=,$p,pf,:=,31,$s,sf,:=,0,0x80000000,-,!,31,$o,^,of,:=,3,$b,af,:=",False,16784016,16784344,3,"cmp edx, 0","cmp edx, 0",83fa00,cpu,cmp,False,15,0,,,0.0,,,0.0,,
16784200,"zf,?{,ecx,eax,=,}",False,16784016,16784344,3,"cmove eax, ecx","cmove eax, ecx",0f44c1,cpu,cmov,False,2147483657,0,,,,,,,,
16784203,"eax,0x24,rbp,-,=[4]",True,16784016,16784344,3,"mov dword [rbp - 0x24], eax","mov dword [var_2ch], eax",8945dc,cpu,mov,False,268435465,0,,,,,,,,
16784206,"0x1001ace,rip,=",False,16784016,16784342,5,jmp 0x1001ace,jmp 0x1001ace,e97bffffff,cpu,jmp,False,1,0,,,,16784078.0,,,"[{'addr': 16784078, 'type': 'CODE'}]",
16784211,"0x18,rbp,-,[4],rax,=",True,16784016,16784344,3,"mov eax, dword [rbp - 0x18]","mov eax, dword [var_20h]",8b45e8,cpu,mov,False,9,0,['case.0x1001aca.4'],"[{'addr': 16784074, 'type': 'CODE'}]",,,,,,
16784214,"0,1,!,!,?{,1,1,-,eax,<<,0x80000000,&,!,!,^,},1,eax,<<=,$z,zf,:=,$p,pf,:=,31,$s,sf,:=,cf,=",False,16784016,16784345,2,"shl eax, 1","shl eax, 1",d1e0,cpu,shl,False,23,0,,,,,,,,
16784216,"6,0x24,rbp,-,=[4]",True,16784016,16784340,7,"mov dword [rbp - 0x24], 6","mov dword [var_2ch], 6",c745dc06000000,cpu,mov,False,268435465,0,,,6.0,,,,,
16784223,"eax,0x8,rbp,-,=[4]",True,16784016,16784344,3,"mov dword [rbp - 8], eax","mov dword [var_10h], eax",8945f8,cpu,mov,False,268435465,0,,,,,,,,
16784226,"0x1001ace,rip,=",False,16784016,16784342,5,jmp 0x1001ace,jmp 0x1001ace,e967ffffff,cpu,jmp,False,1,0,,,,16784078.0,,,"[{'addr': 16784078, 'type': 'CODE'}]",
16784231,"0x28,rbp,-,[4],rcx,=",True,16784016,16784344,3,"mov ecx, dword [rbp - 0x28]","mov ecx, dword [var_30h]",8b4dd8,cpu,mov,False,9,0,['case.0x1001aca.5'],"[{'addr': 16784074, 'type': 'CODE'}]",,,,,,
16784234,"0x18,rbp,-,[4],rax,=",True,16784016,16784344,3,"mov eax, dword [rbp - 0x18]","mov eax, dword [var_20h]",8b45e8,cpu,mov,False,9,0,,,,,,,,
16784237,"3,rsi,=",False,16784016,16784342,5,"mov esi, 3","mov esi, 3",be03000000,cpu,mov,False,9,0,,,3.0,,,,,
16784242,"edx,rdx,^,0xffffffff,&,rdx,=,$z,zf,:=,$p,pf,:=,31,$s,sf,:=,0,cf,:=,0,of,:=",False,16784016,16784345,2,"xor edx, edx","xor edx, edx",31d2,cpu,xor,False,28,0,,,,,,,,
16784244,"esi,32,edx,<<,eax,+,%,esi,32,edx,<<,eax,+,/,eax,=,edx,=",False,16784016,16784345,2,div esi,div esi,f7f6,cpu,div,False,21,0,,,,,,,,
16784246,"eax,rax,^,0xffffffff,&,rax,=,$z,zf,:=,$p,pf,:=,31,$s,sf,:=,0,cf,:=,0,of,:=",False,16784016,16784345,2,"xor eax, eax","xor eax, eax",31c0,cpu,xor,False,28,0,,,,,,,,
16784248,"0,edx,==,$z,zf,:=,32,$b,cf,:=,$p,pf,:=,31,$s,sf,:=,0,0x80000000,-,!,31,$o,^,of,:=,3,$b,af,:=",False,16784016,16784344,3,"cmp edx, 0","cmp edx, 0",83fa00,cpu,cmp,False,15,0,,,0.0,,,0.0,,
16784251,"zf,?{,ecx,eax,=,}",False,16784016,16784344,3,"cmove eax, ecx","cmove eax, ecx",0f44c1,cpu,cmov,False,2147483657,0,,,,,,,,
16784254,"0x18,rbp,-,[4],eax,+=,31,$o,of,:=,31,$s,sf,:=,$z,zf,:=,31,$c,cf,:=,$p,pf,:=,3,$c,af,:=",True,16784016,16784344,3,"add eax, dword [rbp - 0x18]","add eax, dword [var_20h]",0345e8,cpu,add,False,17,0,,,,,,,,
16784257,"6,0x24,rbp,-,=[4]",True,16784016,16784340,7,"mov dword [rbp - 0x24], 6","mov dword [var_2ch], 6",c745dc06000000,cpu,mov,False,268435465,0,,,6.0,,,,,
16784264,"eax,0x8,rbp,-,=[4]",True,16784016,16784344,3,"mov dword [rbp - 8], eax","mov dword [var_10h], eax",8945f8,cpu,mov,False,268435465,0,,,,,,,,
16784267,"0x1001ace,rip,=",False,16784016,16784342,5,jmp 0x1001ace,jmp 0x1001ace,e93effffff,cpu,jmp,False,1,0,,,,16784078.0,,,"[{'addr': 16784078, 'type': 'CODE'}]",
16784272,"0x8,rbp,-,[4],rax,=",True,16784016,16784344,3,"mov eax, dword [rbp - 8]","mov eax, dword [var_10h]",8b45f8,cpu,mov,False,9,0,['case.0x1001aca.6'],"[{'addr': 16784074, 'type': 'CODE'}]",,,,,,
16784275,"0x14,rbp,-,[4],rcx,=",True,16784016,16784344,3,"mov ecx, dword [rbp - 0x14]","mov ecx, dword [var_1ch]",8b4dec,cpu,mov,False,9,0,,,,,,,,
16784278,"ecx,eax,+=,31,$o,of,:=,31,$s,sf,:=,$z,zf,:=,31,$c,cf,:=,$p,pf,:=,3,$c,af,:=",False,16784016,16784345,2,"add eax, ecx","add eax, ecx",01c8,cpu,add,False,17,0,,,,,,,,
16784280,"eax,rcx,=",False,16784016,16784345,2,"mov ecx, eax","mov ecx, eax",89c1,cpu,mov,False,9,0,,,,,,,,
16784282,"101,ecx,-=,101,0x80000000,-,!,31,$o,^,of,:=,31,$s,sf,:=,$z,zf,:=,$p,pf,:=,32,$b,cf,:=,3,$b,af,:=",False,16784016,16784344,3,"sub ecx, 0x65","sub ecx, 0x65",83e965,cpu,sub,False,18,0,,,101.0,,,101.0,,
16784285,"sf,of,^,!,dil,=",False,16784016,16784343,4,setge dil,setge dil,400f9dc7,cpu,cmov,False,2147483657,0,,,,,,,,
16784289,"0x18,rbp,-,[4],rdx,=",True,16784016,16784344,3,"mov edx, dword [rbp - 0x18]","mov edx, dword [var_20h]",8b55e8,cpu,mov,False,9,0,,,,,,,,
16784292,"edx,rcx,=",False,16784016,16784345,2,"mov ecx, edx","mov ecx, edx",89d1,cpu,mov,False,9,0,,,,,,,,
16784294,"1,ecx,+=,31,$o,of,:=,31,$s,sf,:=,$z,zf,:=,31,$c,cf,:=,$p,pf,:=,3,$c,af,:=",False,16784016,16784344,3,"add ecx, 1","add ecx, 1",83c101,cpu,add,False,17,0,,,1.0,,,,,
16784297,"0x1c,rbp,-,[4],rsi,=",True,16784016,16784344,3,"mov esi, dword [rbp - 0x1c]","mov esi, dword [var_24h]",8b75e4,cpu,mov,False,9,0,,,,,,,,
16784300,"esi,edx,-=,esi,0x80000000,-,!,31,$o,^,of,:=,31,$s,sf,:=,$z,zf,:=,$p,pf,:=,32,$b,cf,:=,3,$b,af,:=",False,16784016,16784345,2,"sub edx, esi","sub edx, esi",29f2,cpu,sub,False,18,0,,,,,,,,
16784302,"zf,dl,=",False,16784016,16784344,3,sete dl,sete dl,0f94c2,cpu,cmov,False,2147483657,0,,,,,,,,
16784305,"dl,dil,|=,7,$s,sf,:=,$z,zf,:=,$p,pf,:=,0,of,:=,0,cf,:=",False,16784016,16784344,3,"or dil, dl","or dil, dl",4008d7,cpu,or,False,26,0,,,,,,,,
16784308,"2,rdx,=",False,16784016,16784342,5,"mov edx, 2","mov edx, 2",ba02000000,cpu,mov,False,9,0,,,2.0,,,,,
16784313,"7,rsi,=",False,16784016,16784342,5,"mov esi, 7","mov esi, 7",be07000000,cpu,mov,False,9,0,,,7.0,,,,,
16784318,"0,1,dil,&,==,$z,zf,:=,$p,pf,:=,7,$s,sf,:=,0,cf,:=,0,of,:=",False,16784016,16784343,4,"test dil, 1","test dil, 1",40f6c701,cpu,acmp,False,16,0,,,1.0,,,1.0,,
16784322,"zf,!,?{,esi,edx,=,}",False,16784016,16784344,3,"cmovne edx, esi","cmovne edx, esi",0f45d6,cpu,cmov,False,2147483657,0,,,,,,,,
16784325,"edx,0x24,rbp,-,=[4]",True,16784016,16784344,3,"mov dword [rbp - 0x24], edx","mov dword [var_2ch], edx",8955dc,cpu,mov,False,268435465,0,,,,,,,,
16784328,"ecx,0x10,rbp,-,=[4]",True,16784016,16784344,3,"mov dword [rbp - 0x10], ecx","mov dword [var_18h], ecx",894df0,cpu,mov,False,268435465,0,,,,,,,,
16784331,"eax,0xc,rbp,-,=[4]",True,16784016,16784344,3,"mov dword [rbp - 0xc], eax","mov dword [var_14h], eax",8945f4,cpu,mov,False,268435465,0,,,,,,,,
16784334,"eax,0x4,rbp,-,=[4]",True,16784016,16784344,3,"mov dword [rbp - 4], eax","mov dword [var_ch], eax",8945fc,cpu,mov,False,268435465,0,,,,,,,,
16784337,"0x1001ace,rip,=",False,16784016,16784342,5,jmp 0x1001ace,jmp 0x1001ace,e9f8feffff,cpu,jmp,False,1,0,,,,16784078.0,,,"[{'addr': 16784078, 'type': 'CODE'}]",
16784342,"0x4,rbp,-,[4],rax,=",True,16784016,16784344,3,"mov eax, dword [rbp - 4]","mov eax, dword [var_ch]",8b45fc,cpu,mov,False,9,0,['case.0x1001aca.7'],"[{'addr': 16784074, 'type': 'CODE'}]",,,,,,
16784345,"rsp,[8],8,rsp,+=,rbp,=",False,16784016,16784346,1,pop rbp,pop rbp,5d,cpu,pop,False,14,0,,,,,,,,
16784346,"rsp,[8],rip,=,8,rsp,+=",False,16784016,16784346,1,ret,ret,c3,cpu,ret,False,5,0,,,,,,,,
