offset,esil,refptr,fcn_addr,fcn_last,size,opcode,disasm,bytes,family,type,reloc,type_num,type2_num,flags,xrefs_to,val,jump,fail,ptr,xrefs_from,comment
16783152,"rbp,8,rsp,-,=[8],8,rsp,-=",False,16783152,16783325,1,push rbp,push rbp,55,cpu,rpush,False,268435468,0,"['main', 'sym.main']","[{'addr': 16783133, 'type': 'DATA'}]",,,,,,
16783153,"rsp,rbp,=",False,16783152,16783323,3,"mov rbp, rsp","mov rbp, rsp",4889e5,cpu,mov,False,9,0,,,,,,,,
16783156,"32,rsp,-=,32,0x8000000000000000,-,!,63,$o,^,of,:=,63,$s,sf,:=,$z,zf,:=,$p,pf,:=,64,$b,cf,:=,3,$b,af,:=",False,16783152,16783322,4,"sub rsp, 0x20","sub rsp, 0x20",4883ec20,cpu,sub,False,18,0,,,32.0,,,,,
16783160,"edi,0x14,rbp,-,=[4]",True,16783152,16783323,3,"mov dword [rbp - 0x14], edi","mov dword [var_1ch], edi",897dec,cpu,mov,False,268435465,0,,,,,,,,
16783163,"rsi,0x10,rbp,-,=[8]",True,16783152,16783322,4,"mov qword [rbp - 0x10], rsi","mov qword [endptr], rsi",488975f0,cpu,mov,False,268435465,0,,,,,,,,
16783167,"0,0x8,rbp,-,=[4]",True,16783152,16783319,7,"mov dword [rbp - 8], 0","mov dword [var_10h], 0",c745f800000000,cpu,mov,False,268435465,0,,,0.0,,,,,
16783174,"0x8,rbp,-,[4],rax,=",True,16783152,16783323,3,"mov eax, dword [rbp - 8]","mov eax, dword [var_10h]",8b45f8,cpu,mov,False,9,0,,"[{'addr': 16783209, 'type': 'CODE'}]",,,,,,
16783177,"rax,0x20,rbp,-,=[8]",True,16783152,16783322,4,"mov qword [rbp - 0x20], rax","mov qword [var_28h], rax",488945e0,cpu,mov,False,268435465,0,,,,,,,,
16783181,"3,rax,-=,3,0x8000000000000000,-,!,63,$o,^,of,:=,63,$s,sf,:=,$z,zf,:=,$p,pf,:=,64,$b,cf,:=,3,$b,af,:=",False,16783152,16783322,4,"sub rax, 3","sub rax, 3",4883e803,cpu,sub,False,18,0,,,3.0,,,,,
16783185,"cf,zf,|,!,?{,16783207,rip,=,}",False,16783152,16783324,2,ja 0x1001767,ja 0x1001767,7714,cpu,cjmp,False,2147483649,0,,,,16783207.0,16783187.0,,,
16783187,"0x20,rbp,-,[8],rax,=",True,16783152,16783322,4,"mov rax, qword [rbp - 0x20]","mov rax, qword [var_28h]",488b45e0,cpu,mov,False,9,0,,,,,,,,
16783191,"0x12e2,rip,-,rcx,=",True,16783152,16783319,7,"lea rcx, [rip - 0x12e2]","lea rcx, data.0100047c",488d0d1eedffff,cpu,lea,False,33,0,,,,,,16778364.0,"[{'addr': 16778364, 'type': 'DATA'}]",
16783198,"32,rax,4,*,rcx,+,[4],~,rax,=",True,16783152,16783322,4,"movsxd rax, dword [rcx + rax*4]","movsxd rax, dword [rcx + rax*4]",48630481,cpu,mov,False,9,0,,,,,,,,
16783202,"rcx,rax,+=,63,$o,of,:=,63,$s,sf,:=,$z,zf,:=,63,$c,cf,:=,$p,pf,:=,3,$c,af,:=",False,16783152,16783323,3,"add rax, rcx","add rax, rcx",4801c8,cpu,add,False,17,0,,,,,,,,
16783205,"rax,rip,=",False,16783152,16783324,2,jmp rax,jmp rax,ffe0,cpu,rjmp,False,268435458,0,['switch.0x01001765'],,,,,,"[{'addr': 16783211, 'type': 'CODE'}, {'addr': 16783235, 'type': 'CODE'}, {'addr': 16783272, 'type': 'CODE'}, {'addr': 16783317, 'type': 'CODE'}]",c3dpdGNoIHRhYmxlICg0IGNhc2VzKSBhdCAweDEwMDA0N2M=
16783207,"0x1001769,rip,=",False,16783152,16783324,2,jmp 0x1001769,jmp 0x1001769,eb00,cpu,jmp,False,1,0,,,,16783209.0,,,"[{'addr': 16783209, 'type': 'CODE'}]",
16783209,"0x1001746,rip,=",False,16783152,16783324,2,jmp 0x1001746,jmp 0x1001746,ebdb,cpu,jmp,False,1,0,,"[{'addr': 16783207, 'type': 'CODE'}, {'addr': 16783233, 'type': 'CODE'}, {'addr': 16783270, 'type': 'CODE'}, {'addr': 16783315, 'type': 'CODE'}]",,16783174.0,,,"[{'addr': 16783174, 'type': 'CODE'}]",
16783211,"0x14,rbp,-,[4],rdx,=",True,16783152,16783323,3,"mov edx, dword [rbp - 0x14]","mov edx, dword [var_1ch]",8b55ec,cpu,mov,False,9,0,['case.0x1001765.0'],"[{'addr': 16783205, 'type': 'CODE'}]",,,,,,
16783214,"1,rax,=",False,16783152,16783321,5,"mov eax, 1","mov eax, 1",b801000000,cpu,mov,False,9,0,,,1.0,,,,,
16783219,"2,rcx,=",False,16783152,16783321,5,"mov ecx, 2","mov ecx, 2",b902000000,cpu,mov,False,9,0,,,2.0,,,,,
16783224,"2,edx,==,$z,zf,:=,32,$b,cf,:=,$p,pf,:=,31,$s,sf,:=,2,0x80000000,-,!,31,$o,^,of,:=,3,$b,af,:=",False,16783152,16783323,3,"cmp edx, 2","cmp edx, 2",83fa02,cpu,cmp,False,15,0,,,2.0,,,2.0,,
16783227,"zf,?{,ecx,eax,=,}",False,16783152,16783323,3,"cmove eax, ecx","cmove eax, ecx",0f44c1,cpu,cmov,False,2147483657,0,,,,,,,,
16783230,"eax,0x8,rbp,-,=[4]",True,16783152,16783323,3,"mov dword [rbp - 8], eax","mov dword [var_10h], eax",8945f8,cpu,mov,False,268435465,0,,,,,,,,
16783233,"0x1001769,rip,=",False,16783152,16783324,2,jmp 0x1001769,jmp 0x1001769,ebe6,cpu,jmp,False,1,0,,,,16783209.0,,,"[{'addr': 16783209, 'type': 'CODE'}]",
16783235,"0x10,rbp,-,[8],rax,=",True,16783152,16783322,4,"mov rax, qword [rbp - 0x10]","mov rax, qword [endptr]",488b45f0,cpu,mov,False,9,0,['case.0x1001765.1'],"[{'addr': 16783205, 'type': 'CODE'}]",,,,,,
16783239,"rax,[8],rsi,=",True,16783152,16783323,3,"mov rsi, qword [rax]","mov rsi, qword [rax]",488b30,cpu,mov,False,9,0,,,,,,,,
16783242,"0x1279,rip,-,rdi,=",True,16783152,16783319,7,"lea rdi, [rip - 0x1279]","lea rdi, str.Usage:__s__integer",488d3d87edffff,cpu,lea,False,33,0,,,,,,16778520.0,"[{'addr': 16778520, 'type': 'DATA'}]",
16783249,"0,al,=",False,16783152,16783324,2,"mov al, 0","mov al, 0",b000,cpu,mov,False,9,0,,,0.0,,,,,
16783251,"16785504,rip,8,rsp,-=,rsp,=[],rip,=",False,16783152,16783321,5,call 0x1002060,call sym.imp.printf,e8c8080000,cpu,call,False,3,0,,,,16785504.0,16783256.0,,"[{'addr': 16785504, 'type': 'CALL'}]",
16783256,"3,0x8,rbp,-,=[4]",True,16783152,16783319,7,"mov dword [rbp - 8], 3","mov dword [var_10h], 3",c745f803000000,cpu,mov,False,268435465,0,,,3.0,,,,,
16783263,"1,0x4,rbp,-,=[4]",True,16783152,16783319,7,"mov dword [rbp - 4], 1","mov dword [var_ch], 1",c745fc01000000,cpu,mov,False,268435465,0,,,1.0,,,,,
16783270,"0x1001769,rip,=",False,16783152,16783324,2,jmp 0x1001769,jmp 0x1001769,ebc1,cpu,jmp,False,1,0,,,,16783209.0,,,"[{'addr': 16783209, 'type': 'CODE'}]",
16783272,"0x10,rbp,-,[8],rax,=",True,16783152,16783322,4,"mov rax, qword [rbp - 0x10]","mov rax, qword [endptr]",488b45f0,cpu,mov,False,9,0,['case.0x1001765.2'],"[{'addr': 16783205, 'type': 'CODE'}]",,,,,,
16783276,"0x8,rax,+,[8],rdi,=",True,16783152,16783322,4,"mov rdi, qword [rax + 8]","mov rdi, qword [rax + 8]",488b7808,cpu,mov,False,9,0,,,,,,,,
16783280,"eax,rax,^,0xffffffff,&,rax,=,$z,zf,:=,$p,pf,:=,31,$s,sf,:=,0,cf,:=,0,of,:=",False,16783152,16783324,2,"xor eax, eax","xor eax, eax",31c0,cpu,xor,False,28,0,,,,,,,,
16783282,"eax,rsi,=",False,16783152,16783324,2,"mov esi, eax","mov esi, eax",89c6,cpu,mov,False,9,0,,,,,,,,
16783284,"10,rdx,=",False,16783152,16783321,5,"mov edx, 0xa","mov edx, 0xa",ba0a000000,cpu,mov,False,9,0,,,10.0,,,,,
16783289,"16785520,rip,8,rsp,-=,rsp,=[],rip,=",False,16783152,16783321,5,call 0x1002070,call sym.imp.strtol,e8b2080000,cpu,call,False,3,0,,,,16785520.0,16783294.0,,"[{'addr': 16785520, 'type': 'CALL'}]",
16783294,"eax,rdi,=",False,16783152,16783324,2,"mov edi, eax","mov edi, eax",89c7,cpu,mov,False,9,0,,,,,,,,
16783296,"16783328,rip,8,rsp,-=,rsp,=[],rip,=",False,16783152,16783321,5,call 0x10017e0,call sym.run_logic_reactor,e81b000000,cpu,call,False,3,0,,,,16783328.0,16783301.0,,"[{'addr': 16783328, 'type': 'CALL'}]",
16783301,"3,0x8,rbp,-,=[4]",True,16783152,16783319,7,"mov dword [rbp - 8], 3","mov dword [var_10h], 3",c745f803000000,cpu,mov,False,268435465,0,,,3.0,,,,,
16783308,"0,0x4,rbp,-,=[4]",True,16783152,16783319,7,"mov dword [rbp - 4], 0","mov dword [var_ch], 0",c745fc00000000,cpu,mov,False,268435465,0,,,0.0,,,,,
16783315,"0x1001769,rip,=",False,16783152,16783324,2,jmp 0x1001769,jmp 0x1001769,eb94,cpu,jmp,False,1,0,,,,16783209.0,,,"[{'addr': 16783209, 'type': 'CODE'}]",
16783317,"0x4,rbp,-,[4],rax,=",True,16783152,16783323,3,"mov eax, dword [rbp - 4]","mov eax, dword [var_ch]",8b45fc,cpu,mov,False,9,0,['case.0x1001765.3'],"[{'addr': 16783205, 'type': 'CODE'}]",,,,,,
16783320,"32,rsp,+=,63,$o,of,:=,63,$s,sf,:=,$z,zf,:=,63,$c,cf,:=,$p,pf,:=,3,$c,af,:=",False,16783152,16783322,4,"add rsp, 0x20","add rsp, 0x20",4883c420,cpu,add,False,17,0,,,32.0,,,,,
16783324,"rsp,[8],8,rsp,+=,rbp,=",False,16783152,16783325,1,pop rbp,pop rbp,5d,cpu,pop,False,14,0,,,,,,,,
16783325,"rsp,[8],rip,=,8,rsp,+=",False,16783152,16783325,1,ret,ret,c3,cpu,ret,False,5,0,,,,,,,,
