offset,esil,refptr,fcn_addr,fcn_last,size,opcode,disasm,bytes,family,type,reloc,type_num,type2_num,flags,xrefs_to,val,jump,fail,ptr,xrefs_from,comment
16783328,"rbp,8,rsp,-,=[8],8,rsp,-=",False,16783328,16783656,1,push rbp,push rbp,55,cpu,rpush,False,268435468,0,['sym.run_logic_reactor'],"[{'addr': 16783296, 'type': 'CALL'}]",,,,,,
16783329,"rsp,rbp,=",False,16783328,16783654,3,"mov rbp, rsp","mov rbp, rsp",4889e5,cpu,mov,False,9,0,,,,,,,,
16783332,"32,rsp,-=,32,0x8000000000000000,-,!,63,$o,^,of,:=,63,$s,sf,:=,$z,zf,:=,$p,pf,:=,64,$b,cf,:=,3,$b,af,:=",False,16783328,16783653,4,"sub rsp, 0x20","sub rsp, 0x20",4883ec20,cpu,sub,False,18,0,,,32.0,,,,,
16783336,"edi,0x10,rbp,-,=[4]",True,16783328,16783654,3,"mov dword [rbp - 0x10], edi","mov dword [var_18h], edi",897df0,cpu,mov,False,268435465,0,,,,,,,,
16783339,"0,0xc,rbp,-,=[4]",True,16783328,16783650,7,"mov dword [rbp - 0xc], 0","mov dword [var_14h], 0",c745f400000000,cpu,mov,False,268435465,0,,,0.0,,,,,
16783346,"0xc,rbp,-,[4],rax,=",True,16783328,16783654,3,"mov eax, dword [rbp - 0xc]","mov eax, dword [var_14h]",8b45f4,cpu,mov,False,9,0,,"[{'addr': 16783381, 'type': 'CODE'}]",,,,,,
16783349,"rax,0x18,rbp,-,=[8]",True,16783328,16783653,4,"mov qword [rbp - 0x18], rax","mov qword [var_20h], rax",488945e8,cpu,mov,False,268435465,0,,,,,,,,
16783353,"10,rax,-=,10,0x8000000000000000,-,!,63,$o,^,of,:=,63,$s,sf,:=,$z,zf,:=,$p,pf,:=,64,$b,cf,:=,3,$b,af,:=",False,16783328,16783653,4,"sub rax, 0xa","sub rax, 0xa",4883e80a,cpu,sub,False,18,0,,,10.0,,,,,
16783357,"cf,zf,|,!,?{,16783379,rip,=,}",False,16783328,16783655,2,ja 0x1001813,ja 0x1001813,7714,cpu,cjmp,False,2147483649,0,,,,16783379.0,16783359.0,,,
16783359,"0x18,rbp,-,[8],rax,=",True,16783328,16783653,4,"mov rax, qword [rbp - 0x18]","mov rax, qword [var_20h]",488b45e8,cpu,mov,False,9,0,,,,,,,,
16783363,"0x137e,rip,-,rcx,=",True,16783328,16783650,7,"lea rcx, [rip - 0x137e]","lea rcx, data.0100048c",488d0d82ecffff,cpu,lea,False,33,0,,,,,,16778380.0,"[{'addr': 16778380, 'type': 'DATA'}]",
16783370,"32,rax,4,*,rcx,+,[4],~,rax,=",True,16783328,16783653,4,"movsxd rax, dword [rcx + rax*4]","movsxd rax, dword [rcx + rax*4]",48630481,cpu,mov,False,9,0,,,,,,,,
16783374,"rcx,rax,+=,63,$o,of,:=,63,$s,sf,:=,$z,zf,:=,63,$c,cf,:=,$p,pf,:=,3,$c,af,:=",False,16783328,16783654,3,"add rax, rcx","add rax, rcx",4801c8,cpu,add,False,17,0,,,,,,,,
16783377,"rax,rip,=",False,16783328,16783655,2,jmp rax,jmp rax,ffe0,cpu,rjmp,False,268435458,0,['switch.0x01001811'],,,,,,"[{'addr': 16783383, 'type': 'CODE'}, {'addr': 16783407, 'type': 'CODE'}, {'addr': 16783428, 'type': 'CODE'}, {'addr': 16783455, 'type': 'CODE'}, {'addr': 16783480, 'type': 'CODE'}, {'addr': 16783500, 'type': 'CODE'}, {'addr': 16783539, 'type': 'CODE'}, {'addr': 16783568, 'type': 'CODE'}, {'addr': 16783593, 'type': 'CODE'}, {'addr': 16783622, 'type': 'CODE'}, {'addr': 16783651, 'type': 'CODE'}]",c3dpdGNoIHRhYmxlICgxMSBjYXNlcykgYXQgMHgxMDAwNDhj
16783379,"0x1001815,rip,=",False,16783328,16783655,2,jmp 0x1001815,jmp 0x1001815,eb00,cpu,jmp,False,1,0,,,,16783381.0,,,"[{'addr': 16783381, 'type': 'CODE'}]",
16783381,"0x10017f2,rip,=",False,16783328,16783655,2,jmp 0x10017f2,jmp 0x10017f2,ebdb,cpu,jmp,False,1,0,,"[{'addr': 16783379, 'type': 'CODE'}, {'addr': 16783405, 'type': 'CODE'}, {'addr': 16783426, 'type': 'CODE'}, {'addr': 16783453, 'type': 'CODE'}, {'addr': 16783478, 'type': 'CODE'}, {'addr': 16783498, 'type': 'CODE'}, {'addr': 16783534, 'type': 'CODE'}, {'addr': 16783563, 'type': 'CODE'}, {'addr': 16783588, 'type': 'CODE'}, {'addr': 16783617, 'type': 'CODE'}, {'addr': 16783646, 'type': 'CODE'}]",,16783346.0,,,"[{'addr': 16783346, 'type': 'CODE'}]",
16783383,"0x10,rbp,-,[4],rdx,=",True,16783328,16783654,3,"mov edx, dword [rbp - 0x10]","mov edx, dword [var_18h]",8b55f0,cpu,mov,False,9,0,['case.0x1001811.0'],"[{'addr': 16783377, 'type': 'CODE'}]",,,,,,
16783386,"2,rax,=",False,16783328,16783652,5,"mov eax, 2","mov eax, 2",b802000000,cpu,mov,False,9,0,,,2.0,,,,,
16783391,"1,rcx,=",False,16783328,16783652,5,"mov ecx, 1","mov ecx, 1",b901000000,cpu,mov,False,9,0,,,1.0,,,,,
16783396,"1,edx,==,$z,zf,:=,32,$b,cf,:=,$p,pf,:=,31,$s,sf,:=,1,0x80000000,-,!,31,$o,^,of,:=,3,$b,af,:=",False,16783328,16783654,3,"cmp edx, 1","cmp edx, 1",83fa01,cpu,cmp,False,15,0,,,1.0,,,1.0,,
16783399,"sf,of,^,?{,ecx,eax,=,}",False,16783328,16783654,3,"cmovl eax, ecx","cmovl eax, ecx",0f4cc1,cpu,cmov,False,2147483657,0,,,,,,,,
16783402,"eax,0xc,rbp,-,=[4]",True,16783328,16783654,3,"mov dword [rbp - 0xc], eax","mov dword [var_14h], eax",8945f4,cpu,mov,False,268435465,0,,,,,,,,
16783405,"0x1001815,rip,=",False,16783328,16783655,2,jmp 0x1001815,jmp 0x1001815,ebe6,cpu,jmp,False,1,0,,,,16783381.0,,,"[{'addr': 16783381, 'type': 'CODE'}]",
16783407,"0x12ae,rip,-,rdi,=",True,16783328,16783650,7,"lea rdi, [rip - 0x12ae]","lea rdi, str.Input_must_be_a_positive_integer.",488d3d52edffff,cpu,lea,False,33,0,['case.0x1001811.1'],"[{'addr': 16783377, 'type': 'CODE'}]",,,,16778632.0,"[{'addr': 16778632, 'type': 'DATA'}]",
16783414,"16785536,rip,8,rsp,-=,rsp,=[],rip,=",False,16783328,16783652,5,call 0x1002080,call sym.imp.puts,e845080000,cpu,call,False,3,0,,,,16785536.0,16783419.0,,"[{'addr': 16785536, 'type': 'CALL'}]",
16783419,"10,0xc,rbp,-,=[4]",True,16783328,16783650,7,"mov dword [rbp - 0xc], 0xa","mov dword [var_14h], 0xa",c745f40a000000,cpu,mov,False,268435465,0,,,10.0,,,,,
16783426,"0x1001815,rip,=",False,16783328,16783655,2,jmp 0x1001815,jmp 0x1001815,ebd1,cpu,jmp,False,1,0,,,,16783381.0,,,"[{'addr': 16783381, 'type': 'CODE'}]",
16783428,"0x10,rbp,-,[4],rdx,=",True,16783328,16783654,3,"mov edx, dword [rbp - 0x10]","mov edx, dword [var_18h]",8b55f0,cpu,mov,False,9,0,['case.0x1001811.2'],"[{'addr': 16783377, 'type': 'CODE'}]",,,,,,
16783431,"1,rdx,&,0xffffffff,&,rdx,=,$z,zf,:=,$p,pf,:=,31,$s,sf,:=,0,cf,:=,0,of,:=",False,16783328,16783654,3,"and edx, 1","and edx, 1",83e201,cpu,and,False,27,0,,,1.0,,,,,
16783434,"4,rax,=",False,16783328,16783652,5,"mov eax, 4","mov eax, 4",b804000000,cpu,mov,False,9,0,,,4.0,,,,,
16783439,"3,rcx,=",False,16783328,16783652,5,"mov ecx, 3","mov ecx, 3",b903000000,cpu,mov,False,9,0,,,3.0,,,,,
16783444,"0,edx,==,$z,zf,:=,32,$b,cf,:=,$p,pf,:=,31,$s,sf,:=,0,0x80000000,-,!,31,$o,^,of,:=,3,$b,af,:=",False,16783328,16783654,3,"cmp edx, 0","cmp edx, 0",83fa00,cpu,cmp,False,15,0,,,0.0,,,0.0,,
16783447,"zf,?{,ecx,eax,=,}",False,16783328,16783654,3,"cmove eax, ecx","cmove eax, ecx",0f44c1,cpu,cmov,False,2147483657,0,,,,,,,,
16783450,"eax,0xc,rbp,-,=[4]",True,16783328,16783654,3,"mov dword [rbp - 0xc], eax","mov dword [var_14h], eax",8945f4,cpu,mov,False,268435465,0,,,,,,,,
16783453,"0x1001815,rip,=",False,16783328,16783655,2,jmp 0x1001815,jmp 0x1001815,ebb6,cpu,jmp,False,1,0,,,,16783381.0,,,"[{'addr': 16783381, 'type': 'CODE'}]",
16783455,"0x10,rbp,-,[4],rdi,=",True,16783328,16783654,3,"mov edi, dword [rbp - 0x10]","mov edi, dword [var_18h]",8b7df0,cpu,mov,False,9,0,['case.0x1001811.3'],"[{'addr': 16783377, 'type': 'CODE'}]",,,,,,
16783458,"3,rsi,=",False,16783328,16783652,5,"mov esi, 3","mov esi, 3",be03000000,cpu,mov,False,9,0,,,3.0,,,,,
16783463,"16783664,rip,8,rsp,-=,rsp,=[],rip,=",False,16783328,16783652,5,call 0x1001930,call sym.recursive_modulation,e8c4000000,cpu,call,False,3,0,,,,16783664.0,16783468.0,,"[{'addr': 16783664, 'type': 'CALL'}]",
16783468,"5,0xc,rbp,-,=[4]",True,16783328,16783650,7,"mov dword [rbp - 0xc], 5","mov dword [var_14h], 5",c745f405000000,cpu,mov,False,268435465,0,,,5.0,,,,,
16783475,"eax,0x4,rbp,-,=[4]",True,16783328,16783654,3,"mov dword [rbp - 4], eax","mov dword [var_ch], eax",8945fc,cpu,mov,False,268435465,0,,,,,,,,
16783478,"0x1001815,rip,=",False,16783328,16783655,2,jmp 0x1001815,jmp 0x1001815,eb9d,cpu,jmp,False,1,0,,,,16783381.0,,,"[{'addr': 16783381, 'type': 'CODE'}]",
16783480,"0x10,rbp,-,[4],rdi,=",True,16783328,16783654,3,"mov edi, dword [rbp - 0x10]","mov edi, dword [var_18h]",8b7df0,cpu,mov,False,9,0,['case.0x1001811.4'],"[{'addr': 16783377, 'type': 'CODE'}]",,,,,,
16783483,"16784016,rip,8,rsp,-=,rsp,=[],rip,=",False,16783328,16783652,5,call 0x1001a90,call sym.evaluate_conditions,e810020000,cpu,call,False,3,0,,,,16784016.0,16783488.0,,"[{'addr': 16784016, 'type': 'CALL'}]",
16783488,"5,0xc,rbp,-,=[4]",True,16783328,16783650,7,"mov dword [rbp - 0xc], 5","mov dword [var_14h], 5",c745f405000000,cpu,mov,False,268435465,0,,,5.0,,,,,
16783495,"eax,0x4,rbp,-,=[4]",True,16783328,16783654,3,"mov dword [rbp - 4], eax","mov dword [var_ch], eax",8945fc,cpu,mov,False,268435465,0,,,,,,,,
16783498,"0x1001815,rip,=",False,16783328,16783655,2,jmp 0x1001815,jmp 0x1001815,eb89,cpu,jmp,False,1,0,,,,16783381.0,,,"[{'addr': 16783381, 'type': 'CODE'}]",
16783500,"0x4,rbp,-,[4],rax,=",True,16783328,16783654,3,"mov eax, dword [rbp - 4]","mov eax, dword [var_ch]",8b45fc,cpu,mov,False,9,0,['case.0x1001811.5'],"[{'addr': 16783377, 'type': 'CODE'}]",,,,,,
16783503,"eax,0x8,rbp,-,=[4]",True,16783328,16783654,3,"mov dword [rbp - 8], eax","mov dword [var_10h], eax",8945f8,cpu,mov,False,268435465,0,,,,,,,,
16783506,"0x8,rbp,-,[4],rdi,=",True,16783328,16783654,3,"mov edi, dword [rbp - 8]","mov edi, dword [var_10h]",8b7df8,cpu,mov,False,9,0,,,,,,,,
16783509,"16784352,rip,8,rsp,-=,rsp,=[],rip,=",False,16783328,16783652,5,call 0x1001be0,call sym.simulate_loops,e846030000,cpu,call,False,3,0,,,,16784352.0,16783514.0,,"[{'addr': 16784352, 'type': 'CALL'}]",
16783514,"7,rax,=",False,16783328,16783652,5,"mov eax, 7","mov eax, 7",b807000000,cpu,mov,False,9,0,,,7.0,,,,,
16783519,"6,rcx,=",False,16783328,16783652,5,"mov ecx, 6","mov ecx, 6",b906000000,cpu,mov,False,9,0,,,6.0,,,,,
16783524,"100,0x8,rbp,-,[4],==,$z,zf,:=,32,$b,cf,:=,$p,pf,:=,31,$s,sf,:=,100,0x80000000,-,!,31,$o,^,of,:=,3,$b,af,:=",True,16783328,16783653,4,"cmp dword [rbp - 8], 0x64","cmp dword [var_10h], 0x64",837df864,cpu,cmp,False,268435471,0,,,100.0,,,,,
16783528,"zf,!,sf,of,^,!,&,?{,ecx,eax,=,}",False,16783328,16783654,3,"cmovg eax, ecx","cmovg eax, ecx",0f4fc1,cpu,cmov,False,2147483657,0,,,,,,,,
16783531,"eax,0xc,rbp,-,=[4]",True,16783328,16783654,3,"mov dword [rbp - 0xc], eax","mov dword [var_14h], eax",8945f4,cpu,mov,False,268435465,0,,,,,,,,
16783534,"0x1001815,rip,=",False,16783328,16783652,5,jmp 0x1001815,jmp 0x1001815,e962ffffff,cpu,jmp,False,1,0,,,,16783381.0,,,"[{'addr': 16783381, 'type': 'CODE'}]",
16783539,"0x8,rbp,-,[4],rsi,=",True,16783328,16783654,3,"mov esi, dword [rbp - 8]","mov esi, dword [var_10h]",8b75f8,cpu,mov,False,9,0,['case.0x1001811.6'],"[{'addr': 16783377, 'type': 'CODE'}]",,,,,,
16783542,"0x1359,rip,-,rdi,=",True,16783328,16783650,7,"lea rdi, [rip - 0x1359]","lea rdi, str.Reactor_is_stable._Final_score:__d",488d3da7ecffff,cpu,lea,False,33,0,,,,,,16778596.0,"[{'addr': 16778596, 'type': 'DATA'}]",
16783549,"0,al,=",False,16783328,16783655,2,"mov al, 0","mov al, 0",b000,cpu,mov,False,9,0,,,0.0,,,,,
16783551,"16785504,rip,8,rsp,-=,rsp,=[],rip,=",False,16783328,16783652,5,call 0x1002060,call sym.imp.printf,e89c070000,cpu,call,False,3,0,,,,16785504.0,16783556.0,,"[{'addr': 16785504, 'type': 'CALL'}]",
16783556,"10,0xc,rbp,-,=[4]",True,16783328,16783650,7,"mov dword [rbp - 0xc], 0xa","mov dword [var_14h], 0xa",c745f40a000000,cpu,mov,False,268435465,0,,,10.0,,,,,
16783563,"0x1001815,rip,=",False,16783328,16783652,5,jmp 0x1001815,jmp 0x1001815,e945ffffff,cpu,jmp,False,1,0,,,,16783381.0,,,"[{'addr': 16783381, 'type': 'CODE'}]",
16783568,"9,rax,=",False,16783328,16783652,5,"mov eax, 9","mov eax, 9",b809000000,cpu,mov,False,9,0,['case.0x1001811.7'],"[{'addr': 16783377, 'type': 'CODE'}]",9.0,,,,,
16783573,"8,rcx,=",False,16783328,16783652,5,"mov ecx, 8","mov ecx, 8",b908000000,cpu,mov,False,9,0,,,8.0,,,,,
16783578,"50,0x8,rbp,-,[4],==,$z,zf,:=,32,$b,cf,:=,$p,pf,:=,31,$s,sf,:=,50,0x80000000,-,!,31,$o,^,of,:=,3,$b,af,:=",True,16783328,16783653,4,"cmp dword [rbp - 8], 0x32","cmp dword [var_10h], 0x32",837df832,cpu,cmp,False,268435471,0,,,50.0,,,,,
16783582,"zf,!,sf,of,^,!,&,?{,ecx,eax,=,}",False,16783328,16783654,3,"cmovg eax, ecx","cmovg eax, ecx",0f4fc1,cpu,cmov,False,2147483657,0,,,,,,,,
16783585,"eax,0xc,rbp,-,=[4]",True,16783328,16783654,3,"mov dword [rbp - 0xc], eax","mov dword [var_14h], eax",8945f4,cpu,mov,False,268435465,0,,,,,,,,
16783588,"0x1001815,rip,=",False,16783328,16783652,5,jmp 0x1001815,jmp 0x1001815,e92cffffff,cpu,jmp,False,1,0,,,,16783381.0,,,"[{'addr': 16783381, 'type': 'CODE'}]",
16783593,"0x8,rbp,-,[4],rsi,=",True,16783328,16783654,3,"mov esi, dword [rbp - 8]","mov esi, dword [var_10h]",8b75f8,cpu,mov,False,9,0,['case.0x1001811.8'],"[{'addr': 16783377, 'type': 'CODE'}]",,,,,,
16783596,"0x13af,rip,-,rdi,=",True,16783328,16783650,7,"lea rdi, [rip - 0x13af]","lea rdi, str.Reactor_is_unstable._Score:__d",488d3d51ecffff,cpu,lea,False,33,0,,,,,,16778564.0,"[{'addr': 16778564, 'type': 'DATA'}]",
16783603,"0,al,=",False,16783328,16783655,2,"mov al, 0","mov al, 0",b000,cpu,mov,False,9,0,,,0.0,,,,,
16783605,"16785504,rip,8,rsp,-=,rsp,=[],rip,=",False,16783328,16783652,5,call 0x1002060,call sym.imp.printf,e866070000,cpu,call,False,3,0,,,,16785504.0,16783610.0,,"[{'addr': 16785504, 'type': 'CALL'}]",
16783610,"10,0xc,rbp,-,=[4]",True,16783328,16783650,7,"mov dword [rbp - 0xc], 0xa","mov dword [var_14h], 0xa",c745f40a000000,cpu,mov,False,268435465,0,,,10.0,,,,,
16783617,"0x1001815,rip,=",False,16783328,16783652,5,jmp 0x1001815,jmp 0x1001815,e90fffffff,cpu,jmp,False,1,0,,,,16783381.0,,,"[{'addr': 16783381, 'type': 'CODE'}]",
16783622,"0x8,rbp,-,[4],rsi,=",True,16783328,16783654,3,"mov esi, dword [rbp - 8]","mov esi, dword [var_10h]",8b75f8,cpu,mov,False,9,0,['case.0x1001811.9'],"[{'addr': 16783377, 'type': 'CODE'}]",,,,,,
16783625,"0x134b,rip,-,rdi,=",True,16783328,16783650,7,"lea rdi, [rip - 0x134b]","lea rdi, str.Reactor_failed._Score:__d",488d3db5ecffff,cpu,lea,False,33,0,,,,,,16778693.0,"[{'addr': 16778693, 'type': 'DATA'}]",
16783632,"0,al,=",False,16783328,16783655,2,"mov al, 0","mov al, 0",b000,cpu,mov,False,9,0,,,0.0,,,,,
16783634,"16785504,rip,8,rsp,-=,rsp,=[],rip,=",False,16783328,16783652,5,call 0x1002060,call sym.imp.printf,e849070000,cpu,call,False,3,0,,,,16785504.0,16783639.0,,"[{'addr': 16785504, 'type': 'CALL'}]",
16783639,"10,0xc,rbp,-,=[4]",True,16783328,16783650,7,"mov dword [rbp - 0xc], 0xa","mov dword [var_14h], 0xa",c745f40a000000,cpu,mov,False,268435465,0,,,10.0,,,,,
16783646,"0x1001815,rip,=",False,16783328,16783652,5,jmp 0x1001815,jmp 0x1001815,e9f2feffff,cpu,jmp,False,1,0,,,,16783381.0,,,"[{'addr': 16783381, 'type': 'CODE'}]",
16783651,"32,rsp,+=,63,$o,of,:=,63,$s,sf,:=,$z,zf,:=,63,$c,cf,:=,$p,pf,:=,3,$c,af,:=",False,16783328,16783653,4,"add rsp, 0x20","add rsp, 0x20",4883c420,cpu,add,False,17,0,['case.0x1001811.10'],"[{'addr': 16783377, 'type': 'CODE'}]",32.0,,,,,
16783655,"rsp,[8],8,rsp,+=,rbp,=",False,16783328,16783656,1,pop rbp,pop rbp,5d,cpu,pop,False,14,0,,,,,,,,
16783656,"rsp,[8],rip,=,8,rsp,+=",False,16783328,16783656,1,ret,ret,c3,cpu,ret,False,5,0,,,,,,,,
