offset,esil,refptr,fcn_addr,fcn_last,size,opcode,disasm,bytes,family,type,reloc,type_num,type2_num,flags,xrefs_to,val,ptr,jump,fail,xrefs_from
16783184,"rbp,8,rsp,-,=[8],8,rsp,-=",False,16783184,16783320,1,push rbp,push rbp,55,cpu,rpush,False,268435468,0,['sym.handle_event'],"[{'addr': 16783014, 'type': 'CALL'}, {'addr': 16783027, 'type': 'CALL'}, {'addr': 16783040, 'type': 'CALL'}, {'addr': 16783053, 'type': 'CALL'}, {'addr': 16783066, 'type': 'CALL'}, {'addr': 16783097, 'type': 'CALL'}, {'addr': 16783129, 'type': 'CALL'}, {'addr': 16783161, 'type': 'CALL'}]",,,,,
16783185,"rsp,rbp,=",False,16783184,16783318,3,"mov rbp, rsp","mov rbp, rsp",4889e5,cpu,mov,False,9,0,,,,,,,
16783188,"16,rsp,-=,16,0x8000000000000000,-,!,63,$o,^,of,:=,63,$s,sf,:=,$z,zf,:=,$p,pf,:=,64,$b,cf,:=,3,$b,af,:=",False,16783184,16783317,4,"sub rsp, 0x10","sub rsp, 0x10",4883ec10,cpu,sub,False,18,0,,,16.0,,,,
16783192,"edi,0x8,rbp,-,=[4]",True,16783184,16783318,3,"mov dword [rbp - 8], edi","mov dword [var_10h], edi",897df8,cpu,mov,False,268435465,0,,,,,,,
16783195,"esi,0x4,rbp,-,=[4]",True,16783184,16783318,3,"mov dword [rbp - 4], esi","mov dword [var_ch], esi",8975fc,cpu,mov,False,268435465,0,,,,,,,
16783198,"10,esi,==,$z,zf,:=,32,$b,cf,:=,$p,pf,:=,31,$s,sf,:=,10,0x80000000,-,!,31,$o,^,of,:=,3,$b,af,:=",False,16783184,16783318,3,"cmp esi, 0xa","cmp esi, 0xa",83fe0a,cpu,cmp,False,15,0,,,10.0,10.0,,,
16783201,"of,!,sf,^,?{,16783222,rip,=,}",False,16783184,16783319,2,jge 0x1001776,jge 0x1001776,7d13,cpu,cjmp,False,2147483649,0,,,,,16783222.0,16783203.0,
16783203,"0x8,rbp,-,[4],rsi,=",True,16783184,16783318,3,"mov esi, dword [rbp - 8]","mov esi, dword [var_10h]",8b75f8,cpu,mov,False,9,0,,,,,,,
16783206,"0x1313,rip,-,rdi,=",True,16783184,16783314,7,"lea rdi, [rip - 0x1313]","lea rdi, str.Event__d_discarded__too_low_.",488d3dedecffff,cpu,lea,False,33,0,,,,16778330.0,,,"[{'addr': 16778330, 'type': 'DATA'}]"
16783213,"0,al,=",False,16783184,16783319,2,"mov al, 0","mov al, 0",b000,cpu,mov,False,9,0,,,0.0,,,,
16783215,"16783840,rip,8,rsp,-=,rsp,=[],rip,=",False,16783184,16783316,5,call 0x10019e0,call sym.imp.printf,e86c020000,cpu,call,False,3,0,,,,,16783840.0,16783220.0,"[{'addr': 16783840, 'type': 'CALL'}]"
16783220,"0x10017d3,rip,=",False,16783184,16783319,2,jmp 0x10017d3,jmp 0x10017d3,eb5d,cpu,jmp,False,1,0,,,,,16783315.0,,"[{'addr': 16783315, 'type': 'CODE'}]"
16783222,"0x4,rbp,-,[4],rsi,=",True,16783184,16783318,3,"mov esi, dword [rbp - 4]","mov esi, dword [var_ch]",8b75fc,cpu,mov,False,9,0,,,,,,,
16783225,"0x8,rbp,-,[4],rdi,=",True,16783184,16783318,3,"mov edi, dword [rbp - 8]","mov edi, dword [var_10h]",8b7df8,cpu,mov,False,9,0,,,,,,,
16783228,"16783328,rip,8,rsp,-=,rsp,=[],rip,=",False,16783184,16783316,5,call 0x10017e0,call sym.evaluate_event,e85f000000,cpu,call,False,3,0,,,,,16783328.0,16783233.0,"[{'addr': 16783328, 'type': 'CALL'}]"
16783233,"eax,0xc,rbp,-,=[4]",True,16783184,16783318,3,"mov dword [rbp - 0xc], eax","mov dword [var_14h], eax",8945f4,cpu,mov,False,268435465,0,,,,,,,
16783236,"150,eax,==,$z,zf,:=,32,$b,cf,:=,$p,pf,:=,31,$s,sf,:=,150,0x80000000,-,!,31,$o,^,of,:=,3,$b,af,:=",False,16783184,16783316,5,"cmp eax, 0x96","cmp eax, 0x96",3d96000000,cpu,cmp,False,15,0,,,150.0,150.0,,,
16783241,"of,sf,^,zf,|,?{,16783265,rip,=,}",False,16783184,16783319,2,jle 0x10017a1,jle 0x10017a1,7e16,cpu,cjmp,False,2147483649,0,,,,,16783265.0,16783243.0,
16783243,"0xc,rbp,-,[4],rdx,=",True,16783184,16783318,3,"mov edx, dword [rbp - 0xc]","mov edx, dword [var_14h]",8b55f4,cpu,mov,False,9,0,,,,,,,
16783246,"0x8,rbp,-,[4],rsi,=",True,16783184,16783318,3,"mov esi, dword [rbp - 8]","mov esi, dword [var_10h]",8b75f8,cpu,mov,False,9,0,,,,,,,
16783249,"0x131f,rip,-,rdi,=",True,16783184,16783314,7,"lea rdi, [rip - 0x131f]","lea rdi, str.Event__d_promoted_to_urgent__score:__d",488d3de1ecffff,cpu,lea,False,33,0,,,,16778361.0,,,"[{'addr': 16778361, 'type': 'DATA'}]"
16783256,"0,al,=",False,16783184,16783319,2,"mov al, 0","mov al, 0",b000,cpu,mov,False,9,0,,,0.0,,,,
16783258,"16783840,rip,8,rsp,-=,rsp,=[],rip,=",False,16783184,16783316,5,call 0x10019e0,call sym.imp.printf,e841020000,cpu,call,False,3,0,,,,,16783840.0,16783263.0,"[{'addr': 16783840, 'type': 'CALL'}]"
16783263,"0x10017d3,rip,=",False,16783184,16783319,2,jmp 0x10017d3,jmp 0x10017d3,eb32,cpu,jmp,False,1,0,,,,,16783315.0,,"[{'addr': 16783315, 'type': 'CODE'}]"
16783265,"0xc,rbp,-,[4],rax,=",True,16783184,16783318,3,"mov eax, dword [rbp - 0xc]","mov eax, dword [var_14h]",8b45f4,cpu,mov,False,9,0,,,,,,,
16783268,"100,eax,==,$z,zf,:=,32,$b,cf,:=,$p,pf,:=,31,$s,sf,:=,100,0x80000000,-,!,31,$o,^,of,:=,3,$b,af,:=",False,16783184,16783318,3,"cmp eax, 0x64","cmp eax, 0x64",83f864,cpu,cmp,False,15,0,,,100.0,100.0,,,
16783271,"of,sf,^,zf,|,?{,16783295,rip,=,}",False,16783184,16783319,2,jle 0x10017bf,jle 0x10017bf,7e16,cpu,cjmp,False,2147483649,0,,,,,16783295.0,16783273.0,
16783273,"0xc,rbp,-,[4],rdx,=",True,16783184,16783318,3,"mov edx, dword [rbp - 0xc]","mov edx, dword [var_14h]",8b55f4,cpu,mov,False,9,0,,,,,,,
16783276,"0x8,rbp,-,[4],rsi,=",True,16783184,16783318,3,"mov esi, dword [rbp - 8]","mov esi, dword [var_10h]",8b75f8,cpu,mov,False,9,0,,,,,,,
16783279,"0x12f3,rip,-,rdi,=",True,16783184,16783314,7,"lea rdi, [rip - 0x12f3]","lea rdi, str.Event__d_handled_normally__score:__d",488d3d0dedffff,cpu,lea,False,33,0,,,,16778435.0,,,"[{'addr': 16778435, 'type': 'DATA'}]"
16783286,"0,al,=",False,16783184,16783319,2,"mov al, 0","mov al, 0",b000,cpu,mov,False,9,0,,,0.0,,,,
16783288,"16783840,rip,8,rsp,-=,rsp,=[],rip,=",False,16783184,16783316,5,call 0x10019e0,call sym.imp.printf,e823020000,cpu,call,False,3,0,,,,,16783840.0,16783293.0,"[{'addr': 16783840, 'type': 'CALL'}]"
16783293,"0x10017d3,rip,=",False,16783184,16783319,2,jmp 0x10017d3,jmp 0x10017d3,eb14,cpu,jmp,False,1,0,,,,,16783315.0,,"[{'addr': 16783315, 'type': 'CODE'}]"
16783295,"0xc,rbp,-,[4],rdx,=",True,16783184,16783318,3,"mov edx, dword [rbp - 0xc]","mov edx, dword [var_14h]",8b55f4,cpu,mov,False,9,0,,,,,,,
16783298,"0x8,rbp,-,[4],rsi,=",True,16783184,16783318,3,"mov esi, dword [rbp - 8]","mov esi, dword [var_10h]",8b75f8,cpu,mov,False,9,0,,,,,,,
16783301,"0x1390,rip,-,rdi,=",True,16783184,16783314,7,"lea rdi, [rip - 0x1390]","lea rdi, str.Event__d_delayed__score:__d",488d3d70ecffff,cpu,lea,False,33,0,,,,16778300.0,,,"[{'addr': 16778300, 'type': 'DATA'}]"
16783308,"0,al,=",False,16783184,16783319,2,"mov al, 0","mov al, 0",b000,cpu,mov,False,9,0,,,0.0,,,,
16783310,"16783840,rip,8,rsp,-=,rsp,=[],rip,=",False,16783184,16783316,5,call 0x10019e0,call sym.imp.printf,e80d020000,cpu,call,False,3,0,,,,,16783840.0,16783315.0,"[{'addr': 16783840, 'type': 'CALL'}]"
16783315,"16,rsp,+=,63,$o,of,:=,63,$s,sf,:=,$z,zf,:=,63,$c,cf,:=,$p,pf,:=,3,$c,af,:=",False,16783184,16783317,4,"add rsp, 0x10","add rsp, 0x10",4883c410,cpu,add,False,17,0,,"[{'addr': 16783220, 'type': 'CODE'}, {'addr': 16783263, 'type': 'CODE'}, {'addr': 16783293, 'type': 'CODE'}]",16.0,,,,
16783319,"rsp,[8],8,rsp,+=,rbp,=",False,16783184,16783320,1,pop rbp,pop rbp,5d,cpu,pop,False,14,0,,,,,,,
16783320,"rsp,[8],rip,=,8,rsp,+=",False,16783184,16783320,1,ret,ret,c3,cpu,ret,False,5,0,,,,,,,
