offset,esil,refptr,fcn_addr,fcn_last,size,opcode,disasm,bytes,family,type,reloc,type_num,type2_num,flags,xrefs_to,val,jump,fail,xrefs_from,ptr
16783072,"rbp,8,rsp,-,=[8],8,rsp,-=",False,16783072,16783238,1,push rbp,push rbp,55,cpu,rpush,False,268435468,0,"['main', 'sym.main', 'dbg.main']","[{'addr': 16782861, 'type': 'DATA'}]",,,,,
16783073,"rsp,rbp,=",False,16783072,16783236,3,"mov rbp, rsp","mov rbp, rsp",4889e5,cpu,mov,False,9,0,,,,,,,
16783076,"32,rsp,-=,32,0x8000000000000000,-,!,63,$o,^,of,:=,63,$s,sf,:=,$z,zf,:=,$p,pf,:=,64,$b,cf,:=,3,$b,af,:=",False,16783072,16783235,4,"sub rsp, 0x20","sub rsp, 0x20",4883ec20,cpu,sub,False,18,0,,,32.0,,,,
16783080,"rsi,0x18,rbp,-,=[8]",True,16783072,16783235,4,"mov qword [rbp - 0x18], rsi","mov qword [argv], rsi",488975e8,cpu,mov,False,268435465,0,,,,,,,
16783084,"0x8,rsi,+,[8],rdi,=",True,16783072,16783235,4,"mov rdi, qword [rsi + 8]","mov rdi, qword [rsi + 8]",488b7e08,cpu,mov,False,9,0,,,,,,,
16783088,"eax,rax,^,0xffffffff,&,rax,=,$z,zf,:=,$p,pf,:=,31,$s,sf,:=,0,cf,:=,0,of,:=",False,16783072,16783237,2,"xor eax, eax","xor eax, eax",31c0,cpu,xor,False,28,0,,,,,,,
16783090,"eax,rsi,=",False,16783072,16783237,2,"mov esi, eax","mov esi, eax",89c6,cpu,mov,False,9,0,,,,,,,
16783092,"16783408,rip,8,rsp,-=,rsp,=[],rip,=",False,16783072,16783234,5,call 0x1001830,call sym.imp.strtod,e837010000,cpu,call,False,3,0,,,,16783408.0,16783097.0,"[{'addr': 16783408, 'type': 'CALL'}]",
16783097,"0x18,rbp,-,[8],rsi,=",True,16783072,16783235,4,"mov rsi, qword [rbp - 0x18]","mov rsi, qword [argv]",488b75e8,cpu,mov,False,9,0,,,,,,,
16783101,,False,16783072,16783235,4,"cvtsd2ss xmm0, xmm0","cvtsd2ss xmm0, xmm0",f20f5ac0,sse,null,False,0,0,,,,,,,
16783105,"xmm0,0xc,rbp,-,=[4]",True,16783072,16783234,5,"movss dword [rbp - 0xc], xmm0","movss dword [principal], xmm0",f30f1145f4,sse,mov,False,268435465,0,,,,,,,
16783110,"0x10,rsi,+,[8],rdi,=",True,16783072,16783235,4,"mov rdi, qword [rsi + 0x10]","mov rdi, qword [rsi + 0x10]",488b7e10,cpu,mov,False,9,0,,,,,,,
16783114,"eax,rax,^,0xffffffff,&,rax,=,$z,zf,:=,$p,pf,:=,31,$s,sf,:=,0,cf,:=,0,of,:=",False,16783072,16783237,2,"xor eax, eax","xor eax, eax",31c0,cpu,xor,False,28,0,,,,,,,
16783116,"eax,rsi,=",False,16783072,16783237,2,"mov esi, eax","mov esi, eax",89c6,cpu,mov,False,9,0,,,,,,,
16783118,"16783408,rip,8,rsp,-=,rsp,=[],rip,=",False,16783072,16783234,5,call 0x1001830,call sym.imp.strtod,e81d010000,cpu,call,False,3,0,,,,16783408.0,16783123.0,"[{'addr': 16783408, 'type': 'CALL'}]",
16783123,"0x18,rbp,-,[8],rsi,=",True,16783072,16783235,4,"mov rsi, qword [rbp - 0x18]","mov rsi, qword [argv]",488b75e8,cpu,mov,False,9,0,,,,,,,
16783127,,False,16783072,16783235,4,"cvtsd2ss xmm0, xmm0","cvtsd2ss xmm0, xmm0",f20f5ac0,sse,null,False,0,0,,,,,,,
16783131,"xmm0,0x8,rbp,-,=[4]",True,16783072,16783234,5,"movss dword [rbp - 8], xmm0","movss dword [rate], xmm0",f30f1145f8,sse,mov,False,268435465,0,,,,,,,
16783136,"0x18,rsi,+,[8],rdi,=",True,16783072,16783235,4,"mov rdi, qword [rsi + 0x18]","mov rdi, qword [rsi + 0x18]",488b7e18,cpu,mov,False,9,0,,,,,,,
16783140,"eax,rax,^,0xffffffff,&,rax,=,$z,zf,:=,$p,pf,:=,31,$s,sf,:=,0,cf,:=,0,of,:=",False,16783072,16783237,2,"xor eax, eax","xor eax, eax",31c0,cpu,xor,False,28,0,,,,,,,
16783142,"eax,rsi,=",False,16783072,16783237,2,"mov esi, eax","mov esi, eax",89c6,cpu,mov,False,9,0,,,,,,,
16783144,"16783408,rip,8,rsp,-=,rsp,=[],rip,=",False,16783072,16783234,5,call 0x1001830,call sym.imp.strtod,e803010000,cpu,call,False,3,0,,,,16783408.0,16783149.0,"[{'addr': 16783408, 'type': 'CALL'}]",
16783149,"0xc,rbp,-,[4],xmm2,=",True,16783072,16783234,5,"movss xmm2, dword [rbp - 0xc]","movss xmm2, dword [principal]",f30f1055f4,sse,mov,False,9,0,,,,,,,
16783154,"0x8,rbp,-,[4],xmm1,=",True,16783072,16783234,5,"movss xmm1, dword [rbp - 8]","movss xmm1, dword [rate]",f30f104df8,sse,mov,False,9,0,,,,,,,
16783159,,False,16783072,16783235,4,"cvtsd2ss xmm0, xmm0","cvtsd2ss xmm0, xmm0",f20f5ac0,sse,null,False,0,0,,,,,,,
16783163,,False,16783072,16783235,4,"cvttss2si edi, xmm2","cvttss2si edi, xmm2",f30f2cfa,sse,null,False,0,0,,,,,,,
16783167,,False,16783072,16783235,4,"cvttss2si esi, xmm1","cvttss2si esi, xmm1",f30f2cf1,sse,null,False,0,0,,,,,,,
16783171,,False,16783072,16783235,4,"cvttss2si edx, xmm0","cvttss2si edx, xmm0",f30f2cd0,sse,null,False,0,0,,,,,,,
16783175,"16782880,rip,8,rsp,-=,rsp,=[],rip,=",False,16783072,16783234,5,call 0x1001620,call dbg.emi,e8d4feffff,cpu,call,False,3,0,,,,16782880.0,16783180.0,"[{'addr': 16782880, 'type': 'CALL'}]",
16783180,"eax,rcx,=",False,16783072,16783237,2,"mov ecx, eax","mov ecx, eax",89c1,cpu,mov,False,9,0,,,,,,,
16783182,"ecx,0x4,rbp,-,=[4]",True,16783072,16783236,3,"mov dword [rbp - 4], ecx","mov dword [number], ecx",894dfc,cpu,mov,False,268435465,0,,,,,,,
16783185,"0x1245,rip,-,rdi,=",True,16783072,16783232,7,"lea rdi, [rip - 0x1245]","lea rdi, str.You_loose",488d3dbbedffff,cpu,lea,False,33,0,,,,,,"[{'addr': 16778515, 'type': 'DATA'}]",16778515.0
16783192,"0x1255,rip,-,rax,=",True,16783072,16783232,7,"lea rax, [rip - 0x1255]","lea rax, str.You_win",488d05abedffff,cpu,lea,False,33,0,,,,,,"[{'addr': 16778506, 'type': 'DATA'}]",16778506.0
16783199,"581503168,ecx,==,$z,zf,:=,32,$b,cf,:=,$p,pf,:=,31,$s,sf,:=,581503168,0x80000000,-,!,31,$o,^,of,:=,3,$b,af,:=",False,16783072,16783233,6,"cmp ecx, 0x22a908c0","cmp ecx, 0x22a908c0",81f9c008a922,cpu,cmp,False,15,0,,,581503168.0,,,,581503168.0
16783205,"zf,?{,rax,rdi,=,}",False,16783072,16783235,4,"cmove rdi, rax","cmove rdi, rax",480f44f8,cpu,cmov,False,2147483657,0,,,,,,,
16783209,"16783424,rip,8,rsp,-=,rsp,=[],rip,=",False,16783072,16783234,5,call 0x1001840,call sym.imp.puts,e8d2000000,cpu,call,False,3,0,,,,16783424.0,16783214.0,"[{'addr': 16783424, 'type': 'CALL'}]",
16783214,"0x4,rbp,-,[4],rsi,=",True,16783072,16783236,3,"mov esi, dword [rbp - 4]","mov esi, dword [number]",8b75fc,cpu,mov,False,9,0,,,,,,,
16783217,"0x127c,rip,-,rdi,=",True,16783072,16783232,7,"lea rdi, [rip - 0x127c]","lea rdi, [0x010004fc]",488d3d84edffff,cpu,lea,False,33,0,,,,,,"[{'addr': 16778492, 'type': 'DATA'}]",16778492.0
16783224,"0,al,=",False,16783072,16783237,2,"mov al, 0","mov al, 0",b000,cpu,mov,False,9,0,,,0.0,,,,
16783226,"16783440,rip,8,rsp,-=,rsp,=[],rip,=",False,16783072,16783234,5,call 0x1001850,call sym.imp.printf,e8d1000000,cpu,call,False,3,0,,,,16783440.0,16783231.0,"[{'addr': 16783440, 'type': 'CALL'}]",
16783231,"eax,rax,^,0xffffffff,&,rax,=,$z,zf,:=,$p,pf,:=,31,$s,sf,:=,0,cf,:=,0,of,:=",False,16783072,16783237,2,"xor eax, eax","xor eax, eax",31c0,cpu,xor,False,28,0,,,,,,,
16783233,"32,rsp,+=,63,$o,of,:=,63,$s,sf,:=,$z,zf,:=,63,$c,cf,:=,$p,pf,:=,3,$c,af,:=",False,16783072,16783235,4,"add rsp, 0x20","add rsp, 0x20",4883c420,cpu,add,False,17,0,,,32.0,,,,
16783237,"rsp,[8],8,rsp,+=,rbp,=",False,16783072,16783238,1,pop rbp,pop rbp,5d,cpu,pop,False,14,0,,,,,,,
16783238,"rsp,[8],rip,=,8,rsp,+=",False,16783072,16783238,1,ret,ret,c3,cpu,ret,False,5,0,,,,,,,
