offset,esil,refptr,fcn_addr,fcn_last,size,opcode,disasm,bytes,family,type,reloc,type_num,type2_num,flags,xrefs_to,val,jump,fail,xrefs_from,ptr
16783184,"rbp,8,rsp,-,=[8],8,rsp,-=",False,16783184,16783293,1,push rbp,push rbp,55,cpu,rpush,False,268435468,0,"['sym.magic_number', 'dbg.magic_number']","[{'addr': 16783341, 'type': 'CALL'}]",,,,,
16783185,"rsp,rbp,=",False,16783184,16783291,3,"mov rbp, rsp","mov rbp, rsp",4889e5,cpu,mov,False,9,0,,,,,,,
16783188,"32,rsp,-=,32,0x8000000000000000,-,!,63,$o,^,of,:=,63,$s,sf,:=,$z,zf,:=,$p,pf,:=,64,$b,cf,:=,3,$b,af,:=",False,16783184,16783290,4,"sub rsp, 0x20","sub rsp, 0x20",4883ec20,cpu,sub,False,18,0,,,32.0,,,,
16783192,"edi,0x8,rbp,-,=[4]",True,16783184,16783291,3,"mov dword [rbp - 8], edi","mov dword [var_10h], edi",897df8,cpu,mov,False,268435465,0,,,,,,,
16783195,"16782880,rip,8,rsp,-=,rsp,=[],rip,=",False,16783184,16783289,5,call 0x1001620,call dbg.sumOfDigits,e8c0feffff,cpu,call,False,3,0,,,,16782880.0,16783200.0,"[{'addr': 16782880, 'type': 'CALL'}]",
16783200,"eax,0x4,rbp,-,=[4]",True,16783184,16783291,3,"mov dword [rbp - 4], eax","mov dword [var_10h + 0x4], eax",8945fc,cpu,mov,False,268435465,0,,,,,,,
16783203,"10,eax,==,$z,zf,:=,32,$b,cf,:=,$p,pf,:=,31,$s,sf,:=,10,0x80000000,-,!,31,$o,^,of,:=,3,$b,af,:=",False,16783184,16783291,3,"cmp eax, 0xa","cmp eax, 0xa",83f80a,cpu,cmp,False,15,0,,,10.0,,,,10.0
16783206,"of,!,sf,^,?{,16783224,rip,=,}",False,16783184,16783292,2,jge 0x1001778,jge 0x1001778,7d10,cpu,cjmp,False,2147483649,0,,,,16783224.0,16783208.0,,
16783208,"0x4,rbp,-,[4],rcx,=",True,16783184,16783291,3,"mov ecx, dword [rbp - 4]","mov ecx, dword [var_10h + 0x4]",8b4dfc,cpu,mov,False,9,0,,,,,,,
16783211,"32,ecx,~,32,ecx,~,*,DUP,ecx,=,ecx,-,?{,1,1,}{,0,0,},cf,:=,of,:=",False,16783184,16783291,3,"imul ecx, ecx","imul ecx, ecx",0fafc9,cpu,mul,False,20,0,,,,,,,
16783214,"eax,rax,^,0xffffffff,&,rax,=,$z,zf,:=,$p,pf,:=,31,$s,sf,:=,0,cf,:=,0,of,:=",False,16783184,16783292,2,"xor eax, eax","xor eax, eax",31c0,cpu,xor,False,28,0,,,,,,,
16783216,"ecx,0x10,rbp,-,=[4]",True,16783184,16783291,3,"mov dword [rbp - 0x10], ecx","mov dword [var_18h], ecx",894df0,cpu,mov,False,268435465,0,,,,,,,
16783219,"eax,0xc,rbp,-,=[4]",True,16783184,16783291,3,"mov dword [rbp - 0xc], eax","mov dword [var_14h], eax",8945f4,cpu,mov,False,268435465,0,,,,,,,
16783222,"0x100178e,rip,=",False,16783184,16783292,2,jmp 0x100178e,jmp 0x100178e,eb16,cpu,jmp,False,1,0,,,,16783246.0,,"[{'addr': 16783246, 'type': 'CODE'}]",
16783224,"0x4,rbp,-,[4],rdi,=",True,16783184,16783291,3,"mov edi, dword [rbp - 4]","mov edi, dword [var_10h + 0x4]",8b7dfc,cpu,mov,False,9,0,,,,,,,
16783227,"16783056,rip,8,rsp,-=,rsp,=[],rip,=",False,16783184,16783289,5,call 0x10016d0,call dbg.reverse,e850ffffff,cpu,call,False,3,0,,,,16783056.0,16783232.0,"[{'addr': 16783056, 'type': 'CALL'}]",
16783232,"0x4,rbp,-,[4],rcx,=",True,16783184,16783291,3,"mov ecx, dword [rbp - 4]","mov ecx, dword [var_10h + 0x4]",8b4dfc,cpu,mov,False,9,0,,,,,,,
16783235,"32,eax,~,32,ecx,~,*,DUP,eax,=,eax,-,?{,1,1,}{,0,0,},cf,:=,of,:=",False,16783184,16783291,3,"imul eax, ecx","imul eax, ecx",0fafc1,cpu,mul,False,20,0,,,,,,,
16783238,"eax,rcx,=",False,16783184,16783292,2,"mov ecx, eax","mov ecx, eax",89c1,cpu,mov,False,9,0,,,,,,,
16783240,"ecx,0x10,rbp,-,=[4]",True,16783184,16783291,3,"mov dword [rbp - 0x10], ecx","mov dword [var_18h], ecx",894df0,cpu,mov,False,268435465,0,,,,,,,
16783243,"eax,0xc,rbp,-,=[4]",True,16783184,16783291,3,"mov dword [rbp - 0xc], eax","mov dword [var_14h], eax",8945f4,cpu,mov,False,268435465,0,,,,,,,
16783246,"0x8,rbp,-,[4],rsi,=",True,16783184,16783291,3,"mov esi, dword [rbp - 8]","mov esi, dword [var_10h]",8b75f8,cpu,mov,False,9,0,,"[{'addr': 16783222, 'type': 'CODE'}]",,,,,
16783249,"0x10,rbp,-,[4],rcx,=",True,16783184,16783291,3,"mov ecx, dword [rbp - 0x10]","mov ecx, dword [var_18h]",8b4df0,cpu,mov,False,9,0,,,,,,,
16783252,"0xc,rbp,-,[4],rax,=",True,16783184,16783291,3,"mov eax, dword [rbp - 0xc]","mov eax, dword [var_14h]",8b45f4,cpu,mov,False,9,0,,,,,,,
16783255,"eax,0x14,rbp,-,=[4]",True,16783184,16783291,3,"mov dword [rbp - 0x14], eax","mov dword [var_1ch], eax",8945ec,cpu,mov,False,268435465,0,,,,,,,
16783258,"0x130f,rip,-,rdi,=",True,16783184,16783287,7,"lea rdi, [rip - 0x130f]","lea rdi, str.d_is_not_a_magic_number",488d3df1ecffff,cpu,lea,False,33,0,,,,,,"[{'addr': 16778386, 'type': 'DATA'}]",16778386.0
16783265,"0x132c,rip,-,rax,=",True,16783184,16783287,7,"lea rax, [rip - 0x132c]","lea rax, str.d_is_a_magic_number",488d05d4ecffff,cpu,lea,False,33,0,,,,,,"[{'addr': 16778364, 'type': 'DATA'}]",16778364.0
16783272,"esi,ecx,==,$z,zf,:=,32,$b,cf,:=,$p,pf,:=,31,$s,sf,:=,esi,0x80000000,-,!,31,$o,^,of,:=,3,$b,af,:=",False,16783184,16783292,2,"cmp ecx, esi","cmp ecx, esi",39f1,cpu,cmp,False,15,0,,,,,,,
16783274,"zf,?{,rax,rdi,=,}",False,16783184,16783290,4,"cmove rdi, rax","cmove rdi, rax",480f44f8,cpu,cmov,False,2147483657,0,,,,,,,
16783278,"0,al,=",False,16783184,16783292,2,"mov al, 0","mov al, 0",b000,cpu,mov,False,9,0,,,0.0,,,,
16783280,"16783552,rip,8,rsp,-=,rsp,=[],rip,=",False,16783184,16783289,5,call 0x10018c0,call sym.imp.printf,e80b010000,cpu,call,False,3,0,,,,16783552.0,16783285.0,"[{'addr': 16783552, 'type': 'CALL'}]",
16783285,"0x14,rbp,-,[4],rax,=",True,16783184,16783291,3,"mov eax, dword [rbp - 0x14]","mov eax, dword [var_1ch]",8b45ec,cpu,mov,False,9,0,,,,,,,
16783288,"32,rsp,+=,63,$o,of,:=,63,$s,sf,:=,$z,zf,:=,63,$c,cf,:=,$p,pf,:=,3,$c,af,:=",False,16783184,16783290,4,"add rsp, 0x20","add rsp, 0x20",4883c420,cpu,add,False,17,0,,,32.0,,,,
16783292,"rsp,[8],8,rsp,+=,rbp,=",False,16783184,16783293,1,pop rbp,pop rbp,5d,cpu,pop,False,14,0,,,,,,,
16783293,"rsp,[8],rip,=,8,rsp,+=",False,16783184,16783293,1,ret,ret,c3,cpu,ret,False,5,0,,,,,,,
