offset,esil,refptr,fcn_addr,fcn_last,size,opcode,disasm,bytes,family,type,reloc,type_num,type2_num,flags,xrefs_to,val,ptr,jump,fail,xrefs_from
16782880,"rbp,8,rsp,-,=[8],8,rsp,-=",False,16782880,16783046,1,push rbp,push rbp,55,cpu,rpush,False,268435468,0,"['sym.sumOfDigits', 'dbg.sumOfDigits']","[{'addr': 16783195, 'type': 'CALL'}]",,,,,
16782881,"rsp,rbp,=",False,16782880,16783044,3,"mov rbp, rsp","mov rbp, rsp",4889e5,cpu,mov,False,9,0,,,,,,,
16782884,"edi,rax,=",False,16782880,16783045,2,"mov eax, edi","mov eax, edi",89f8,cpu,mov,False,9,0,,,,,,,
16782886,"0,cf,:=,1,16,-,1,<<,eax,&,?{,1,cf,:=,},16,eax,>>,eax,=,$z,zf,:=,$p,pf,:=,31,$s,sf,:=",False,16782880,16783044,3,"shr eax, 0x10","shr eax, 0x10",c1e810,cpu,shr,False,22,0,,,16.0,,,,
16782889,"3486519210,rax,^,0xffffffff,&,rax,=,$z,zf,:=,$p,pf,:=,31,$s,sf,:=,0,cf,:=,0,of,:=",False,16782880,16783042,5,"xor eax, 0xcfd00faa","xor eax, 0xcfd00faa",35aa0fd0cf,cpu,xor,False,28,0,,,3486519210.0,3486519210.0,,,
16782894,"0,cf,:=,1,14,-,1,<<,eax,&,?{,1,cf,:=,},14,eax,>>,eax,=,$z,zf,:=,$p,pf,:=,31,$s,sf,:=",False,16782880,16783044,3,"shr eax, 0xe","shr eax, 0xe",c1e80e,cpu,shr,False,22,0,,,14.0,,,,
16782897,"2,rax,&,0xffffffff,&,rax,=,$z,zf,:=,$p,pf,:=,31,$s,sf,:=,0,cf,:=,0,of,:=",False,16782880,16783044,3,"and eax, 2","and eax, 2",83e002,cpu,and,False,27,0,,,2.0,,,,
16782900,"0,eax,==,$z,zf,:=,32,$b,cf,:=,$p,pf,:=,31,$s,sf,:=,0,0x80000000,-,!,31,$o,^,of,:=,3,$b,af,:=",False,16782880,16783044,3,"cmp eax, 0","cmp eax, 0",83f800,cpu,cmp,False,15,0,,,0.0,0.0,,,
16782903,"zf,cl,=",False,16782880,16783044,3,sete cl,sete cl,0f94c1,cpu,cmov,False,2147483657,0,,,,,,,
16782906,"0,edi,==,$z,zf,:=,32,$b,cf,:=,$p,pf,:=,31,$s,sf,:=,0,0x80000000,-,!,31,$o,^,of,:=,3,$b,af,:=",False,16782880,16783044,3,"cmp edi, 0","cmp edi, 0",83ff00,cpu,cmp,False,15,0,,,0.0,0.0,,,
16782909,"zf,!,al,=",False,16782880,16783044,3,setne al,setne al,0f95c0,cpu,cmov,False,2147483657,0,,,,,,,
16782912,"al,cl,&=,$z,zf,:=,$p,pf,:=,7,$s,sf,:=,0,cf,:=,0,of,:=",False,16782880,16783045,2,"and cl, al","and cl, al",20c1,cpu,and,False,27,0,,,,,,,
16782914,"eax,rax,^,0xffffffff,&,rax,=,$z,zf,:=,$p,pf,:=,31,$s,sf,:=,0,cf,:=,0,of,:=",False,16782880,16783045,2,"xor eax, eax","xor eax, eax",31c0,cpu,xor,False,28,0,,,,,,,
16782916,"0,1,cl,&,==,$z,zf,:=,$p,pf,:=,7,$s,sf,:=,0,cf,:=,0,of,:=",False,16782880,16783044,3,"test cl, 1","test cl, 1",f6c101,cpu,acmp,False,16,0,,,1.0,1.0,,,
16782919,"eax,0x8,rbp,-,=[4]",True,16782880,16783044,3,"mov dword [rbp - 8], eax","mov dword [var_10h], eax",8945f8,cpu,mov,False,268435465,0,,,,,,,
16782922,"edi,0x4,rbp,-,=[4]",True,16782880,16783044,3,"mov dword [rbp - 4], edi","mov dword [var_ch], edi",897dfc,cpu,mov,False,268435465,0,,,,,,,
16782925,"zf,!,?{,16782929,rip,=,}",False,16782880,16783045,2,jne 0x1001651,jne 0x1001651,7502,cpu,cjmp,False,2147483649,0,,,,,16782929.0,16782927.0,
16782927,"0x10016c2,rip,=",False,16782880,16783045,2,jmp 0x10016c2,jmp 0x10016c2,eb71,cpu,jmp,False,1,0,,,,,16783042.0,,"[{'addr': 16783042, 'type': 'CODE'}]"
16782929,"0x4,rbp,-,[4],rax,=",True,16782880,16783044,3,"mov eax, dword [rbp - 4]","mov eax, dword [var_ch]",8b45fc,cpu,mov,False,9,0,,,,,,,
16782932,"0x8,rbp,-,[4],rsi,=",True,16782880,16783044,3,"mov esi, dword [rbp - 8]","mov esi, dword [var_10h]",8b75f8,cpu,mov,False,9,0,,,,,,,
16782935,"eax,0xc,rbp,-,=[4]",True,16782880,16783044,3,"mov dword [rbp - 0xc], eax","mov dword [var_14h], eax",8945f4,cpu,mov,False,268435465,0,,,,,,,
16782938,"esi,0x10,rbp,-,=[4]",True,16782880,16783044,3,"mov dword [rbp - 0x10], esi","mov dword [var_18h], esi",8975f0,cpu,mov,False,268435465,0,,,,,,,
16782941,"10,rcx,=",False,16782880,16783042,5,"mov ecx, 0xa","mov ecx, 0xa",b90a000000,cpu,mov,False,9,0,,,10.0,,,,
16782946,"edx,rdx,^,0xffffffff,&,rdx,=,$z,zf,:=,$p,pf,:=,31,$s,sf,:=,0,cf,:=,0,of,:=",False,16782880,16783045,2,"xor edx, edx","xor edx, edx",31d2,cpu,xor,False,28,0,,,,,,,
16782948,"ecx,32,edx,<<,eax,+,%,ecx,32,edx,<<,eax,+,/,eax,=,edx,=",False,16782880,16783045,2,div ecx,div ecx,f7f1,cpu,div,False,21,0,,,,,,,
16782950,"0xc,rbp,-,[4],rax,=",True,16782880,16783044,3,"mov eax, dword [rbp - 0xc]","mov eax, dword [var_14h]",8b45f4,cpu,mov,False,9,0,,,,,,,
16782953,"edx,rdi,=",False,16782880,16783045,2,"mov edi, edx","mov edi, edx",89d7,cpu,mov,False,9,0,,,,,,,
16782955,"edi,rcx,=",False,16782880,16783045,2,"mov ecx, edi","mov ecx, edi",89f9,cpu,mov,False,9,0,,,,,,,
16782957,"4294967295,rcx,^,0xffffffff,&,rcx,=,$z,zf,:=,$p,pf,:=,31,$s,sf,:=,0,cf,:=,0,of,:=",False,16782880,16783044,3,"xor ecx, 0xffffffff","xor ecx, 0xffffffff",83f1ff,cpu,xor,False,28,0,,,4294967295.0,4294967295.0,,,
16782960,"esi,rdx,=",False,16782880,16783045,2,"mov edx, esi","mov edx, esi",89f2,cpu,mov,False,9,0,,,,,,,
16782962,"4294967295,rdx,^,0xffffffff,&,rdx,=,$z,zf,:=,$p,pf,:=,31,$s,sf,:=,0,cf,:=,0,of,:=",False,16782880,16783044,3,"xor edx, 0xffffffff","xor edx, 0xffffffff",83f2ff,cpu,xor,False,28,0,,,4294967295.0,4294967295.0,,,
16782965,"edi,r8,=",False,16782880,16783044,3,"mov r8d, edi","mov r8d, edi",4189f8,cpu,mov,False,9,0,,,,,,,
16782968,"r8d,r8,&,0xffffffff,&,r8,=,$z,zf,:=,$p,pf,:=,31,$s,sf,:=,0,cf,:=,0,of,:=",False,16782880,16783044,3,"and r8d, r8d","and r8d, r8d",4521c0,cpu,and,False,27,0,,,,,,,
16782971,"esi,rcx,^,0xffffffff,&,rcx,=,$z,zf,:=,$p,pf,:=,31,$s,sf,:=,0,cf,:=,0,of,:=",False,16782880,16783045,2,"xor ecx, esi","xor ecx, esi",31f1,cpu,xor,False,28,0,,,,,,,
16782973,"r8d,rcx,^,0xffffffff,&,rcx,=,$z,zf,:=,$p,pf,:=,31,$s,sf,:=,0,cf,:=,0,of,:=",False,16782880,16783044,3,"xor ecx, r8d","xor ecx, r8d",4431c1,cpu,xor,False,28,0,,,,,,,
16782976,"esi,r8,=",False,16782880,16783044,3,"mov r8d, esi","mov r8d, esi",4189f0,cpu,mov,False,9,0,,,,,,,
16782979,"r8d,r8d,|=,31,$s,sf,:=,$z,zf,:=,$p,pf,:=,0,of,:=,0,cf,:=",False,16782880,16783044,3,"or r8d, r8d","or r8d, r8d",4509c0,cpu,or,False,26,0,,,,,,,
16782982,"edi,r9,=",False,16782880,16783044,3,"mov r9d, edi","mov r9d, edi",4189f9,cpu,mov,False,9,0,,,,,,,
16782985,"esi,r9,&,0xffffffff,&,r9,=,$z,zf,:=,$p,pf,:=,31,$s,sf,:=,0,cf,:=,0,of,:=",False,16782880,16783044,3,"and r9d, esi","and r9d, esi",4121f1,cpu,and,False,27,0,,,,,,,
16782988,"esi,r10,=",False,16782880,16783044,3,"mov r10d, esi","mov r10d, esi",4189f2,cpu,mov,False,9,0,,,,,,,
16782991,"r10d,r10,^,0xffffffff,&,r10,=,$z,zf,:=,$p,pf,:=,31,$s,sf,:=,0,cf,:=,0,of,:=",False,16782880,16783044,3,"xor r10d, r10d","xor r10d, r10d",4531d2,cpu,xor,False,28,0,,,,,,,
16782994,"r10d,r9d,|=,31,$s,sf,:=,$z,zf,:=,$p,pf,:=,0,of,:=,0,cf,:=",False,16782880,16783044,3,"or r9d, r10d","or r9d, r10d",4509d1,cpu,or,False,26,0,,,,,,,
16782997,"4294967295,r9,^,0xffffffff,&,r9,=,$z,zf,:=,$p,pf,:=,31,$s,sf,:=,0,cf,:=,0,of,:=",False,16782880,16783043,4,"xor r9d, 0xffffffff","xor r9d, 0xffffffff",4183f1ff,cpu,xor,False,28,0,,,4294967295.0,4294967295.0,,,
16783001,"r9d,r8,^,0xffffffff,&,r8,=,$z,zf,:=,$p,pf,:=,31,$s,sf,:=,0,cf,:=,0,of,:=",False,16782880,16783044,3,"xor r8d, r9d","xor r8d, r9d",4531c8,cpu,xor,False,28,0,,,,,,,
16783004,"r8d,rcx,^,0xffffffff,&,rcx,=,$z,zf,:=,$p,pf,:=,31,$s,sf,:=,0,cf,:=,0,of,:=",False,16782880,16783044,3,"xor ecx, r8d","xor ecx, r8d",4431c1,cpu,xor,False,28,0,,,,,,,
16783007,"edx,rdx,^,0xffffffff,&,rdx,=,$z,zf,:=,$p,pf,:=,31,$s,sf,:=,0,cf,:=,0,of,:=",False,16782880,16783045,2,"xor edx, edx","xor edx, edx",31d2,cpu,xor,False,28,0,,,,,,,
16783009,"edi,edx,|=,31,$s,sf,:=,$z,zf,:=,$p,pf,:=,0,of,:=,0,cf,:=",False,16782880,16783045,2,"or edx, edi","or edx, edi",09fa,cpu,or,False,26,0,,,,,,,
16783011,"esi,edx,|=,31,$s,sf,:=,$z,zf,:=,$p,pf,:=,0,of,:=,0,cf,:=",False,16782880,16783045,2,"or edx, esi","or edx, esi",09f2,cpu,or,False,26,0,,,,,,,
16783013,"esi,edx,|=,31,$s,sf,:=,$z,zf,:=,$p,pf,:=,0,of,:=,0,cf,:=",False,16782880,16783045,2,"or edx, esi","or edx, esi",09f2,cpu,or,False,26,0,,,,,,,
16783015,"esi,edx,|=,31,$s,sf,:=,$z,zf,:=,$p,pf,:=,0,of,:=,0,cf,:=",False,16782880,16783045,2,"or edx, esi","or edx, esi",09f2,cpu,or,False,26,0,,,,,,,
16783017,"edx,ecx,+=,31,$o,of,:=,31,$s,sf,:=,$z,zf,:=,31,$c,cf,:=,$p,pf,:=,3,$c,af,:=",False,16782880,16783045,2,"add ecx, edx","add ecx, edx",01d1,cpu,add,False,17,0,,,,,,,
16783019,"10,rsi,=",False,16782880,16783042,5,"mov esi, 0xa","mov esi, 0xa",be0a000000,cpu,mov,False,9,0,,,10.0,,,,
16783024,"edx,rdx,^,0xffffffff,&,rdx,=,$z,zf,:=,$p,pf,:=,31,$s,sf,:=,0,cf,:=,0,of,:=",False,16782880,16783045,2,"xor edx, edx","xor edx, edx",31d2,cpu,xor,False,28,0,,,,,,,
16783026,"esi,32,edx,<<,eax,+,%,esi,32,edx,<<,eax,+,/,eax,=,edx,=",False,16782880,16783045,2,div esi,div esi,f7f6,cpu,div,False,21,0,,,,,,,
16783028,"0xc,rbp,-,[4],rdx,=",True,16782880,16783044,3,"mov edx, dword [rbp - 0xc]","mov edx, dword [var_14h]",8b55f4,cpu,mov,False,9,0,,,,,,,
16783031,"10,edx,==,$z,zf,:=,32,$b,cf,:=,$p,pf,:=,31,$s,sf,:=,10,0x80000000,-,!,31,$o,^,of,:=,3,$b,af,:=",False,16782880,16783044,3,"cmp edx, 0xa","cmp edx, 0xa",83fa0a,cpu,cmp,False,15,0,,,10.0,10.0,,,
16783034,"ecx,0x8,rbp,-,=[4]",True,16782880,16783044,3,"mov dword [rbp - 8], ecx","mov dword [var_10h], ecx",894df8,cpu,mov,False,268435465,0,,,,,,,
16783037,"eax,0x4,rbp,-,=[4]",True,16782880,16783044,3,"mov dword [rbp - 4], eax","mov dword [var_ch], eax",8945fc,cpu,mov,False,268435465,0,,,,,,,
16783040,"cf,!,?{,16782929,rip,=,}",False,16782880,16783045,2,jae 0x1001651,jae 0x1001651,738f,cpu,cjmp,False,2147483649,0,,,,,16782929.0,16783042.0,
16783042,"0x8,rbp,-,[4],rax,=",True,16782880,16783044,3,"mov eax, dword [rbp - 8]","mov eax, dword [var_10h]",8b45f8,cpu,mov,False,9,0,,"[{'addr': 16782927, 'type': 'CODE'}]",,,,,
16783045,"rsp,[8],8,rsp,+=,rbp,=",False,16782880,16783046,1,pop rbp,pop rbp,5d,cpu,pop,False,14,0,,,,,,,
16783046,"rsp,[8],rip,=,8,rsp,+=",False,16782880,16783046,1,ret,ret,c3,cpu,ret,False,5,0,,,,,,,
