offset,esil,refptr,fcn_addr,fcn_last,size,opcode,disasm,bytes,family,type,reloc,type_num,type2_num,flags,xrefs_to,val,ptr,xrefs_from,jump,fail,comment
16782848,"rbp,8,rsp,-,=[8],8,rsp,-=",False,16782848,16783305,1,push rbp,push rbp,55,cpu,rpush,False,268435468,0,"['sym.square_root', 'dbg.square_root']","[{'addr': 16783357, 'type': 'CALL'}]",,,,,,
16782849,"rsp,rbp,=",False,16782848,16783303,3,"mov rbp, rsp","mov rbp, rsp",4889e5,cpu,mov,False,9,0,,,,,,,,
16782852,,False,16782848,16783302,4,"cvtsi2sd xmm0, edi","cvtsi2sd xmm0, edi",f20f2ac7,sse,null,False,0,0,,,,,,,,
16782856,"xmm0,0x28,rbp,-,=[8]",True,16782848,16783301,5,"movsd qword [rbp - 0x28], xmm0","movsd qword [var_30h], xmm0",f20f1145d8,sse,mov,False,268435465,0,,,,,,,,
16782861,"0x28,rbp,-,[8],xmm0,=",True,16782848,16783301,5,"movsd xmm0, qword [rbp - 0x28]","movsd xmm0, qword [var_30h]",f20f1045d8,sse,mov,False,9,0,,,,,,,,
16782866,"xmm0,rax,=",False,16782848,16783301,5,"movq rax, xmm0","movq rax, xmm0",66480f7ec0,sse,mov,False,9,0,,,,,,,,
16782871,"9223372036854775808,rcx,=",False,16782848,16783296,10,"movabs rcx, 0x8000000000000000","movabs rcx, 0x8000000000000000",48b90000000000000080,cpu,mov,False,9,0,,,9.223372036854776e+18,,,,,
16782881,"rcx,rax,^=,$z,zf,:=,$p,pf,:=,63,$s,sf,:=,0,cf,:=,0,of,:=",False,16782848,16783303,3,"xor rax, rcx","xor rax, rcx",4831c8,cpu,xor,False,28,0,,,,,,,,
16782884,"rax,xmm0,=",False,16782848,16783301,5,"movq xmm0, rax","movq xmm0, rax",66480f6ec0,sse,mov,False,9,0,,,,,,,,
16782889,"xmm0,0x20,rbp,-,=[8]",True,16782848,16783301,5,"movsd qword [rbp - 0x20], xmm0","movsd qword [var_28h], xmm0",f20f1145e0,sse,mov,False,268435465,0,,,,,,,,
16782894,"0x1196,rip,-,[8],xmm0,=",True,16782848,16783298,8,"movsd xmm0, qword [rip - 0x1196]","movsd xmm0, qword [data.010004a0]",f20f10056aeeffff,sse,mov,False,9,0,,,,16778400.0,"[{'addr': 16778400, 'type': 'DATA'}]",,,
16782902,,False,16782848,16783301,5,"subsd xmm0, qword [rbp - 0x28]","subsd xmm0, qword [var_30h]",f20f5c45d8,sse,null,False,0,0,,,,,,,,
16782907,"0x11b2,rip,-,[16],xmm1,=",True,16782848,16783299,7,"movaps xmm1, xmmword [rip - 0x11b2]","movaps xmm1, xmmword [data.01000490]",0f280d4eeeffff,sse,mov,False,9,0,,,,16778384.0,"[{'addr': 16778384, 'type': 'DATA'}]",,,
16782914,,False,16782848,16783302,4,"pand xmm0, xmm1","pand xmm0, xmm1",660fdbc1,sse,null,False,0,0,,,,,,,,
16782918,"xmm0,0x18,rbp,-,=[8]",True,16782848,16783301,5,"movsd qword [rbp - 0x18], xmm0","movsd qword [var_20h], xmm0",f20f1145e8,sse,mov,False,268435465,0,,,,,,,,
16782923,"0,0x2c,rbp,-,=[4]",True,16782848,16783299,7,"mov dword [rbp - 0x2c], 0","mov dword [var_34h], 0",c745d400000000,cpu,mov,False,268435465,0,,,0.0,,,,,
16782930,"0x2c,rbp,-,[4],rax,=",True,16782848,16783303,3,"mov eax, dword [rbp - 0x2c]","mov eax, dword [var_34h]",8b45d4,cpu,mov,False,9,0,,"[{'addr': 16782965, 'type': 'CODE'}]",,,,,,
16782933,"rax,0x38,rbp,-,=[8]",True,16782848,16783302,4,"mov qword [rbp - 0x38], rax","mov qword [var_40h], rax",488945c8,cpu,mov,False,268435465,0,,,,,,,,
16782937,"5,rax,-=,5,0x8000000000000000,-,!,63,$o,^,of,:=,63,$s,sf,:=,$z,zf,:=,$p,pf,:=,64,$b,cf,:=,3,$b,af,:=",False,16782848,16783302,4,"sub rax, 5","sub rax, 5",4883e805,cpu,sub,False,18,0,,,5.0,,,,,
16782941,"cf,zf,|,!,?{,16782963,rip,=,}",False,16782848,16783304,2,ja 0x1001673,ja 0x1001673,7714,cpu,cjmp,False,2147483649,0,,,,,,16782963.0,16782943.0,
16782943,"0x38,rbp,-,[8],rax,=",True,16782848,16783302,4,"mov rax, qword [rbp - 0x38]","mov rax, qword [var_40h]",488b45c8,cpu,mov,False,9,0,,,,,,,,
16782947,"0x11b2,rip,-,rcx,=",True,16782848,16783299,7,"lea rcx, [rip - 0x11b2]","lea rcx, data.010004b8",488d0d4eeeffff,cpu,lea,False,33,0,,,,16778424.0,"[{'addr': 16778424, 'type': 'DATA'}]",,,
16782954,"32,rax,4,*,rcx,+,[4],~,rax,=",True,16782848,16783302,4,"movsxd rax, dword [rcx + rax*4]","movsxd rax, dword [rcx + rax*4]",48630481,cpu,mov,False,9,0,,,,,,,,
16782958,"rcx,rax,+=,63,$o,of,:=,63,$s,sf,:=,$z,zf,:=,63,$c,cf,:=,$p,pf,:=,3,$c,af,:=",False,16782848,16783303,3,"add rax, rcx","add rax, rcx",4801c8,cpu,add,False,17,0,,,,,,,,
16782961,"rax,rip,=",False,16782848,16783304,2,jmp rax,jmp rax,ffe0,cpu,rjmp,False,268435458,0,['switch.0x01001671'],,,,"[{'addr': 16782967, 'type': 'CODE'}, {'addr': 16783028, 'type': 'CODE'}, {'addr': 16783128, 'type': 'CODE'}, {'addr': 16783135, 'type': 'CODE'}, {'addr': 16783235, 'type': 'CODE'}, {'addr': 16783242, 'type': 'CODE'}]",,,c3dpdGNoIHRhYmxlICg2IGNhc2VzKSBhdCAweDEwMDA0Yjg=
16782963,"0x1001675,rip,=",False,16782848,16783304,2,jmp 0x1001675,jmp 0x1001675,eb00,cpu,jmp,False,1,0,,,,,"[{'addr': 16782965, 'type': 'CODE'}]",16782965.0,,
16782965,"0x1001652,rip,=",False,16782848,16783304,2,jmp 0x1001652,jmp 0x1001652,ebdb,cpu,jmp,False,1,0,,"[{'addr': 16782963, 'type': 'CODE'}, {'addr': 16783026, 'type': 'CODE'}, {'addr': 16783123, 'type': 'CODE'}, {'addr': 16783230, 'type': 'CODE'}, {'addr': 16783301, 'type': 'CODE'}]",,,"[{'addr': 16782930, 'type': 'CODE'}]",16782930.0,,
16782967,"0x18,rbp,-,[8],xmm0,=",True,16782848,16783301,5,"movsd xmm0, qword [rbp - 0x18]","movsd xmm0, qword [var_20h]",f20f1045e8,sse,mov,False,9,0,['case.0x1001671.0'],"[{'addr': 16782961, 'type': 'CODE'}]",,,,,,
16782972,"0x11d4,rip,-,[8],xmm1,=",True,16782848,16783298,8,"movsd xmm1, qword [rip - 0x11d4]","movsd xmm1, qword [data.010004b0]",f20f100d2ceeffff,sse,mov,False,9,0,,,,16778416.0,"[{'addr': 16778416, 'type': 'DATA'}]",,,
16782980,"2,rax,=",False,16782848,16783301,5,"mov eax, 2","mov eax, 2",b802000000,cpu,mov,False,9,0,,,2.0,,,,,
16782985,"1,rcx,=",False,16782848,16783301,5,"mov ecx, 1","mov ecx, 1",b901000000,cpu,mov,False,9,0,,,1.0,,,,,
16782990,,False,16782848,16783302,4,"ucomisd xmm0, xmm1","ucomisd xmm0, xmm1",660f2ec1,sse,null,False,0,0,,,,,,,,
16782994,"cf,zf,|,!,?{,ecx,eax,=,}",False,16782848,16783303,3,"cmova eax, ecx","cmova eax, ecx",0f47c1,cpu,cmov,False,2147483657,0,,,,,,,,
16782997,"eax,0x2c,rbp,-,=[4]",True,16782848,16783303,3,"mov dword [rbp - 0x2c], eax","mov dword [var_34h], eax",8945d4,cpu,mov,False,268435465,0,,,,,,,,
16783000,"0x1200,rip,-,[8],xmm0,=",True,16782848,16783298,8,"movsd xmm0, qword [rip - 0x1200]","movsd xmm0, qword [data.010004a0]",f20f100500eeffff,sse,mov,False,9,0,,,,16778400.0,"[{'addr': 16778400, 'type': 'DATA'}]",,,
16783008,"xmm0,0x10,rbp,-,=[8]",True,16782848,16783301,5,"movsd qword [rbp - 0x10], xmm0","movsd qword [var_18h], xmm0",f20f1145f0,sse,mov,False,268435465,0,,,,,,,,
16783013,"0x120d,rip,-,[8],xmm0,=",True,16782848,16783298,8,"movsd xmm0, qword [rip - 0x120d]","movsd xmm0, qword [data.010004a0]",f20f1005f3edffff,sse,mov,False,9,0,,,,16778400.0,"[{'addr': 16778400, 'type': 'DATA'}]",,,
16783021,"xmm0,0x8,rbp,-,=[8]",True,16782848,16783301,5,"movsd qword [rbp - 8], xmm0","movsd qword [var_10h], xmm0",f20f1145f8,sse,mov,False,268435465,0,,,,,,,,
16783026,"0x1001675,rip,=",False,16782848,16783304,2,jmp 0x1001675,jmp 0x1001675,ebc1,cpu,jmp,False,1,0,,,,,"[{'addr': 16782965, 'type': 'CODE'}]",16782965.0,,
16783028,"0x10,rbp,-,[8],xmm0,=",True,16782848,16783301,5,"movsd xmm0, qword [rbp - 0x10]","movsd xmm0, qword [var_18h]",f20f1045f0,sse,mov,False,9,0,['case.0x1001671.1'],"[{'addr': 16782961, 'type': 'CODE'}]",,,,,,
16783033,"0x28,rbp,-,[8],xmm1,=",True,16782848,16783301,5,"movsd xmm1, qword [rbp - 0x28]","movsd xmm1, qword [var_30h]",f20f104dd8,sse,mov,False,9,0,,,,,,,,
16783038,,False,16782848,16783302,4,"divsd xmm1, xmm0","divsd xmm1, xmm0",f20f5ec8,sse,null,False,0,0,,,,,,,,
16783042,"xmm1,xmm0,+=",False,16782848,16783302,4,"addsd xmm0, xmm1","addsd xmm0, xmm1",f20f58c1,sse,add,False,17,0,,,123.0,,,,,
16783046,"0x1226,rip,-,[8],xmm1,=",True,16782848,16783298,8,"movsd xmm1, qword [rip - 0x1226]","movsd xmm1, qword [data.010004a8]",f20f100ddaedffff,sse,mov,False,9,0,,,,16778408.0,"[{'addr': 16778408, 'type': 'DATA'}]",,,
16783054,"xmm1,xmm0,*=",False,16782848,16783302,4,"mulsd xmm0, xmm1","mulsd xmm0, xmm1",f20f59c1,sse,mul,False,20,0,,,,,,,,
16783058,"0x20,rbp,-,[8],xmm2,=",True,16782848,16783301,5,"movsd xmm2, qword [rbp - 0x20]","movsd xmm2, qword [var_28h]",f20f1055e0,sse,mov,False,9,0,,,,,,,,
16783063,"xmm0,xmm1,=",False,16782848,16783303,3,"movaps xmm1, xmm0","movaps xmm1, xmm0",0f28c8,sse,mov,False,9,0,,,,,,,,
16783066,"xmm1,xmm1,*=",False,16782848,16783302,4,"mulsd xmm1, xmm1","mulsd xmm1, xmm1",f20f59c9,sse,mul,False,20,0,,,,,,,,
16783070,"xmm2,xmm1,+=",False,16782848,16783302,4,"addsd xmm1, xmm2","addsd xmm1, xmm2",f20f58ca,sse,add,False,17,0,,,124.0,,,,,
16783074,"0x1259,rip,-,[16],xmm2,=",True,16782848,16783299,7,"movaps xmm2, xmmword [rip - 0x1259]","movaps xmm2, xmmword [data.01000490]",0f2815a7edffff,sse,mov,False,9,0,,,,16778384.0,"[{'addr': 16778384, 'type': 'DATA'}]",,,
16783081,,False,16782848,16783302,4,"pand xmm1, xmm2","pand xmm1, xmm2",660fdbca,sse,null,False,0,0,,,,,,,,
16783085,"0x1245,rip,-,[8],xmm2,=",True,16782848,16783298,8,"movsd xmm2, qword [rip - 0x1245]","movsd xmm2, qword [data.010004b0]",f20f1015bbedffff,sse,mov,False,9,0,,,,16778416.0,"[{'addr': 16778416, 'type': 'DATA'}]",,,
16783093,"2,rax,=",False,16782848,16783301,5,"mov eax, 2","mov eax, 2",b802000000,cpu,mov,False,9,0,,,2.0,,,,,
16783098,"1,rcx,=",False,16782848,16783301,5,"mov ecx, 1","mov ecx, 1",b901000000,cpu,mov,False,9,0,,,1.0,,,,,
16783103,,False,16782848,16783302,4,"ucomisd xmm1, xmm2","ucomisd xmm1, xmm2",660f2eca,sse,null,False,0,0,,,,,,,,
16783107,"cf,zf,|,!,?{,ecx,eax,=,}",False,16782848,16783303,3,"cmova eax, ecx","cmova eax, ecx",0f47c1,cpu,cmov,False,2147483657,0,,,,,,,,
16783110,"eax,0x2c,rbp,-,=[4]",True,16782848,16783303,3,"mov dword [rbp - 0x2c], eax","mov dword [var_34h], eax",8945d4,cpu,mov,False,268435465,0,,,,,,,,
16783113,"xmm0,0x10,rbp,-,=[8]",True,16782848,16783301,5,"movsd qword [rbp - 0x10], xmm0","movsd qword [var_18h], xmm0",f20f1145f0,sse,mov,False,268435465,0,,,,,,,,
16783118,"xmm0,0x8,rbp,-,=[8]",True,16782848,16783301,5,"movsd qword [rbp - 8], xmm0","movsd qword [var_10h], xmm0",f20f1145f8,sse,mov,False,268435465,0,,,,,,,,
16783123,"0x1001675,rip,=",False,16782848,16783301,5,jmp 0x1001675,jmp 0x1001675,e95dffffff,cpu,jmp,False,1,0,,,,,"[{'addr': 16782965, 'type': 'CODE'}]",16782965.0,,
16783128,"0x8,rbp,-,[8],xmm0,=",True,16782848,16783301,5,"movsd xmm0, qword [rbp - 8]","movsd xmm0, qword [var_10h]",f20f1045f8,sse,mov,False,9,0,['case.0x1001671.2'],"[{'addr': 16782961, 'type': 'CODE'}]",,,,,,
16783133,"rsp,[8],8,rsp,+=,rbp,=",False,16782848,16783305,1,pop rbp,pop rbp,5d,cpu,pop,False,14,0,,,,,,,,
16783134,"rsp,[8],rip,=,8,rsp,+=",False,16782848,16783305,1,ret,ret,c3,cpu,ret,False,5,0,,,,,,,,
16783135,"0x10,rbp,-,[8],xmm0,=",True,16782848,16783301,5,"movsd xmm0, qword [rbp - 0x10]","movsd xmm0, qword [var_18h]",f20f1045f0,sse,mov,False,9,0,['case.0x1001671.3'],"[{'addr': 16782961, 'type': 'CODE'}]",,,,,,
16783140,"0x28,rbp,-,[8],xmm1,=",True,16782848,16783301,5,"movsd xmm1, qword [rbp - 0x28]","movsd xmm1, qword [var_30h]",f20f104dd8,sse,mov,False,9,0,,,,,,,,
16783145,,False,16782848,16783302,4,"divsd xmm1, xmm0","divsd xmm1, xmm0",f20f5ec8,sse,null,False,0,0,,,,,,,,
16783149,"xmm1,xmm0,+=",False,16782848,16783302,4,"addsd xmm0, xmm1","addsd xmm0, xmm1",f20f58c1,sse,add,False,17,0,,,123.0,,,,,
16783153,"0x1291,rip,-,[8],xmm1,=",True,16782848,16783298,8,"movsd xmm1, qword [rip - 0x1291]","movsd xmm1, qword [data.010004a8]",f20f100d6fedffff,sse,mov,False,9,0,,,,16778408.0,"[{'addr': 16778408, 'type': 'DATA'}]",,,
16783161,"xmm1,xmm0,*=",False,16782848,16783302,4,"mulsd xmm0, xmm1","mulsd xmm0, xmm1",f20f59c1,sse,mul,False,20,0,,,,,,,,
16783165,"0x20,rbp,-,[8],xmm2,=",True,16782848,16783301,5,"movsd xmm2, qword [rbp - 0x20]","movsd xmm2, qword [var_28h]",f20f1055e0,sse,mov,False,9,0,,,,,,,,
16783170,"xmm0,xmm1,=",False,16782848,16783303,3,"movaps xmm1, xmm0","movaps xmm1, xmm0",0f28c8,sse,mov,False,9,0,,,,,,,,
16783173,"xmm1,xmm1,*=",False,16782848,16783302,4,"mulsd xmm1, xmm1","mulsd xmm1, xmm1",f20f59c9,sse,mul,False,20,0,,,,,,,,
16783177,"xmm2,xmm1,+=",False,16782848,16783302,4,"addsd xmm1, xmm2","addsd xmm1, xmm2",f20f58ca,sse,add,False,17,0,,,124.0,,,,,
16783181,"0x12c4,rip,-,[16],xmm2,=",True,16782848,16783299,7,"movaps xmm2, xmmword [rip - 0x12c4]","movaps xmm2, xmmword [data.01000490]",0f28153cedffff,sse,mov,False,9,0,,,,16778384.0,"[{'addr': 16778384, 'type': 'DATA'}]",,,
16783188,,False,16782848,16783302,4,"pand xmm1, xmm2","pand xmm1, xmm2",660fdbca,sse,null,False,0,0,,,,,,,,
16783192,"0x12b0,rip,-,[8],xmm2,=",True,16782848,16783298,8,"movsd xmm2, qword [rip - 0x12b0]","movsd xmm2, qword [data.010004b0]",f20f101550edffff,sse,mov,False,9,0,,,,16778416.0,"[{'addr': 16778416, 'type': 'DATA'}]",,,
16783200,"2,rax,=",False,16782848,16783301,5,"mov eax, 2","mov eax, 2",b802000000,cpu,mov,False,9,0,,,2.0,,,,,
16783205,"1,rcx,=",False,16782848,16783301,5,"mov ecx, 1","mov ecx, 1",b901000000,cpu,mov,False,9,0,,,1.0,,,,,
16783210,,False,16782848,16783302,4,"ucomisd xmm1, xmm2","ucomisd xmm1, xmm2",660f2eca,sse,null,False,0,0,,,,,,,,
16783214,"cf,zf,|,!,?{,ecx,eax,=,}",False,16782848,16783303,3,"cmova eax, ecx","cmova eax, ecx",0f47c1,cpu,cmov,False,2147483657,0,,,,,,,,
16783217,"eax,0x2c,rbp,-,=[4]",True,16782848,16783303,3,"mov dword [rbp - 0x2c], eax","mov dword [var_34h], eax",8945d4,cpu,mov,False,268435465,0,,,,,,,,
16783220,"xmm0,0x10,rbp,-,=[8]",True,16782848,16783301,5,"movsd qword [rbp - 0x10], xmm0","movsd qword [var_18h], xmm0",f20f1145f0,sse,mov,False,268435465,0,,,,,,,,
16783225,"xmm0,0x8,rbp,-,=[8]",True,16782848,16783301,5,"movsd qword [rbp - 8], xmm0","movsd qword [var_10h], xmm0",f20f1145f8,sse,mov,False,268435465,0,,,,,,,,
16783230,"0x1001675,rip,=",False,16782848,16783301,5,jmp 0x1001675,jmp 0x1001675,e9f2feffff,cpu,jmp,False,1,0,,,,,"[{'addr': 16782965, 'type': 'CODE'}]",16782965.0,,
16783235,"0x8,rbp,-,[8],xmm0,=",True,16782848,16783301,5,"movsd xmm0, qword [rbp - 8]","movsd xmm0, qword [var_10h]",f20f1045f8,sse,mov,False,9,0,['case.0x1001671.4'],"[{'addr': 16782961, 'type': 'CODE'}]",,,,,,
16783240,"rsp,[8],8,rsp,+=,rbp,=",False,16782848,16783305,1,pop rbp,pop rbp,5d,cpu,pop,False,14,0,,,,,,,,
16783241,"rsp,[8],rip,=,8,rsp,+=",False,16782848,16783305,1,ret,ret,c3,cpu,ret,False,5,0,,,,,,,,
16783242,"0x18,rbp,-,[8],xmm0,=",True,16782848,16783301,5,"movsd xmm0, qword [rbp - 0x18]","movsd xmm0, qword [var_20h]",f20f1045e8,sse,mov,False,9,0,['case.0x1001671.5'],"[{'addr': 16782961, 'type': 'CODE'}]",,,,,,
16783247,"0x12e7,rip,-,[8],xmm1,=",True,16782848,16783298,8,"movsd xmm1, qword [rip - 0x12e7]","movsd xmm1, qword [data.010004b0]",f20f100d19edffff,sse,mov,False,9,0,,,,16778416.0,"[{'addr': 16778416, 'type': 'DATA'}]",,,
16783255,"2,rax,=",False,16782848,16783301,5,"mov eax, 2","mov eax, 2",b802000000,cpu,mov,False,9,0,,,2.0,,,,,
16783260,"1,rcx,=",False,16782848,16783301,5,"mov ecx, 1","mov ecx, 1",b901000000,cpu,mov,False,9,0,,,1.0,,,,,
16783265,,False,16782848,16783302,4,"ucomisd xmm0, xmm1","ucomisd xmm0, xmm1",660f2ec1,sse,null,False,0,0,,,,,,,,
16783269,"cf,zf,|,!,?{,ecx,eax,=,}",False,16782848,16783303,3,"cmova eax, ecx","cmova eax, ecx",0f47c1,cpu,cmov,False,2147483657,0,,,,,,,,
16783272,"eax,0x2c,rbp,-,=[4]",True,16782848,16783303,3,"mov dword [rbp - 0x2c], eax","mov dword [var_34h], eax",8945d4,cpu,mov,False,268435465,0,,,,,,,,
16783275,"0x1313,rip,-,[8],xmm0,=",True,16782848,16783298,8,"movsd xmm0, qword [rip - 0x1313]","movsd xmm0, qword [data.010004a0]",f20f1005edecffff,sse,mov,False,9,0,,,,16778400.0,"[{'addr': 16778400, 'type': 'DATA'}]",,,
16783283,"xmm0,0x10,rbp,-,=[8]",True,16782848,16783301,5,"movsd qword [rbp - 0x10], xmm0","movsd qword [var_18h], xmm0",f20f1145f0,sse,mov,False,268435465,0,,,,,,,,
16783288,"0x1320,rip,-,[8],xmm0,=",True,16782848,16783298,8,"movsd xmm0, qword [rip - 0x1320]","movsd xmm0, qword [data.010004a0]",f20f1005e0ecffff,sse,mov,False,9,0,,,,16778400.0,"[{'addr': 16778400, 'type': 'DATA'}]",,,
16783296,"xmm0,0x8,rbp,-,=[8]",True,16782848,16783301,5,"movsd qword [rbp - 8], xmm0","movsd qword [var_10h], xmm0",f20f1145f8,sse,mov,False,268435465,0,,,,,,,,
16783301,"0x1001675,rip,=",False,16782848,16783301,5,jmp 0x1001675,jmp 0x1001675,e9abfeffff,cpu,jmp,False,1,0,,,,,"[{'addr': 16782965, 'type': 'CODE'}]",16782965.0,,
