offset,esil,refptr,fcn_addr,fcn_last,size,opcode,disasm,bytes,family,type,reloc,type_num,type2_num,flags,xrefs_to,val
16784176,"rbp,8,rsp,-,=[8],8,rsp,-=",False,16784176,16784258,1,push rbp,push rbp,55,cpu,rpush,False,268435468,0,['sym.create_fractal'],"[{'addr': 16783276, 'type': 'CALL'}]",
16784177,"rsp,rbp,=",False,16784176,16784256,3,"mov rbp, rsp","mov rbp, rsp",4889e5,cpu,mov,False,9,0,,,
16784180,"32,esi,~,rax,=",False,16784176,16784256,3,"movsxd rax, esi","movsxd rax, esi",4863c6,cpu,mov,False,9,0,,,
16784183,"64,1374389535,~,64,rax,~,*,DUP,rax,=,rax,-,?{,1,1,}{,0,0,},cf,:=,of,:=",False,16784176,16784252,7,"imul rax, rax, 0x51eb851f","imul rax, rax, 0x51eb851f",4869c01f85eb51,cpu,mul,False,20,0,,,
16784190,"rax,rcx,=",False,16784176,16784256,3,"mov rcx, rax","mov rcx, rax",4889c1,cpu,mov,False,9,0,,,
16784193,"0,cf,:=,1,63,-,1,<<,rcx,&,?{,1,cf,:=,},63,rcx,>>,rcx,=,$z,zf,:=,$p,pf,:=,63,$s,sf,:=",False,16784176,16784255,4,"shr rcx, 0x3f","shr rcx, 0x3f",48c1e93f,cpu,shr,False,22,0,,,63.0
16784197,"0,cf,:=,1,37,-,1,<<,rax,&,?{,1,cf,:=,},37,rax,>>>>,rax,=,$z,zf,:=,$p,pf,:=,63,$s,sf,:=",False,16784176,16784255,4,"sar rax, 0x25","sar rax, 0x25",48c1f825,cpu,sar,False,25,0,,,
16784201,"ecx,eax,+=,31,$o,of,:=,31,$s,sf,:=,$z,zf,:=,31,$c,cf,:=,$p,pf,:=,3,$c,af,:=",False,16784176,16784257,2,"add eax, ecx","add eax, ecx",01c8,cpu,add,False,17,0,,,
16784203,"32,100,~,32,eax,~,*,DUP,edx,=,edx,-,?{,1,1,}{,0,0,},cf,:=,of,:=",False,16784176,16784256,3,"imul edx, eax, 0x64","imul edx, eax, 0x64",6bd064,cpu,mul,False,20,0,,,
16784206,"esi,rax,=",False,16784176,16784257,2,"mov eax, esi","mov eax, esi",89f0,cpu,mov,False,9,0,,,
16784208,"edx,!,!,cf,:=,edx,0xffffffff,^,1,+,edx,=,$z,zf,:=,0,of,:=,31,$s,sf,:=,31,$o,pf,:=",False,16784176,16784257,2,neg edx,neg edx,f7da,cpu,sub,False,18,0,,,
16784210,"edx,rcx,=",False,16784176,16784257,2,"mov ecx, edx","mov ecx, edx",89d1,cpu,mov,False,9,0,,,
16784212,"0x1,rcx,rax,+,+,eax,=",True,16784176,16784255,4,"lea eax, [rax + rcx + 1]","lea eax, [rax + rcx + 1]",8d440801,cpu,lea,False,33,0,,,
16784216,"eax,xmm0l,=",False,16784176,16784255,4,"movd xmm0, eax","movd xmm0, eax",660f6ec0,sse,mov,False,9,0,,,
16784220,,False,16784176,16784254,5,"pshufd xmm0, xmm0, 0","pshufd xmm0, xmm0, 0",660f70c000,sse,null,False,0,0,,,
16784225,"xmm0,rdi,=[16]",False,16784176,16784255,4,"movdqu xmmword [rdi], xmm0","movdqu xmmword [rdi], xmm0",f30f7f07,sse,null,False,0,0,,,
16784229,"xmm0,0x10,rdi,+,=[16]",False,16784176,16784254,5,"movdqu xmmword [rdi + 0x10], xmm0","movdqu xmmword [rdi + 0x10], xmm0",f30f7f4710,sse,null,False,0,0,,,
16784234,"xmm0,0x20,rdi,+,=[16]",False,16784176,16784254,5,"movdqu xmmword [rdi + 0x20], xmm0","movdqu xmmword [rdi + 0x20], xmm0",f30f7f4720,sse,null,False,0,0,,,
16784239,"xmm0,0x30,rdi,+,=[16]",False,16784176,16784254,5,"movdqu xmmword [rdi + 0x30], xmm0","movdqu xmmword [rdi + 0x30], xmm0",f30f7f4730,sse,null,False,0,0,,,
16784244,"xmm0,0x40,rdi,+,=[16]",False,16784176,16784254,5,"movdqu xmmword [rdi + 0x40], xmm0","movdqu xmmword [rdi + 0x40], xmm0",f30f7f4740,sse,null,False,0,0,,,
16784249,"xmm0,0x50,rdi,+,=[16]",False,16784176,16784254,5,"movdqu xmmword [rdi + 0x50], xmm0","movdqu xmmword [rdi + 0x50], xmm0",f30f7f4750,sse,null,False,0,0,,,
16784254,"eax,0x60,rdi,+,=[4]",True,16784176,16784256,3,"mov dword [rdi + 0x60], eax","mov dword [rdi + 0x60], eax",894760,cpu,mov,False,9,0,,,
16784257,"rsp,[8],8,rsp,+=,rbp,=",False,16784176,16784258,1,pop rbp,pop rbp,5d,cpu,pop,False,14,0,,,
16784258,"rsp,[8],rip,=,8,rsp,+=",False,16784176,16784258,1,ret,ret,c3,cpu,ret,False,5,0,,,
