offset,esil,refptr,fcn_addr,fcn_last,size,opcode,disasm,bytes,family,type,reloc,type_num,type2_num,flags,xrefs_to,val,ptr,jump,fail,xrefs_from,comment
16783808,"rbp,8,rsp,-,=[8],8,rsp,-=",False,16783808,16784160,1,push rbp,push rbp,55,cpu,rpush,False,268435468,0,['sym.analyze_path'],"[{'addr': 16783229, 'type': 'CALL'}]",,,,,,
16783809,"rsp,rbp,=",False,16783808,16784158,3,"mov rbp, rsp","mov rbp, rsp",4889e5,cpu,mov,False,9,0,,,,,,,,
16783812,"48,rsp,-=,48,0x8000000000000000,-,!,63,$o,^,of,:=,63,$s,sf,:=,$z,zf,:=,$p,pf,:=,64,$b,cf,:=,3,$b,af,:=",False,16783808,16784157,4,"sub rsp, 0x30","sub rsp, 0x30",4883ec30,cpu,sub,False,18,0,,,48.0,,,,,
16783816,"rdi,0x28,rbp,-,=[8]",True,16783808,16784157,4,"mov qword [rbp - 0x28], rdi","mov qword [var_30h], rdi",48897dd8,cpu,mov,False,268435465,0,,,,,,,,
16783820,"esi,0x1c,rbp,-,=[4]",True,16783808,16784158,3,"mov dword [rbp - 0x1c], esi","mov dword [var_24h], esi",8975e4,cpu,mov,False,268435465,0,,,,,,,,
16783823,"edx,0x18,rbp,-,=[4]",True,16783808,16784158,3,"mov dword [rbp - 0x18], edx","mov dword [var_20h], edx",8955e8,cpu,mov,False,268435465,0,,,,,,,,
16783826,"4,esi,==,$z,zf,:=,32,$b,cf,:=,$p,pf,:=,31,$s,sf,:=,4,0x80000000,-,!,31,$o,^,of,:=,3,$b,af,:=",False,16783808,16784158,3,"cmp esi, 4","cmp esi, 4",83fe04,cpu,cmp,False,15,0,,,4.0,4.0,,,,
16783829,"cf,zf,|,!,al,=",False,16783808,16784158,3,seta al,seta al,0f97c0,cpu,cmov,False,2147483657,0,,,,,,,,
16783832,"1,al,&=,$z,zf,:=,$p,pf,:=,7,$s,sf,:=,0,cf,:=,0,of,:=",False,16783808,16784159,2,"and al, 1","and al, 1",2401,cpu,and,False,27,0,,,1.0,,,,,
16783834,"al,0xe,rbp,-,=[1]",True,16783808,16784158,3,"mov byte [rbp - 0xe], al","mov byte [var_16h], al",8845f2,cpu,mov,False,268435465,0,,,,,,,,
16783837,"4,edx,==,$z,zf,:=,32,$b,cf,:=,$p,pf,:=,31,$s,sf,:=,4,0x80000000,-,!,31,$o,^,of,:=,3,$b,af,:=",False,16783808,16784158,3,"cmp edx, 4","cmp edx, 4",83fa04,cpu,cmp,False,15,0,,,4.0,4.0,,,,
16783840,"cf,zf,|,!,al,=",False,16783808,16784158,3,seta al,seta al,0f97c0,cpu,cmov,False,2147483657,0,,,,,,,,
16783843,"1,al,&=,$z,zf,:=,$p,pf,:=,7,$s,sf,:=,0,cf,:=,0,of,:=",False,16783808,16784159,2,"and al, 1","and al, 1",2401,cpu,and,False,27,0,,,1.0,,,,,
16783845,"al,0xd,rbp,-,=[1]",True,16783808,16784158,3,"mov byte [rbp - 0xd], al","mov byte [var_15h], al",8845f3,cpu,mov,False,268435465,0,,,,,,,,
16783848,"0,0x14,rbp,-,=[4]",True,16783808,16784154,7,"mov dword [rbp - 0x14], 0","mov dword [var_1ch], 0",c745ec00000000,cpu,mov,False,268435465,0,,,0.0,,,,,
16783855,"0x14,rbp,-,[4],rax,=",True,16783808,16784158,3,"mov eax, dword [rbp - 0x14]","mov eax, dword [var_1ch]",8b45ec,cpu,mov,False,9,0,,"[{'addr': 16783890, 'type': 'CODE'}]",,,,,,
16783858,"rax,0x30,rbp,-,=[8]",True,16783808,16784157,4,"mov qword [rbp - 0x30], rax","mov qword [var_38h], rax",488945d0,cpu,mov,False,268435465,0,,,,,,,,
16783862,"7,rax,-=,7,0x8000000000000000,-,!,63,$o,^,of,:=,63,$s,sf,:=,$z,zf,:=,$p,pf,:=,64,$b,cf,:=,3,$b,af,:=",False,16783808,16784157,4,"sub rax, 7","sub rax, 7",4883e807,cpu,sub,False,18,0,,,7.0,,,,,
16783866,"cf,zf,|,!,?{,16783888,rip,=,}",False,16783808,16784159,2,ja 0x1001a10,ja 0x1001a10,7714,cpu,cjmp,False,2147483649,0,,,,,16783888.0,16783868.0,,
16783868,"0x30,rbp,-,[8],rax,=",True,16783808,16784157,4,"mov rax, qword [rbp - 0x30]","mov rax, qword [var_38h]",488b45d0,cpu,mov,False,9,0,,,,,,,,
16783872,"0x157b,rip,-,rcx,=",True,16783808,16784154,7,"lea rcx, [rip - 0x157b]","lea rcx, data.0100048c",488d0d85eaffff,cpu,lea,False,33,0,,,,16778380.0,,,"[{'addr': 16778380, 'type': 'DATA'}]",
16783879,"32,rax,4,*,rcx,+,[4],~,rax,=",True,16783808,16784157,4,"movsxd rax, dword [rcx + rax*4]","movsxd rax, dword [rcx + rax*4]",48630481,cpu,mov,False,9,0,,,,,,,,
16783883,"rcx,rax,+=,63,$o,of,:=,63,$s,sf,:=,$z,zf,:=,63,$c,cf,:=,$p,pf,:=,3,$c,af,:=",False,16783808,16784158,3,"add rax, rcx","add rax, rcx",4801c8,cpu,add,False,17,0,,,,,,,,
16783886,"rax,rip,=",False,16783808,16784159,2,jmp rax,jmp rax,ffe0,cpu,rjmp,False,268435458,0,['switch.0x01001a0e'],,,,,,"[{'addr': 16783892, 'type': 'CODE'}, {'addr': 16783919, 'type': 'CODE'}, {'addr': 16783940, 'type': 'CODE'}, {'addr': 16784013, 'type': 'CODE'}, {'addr': 16784050, 'type': 'CODE'}, {'addr': 16784085, 'type': 'CODE'}, {'addr': 16784120, 'type': 'CODE'}, {'addr': 16784155, 'type': 'CODE'}]",c3dpdGNoIHRhYmxlICg4IGNhc2VzKSBhdCAweDEwMDA0OGM=
16783888,"0x1001a12,rip,=",False,16783808,16784159,2,jmp 0x1001a12,jmp 0x1001a12,eb00,cpu,jmp,False,1,0,,,,,16783890.0,,"[{'addr': 16783890, 'type': 'CODE'}]",
16783890,"0x10019ef,rip,=",False,16783808,16784159,2,jmp 0x10019ef,jmp 0x10019ef,ebdb,cpu,jmp,False,1,0,,"[{'addr': 16783888, 'type': 'CODE'}, {'addr': 16783917, 'type': 'CODE'}, {'addr': 16783938, 'type': 'CODE'}, {'addr': 16784011, 'type': 'CODE'}, {'addr': 16784045, 'type': 'CODE'}, {'addr': 16784080, 'type': 'CODE'}, {'addr': 16784115, 'type': 'CODE'}, {'addr': 16784150, 'type': 'CODE'}]",,,16783855.0,,"[{'addr': 16783855, 'type': 'CODE'}]",
16783892,"0xe,rbp,-,[1],dl,=",True,16783808,16784158,3,"mov dl, byte [rbp - 0xe]","mov dl, byte [var_16h]",8a55f2,cpu,mov,False,9,0,['case.0x1001a0e.0'],"[{'addr': 16783886, 'type': 'CODE'}]",,,,,,
16783895,"0xd,rbp,-,[1],dl,|=,7,$s,sf,:=,$z,zf,:=,$p,pf,:=,0,of,:=,0,cf,:=",True,16783808,16784158,3,"or dl, byte [rbp - 0xd]","or dl, byte [var_15h]",0a55f3,cpu,or,False,26,0,,,,,,,,
16783898,"2,rax,=",False,16783808,16784156,5,"mov eax, 2","mov eax, 2",b802000000,cpu,mov,False,9,0,,,2.0,,,,,
16783903,"1,rcx,=",False,16783808,16784156,5,"mov ecx, 1","mov ecx, 1",b901000000,cpu,mov,False,9,0,,,1.0,,,,,
16783908,"0,1,dl,&,==,$z,zf,:=,$p,pf,:=,7,$s,sf,:=,0,cf,:=,0,of,:=",False,16783808,16784158,3,"test dl, 1","test dl, 1",f6c201,cpu,acmp,False,16,0,,,1.0,1.0,,,,
16783911,"zf,!,?{,ecx,eax,=,}",False,16783808,16784158,3,"cmovne eax, ecx","cmovne eax, ecx",0f45c1,cpu,cmov,False,2147483657,0,,,,,,,,
16783914,"eax,0x14,rbp,-,=[4]",True,16783808,16784158,3,"mov dword [rbp - 0x14], eax","mov dword [var_1ch], eax",8945ec,cpu,mov,False,268435465,0,,,,,,,,
16783917,"0x1001a12,rip,=",False,16783808,16784159,2,jmp 0x1001a12,jmp 0x1001a12,ebe3,cpu,jmp,False,1,0,,,,,16783890.0,,"[{'addr': 16783890, 'type': 'CODE'}]",
16783919,"0x14c4,rip,-,rdi,=",True,16783808,16784154,7,"lea rdi, [rip - 0x14c4]","lea rdi, str.Out_of_bounds",488d3d3cebffff,cpu,lea,False,33,0,['case.0x1001a0e.1'],"[{'addr': 16783886, 'type': 'CODE'}]",,16778610.0,,,"[{'addr': 16778610, 'type': 'DATA'}]",
16783926,"16784944,rip,8,rsp,-=,rsp,=[],rip,=",False,16783808,16784156,5,call 0x1001e30,call sym.imp.puts,e8f5030000,cpu,call,False,3,0,,,,,16784944.0,16783931.0,"[{'addr': 16784944, 'type': 'CALL'}]",
16783931,"7,0x14,rbp,-,=[4]",True,16783808,16784154,7,"mov dword [rbp - 0x14], 7","mov dword [var_1ch], 7",c745ec07000000,cpu,mov,False,268435465,0,,,7.0,,,,,
16783938,"0x1001a12,rip,=",False,16783808,16784159,2,jmp 0x1001a12,jmp 0x1001a12,ebce,cpu,jmp,False,1,0,,,,,16783890.0,,"[{'addr': 16783890, 'type': 'CODE'}]",
16783940,"0x28,rbp,-,[8],rax,=",True,16783808,16784157,4,"mov rax, qword [rbp - 0x28]","mov rax, qword [var_30h]",488b45d8,cpu,mov,False,9,0,['case.0x1001a0e.2'],"[{'addr': 16783886, 'type': 'CODE'}]",,,,,,
16783944,"0x18,rbp,-,[4],rcx,=",True,16783808,16784158,3,"mov ecx, dword [rbp - 0x18]","mov ecx, dword [var_20h]",8b4de8,cpu,mov,False,9,0,,,,,,,,
16783947,"0x1c,rbp,-,[4],rdx,=",True,16783808,16784158,3,"mov edx, dword [rbp - 0x1c]","mov edx, dword [var_24h]",8b55e4,cpu,mov,False,9,0,,,,,,,,
16783950,"edx,rdx,=",False,16783808,16784159,2,"mov edx, edx","mov edx, edx",89d2,cpu,mov,False,9,0,,,,,,,,
16783952,"ecx,rcx,=",False,16783808,16784159,2,"mov ecx, ecx","mov ecx, ecx",89c9,cpu,mov,False,9,0,,,,,,,,
16783954,"64,20,~,64,rdx,~,*,DUP,rdx,=,rdx,-,?{,1,1,}{,0,0,},cf,:=,of,:=",False,16783808,16784157,4,"imul rdx, rdx, 0x14","imul rdx, rdx, 0x14",486bd214,cpu,mul,False,20,0,,,,,,,,
16783958,"rdx,rax,+=,63,$o,of,:=,63,$s,sf,:=,$z,zf,:=,63,$c,cf,:=,$p,pf,:=,3,$c,af,:=",False,16783808,16784158,3,"add rax, rdx","add rax, rdx",4801d0,cpu,add,False,17,0,,,,,,,,
16783961,"0,2,!,!,?{,1,2,-,rcx,<<,0x8000000000000000,&,!,!,^,},2,rcx,<<=,$z,zf,:=,$p,pf,:=,63,$s,sf,:=,cf,=",False,16783808,16784157,4,"shl rcx, 2","shl rcx, 2",48c1e102,cpu,shl,False,23,0,,,,,,,,
16783965,"rcx,rax,+=,63,$o,of,:=,63,$s,sf,:=,$z,zf,:=,63,$c,cf,:=,$p,pf,:=,3,$c,af,:=",False,16783808,16784158,3,"add rax, rcx","add rax, rcx",4801c8,cpu,add,False,17,0,,,,,,,,
16783968,"rax,[4],rax,=",True,16783808,16784159,2,"mov eax, dword [rax]","mov eax, dword [rax]",8b00,cpu,mov,False,9,0,,,,,,,,
16783970,"eax,0xc,rbp,-,=[4]",True,16783808,16784158,3,"mov dword [rbp - 0xc], eax","mov dword [var_14h], eax",8945f4,cpu,mov,False,268435465,0,,,,,,,,
16783973,"32,7,~,32,0xc,rbp,-,[4],~,*,DUP,eax,=,eax,-,?{,1,1,}{,0,0,},cf,:=,of,:=",False,16783808,16784157,4,"imul eax, dword [rbp - 0xc], 7","imul eax, dword [var_14h], 7",6b45f407,cpu,mul,False,20,0,,,,,,,,
16783977,"eax,0x8,rbp,-,=[4]",True,16783808,16784158,3,"mov dword [rbp - 8], eax","mov dword [var_10h], eax",8945f8,cpu,mov,False,268435465,0,,,,,,,,
16783980,"0xc,rbp,-,[4],rax,=",True,16783808,16784158,3,"mov eax, dword [rbp - 0xc]","mov eax, dword [var_14h]",8b45f4,cpu,mov,False,9,0,,,,,,,,
16783983,"0,1,!,!,?{,1,1,-,eax,<<,0x80000000,&,!,!,^,},1,eax,<<=,$z,zf,:=,$p,pf,:=,31,$s,sf,:=,cf,=",False,16783808,16784159,2,"shl eax, 1","shl eax, 1",d1e0,cpu,shl,False,23,0,,,,,,,,
16783985,"3,rcx,=",False,16783808,16784156,5,"mov ecx, 3","mov ecx, 3",b903000000,cpu,mov,False,9,0,,,3.0,,,,,
16783990,"5,rdx,=",False,16783808,16784156,5,"mov edx, 5","mov edx, 5",ba05000000,cpu,mov,False,9,0,,,5.0,,,,,
16783995,"500,0xc,rbp,-,[4],==,$z,zf,:=,32,$b,cf,:=,$p,pf,:=,31,$s,sf,:=,500,0x80000000,-,!,31,$o,^,of,:=,3,$b,af,:=",True,16783808,16784154,7,"cmp dword [rbp - 0xc], 0x1f4","cmp dword [var_14h], 0x1f4",817df4f4010000,cpu,cmp,False,268435471,0,,,500.0,,,,,
16784002,"zf,!,sf,of,^,!,&,?{,edx,ecx,=,}",False,16783808,16784158,3,"cmovg ecx, edx","cmovg ecx, edx",0f4fca,cpu,cmov,False,2147483657,0,,,,,,,,
16784005,"ecx,0x14,rbp,-,=[4]",True,16783808,16784158,3,"mov dword [rbp - 0x14], ecx","mov dword [var_1ch], ecx",894dec,cpu,mov,False,268435465,0,,,,,,,,
16784008,"eax,0x4,rbp,-,=[4]",True,16783808,16784158,3,"mov dword [rbp - 4], eax","mov dword [var_ch], eax",8945fc,cpu,mov,False,268435465,0,,,,,,,,
16784011,"0x1001a12,rip,=",False,16783808,16784159,2,jmp 0x1001a12,jmp 0x1001a12,eb85,cpu,jmp,False,1,0,,,,,16783890.0,,"[{'addr': 16783890, 'type': 'CODE'}]",
16784013,"0xc,rbp,-,[4],rax,=",True,16783808,16784158,3,"mov eax, dword [rbp - 0xc]","mov eax, dword [var_14h]",8b45f4,cpu,mov,False,9,0,['case.0x1001a0e.3'],"[{'addr': 16783886, 'type': 'CODE'}]",,,,,,
16784016,"0,2,!,!,?{,1,2,-,eax,<<,0x80000000,&,!,!,^,},2,eax,<<=,$z,zf,:=,$p,pf,:=,31,$s,sf,:=,cf,=",False,16783808,16784158,3,"shl eax, 2","shl eax, 2",c1e002,cpu,shl,False,23,0,,,,,,,,
16784019,"4,rcx,=",False,16783808,16784156,5,"mov ecx, 4","mov ecx, 4",b904000000,cpu,mov,False,9,0,,,4.0,,,,,
16784024,"5,rdx,=",False,16783808,16784156,5,"mov edx, 5","mov edx, 5",ba05000000,cpu,mov,False,9,0,,,5.0,,,,,
16784029,"250,0xc,rbp,-,[4],==,$z,zf,:=,32,$b,cf,:=,$p,pf,:=,31,$s,sf,:=,250,0x80000000,-,!,31,$o,^,of,:=,3,$b,af,:=",True,16783808,16784154,7,"cmp dword [rbp - 0xc], 0xfa","cmp dword [var_14h], 0xfa",817df4fa000000,cpu,cmp,False,268435471,0,,,250.0,,,,,
16784036,"zf,!,sf,of,^,!,&,?{,edx,ecx,=,}",False,16783808,16784158,3,"cmovg ecx, edx","cmovg ecx, edx",0f4fca,cpu,cmov,False,2147483657,0,,,,,,,,
16784039,"ecx,0x14,rbp,-,=[4]",True,16783808,16784158,3,"mov dword [rbp - 0x14], ecx","mov dword [var_1ch], ecx",894dec,cpu,mov,False,268435465,0,,,,,,,,
16784042,"eax,0x4,rbp,-,=[4]",True,16783808,16784158,3,"mov dword [rbp - 4], eax","mov dword [var_ch], eax",8945fc,cpu,mov,False,268435465,0,,,,,,,,
16784045,"0x1001a12,rip,=",False,16783808,16784156,5,jmp 0x1001a12,jmp 0x1001a12,e960ffffff,cpu,jmp,False,1,0,,,,,16783890.0,,"[{'addr': 16783890, 'type': 'CODE'}]",
16784050,"32,7,~,32,0xc,rbp,-,[4],~,*,DUP,eax,=,eax,-,?{,1,1,}{,0,0,},cf,:=,of,:=",False,16783808,16784157,4,"imul eax, dword [rbp - 0xc], 7","imul eax, dword [var_14h], 7",6b45f407,cpu,mul,False,20,0,['case.0x1001a0e.4'],"[{'addr': 16783886, 'type': 'CODE'}]",,,,,,
16784054,"6,rcx,=",False,16783808,16784156,5,"mov ecx, 6","mov ecx, 6",b906000000,cpu,mov,False,9,0,,,6.0,,,,,
16784059,"5,rdx,=",False,16783808,16784156,5,"mov edx, 5","mov edx, 5",ba05000000,cpu,mov,False,9,0,,,5.0,,,,,
16784064,"142,0xc,rbp,-,[4],==,$z,zf,:=,32,$b,cf,:=,$p,pf,:=,31,$s,sf,:=,142,0x80000000,-,!,31,$o,^,of,:=,3,$b,af,:=",True,16783808,16784154,7,"cmp dword [rbp - 0xc], 0x8e","cmp dword [var_14h], 0x8e",817df48e000000,cpu,cmp,False,268435471,0,,,142.0,,,,,
16784071,"zf,!,sf,of,^,!,&,?{,edx,ecx,=,}",False,16783808,16784158,3,"cmovg ecx, edx","cmovg ecx, edx",0f4fca,cpu,cmov,False,2147483657,0,,,,,,,,
16784074,"ecx,0x14,rbp,-,=[4]",True,16783808,16784158,3,"mov dword [rbp - 0x14], ecx","mov dword [var_1ch], ecx",894dec,cpu,mov,False,268435465,0,,,,,,,,
16784077,"eax,0x4,rbp,-,=[4]",True,16783808,16784158,3,"mov dword [rbp - 4], eax","mov dword [var_ch], eax",8945fc,cpu,mov,False,268435465,0,,,,,,,,
16784080,"0x1001a12,rip,=",False,16783808,16784156,5,jmp 0x1001a12,jmp 0x1001a12,e93dffffff,cpu,jmp,False,1,0,,,,,16783890.0,,"[{'addr': 16783890, 'type': 'CODE'}]",
16784085,"0x18,rbp,-,[4],rdx,=",True,16783808,16784158,3,"mov edx, dword [rbp - 0x18]","mov edx, dword [var_20h]",8b55e8,cpu,mov,False,9,0,['case.0x1001a0e.5'],"[{'addr': 16783886, 'type': 'CODE'}]",,,,,,
16784088,"0x1c,rbp,-,[4],rsi,=",True,16783808,16784158,3,"mov esi, dword [rbp - 0x1c]","mov esi, dword [var_24h]",8b75e4,cpu,mov,False,9,0,,,,,,,,
16784091,"0x4,rbp,-,[4],rcx,=",True,16783808,16784158,3,"mov ecx, dword [rbp - 4]","mov ecx, dword [var_ch]",8b4dfc,cpu,mov,False,9,0,,,,,,,,
16784094,"0x15a1,rip,-,rdi,=",True,16783808,16784154,7,"lea rdi, [rip - 0x15a1]","lea rdi, data.01000544",488d3d5feaffff,cpu,lea,False,33,0,,,,16778564.0,,,"[{'addr': 16778564, 'type': 'DATA'}]",
16784101,"0,al,=",False,16783808,16784159,2,"mov al, 0","mov al, 0",b000,cpu,mov,False,9,0,,,0.0,,,,,
16784103,"16784912,rip,8,rsp,-=,rsp,=[],rip,=",False,16783808,16784156,5,call 0x1001e10,call sym.imp.printf,e824030000,cpu,call,False,3,0,,,,,16784912.0,16784108.0,"[{'addr': 16784912, 'type': 'CALL'}]",
16784108,"7,0x14,rbp,-,=[4]",True,16783808,16784154,7,"mov dword [rbp - 0x14], 7","mov dword [var_1ch], 7",c745ec07000000,cpu,mov,False,268435465,0,,,7.0,,,,,
16784115,"0x1001a12,rip,=",False,16783808,16784156,5,jmp 0x1001a12,jmp 0x1001a12,e91affffff,cpu,jmp,False,1,0,,,,,16783890.0,,"[{'addr': 16783890, 'type': 'CODE'}]",
16784120,"0x18,rbp,-,[4],rdx,=",True,16783808,16784158,3,"mov edx, dword [rbp - 0x18]","mov edx, dword [var_20h]",8b55e8,cpu,mov,False,9,0,['case.0x1001a0e.6'],"[{'addr': 16783886, 'type': 'CODE'}]",,,,,,
16784123,"0x1c,rbp,-,[4],rsi,=",True,16783808,16784158,3,"mov esi, dword [rbp - 0x1c]","mov esi, dword [var_24h]",8b75e4,cpu,mov,False,9,0,,,,,,,,
16784126,"0x8,rbp,-,[4],rcx,=",True,16783808,16784158,3,"mov ecx, dword [rbp - 8]","mov ecx, dword [var_10h]",8b4df8,cpu,mov,False,9,0,,,,,,,,
16784129,"0x15e3,rip,-,rdi,=",True,16783808,16784154,7,"lea rdi, [rip - 0x15e3]","lea rdi, str.Path_complete_at___d___d_:__d",488d3d1deaffff,cpu,lea,False,33,0,,,,16778533.0,,,"[{'addr': 16778533, 'type': 'DATA'}]",
16784136,"0,al,=",False,16783808,16784159,2,"mov al, 0","mov al, 0",b000,cpu,mov,False,9,0,,,0.0,,,,,
16784138,"16784912,rip,8,rsp,-=,rsp,=[],rip,=",False,16783808,16784156,5,call 0x1001e10,call sym.imp.printf,e801030000,cpu,call,False,3,0,,,,,16784912.0,16784143.0,"[{'addr': 16784912, 'type': 'CALL'}]",
16784143,"7,0x14,rbp,-,=[4]",True,16783808,16784154,7,"mov dword [rbp - 0x14], 7","mov dword [var_1ch], 7",c745ec07000000,cpu,mov,False,268435465,0,,,7.0,,,,,
16784150,"0x1001a12,rip,=",False,16783808,16784156,5,jmp 0x1001a12,jmp 0x1001a12,e9f7feffff,cpu,jmp,False,1,0,,,,,16783890.0,,"[{'addr': 16783890, 'type': 'CODE'}]",
16784155,"48,rsp,+=,63,$o,of,:=,63,$s,sf,:=,$z,zf,:=,63,$c,cf,:=,$p,pf,:=,3,$c,af,:=",False,16783808,16784157,4,"add rsp, 0x30","add rsp, 0x30",4883c430,cpu,add,False,17,0,['case.0x1001a0e.7'],"[{'addr': 16783886, 'type': 'CODE'}]",48.0,,,,,
16784159,"rsp,[8],8,rsp,+=,rbp,=",False,16783808,16784160,1,pop rbp,pop rbp,5d,cpu,pop,False,14,0,,,,,,,,
16784160,"rsp,[8],rip,=,8,rsp,+=",False,16783808,16784160,1,ret,ret,c3,cpu,ret,False,5,0,,,,,,,,
