offset,esil,refptr,fcn_addr,fcn_last,size,opcode,disasm,bytes,family,type,reloc,type_num,type2_num,flags,xrefs_to,val,jump,fail,ptr,xrefs_from,comment
16783056,"rbp,8,rsp,-,=[8],8,rsp,-=",False,16783056,16783261,1,push rbp,push rbp,55,cpu,rpush,False,268435468,0,"['main', 'sym.main']","[{'addr': 16783037, 'type': 'DATA'}]",,,,,,
16783057,"rsp,rbp,=",False,16783056,16783259,3,"mov rbp, rsp","mov rbp, rsp",4889e5,cpu,mov,False,9,0,,,,,,,,
16783060,"144,rsp,-=,144,0x8000000000000000,-,!,63,$o,^,of,:=,63,$s,sf,:=,$z,zf,:=,$p,pf,:=,64,$b,cf,:=,3,$b,af,:=",False,16783056,16783255,7,"sub rsp, 0x90","sub rsp, 0x90",4881ec90000000,cpu,sub,False,18,0,,,144.0,,,,,
16783067,"edi,0x7c,rbp,-,=[4]",True,16783056,16783259,3,"mov dword [rbp - 0x7c], edi","mov dword [var_84h], edi",897d84,cpu,mov,False,268435465,0,,,,,,,,
16783070,"rsi,0x78,rbp,-,=[8]",True,16783056,16783258,4,"mov qword [rbp - 0x78], rsi","mov qword [endptr], rsi",48897588,cpu,mov,False,268435465,0,,,,,,,,
16783074,"0,0x8,rbp,-,=[4]",True,16783056,16783255,7,"mov dword [rbp - 8], 0","mov dword [var_10h], 0",c745f800000000,cpu,mov,False,268435465,0,,,0.0,,,,,
16783081,"0x8,rbp,-,[4],rax,=",True,16783056,16783259,3,"mov eax, dword [rbp - 8]","mov eax, dword [var_10h]",8b45f8,cpu,mov,False,9,0,,"[{'addr': 16783122, 'type': 'CODE'}]",,,,,,
16783084,"rax,0x88,rbp,-,=[8]",True,16783056,16783255,7,"mov qword [rbp - 0x88], rax","mov qword [var_90h], rax",48898578ffffff,cpu,mov,False,268435465,0,,,,,,,,
16783091,"3,rax,-=,3,0x8000000000000000,-,!,63,$o,^,of,:=,63,$s,sf,:=,$z,zf,:=,$p,pf,:=,64,$b,cf,:=,3,$b,af,:=",False,16783056,16783258,4,"sub rax, 3","sub rax, 3",4883e803,cpu,sub,False,18,0,,,3.0,,,,,
16783095,"cf,zf,|,!,?{,16783120,rip,=,}",False,16783056,16783260,2,ja 0x1001710,ja 0x1001710,7717,cpu,cjmp,False,2147483649,0,,,,16783120.0,16783097.0,,,
16783097,"0x88,rbp,-,[8],rax,=",True,16783056,16783255,7,"mov rax, qword [rbp - 0x88]","mov rax, qword [var_90h]",488b8578ffffff,cpu,mov,False,9,0,,,,,,,,
16783104,"0x128b,rip,-,rcx,=",True,16783056,16783255,7,"lea rcx, [rip - 0x128b]","lea rcx, data.0100047c",488d0d75edffff,cpu,lea,False,33,0,,,,,,16778364.0,"[{'addr': 16778364, 'type': 'DATA'}]",
16783111,"32,rax,4,*,rcx,+,[4],~,rax,=",True,16783056,16783258,4,"movsxd rax, dword [rcx + rax*4]","movsxd rax, dword [rcx + rax*4]",48630481,cpu,mov,False,9,0,,,,,,,,
16783115,"rcx,rax,+=,63,$o,of,:=,63,$s,sf,:=,$z,zf,:=,63,$c,cf,:=,$p,pf,:=,3,$c,af,:=",False,16783056,16783259,3,"add rax, rcx","add rax, rcx",4801c8,cpu,add,False,17,0,,,,,,,,
16783118,"rax,rip,=",False,16783056,16783260,2,jmp rax,jmp rax,ffe0,cpu,rjmp,False,268435458,0,['switch.0x0100170e'],,,,,,"[{'addr': 16783124, 'type': 'CODE'}, {'addr': 16783148, 'type': 'CODE'}, {'addr': 16783185, 'type': 'CODE'}, {'addr': 16783250, 'type': 'CODE'}]",c3dpdGNoIHRhYmxlICg0IGNhc2VzKSBhdCAweDEwMDA0N2M=
16783120,"0x1001712,rip,=",False,16783056,16783260,2,jmp 0x1001712,jmp 0x1001712,eb00,cpu,jmp,False,1,0,,,,16783122.0,,,"[{'addr': 16783122, 'type': 'CODE'}]",
16783122,"0x10016e9,rip,=",False,16783056,16783260,2,jmp 0x10016e9,jmp 0x10016e9,ebd5,cpu,jmp,False,1,0,,"[{'addr': 16783120, 'type': 'CODE'}, {'addr': 16783146, 'type': 'CODE'}, {'addr': 16783183, 'type': 'CODE'}, {'addr': 16783248, 'type': 'CODE'}]",,16783081.0,,,"[{'addr': 16783081, 'type': 'CODE'}]",
16783124,"0x7c,rbp,-,[4],rdx,=",True,16783056,16783259,3,"mov edx, dword [rbp - 0x7c]","mov edx, dword [var_84h]",8b5584,cpu,mov,False,9,0,['case.0x100170e.0'],"[{'addr': 16783118, 'type': 'CODE'}]",,,,,,
16783127,"1,rax,=",False,16783056,16783257,5,"mov eax, 1","mov eax, 1",b801000000,cpu,mov,False,9,0,,,1.0,,,,,
16783132,"2,rcx,=",False,16783056,16783257,5,"mov ecx, 2","mov ecx, 2",b902000000,cpu,mov,False,9,0,,,2.0,,,,,
16783137,"2,edx,==,$z,zf,:=,32,$b,cf,:=,$p,pf,:=,31,$s,sf,:=,2,0x80000000,-,!,31,$o,^,of,:=,3,$b,af,:=",False,16783056,16783259,3,"cmp edx, 2","cmp edx, 2",83fa02,cpu,cmp,False,15,0,,,2.0,,,2.0,,
16783140,"zf,?{,ecx,eax,=,}",False,16783056,16783259,3,"cmove eax, ecx","cmove eax, ecx",0f44c1,cpu,cmov,False,2147483657,0,,,,,,,,
16783143,"eax,0x8,rbp,-,=[4]",True,16783056,16783259,3,"mov dword [rbp - 8], eax","mov dword [var_10h], eax",8945f8,cpu,mov,False,268435465,0,,,,,,,,
16783146,"0x1001712,rip,=",False,16783056,16783260,2,jmp 0x1001712,jmp 0x1001712,ebe6,cpu,jmp,False,1,0,,,,16783122.0,,,"[{'addr': 16783122, 'type': 'CODE'}]",
16783148,"0x78,rbp,-,[8],rax,=",True,16783056,16783258,4,"mov rax, qword [rbp - 0x78]","mov rax, qword [endptr]",488b4588,cpu,mov,False,9,0,['case.0x100170e.1'],"[{'addr': 16783118, 'type': 'CODE'}]",,,,,,
16783152,"rax,[8],rsi,=",True,16783056,16783259,3,"mov rsi, qword [rax]","mov rsi, qword [rax]",488b30,cpu,mov,False,9,0,,,,,,,,
16783155,"0x126e,rip,-,rdi,=",True,16783056,16783255,7,"lea rdi, [rip - 0x126e]","lea rdi, str.Usage:__s__integer",488d3d92edffff,cpu,lea,False,33,0,,,,,,16778444.0,"[{'addr': 16778444, 'type': 'DATA'}]",
16783162,"0,al,=",False,16783056,16783260,2,"mov al, 0","mov al, 0",b000,cpu,mov,False,9,0,,,0.0,,,,,
16783164,"16784912,rip,8,rsp,-=,rsp,=[],rip,=",False,16783056,16783257,5,call 0x1001e10,call sym.imp.printf,e8cf060000,cpu,call,False,3,0,,,,16784912.0,16783169.0,,"[{'addr': 16784912, 'type': 'CALL'}]",
16783169,"3,0x8,rbp,-,=[4]",True,16783056,16783255,7,"mov dword [rbp - 8], 3","mov dword [var_10h], 3",c745f803000000,cpu,mov,False,268435465,0,,,3.0,,,,,
16783176,"1,0x4,rbp,-,=[4]",True,16783056,16783255,7,"mov dword [rbp - 4], 1","mov dword [var_ch], 1",c745fc01000000,cpu,mov,False,268435465,0,,,1.0,,,,,
16783183,"0x1001712,rip,=",False,16783056,16783260,2,jmp 0x1001712,jmp 0x1001712,ebc1,cpu,jmp,False,1,0,,,,16783122.0,,,"[{'addr': 16783122, 'type': 'CODE'}]",
16783185,"0x78,rbp,-,[8],rax,=",True,16783056,16783258,4,"mov rax, qword [rbp - 0x78]","mov rax, qword [endptr]",488b4588,cpu,mov,False,9,0,['case.0x100170e.2'],"[{'addr': 16783118, 'type': 'CODE'}]",,,,,,
16783189,"0x8,rax,+,[8],rdi,=",True,16783056,16783258,4,"mov rdi, qword [rax + 8]","mov rdi, qword [rax + 8]",488b7808,cpu,mov,False,9,0,,,,,,,,
16783193,"eax,rax,^,0xffffffff,&,rax,=,$z,zf,:=,$p,pf,:=,31,$s,sf,:=,0,cf,:=,0,of,:=",False,16783056,16783260,2,"xor eax, eax","xor eax, eax",31c0,cpu,xor,False,28,0,,,,,,,,
16783195,"eax,rsi,=",False,16783056,16783260,2,"mov esi, eax","mov esi, eax",89c6,cpu,mov,False,9,0,,,,,,,,
16783197,"10,rdx,=",False,16783056,16783257,5,"mov edx, 0xa","mov edx, 0xa",ba0a000000,cpu,mov,False,9,0,,,10.0,,,,,
16783202,"16784928,rip,8,rsp,-=,rsp,=[],rip,=",False,16783056,16783257,5,call 0x1001e20,call sym.imp.strtol,e8b9060000,cpu,call,False,3,0,,,,16784928.0,16783207.0,,"[{'addr': 16784928, 'type': 'CALL'}]",
16783207,"eax,rsi,=",False,16783056,16783260,2,"mov esi, eax","mov esi, eax",89c6,cpu,mov,False,9,0,,,,,,,,
16783209,"0x70,rbp,-,rdi,=",True,16783056,16783258,4,"lea rdi, [rbp - 0x70]","lea rdi, [var_78h]",488d7d90,cpu,lea,False,33,0,,,,,,,,
16783213,"16783264,rip,8,rsp,-=,rsp,=[],rip,=",False,16783056,16783257,5,call 0x10017a0,call sym.generate_matrix,e82e000000,cpu,call,False,3,0,,,,16783264.0,16783218.0,,"[{'addr': 16783264, 'type': 'CALL'}]",
16783218,"0x70,rbp,-,rdi,=",True,16783056,16783258,4,"lea rdi, [rbp - 0x70]","lea rdi, [var_78h]",488d7d90,cpu,lea,False,33,0,,,,,,,,
16783222,"2,rdx,=",False,16783056,16783257,5,"mov edx, 2","mov edx, 2",ba02000000,cpu,mov,False,9,0,,,2.0,,,,,
16783227,"edx,rsi,=",False,16783056,16783260,2,"mov esi, edx","mov esi, edx",89d6,cpu,mov,False,9,0,,,,,,,,
16783229,"16783808,rip,8,rsp,-=,rsp,=[],rip,=",False,16783056,16783257,5,call 0x10019c0,call sym.analyze_path,e83e020000,cpu,call,False,3,0,,,,16783808.0,16783234.0,,"[{'addr': 16783808, 'type': 'CALL'}]",
16783234,"3,0x8,rbp,-,=[4]",True,16783056,16783255,7,"mov dword [rbp - 8], 3","mov dword [var_10h], 3",c745f803000000,cpu,mov,False,268435465,0,,,3.0,,,,,
16783241,"0,0x4,rbp,-,=[4]",True,16783056,16783255,7,"mov dword [rbp - 4], 0","mov dword [var_ch], 0",c745fc00000000,cpu,mov,False,268435465,0,,,0.0,,,,,
16783248,"0x1001712,rip,=",False,16783056,16783260,2,jmp 0x1001712,jmp 0x1001712,eb80,cpu,jmp,False,1,0,,,,16783122.0,,,"[{'addr': 16783122, 'type': 'CODE'}]",
16783250,"0x4,rbp,-,[4],rax,=",True,16783056,16783259,3,"mov eax, dword [rbp - 4]","mov eax, dword [var_ch]",8b45fc,cpu,mov,False,9,0,['case.0x100170e.3'],"[{'addr': 16783118, 'type': 'CODE'}]",,,,,,
16783253,"144,rsp,+=,63,$o,of,:=,63,$s,sf,:=,$z,zf,:=,63,$c,cf,:=,$p,pf,:=,3,$c,af,:=",False,16783056,16783255,7,"add rsp, 0x90","add rsp, 0x90",4881c490000000,cpu,add,False,17,0,,,144.0,,,,,
16783260,"rsp,[8],8,rsp,+=,rbp,=",False,16783056,16783261,1,pop rbp,pop rbp,5d,cpu,pop,False,14,0,,,,,,,,
16783261,"rsp,[8],rip,=,8,rsp,+=",False,16783056,16783261,1,ret,ret,c3,cpu,ret,False,5,0,,,,,,,,
