offset,esil,refptr,fcn_addr,fcn_last,size,opcode,disasm,bytes,family,type,reloc,type_num,type2_num,flags,xrefs_to,ptr,val,jump,fail,xrefs_from
16785088,"rbp,8,rsp,-,=[8],8,rsp,-=",False,16785088,16785438,1,push rbp,push rbp,55,cpu,rpush,False,268435468,0,['sym.transform_numbers'],"[{'addr': 16783935, 'type': 'CALL'}]",,,,,
16785089,"rsp,rbp,=",False,16785088,16785436,3,"mov rbp, rsp","mov rbp, rsp",4889e5,cpu,mov,False,9,0,,,,,,,
16785092,"rdi,0x10,rbp,-,=[8]",True,16785088,16785435,4,"mov qword [rbp - 0x10], rdi","mov qword [var_18h], rdi",48897df0,cpu,mov,False,268435465,0,,,,,,,
16785096,"esi,0x8,rbp,-,=[4]",True,16785088,16785436,3,"mov dword [rbp - 8], esi","mov dword [var_10h], esi",8975f8,cpu,mov,False,268435465,0,,,,,,,
16785099,"edx,0x4,rbp,-,=[4]",True,16785088,16785436,3,"mov dword [rbp - 4], edx","mov dword [var_ch], edx",8955fc,cpu,mov,False,268435465,0,,,,,,,
16785102,"0,esi,==,$z,zf,:=,32,$b,cf,:=,$p,pf,:=,31,$s,sf,:=,0,0x80000000,-,!,31,$o,^,of,:=,3,$b,af,:=",False,16785088,16785436,3,"cmp esi, 0","cmp esi, 0",83fe00,cpu,cmp,False,15,0,,,0.0,0.0,,,
16785105,"of,sf,^,zf,|,?{,16785377,rip,=,}",False,16785088,16785433,6,jle 0x1001fe1,jle 0x1001fe1,0f8e0a010000,cpu,cjmp,False,2147483649,0,,,,,16785377.0,16785111.0,
16785111,"0x8,rbp,-,[4],rcx,=",True,16785088,16785436,3,"mov ecx, dword [rbp - 8]","mov ecx, dword [var_10h]",8b4df8,cpu,mov,False,9,0,,,,,,,
16785114,"ecx,rax,=",False,16785088,16785437,2,"mov eax, ecx","mov eax, ecx",89c8,cpu,mov,False,9,0,,,,,,,
16785116,"rax,0x20,rbp,-,=[8]",True,16785088,16785435,4,"mov qword [rbp - 0x20], rax","mov qword [var_28h], rax",488945e0,cpu,mov,False,268435465,0,,,,,,,
16785120,"eax,rax,^,0xffffffff,&,rax,=,$z,zf,:=,$p,pf,:=,31,$s,sf,:=,0,cf,:=,0,of,:=",False,16785088,16785437,2,"xor eax, eax","xor eax, eax",31c0,cpu,xor,False,28,0,,,,,,,
16785122,"8,ecx,==,$z,zf,:=,32,$b,cf,:=,$p,pf,:=,31,$s,sf,:=,8,0x80000000,-,!,31,$o,^,of,:=,3,$b,af,:=",False,16785088,16785436,3,"cmp ecx, 8","cmp ecx, 8",83f908,cpu,cmp,False,15,0,,,8.0,8.0,,,
16785125,"rax,0x18,rbp,-,=[8]",True,16785088,16785435,4,"mov qword [rbp - 0x18], rax","mov qword [var_20h], rax",488945e8,cpu,mov,False,268435465,0,,,,,,,
16785129,"cf,!,?{,16785144,rip,=,}",False,16785088,16785437,2,jae 0x1001ef8,jae 0x1001ef8,730d,cpu,cjmp,False,2147483649,0,,,,,16785144.0,16785131.0,
16785131,"0x18,rbp,-,[8],rax,=",True,16785088,16785435,4,"mov rax, qword [rbp - 0x18]","mov rax, qword [var_20h]",488b45e8,cpu,mov,False,9,0,,,,,,,
16785135,"rax,0x28,rbp,-,=[8]",True,16785088,16785435,4,"mov qword [rbp - 0x28], rax","mov qword [var_30h], rax",488945d8,cpu,mov,False,268435465,0,,,,,,,
16785139,"0x1001fe3,rip,=",False,16785088,16785434,5,jmp 0x1001fe3,jmp 0x1001fe3,e9eb000000,cpu,jmp,False,1,0,,,,,16785379.0,,"[{'addr': 16785379, 'type': 'CODE'}]"
16785144,"0x4,rbp,-,[4],rax,=",True,16785088,16785436,3,"mov eax, dword [rbp - 4]","mov eax, dword [var_ch]",8b45fc,cpu,mov,False,9,0,,,,,,,
16785147,"0x20,rbp,-,[8],rcx,=",True,16785088,16785435,4,"mov rcx, qword [rbp - 0x20]","mov rcx, qword [var_28h]",488b4de0,cpu,mov,False,9,0,,,,,,,
16785151,"2147483640,rcx,&,0xffffffff,&,rcx,=,$z,zf,:=,$p,pf,:=,31,$s,sf,:=,0,cf,:=,0,of,:=",False,16785088,16785433,6,"and ecx, 0x7ffffff8","and ecx, 0x7ffffff8",81e1f8ffff7f,cpu,and,False,27,0,,,2147483640.0,2147483640.0,,,
16785157,"rcx,0x48,rbp,-,=[8]",True,16785088,16785435,4,"mov qword [rbp - 0x48], rcx","mov qword [var_50h], rcx",48894db8,cpu,mov,False,268435465,0,,,,,,,
16785161,"eax,xmm0l,=",False,16785088,16785435,4,"movd xmm0, eax","movd xmm0, eax",660f6ec0,sse,mov,False,9,0,,,,,,,
16785165,,False,16785088,16785434,5,"pshufd xmm0, xmm0, 0","pshufd xmm0, xmm0, 0",660f70c000,sse,null,False,0,0,,,,,,,
16785170,"xmm0,0x40,rbp,-,=[16]",True,16785088,16785435,4,"movaps xmmword [rbp - 0x40], xmm0","movaps xmmword [var_48h], xmm0",0f2945c0,sse,mov,False,268435465,0,,,,,,,
16785174,"eax,rax,^,0xffffffff,&,rax,=,$z,zf,:=,$p,pf,:=,31,$s,sf,:=,0,cf,:=,0,of,:=",False,16785088,16785437,2,"xor eax, eax","xor eax, eax",31c0,cpu,xor,False,28,0,,,,,,,
16785176,"rax,0x30,rbp,-,=[8]",True,16785088,16785435,4,"mov qword [rbp - 0x30], rax","mov qword [var_38h], rax",488945d0,cpu,mov,False,268435465,0,,,,,,,
16785180,"0x30,rbp,-,[8],rax,=",True,16785088,16785435,4,"mov rax, qword [rbp - 0x30]","mov rax, qword [var_38h]",488b45d0,cpu,mov,False,9,0,,,,,,,
16785184,"0x48,rbp,-,[8],rcx,=",True,16785088,16785435,4,"mov rcx, qword [rbp - 0x48]","mov rcx, qword [var_50h]",488b4db8,cpu,mov,False,9,0,,,,,,,
16785188,"0x10,rbp,-,[8],rdx,=",True,16785088,16785435,4,"mov rdx, qword [rbp - 0x10]","mov rdx, qword [var_18h]",488b55f0,cpu,mov,False,9,0,,,,,,,
16785192,"0x40,rbp,-,[16],xmm6,=",True,16785088,16785435,4,"movaps xmm6, xmmword [rbp - 0x40]","movaps xmm6, xmmword [var_48h]",0f2875c0,sse,mov,False,9,0,,,,,,,
16785196,"rax,4,*,rdx,+,[16],xmm4,=",True,16785088,16785435,4,"movups xmm4, xmmword [rdx + rax*4]","movups xmm4, xmmword [rdx + rax*4]",0f102482,sse,mov,False,9,0,,,,,,,
16785200,"0x10,rax,4,*,rdx,+,+,[16],xmm2,=",True,16785088,16785434,5,"movups xmm2, xmmword [rdx + rax*4 + 0x10]","movups xmm2, xmmword [rdx + rax*4 + 0x10]",0f10548210,sse,mov,False,9,0,,,,,,,
16785205,"xmm4,xmm1,=",False,16785088,16785436,3,"movaps xmm1, xmm4","movaps xmm1, xmm4",0f28cc,sse,mov,False,9,0,,,,,,,
16785208,,False,16785088,16785435,4,"paddd xmm1, xmm6","paddd xmm1, xmm6",660ffece,sse,add,False,17,0,,,,,,,
16785212,"xmm2,xmm0,=",False,16785088,16785436,3,"movaps xmm0, xmm2","movaps xmm0, xmm2",0f28c2,sse,mov,False,9,0,,,,,,,
16785215,,False,16785088,16785435,4,"paddd xmm0, xmm6","paddd xmm0, xmm6",660ffec6,sse,add,False,17,0,,,,,,,
16785219,"xmm4,xmm3,=",False,16785088,16785436,3,"movaps xmm3, xmm4","movaps xmm3, xmm4",0f28dc,sse,mov,False,9,0,,,,,,,
16785222,,False,16785088,16785435,4,"pmuludq xmm3, xmm6","pmuludq xmm3, xmm6",660ff4de,sse,null,False,0,0,,,,,,,
16785226,,False,16785088,16785434,5,"pshufd xmm5, xmm3, 0xe8","pshufd xmm5, xmm3, 0xe8",660f70ebe8,sse,null,False,0,0,,,,,,,
16785231,,False,16785088,16785434,5,"pshufd xmm3, xmm4, 0xf5","pshufd xmm3, xmm4, 0xf5",660f70dcf5,sse,null,False,0,0,,,,,,,
16785236,,False,16785088,16785434,5,"pshufd xmm7, xmm6, 0xf5","pshufd xmm7, xmm6, 0xf5",660f70fef5,sse,null,False,0,0,,,,,,,
16785241,,False,16785088,16785435,4,"pmuludq xmm3, xmm7","pmuludq xmm3, xmm7",660ff4df,sse,null,False,0,0,,,,,,,
16785245,,False,16785088,16785434,5,"pshufd xmm3, xmm3, 0xe8","pshufd xmm3, xmm3, 0xe8",660f70dbe8,sse,null,False,0,0,,,,,,,
16785250,,False,16785088,16785435,4,"punpckldq xmm5, xmm3","punpckldq xmm5, xmm3",660f62eb,sse,null,False,0,0,,,,,,,
16785254,"xmm2,xmm3,=",False,16785088,16785436,3,"movaps xmm3, xmm2","movaps xmm3, xmm2",0f28da,sse,mov,False,9,0,,,,,,,
16785257,,False,16785088,16785435,4,"pmuludq xmm3, xmm6","pmuludq xmm3, xmm6",660ff4de,sse,null,False,0,0,,,,,,,
16785261,,False,16785088,16785434,5,"pshufd xmm3, xmm3, 0xe8","pshufd xmm3, xmm3, 0xe8",660f70dbe8,sse,null,False,0,0,,,,,,,
16785266,,False,16785088,16785434,5,"pshufd xmm6, xmm2, 0xf5","pshufd xmm6, xmm2, 0xf5",660f70f2f5,sse,null,False,0,0,,,,,,,
16785271,,False,16785088,16785435,4,"pmuludq xmm6, xmm7","pmuludq xmm6, xmm7",660ff4f7,sse,null,False,0,0,,,,,,,
16785275,,False,16785088,16785434,5,"pshufd xmm6, xmm6, 0xe8","pshufd xmm6, xmm6, 0xe8",660f70f6e8,sse,null,False,0,0,,,,,,,
16785280,,False,16785088,16785435,4,"punpckldq xmm3, xmm6","punpckldq xmm3, xmm6",660f62de,sse,null,False,0,0,,,,,,,
16785284,,False,16785088,16785434,5,"pslld xmm4, 0x1f","pslld xmm4, 0x1f",660f72f41f,sse,null,False,0,0,,,,,,,
16785289,,False,16785088,16785434,5,"psrad xmm4, 0x1f","psrad xmm4, 0x1f",660f72e41f,sse,null,False,0,0,,,,,,,
16785294,,False,16785088,16785435,4,"pand xmm1, xmm4","pand xmm1, xmm4",660fdbcc,sse,null,False,0,0,,,,,,,
16785298,,False,16785088,16785435,4,"pandn xmm4, xmm5","pandn xmm4, xmm5",660fdfe5,sse,null,False,0,0,,,,,,,
16785302,,False,16785088,16785435,4,"por xmm1, xmm4","por xmm1, xmm4",660febcc,sse,null,False,0,0,,,,,,,
16785306,,False,16785088,16785434,5,"pslld xmm2, 0x1f","pslld xmm2, 0x1f",660f72f21f,sse,null,False,0,0,,,,,,,
16785311,,False,16785088,16785434,5,"psrad xmm2, 0x1f","psrad xmm2, 0x1f",660f72e21f,sse,null,False,0,0,,,,,,,
16785316,,False,16785088,16785435,4,"pand xmm0, xmm2","pand xmm0, xmm2",660fdbc2,sse,null,False,0,0,,,,,,,
16785320,,False,16785088,16785435,4,"pandn xmm2, xmm3","pandn xmm2, xmm3",660fdfd3,sse,null,False,0,0,,,,,,,
16785324,,False,16785088,16785435,4,"por xmm0, xmm2","por xmm0, xmm2",660febc2,sse,null,False,0,0,,,,,,,
16785328,"xmm1,rax,4,*,rdx,+,=[16]",False,16785088,16785434,5,"movdqu xmmword [rdx + rax*4], xmm1","movdqu xmmword [rdx + rax*4], xmm1",f30f7f0c82,sse,null,False,0,0,,,,,,,
16785333,"xmm0,0x10,rax,4,*,rdx,+,+,=[16]",False,16785088,16785433,6,"movdqu xmmword [rdx + rax*4 + 0x10], xmm0","movdqu xmmword [rdx + rax*4 + 0x10], xmm0",f30f7f448210,sse,null,False,0,0,,,,,,,
16785339,"8,rax,+=,63,$o,of,:=,63,$s,sf,:=,$z,zf,:=,63,$c,cf,:=,$p,pf,:=,3,$c,af,:=",False,16785088,16785435,4,"add rax, 8","add rax, 8",4883c008,cpu,add,False,17,0,,,,8.0,,,
16785343,"rcx,rax,==,$z,zf,:=,64,$b,cf,:=,$p,pf,:=,63,$s,sf,:=,rcx,0x8000000000000000,-,!,63,$o,^,of,:=,3,$b,af,:=",False,16785088,16785436,3,"cmp rax, rcx","cmp rax, rcx",4839c8,cpu,cmp,False,15,0,,,,,,,
16785346,"rax,0x30,rbp,-,=[8]",True,16785088,16785435,4,"mov qword [rbp - 0x30], rax","mov qword [var_38h], rax",488945d0,cpu,mov,False,268435465,0,,,,,,,
16785350,"zf,!,?{,16785180,rip,=,}",False,16785088,16785433,6,jne 0x1001f1c,jne 0x1001f1c,0f8550ffffff,cpu,cjmp,False,2147483649,0,,,,,16785180.0,16785356.0,
16785356,"0x48,rbp,-,[8],rax,=",True,16785088,16785435,4,"mov rax, qword [rbp - 0x48]","mov rax, qword [var_50h]",488b45b8,cpu,mov,False,9,0,,,,,,,
16785360,"0x20,rbp,-,[8],rcx,=",True,16785088,16785435,4,"mov rcx, qword [rbp - 0x20]","mov rcx, qword [var_28h]",488b4de0,cpu,mov,False,9,0,,,,,,,
16785364,"rcx,rax,==,$z,zf,:=,64,$b,cf,:=,$p,pf,:=,63,$s,sf,:=,rcx,0x8000000000000000,-,!,63,$o,^,of,:=,3,$b,af,:=",False,16785088,16785436,3,"cmp rax, rcx","cmp rax, rcx",4839c8,cpu,cmp,False,15,0,,,,,,,
16785367,"rax,0x18,rbp,-,=[8]",True,16785088,16785435,4,"mov qword [rbp - 0x18], rax","mov qword [var_20h], rax",488945e8,cpu,mov,False,268435465,0,,,,,,,
16785371,"zf,!,?{,16785131,rip,=,}",False,16785088,16785433,6,jne 0x1001eeb,jne 0x1001eeb,0f850affffff,cpu,cjmp,False,2147483649,0,,,,,16785131.0,16785377.0,
16785377,"rsp,[8],8,rsp,+=,rbp,=",False,16785088,16785438,1,pop rbp,pop rbp,5d,cpu,pop,False,14,0,,,,,,,
16785378,"rsp,[8],rip,=,8,rsp,+=",False,16785088,16785438,1,ret,ret,c3,cpu,ret,False,5,0,,,,,,,
16785379,"0x28,rbp,-,[8],rax,=",True,16785088,16785435,4,"mov rax, qword [rbp - 0x28]","mov rax, qword [var_30h]",488b45d8,cpu,mov,False,9,0,,"[{'addr': 16785139, 'type': 'CODE'}, {'addr': 16785437, 'type': 'CODE'}]",,,,,
16785383,"0x20,rbp,-,[8],rcx,=",True,16785088,16785435,4,"mov rcx, qword [rbp - 0x20]","mov rcx, qword [var_28h]",488b4de0,cpu,mov,False,9,0,,,,,,,
16785387,"0x10,rbp,-,[8],rdx,=",True,16785088,16785435,4,"mov rdx, qword [rbp - 0x10]","mov rdx, qword [var_18h]",488b55f0,cpu,mov,False,9,0,,,,,,,
16785391,"0x4,rbp,-,[4],r9,=",True,16785088,16785435,4,"mov r9d, dword [rbp - 4]","mov r9d, dword [var_ch]",448b4dfc,cpu,mov,False,9,0,,,,,,,
16785395,"rax,4,*,rdx,+,[4],rdi,=",True,16785088,16785436,3,"mov edi, dword [rdx + rax*4]","mov edi, dword [rdx + rax*4]",8b3c82,cpu,mov,False,9,0,,,,,,,
16785398,"edi,r8,=",False,16785088,16785436,3,"mov r8d, edi","mov r8d, edi",4189f8,cpu,mov,False,9,0,,,,,,,
16785401,"1,r8,&,0xffffffff,&,r8,=,$z,zf,:=,$p,pf,:=,31,$s,sf,:=,0,cf,:=,0,of,:=",False,16785088,16785435,4,"and r8d, 1","and r8d, 1",4183e001,cpu,and,False,27,0,,,,1.0,,,
16785405,"edi,rsi,=",False,16785088,16785437,2,"mov esi, edi","mov esi, edi",89fe,cpu,mov,False,9,0,,,,,,,
16785407,"r9d,esi,+=,31,$o,of,:=,31,$s,sf,:=,$z,zf,:=,31,$c,cf,:=,$p,pf,:=,3,$c,af,:=",False,16785088,16785436,3,"add esi, r9d","add esi, r9d",4401ce,cpu,add,False,17,0,,,,,,,
16785410,"32,edi,~,32,r9d,~,*,DUP,edi,=,edi,-,?{,1,1,}{,0,0,},cf,:=,of,:=",False,16785088,16785435,4,"imul edi, r9d","imul edi, r9d",410faff9,cpu,mul,False,20,0,,,,,,,
16785414,"0,r8d,==,$z,zf,:=,32,$b,cf,:=,$p,pf,:=,31,$s,sf,:=,0,0x80000000,-,!,31,$o,^,of,:=,3,$b,af,:=",False,16785088,16785435,4,"cmp r8d, 0","cmp r8d, 0",4183f800,cpu,cmp,False,15,0,,,0.0,0.0,,,
16785418,"zf,?{,edi,esi,=,}",False,16785088,16785436,3,"cmove esi, edi","cmove esi, edi",0f44f7,cpu,cmov,False,2147483657,0,,,,,,,
16785421,"esi,rax,4,*,rdx,+,=[4]",True,16785088,16785436,3,"mov dword [rdx + rax*4], esi","mov dword [rdx + rax*4], esi",893482,cpu,mov,False,9,0,,,,,,,
16785424,"1,rax,+=,63,$o,of,:=,63,$s,sf,:=,$z,zf,:=,63,$c,cf,:=,$p,pf,:=,3,$c,af,:=",False,16785088,16785435,4,"add rax, 1","add rax, 1",4883c001,cpu,add,False,17,0,,,,1.0,,,
16785428,"rcx,rax,==,$z,zf,:=,64,$b,cf,:=,$p,pf,:=,63,$s,sf,:=,rcx,0x8000000000000000,-,!,63,$o,^,of,:=,3,$b,af,:=",False,16785088,16785436,3,"cmp rax, rcx","cmp rax, rcx",4839c8,cpu,cmp,False,15,0,,,,,,,
16785431,"rax,0x28,rbp,-,=[8]",True,16785088,16785435,4,"mov qword [rbp - 0x28], rax","mov qword [var_30h], rax",488945d8,cpu,mov,False,268435465,0,,,,,,,
16785435,"zf,?{,16785377,rip,=,}",False,16785088,16785437,2,je 0x1001fe1,je 0x1001fe1,74c4,cpu,cjmp,False,2147483649,0,,,,,16785377.0,16785437.0,
16785437,"0x1001fe3,rip,=",False,16785088,16785437,2,jmp 0x1001fe3,jmp 0x1001fe3,ebc4,cpu,jmp,False,1,0,,,,,16785379.0,,"[{'addr': 16785379, 'type': 'CODE'}]"
