offset,esil,refptr,fcn_addr,fcn_last,size,opcode,disasm,bytes,family,type,reloc,type_num,type2_num,flags,xrefs_to,val,ptr,jump,fail,xrefs_from
16787264,"rbp,8,rsp,-,=[8],8,rsp,-=",False,16787264,16787560,1,push rbp,push rbp,55,cpu,rpush,False,268435468,0,['sym.process_data'],"[{'addr': 16785451, 'type': 'CALL'}]",,,,,
16787265,"rsp,rbp,=",False,16787264,16787558,3,"mov rbp, rsp","mov rbp, rsp",4889e5,cpu,mov,False,9,0,,,,,,,
16787268,"16,rsp,-=,16,0x8000000000000000,-,!,63,$o,^,of,:=,63,$s,sf,:=,$z,zf,:=,$p,pf,:=,64,$b,cf,:=,3,$b,af,:=",False,16787264,16787557,4,"sub rsp, 0x10","sub rsp, 0x10",4883ec10,cpu,sub,False,18,0,,,16.0,,,,
16787272,"rdi,0x10,rbp,-,=[8]",True,16787264,16787557,4,"mov qword [rbp - 0x10], rdi","mov qword [var_18h], rdi",48897df0,cpu,mov,False,268435465,0,,,,,,,
16787276,"esi,0x8,rbp,-,=[4]",True,16787264,16787558,3,"mov dword [rbp - 8], esi","mov dword [var_10h], esi",8975f8,cpu,mov,False,268435465,0,,,,,,,
16787279,"eax,rax,^,0xffffffff,&,rax,=,$z,zf,:=,$p,pf,:=,31,$s,sf,:=,0,cf,:=,0,of,:=",False,16787264,16787559,2,"xor eax, eax","xor eax, eax",31c0,cpu,xor,False,28,0,,,,,,,
16787281,"0,esi,==,$z,zf,:=,32,$b,cf,:=,$p,pf,:=,31,$s,sf,:=,0,0x80000000,-,!,31,$o,^,of,:=,3,$b,af,:=",False,16787264,16787558,3,"cmp esi, 0","cmp esi, 0",83fe00,cpu,cmp,False,15,0,,,0.0,0.0,,,
16787284,"eax,0x4,rbp,-,=[4]",True,16787264,16787558,3,"mov dword [rbp - 4], eax","mov dword [var_ch], eax",8945fc,cpu,mov,False,268435465,0,,,,,,,
16787287,"of,sf,^,zf,|,?{,16787511,rip,=,}",False,16787264,16787555,6,jle 0x1002837,jle 0x1002837,0f8eda000000,cpu,cjmp,False,2147483649,0,,,,,16787511.0,16787293.0,
16787293,"0x8,rbp,-,[4],rdx,=",True,16787264,16787558,3,"mov edx, dword [rbp - 8]","mov edx, dword [var_10h]",8b55f8,cpu,mov,False,9,0,,,,,,,
16787296,"edx,rax,=",False,16787264,16787559,2,"mov eax, edx","mov eax, edx",89d0,cpu,mov,False,9,0,,,,,,,
16787298,"rax,0x28,rbp,-,=[8]",True,16787264,16787557,4,"mov qword [rbp - 0x28], rax","mov qword [var_30h], rax",488945d8,cpu,mov,False,268435465,0,,,,,,,
16787302,"eax,rax,^,0xffffffff,&,rax,=,$z,zf,:=,$p,pf,:=,31,$s,sf,:=,0,cf,:=,0,of,:=",False,16787264,16787559,2,"xor eax, eax","xor eax, eax",31c0,cpu,xor,False,28,0,,,,,,,
16787304,"eax,rcx,=",False,16787264,16787559,2,"mov ecx, eax","mov ecx, eax",89c1,cpu,mov,False,9,0,,,,,,,
16787306,"eax,rax,^,0xffffffff,&,rax,=,$z,zf,:=,$p,pf,:=,31,$s,sf,:=,0,cf,:=,0,of,:=",False,16787264,16787559,2,"xor eax, eax","xor eax, eax",31c0,cpu,xor,False,28,0,,,,,,,
16787308,"8,edx,==,$z,zf,:=,32,$b,cf,:=,$p,pf,:=,31,$s,sf,:=,8,0x80000000,-,!,31,$o,^,of,:=,3,$b,af,:=",False,16787264,16787558,3,"cmp edx, 8","cmp edx, 8",83fa08,cpu,cmp,False,15,0,,,8.0,8.0,,,
16787311,"rcx,0x20,rbp,-,=[8]",True,16787264,16787557,4,"mov qword [rbp - 0x20], rcx","mov qword [var_28h], rcx",48894de0,cpu,mov,False,268435465,0,,,,,,,
16787315,"eax,0x14,rbp,-,=[4]",True,16787264,16787558,3,"mov dword [rbp - 0x14], eax","mov dword [var_1ch], eax",8945ec,cpu,mov,False,268435465,0,,,,,,,
16787318,"cf,!,?{,16787339,rip,=,}",False,16787264,16787559,2,jae 0x100278b,jae 0x100278b,7313,cpu,cjmp,False,2147483649,0,,,,,16787339.0,16787320.0,
16787320,"0x20,rbp,-,[8],rcx,=",True,16787264,16787557,4,"mov rcx, qword [rbp - 0x20]","mov rcx, qword [var_28h]",488b4de0,cpu,mov,False,9,0,,,,,,,
16787324,"0x14,rbp,-,[4],rax,=",True,16787264,16787558,3,"mov eax, dword [rbp - 0x14]","mov eax, dword [var_1ch]",8b45ec,cpu,mov,False,9,0,,,,,,,
16787327,"rcx,0x38,rbp,-,=[8]",True,16787264,16787557,4,"mov qword [rbp - 0x38], rcx","mov qword [var_40h], rcx",48894dc8,cpu,mov,False,268435465,0,,,,,,,
16787331,"eax,0x2c,rbp,-,=[4]",True,16787264,16787558,3,"mov dword [rbp - 0x2c], eax","mov dword [var_34h], eax",8945d4,cpu,mov,False,268435465,0,,,,,,,
16787334,"0x1002840,rip,=",False,16787264,16787556,5,jmp 0x1002840,jmp 0x1002840,e9b5000000,cpu,jmp,False,1,0,,,,,16787520.0,,"[{'addr': 16787520, 'type': 'CODE'}]"
16787339,"0x28,rbp,-,[8],rax,=",True,16787264,16787557,4,"mov rax, qword [rbp - 0x28]","mov rax, qword [var_30h]",488b45d8,cpu,mov,False,9,0,,,,,,,
16787343,"2147483640,rax,&,0xffffffff,&,rax,=,$z,zf,:=,$p,pf,:=,31,$s,sf,:=,0,cf,:=,0,of,:=",False,16787264,16787556,5,"and eax, 0x7ffffff8","and eax, 0x7ffffff8",25f8ffff7f,cpu,and,False,27,0,,,2147483640.0,2147483640.0,,,
16787348,"rax,0x70,rbp,-,=[8]",True,16787264,16787557,4,"mov qword [rbp - 0x70], rax","mov qword [var_78h], rax",48894590,cpu,mov,False,268435465,0,,,,,,,
16787352,"xmm0,xmm0,^=,$z,zf,:=,$p,pf,:=,127,$s,sf,:=,0,cf,:=,0,of,:=",False,16787264,16787558,3,"xorps xmm0, xmm0","xorps xmm0, xmm0",0f57c0,sse,xor,False,28,0,,,,,,,
16787355,"eax,rax,^,0xffffffff,&,rax,=,$z,zf,:=,$p,pf,:=,31,$s,sf,:=,0,cf,:=,0,of,:=",False,16787264,16787559,2,"xor eax, eax","xor eax, eax",31c0,cpu,xor,False,28,0,,,,,,,
16787357,"rax,0x68,rbp,-,=[8]",True,16787264,16787557,4,"mov qword [rbp - 0x68], rax","mov qword [var_70h], rax",48894598,cpu,mov,False,268435465,0,,,,,,,
16787361,"xmm0,xmm1,=",False,16787264,16787558,3,"movaps xmm1, xmm0","movaps xmm1, xmm0",0f28c8,sse,mov,False,9,0,,,,,,,
16787364,"xmm1,0x60,rbp,-,=[16]",True,16787264,16787557,4,"movaps xmmword [rbp - 0x60], xmm1","movaps xmmword [var_68h], xmm1",0f294da0,sse,mov,False,268435465,0,,,,,,,
16787368,"xmm0,0x50,rbp,-,=[16]",True,16787264,16787557,4,"movaps xmmword [rbp - 0x50], xmm0","movaps xmmword [var_58h], xmm0",0f2945b0,sse,mov,False,268435465,0,,,,,,,
16787372,"0x10027ae,rip,=",False,16787264,16787559,2,jmp 0x10027ae,jmp 0x10027ae,eb00,cpu,jmp,False,1,0,,,,,16787374.0,,"[{'addr': 16787374, 'type': 'CODE'}]"
16787374,"0x50,rbp,-,[16],xmm2,=",True,16787264,16787557,4,"movaps xmm2, xmmword [rbp - 0x50]","movaps xmm2, xmmword [var_58h]",0f2855b0,sse,mov,False,9,0,,"[{'addr': 16787372, 'type': 'CODE'}]",,,,,
16787378,"0x60,rbp,-,[16],xmm3,=",True,16787264,16787557,4,"movaps xmm3, xmmword [rbp - 0x60]","movaps xmm3, xmmword [var_68h]",0f285da0,sse,mov,False,9,0,,,,,,,
16787382,"0x68,rbp,-,[8],rax,=",True,16787264,16787557,4,"mov rax, qword [rbp - 0x68]","mov rax, qword [var_70h]",488b4598,cpu,mov,False,9,0,,,,,,,
16787386,"0x70,rbp,-,[8],rcx,=",True,16787264,16787557,4,"mov rcx, qword [rbp - 0x70]","mov rcx, qword [var_78h]",488b4d90,cpu,mov,False,9,0,,,,,,,
16787390,"0x10,rbp,-,[8],rdx,=",True,16787264,16787557,4,"mov rdx, qword [rbp - 0x10]","mov rdx, qword [var_18h]",488b55f0,cpu,mov,False,9,0,,,,,,,
16787394,"rax,4,*,rdx,+,[16],xmm1,=",False,16787264,16787556,5,"movdqu xmm1, xmmword [rdx + rax*4]","movdqu xmm1, xmmword [rdx + rax*4]",f30f6f0c82,sse,null,False,0,0,,,,,,,
16787399,"0x10,rax,4,*,rdx,+,+,[16],xmm0,=",False,16787264,16787555,6,"movdqu xmm0, xmmword [rdx + rax*4 + 0x10]","movdqu xmm0, xmmword [rdx + rax*4 + 0x10]",f30f6f448210,sse,null,False,0,0,,,,,,,
16787405,,False,16787264,16787557,4,"paddd xmm1, xmm3","paddd xmm1, xmm3",660ffecb,sse,add,False,17,0,,,,,,,
16787409,"xmm1,0x90,rbp,-,=[16]",True,16787264,16787554,7,"movaps xmmword [rbp - 0x90], xmm1","movaps xmmword [var_98h], xmm1",0f298d70ffffff,sse,mov,False,268435465,0,,,,,,,
16787416,,False,16787264,16787557,4,"paddd xmm0, xmm2","paddd xmm0, xmm2",660ffec2,sse,add,False,17,0,,,,,,,
16787420,"xmm0,0x80,rbp,-,=[16]",True,16787264,16787557,4,"movaps xmmword [rbp - 0x80], xmm0","movaps xmmword [var_88h], xmm0",0f294580,sse,mov,False,268435465,0,,,,,,,
16787424,"8,rax,+=,63,$o,of,:=,63,$s,sf,:=,$z,zf,:=,63,$c,cf,:=,$p,pf,:=,3,$c,af,:=",False,16787264,16787557,4,"add rax, 8","add rax, 8",4883c008,cpu,add,False,17,0,,,8.0,,,,
16787428,"rcx,rax,==,$z,zf,:=,64,$b,cf,:=,$p,pf,:=,63,$s,sf,:=,rcx,0x8000000000000000,-,!,63,$o,^,of,:=,3,$b,af,:=",False,16787264,16787558,3,"cmp rax, rcx","cmp rax, rcx",4839c8,cpu,cmp,False,15,0,,,,,,,
16787431,"rax,0x68,rbp,-,=[8]",True,16787264,16787557,4,"mov qword [rbp - 0x68], rax","mov qword [var_70h], rax",48894598,cpu,mov,False,268435465,0,,,,,,,
16787435,"xmm1,0x60,rbp,-,=[16]",True,16787264,16787557,4,"movaps xmmword [rbp - 0x60], xmm1","movaps xmmword [var_68h], xmm1",0f294da0,sse,mov,False,268435465,0,,,,,,,
16787439,"xmm0,0x50,rbp,-,=[16]",True,16787264,16787557,4,"movaps xmmword [rbp - 0x50], xmm0","movaps xmmword [var_58h], xmm0",0f2945b0,sse,mov,False,268435465,0,,,,,,,
16787443,"zf,!,?{,16787374,rip,=,}",False,16787264,16787559,2,jne 0x10027ae,jne 0x10027ae,75b9,cpu,cjmp,False,2147483649,0,,,,,16787374.0,16787445.0,
16787445,"0x70,rbp,-,[8],rcx,=",True,16787264,16787557,4,"mov rcx, qword [rbp - 0x70]","mov rcx, qword [var_78h]",488b4d90,cpu,mov,False,9,0,,,,,,,
16787449,"0x28,rbp,-,[8],rdx,=",True,16787264,16787557,4,"mov rdx, qword [rbp - 0x28]","mov rdx, qword [var_30h]",488b55d8,cpu,mov,False,9,0,,,,,,,
16787453,"0x90,rbp,-,[16],xmm1,=",True,16787264,16787554,7,"movaps xmm1, xmmword [rbp - 0x90]","movaps xmm1, xmmword [var_98h]",0f288d70ffffff,sse,mov,False,9,0,,,,,,,
16787460,"0x80,rbp,-,[16],xmm0,=",True,16787264,16787557,4,"movaps xmm0, xmmword [rbp - 0x80]","movaps xmm0, xmmword [var_88h]",0f284580,sse,mov,False,9,0,,,,,,,
16787464,,False,16787264,16787557,4,"paddd xmm0, xmm1","paddd xmm0, xmm1",660ffec1,sse,add,False,17,0,,,,,,,
16787468,,False,16787264,16787556,5,"pshufd xmm1, xmm0, 0xee","pshufd xmm1, xmm0, 0xee",660f70c8ee,sse,null,False,0,0,,,,,,,
16787473,,False,16787264,16787557,4,"paddd xmm0, xmm1","paddd xmm0, xmm1",660ffec1,sse,add,False,17,0,,,,,,,
16787477,,False,16787264,16787556,5,"pshufd xmm1, xmm0, 0x55","pshufd xmm1, xmm0, 0x55",660f70c855,sse,null,False,0,0,,,,,,,
16787482,,False,16787264,16787557,4,"paddd xmm0, xmm1","paddd xmm0, xmm1",660ffec1,sse,add,False,17,0,,,,,,,
16787486,"xmm0l,eax,=",False,16787264,16787557,4,"movd eax, xmm0","movd eax, xmm0",660f7ec0,sse,mov,False,9,0,,,,,,,
16787490,"rdx,rcx,==,$z,zf,:=,64,$b,cf,:=,$p,pf,:=,63,$s,sf,:=,rdx,0x8000000000000000,-,!,63,$o,^,of,:=,3,$b,af,:=",False,16787264,16787558,3,"cmp rcx, rdx","cmp rcx, rdx",4839d1,cpu,cmp,False,15,0,,,,,,,
16787493,"rcx,0x20,rbp,-,=[8]",True,16787264,16787557,4,"mov qword [rbp - 0x20], rcx","mov qword [var_28h], rcx",48894de0,cpu,mov,False,268435465,0,,,,,,,
16787497,"eax,rcx,=",False,16787264,16787559,2,"mov ecx, eax","mov ecx, eax",89c1,cpu,mov,False,9,0,,,,,,,
16787499,"ecx,0x14,rbp,-,=[4]",True,16787264,16787558,3,"mov dword [rbp - 0x14], ecx","mov dword [var_1ch], ecx",894dec,cpu,mov,False,268435465,0,,,,,,,
16787502,"eax,0x4,rbp,-,=[4]",True,16787264,16787558,3,"mov dword [rbp - 4], eax","mov dword [var_ch], eax",8945fc,cpu,mov,False,268435465,0,,,,,,,
16787505,"zf,!,?{,16787320,rip,=,}",False,16787264,16787555,6,jne 0x1002778,jne 0x1002778,0f8541ffffff,cpu,cjmp,False,2147483649,0,,,,,16787320.0,16787511.0,
16787511,"0x4,rbp,-,[4],rax,=",True,16787264,16787558,3,"mov eax, dword [rbp - 4]","mov eax, dword [var_ch]",8b45fc,cpu,mov,False,9,0,,,,,,,
16787514,"16,rsp,+=,63,$o,of,:=,63,$s,sf,:=,$z,zf,:=,63,$c,cf,:=,$p,pf,:=,3,$c,af,:=",False,16787264,16787557,4,"add rsp, 0x10","add rsp, 0x10",4883c410,cpu,add,False,17,0,,,16.0,,,,
16787518,"rsp,[8],8,rsp,+=,rbp,=",False,16787264,16787560,1,pop rbp,pop rbp,5d,cpu,pop,False,14,0,,,,,,,
16787519,"rsp,[8],rip,=,8,rsp,+=",False,16787264,16787560,1,ret,ret,c3,cpu,ret,False,5,0,,,,,,,
16787520,"0x2c,rbp,-,[4],rax,=",True,16787264,16787558,3,"mov eax, dword [rbp - 0x2c]","mov eax, dword [var_34h]",8b45d4,cpu,mov,False,9,0,,"[{'addr': 16787334, 'type': 'CODE'}, {'addr': 16787559, 'type': 'CODE'}]",,,,,
16787523,"0x38,rbp,-,[8],rcx,=",True,16787264,16787557,4,"mov rcx, qword [rbp - 0x38]","mov rcx, qword [var_40h]",488b4dc8,cpu,mov,False,9,0,,,,,,,
16787527,"0x28,rbp,-,[8],rdx,=",True,16787264,16787557,4,"mov rdx, qword [rbp - 0x28]","mov rdx, qword [var_30h]",488b55d8,cpu,mov,False,9,0,,,,,,,
16787531,"0x10,rbp,-,[8],rsi,=",True,16787264,16787557,4,"mov rsi, qword [rbp - 0x10]","mov rsi, qword [var_18h]",488b75f0,cpu,mov,False,9,0,,,,,,,
16787535,"rcx,4,*,rsi,+,[4],eax,+=,31,$o,of,:=,31,$s,sf,:=,$z,zf,:=,31,$c,cf,:=,$p,pf,:=,3,$c,af,:=",True,16787264,16787558,3,"add eax, dword [rsi + rcx*4]","add eax, dword [rsi + rcx*4]",03048e,cpu,add,False,17,0,,,,,,,
16787538,"1,rcx,+=,63,$o,of,:=,63,$s,sf,:=,$z,zf,:=,63,$c,cf,:=,$p,pf,:=,3,$c,af,:=",False,16787264,16787557,4,"add rcx, 1","add rcx, 1",4883c101,cpu,add,False,17,0,,,1.0,,,,
16787542,"rdx,rcx,==,$z,zf,:=,64,$b,cf,:=,$p,pf,:=,63,$s,sf,:=,rdx,0x8000000000000000,-,!,63,$o,^,of,:=,3,$b,af,:=",False,16787264,16787558,3,"cmp rcx, rdx","cmp rcx, rdx",4839d1,cpu,cmp,False,15,0,,,,,,,
16787545,"eax,rdx,=",False,16787264,16787559,2,"mov edx, eax","mov edx, eax",89c2,cpu,mov,False,9,0,,,,,,,
16787547,"edx,0x4,rbp,-,=[4]",True,16787264,16787558,3,"mov dword [rbp - 4], edx","mov dword [var_ch], edx",8955fc,cpu,mov,False,268435465,0,,,,,,,
16787550,"rcx,0x38,rbp,-,=[8]",True,16787264,16787557,4,"mov qword [rbp - 0x38], rcx","mov qword [var_40h], rcx",48894dc8,cpu,mov,False,268435465,0,,,,,,,
16787554,"eax,0x2c,rbp,-,=[4]",True,16787264,16787558,3,"mov dword [rbp - 0x2c], eax","mov dword [var_34h], eax",8945d4,cpu,mov,False,268435465,0,,,,,,,
16787557,"zf,?{,16787511,rip,=,}",False,16787264,16787559,2,je 0x1002837,je 0x1002837,74d0,cpu,cjmp,False,2147483649,0,,,,,16787511.0,16787559.0,
16787559,"0x1002840,rip,=",False,16787264,16787559,2,jmp 0x1002840,jmp 0x1002840,ebd7,cpu,jmp,False,1,0,,,,,16787520.0,,"[{'addr': 16787520, 'type': 'CODE'}]"
