offset,esil,refptr,fcn_addr,fcn_last,size,opcode,disasm,bytes,family,type,reloc,type_num,type2_num,flags,xrefs_to,val,ptr,jump,fail,xrefs_from
16785488,"rbp,8,rsp,-,=[8],8,rsp,-=",False,16785488,16785934,1,push rbp,push rbp,55,cpu,rpush,False,268435468,0,['sym.find_max_value'],"[{'addr': 16784088, 'type': 'CALL'}]",,,,,
16785489,"rsp,rbp,=",False,16785488,16785932,3,"mov rbp, rsp","mov rbp, rsp",4889e5,cpu,mov,False,9,0,,,,,,,
16785492,"48,rsp,-=,48,0x8000000000000000,-,!,63,$o,^,of,:=,63,$s,sf,:=,$z,zf,:=,$p,pf,:=,64,$b,cf,:=,3,$b,af,:=",False,16785488,16785931,4,"sub rsp, 0x30","sub rsp, 0x30",4883ec30,cpu,sub,False,18,0,,,48.0,,,,
16785496,"rdi,0x18,rbp,-,=[8]",True,16785488,16785931,4,"mov qword [rbp - 0x18], rdi","mov qword [var_20h], rdi",48897de8,cpu,mov,False,268435465,0,,,,,,,
16785500,"esi,0xc,rbp,-,=[4]",True,16785488,16785932,3,"mov dword [rbp - 0xc], esi","mov dword [var_14h], esi",8975f4,cpu,mov,False,268435465,0,,,,,,,
16785503,"rdi,[4],rax,=",True,16785488,16785933,2,"mov eax, dword [rdi]","mov eax, dword [rdi]",8b07,cpu,mov,False,9,0,,,,,,,
16785505,"eax,0x8,rbp,-,=[4]",True,16785488,16785932,3,"mov dword [rbp - 8], eax","mov dword [var_10h], eax",8945f8,cpu,mov,False,268435465,0,,,,,,,
16785508,"1,esi,==,$z,zf,:=,32,$b,cf,:=,$p,pf,:=,31,$s,sf,:=,1,0x80000000,-,!,31,$o,^,of,:=,3,$b,af,:=",False,16785488,16785932,3,"cmp esi, 1","cmp esi, 1",83fe01,cpu,cmp,False,15,0,,,1.0,1.0,,,
16785511,"eax,0x4,rbp,-,=[4]",True,16785488,16785932,3,"mov dword [rbp - 4], eax","mov dword [var_ch], eax",8945fc,cpu,mov,False,268435465,0,,,,,,,
16785514,"of,sf,^,zf,|,?{,16785878,rip,=,}",False,16785488,16785929,6,jle 0x10021d6,jle 0x10021d6,0f8e66010000,cpu,cjmp,False,2147483649,0,,,,,16785878.0,16785520.0,
16785520,"0x8,rbp,-,[4],rax,=",True,16785488,16785932,3,"mov eax, dword [rbp - 8]","mov eax, dword [var_10h]",8b45f8,cpu,mov,False,9,0,,,,,,,
16785523,"0xc,rbp,-,[4],rdx,=",True,16785488,16785932,3,"mov edx, dword [rbp - 0xc]","mov edx, dword [var_14h]",8b55f4,cpu,mov,False,9,0,,,,,,,
16785526,"edx,rcx,=",False,16785488,16785933,2,"mov ecx, edx","mov ecx, edx",89d1,cpu,mov,False,9,0,,,,,,,
16785528,"rcx,0x38,rbp,-,=[8]",True,16785488,16785931,4,"mov qword [rbp - 0x38], rcx","mov qword [var_40h], rcx",48894dc8,cpu,mov,False,268435465,0,,,,,,,
16785532,"18446744073709551615,rcx,+=,63,$o,of,:=,63,$s,sf,:=,$z,zf,:=,63,$c,cf,:=,$p,pf,:=,3,$c,af,:=",False,16785488,16785931,4,"add rcx, 0xffffffffffffffff","add rcx, 0xffffffffffffffff",4883c1ff,cpu,add,False,17,0,,,,,,,
16785536,"rcx,0x30,rbp,-,=[8]",True,16785488,16785931,4,"mov qword [rbp - 0x30], rcx","mov qword [var_38h], rcx",48894dd0,cpu,mov,False,268435465,0,,,,,,,
16785540,"1,rcx,=",False,16785488,16785930,5,"mov ecx, 1","mov ecx, 1",b901000000,cpu,mov,False,9,0,,,1.0,,,,
16785545,"9,edx,==,$z,zf,:=,32,$b,cf,:=,$p,pf,:=,31,$s,sf,:=,9,0x80000000,-,!,31,$o,^,of,:=,3,$b,af,:=",False,16785488,16785932,3,"cmp edx, 9","cmp edx, 9",83fa09,cpu,cmp,False,15,0,,,9.0,9.0,,,
16785548,"rcx,0x28,rbp,-,=[8]",True,16785488,16785931,4,"mov qword [rbp - 0x28], rcx","mov qword [var_30h], rcx",48894dd8,cpu,mov,False,268435465,0,,,,,,,
16785552,"eax,0x1c,rbp,-,=[4]",True,16785488,16785932,3,"mov dword [rbp - 0x1c], eax","mov dword [var_24h], eax",8945e4,cpu,mov,False,268435465,0,,,,,,,
16785555,"cf,!,?{,16785576,rip,=,}",False,16785488,16785933,2,jae 0x10020a8,jae 0x10020a8,7313,cpu,cjmp,False,2147483649,0,,,,,16785576.0,16785557.0,
16785557,"0x28,rbp,-,[8],rcx,=",True,16785488,16785931,4,"mov rcx, qword [rbp - 0x28]","mov rcx, qword [var_30h]",488b4dd8,cpu,mov,False,9,0,,,,,,,
16785561,"0x1c,rbp,-,[4],rax,=",True,16785488,16785932,3,"mov eax, dword [rbp - 0x1c]","mov eax, dword [var_24h]",8b45e4,cpu,mov,False,9,0,,,,,,,
16785564,"rcx,0x48,rbp,-,=[8]",True,16785488,16785931,4,"mov qword [rbp - 0x48], rcx","mov qword [var_50h], rcx",48894db8,cpu,mov,False,268435465,0,,,,,,,
16785568,"eax,0x3c,rbp,-,=[4]",True,16785488,16785932,3,"mov dword [rbp - 0x3c], eax","mov dword [var_44h], eax",8945c4,cpu,mov,False,268435465,0,,,,,,,
16785571,"0x10021df,rip,=",False,16785488,16785930,5,jmp 0x10021df,jmp 0x10021df,e937010000,cpu,jmp,False,1,0,,,,,16785887.0,,"[{'addr': 16785887, 'type': 'CODE'}]"
16785576,"0x8,rbp,-,[4],rax,=",True,16785488,16785932,3,"mov eax, dword [rbp - 8]","mov eax, dword [var_10h]",8b45f8,cpu,mov,False,9,0,,,,,,,
16785579,"0x30,rbp,-,[8],rcx,=",True,16785488,16785931,4,"mov rcx, qword [rbp - 0x30]","mov rcx, qword [var_38h]",488b4dd0,cpu,mov,False,9,0,,,,,,,
16785583,"18446744073709551608,rcx,&=,$z,zf,:=,$p,pf,:=,63,$s,sf,:=,0,cf,:=,0,of,:=",False,16785488,16785931,4,"and rcx, 0xfffffffffffffff8","and rcx, 0xfffffffffffffff8",4883e1f8,cpu,and,False,27,0,,,1.8446744073709552e+19,,,,
16785587,"rcx,0x88,rbp,-,=[8]",True,16785488,16785928,7,"mov qword [rbp - 0x88], rcx","mov qword [var_90h], rcx",48898d78ffffff,cpu,mov,False,268435465,0,,,,,,,
16785594,"1,rcx,|=,63,$s,sf,:=,$z,zf,:=,$p,pf,:=,0,of,:=,0,cf,:=",False,16785488,16785931,4,"or rcx, 1","or rcx, 1",4883c901,cpu,or,False,26,0,,,1.0,,,,
16785598,"rcx,0x80,rbp,-,=[8]",True,16785488,16785931,4,"mov qword [rbp - 0x80], rcx","mov qword [var_88h], rcx",48894d80,cpu,mov,False,268435465,0,,,,,,,
16785602,"eax,xmm0l,=",False,16785488,16785931,4,"movd xmm0, eax","movd xmm0, eax",660f6ec0,sse,mov,False,9,0,,,,,,,
16785606,,False,16785488,16785930,5,"pshufd xmm0, xmm0, 0","pshufd xmm0, xmm0, 0",660f70c000,sse,null,False,0,0,,,,,,,
16785611,"eax,rax,^,0xffffffff,&,rax,=,$z,zf,:=,$p,pf,:=,31,$s,sf,:=,0,cf,:=,0,of,:=",False,16785488,16785933,2,"xor eax, eax","xor eax, eax",31c0,cpu,xor,False,28,0,,,,,,,
16785613,"rax,0x78,rbp,-,=[8]",True,16785488,16785931,4,"mov qword [rbp - 0x78], rax","mov qword [var_80h], rax",48894588,cpu,mov,False,268435465,0,,,,,,,
16785617,"xmm0,xmm1,=",False,16785488,16785932,3,"movaps xmm1, xmm0","movaps xmm1, xmm0",0f28c8,sse,mov,False,9,0,,,,,,,
16785620,"xmm1,0x70,rbp,-,=[16]",True,16785488,16785931,4,"movaps xmmword [rbp - 0x70], xmm1","movaps xmmword [var_78h], xmm1",0f294d90,sse,mov,False,268435465,0,,,,,,,
16785624,"xmm0,0x60,rbp,-,=[16]",True,16785488,16785931,4,"movaps xmmword [rbp - 0x60], xmm0","movaps xmmword [var_68h], xmm0",0f2945a0,sse,mov,False,268435465,0,,,,,,,
16785628,"0x60,rbp,-,[16],xmm4,=",True,16785488,16785931,4,"movaps xmm4, xmmword [rbp - 0x60]","movaps xmm4, xmmword [var_68h]",0f2865a0,sse,mov,False,9,0,,,,,,,
16785632,"0x70,rbp,-,[16],xmm5,=",True,16785488,16785931,4,"movaps xmm5, xmmword [rbp - 0x70]","movaps xmm5, xmmword [var_78h]",0f286d90,sse,mov,False,9,0,,,,,,,
16785636,"0x78,rbp,-,[8],rax,=",True,16785488,16785931,4,"mov rax, qword [rbp - 0x78]","mov rax, qword [var_80h]",488b4588,cpu,mov,False,9,0,,,,,,,
16785640,"0x88,rbp,-,[8],rcx,=",True,16785488,16785928,7,"mov rcx, qword [rbp - 0x88]","mov rcx, qword [var_90h]",488b8d78ffffff,cpu,mov,False,9,0,,,,,,,
16785647,"0x18,rbp,-,[8],rdx,=",True,16785488,16785931,4,"mov rdx, qword [rbp - 0x18]","mov rdx, qword [var_20h]",488b55e8,cpu,mov,False,9,0,,,,,,,
16785651,"rax,rsi,=",False,16785488,16785932,3,"mov rsi, rax","mov rsi, rax",4889c6,cpu,mov,False,9,0,,,,,,,
16785654,"1,rsi,|=,63,$s,sf,:=,$z,zf,:=,$p,pf,:=,0,of,:=,0,cf,:=",False,16785488,16785931,4,"or rsi, 1","or rsi, 1",4883ce01,cpu,or,False,26,0,,,1.0,,,,
16785658,"rsi,4,*,rdx,+,[16],xmm1,=",False,16785488,16785930,5,"movdqu xmm1, xmmword [rdx + rsi*4]","movdqu xmm1, xmmword [rdx + rsi*4]",f30f6f0cb2,sse,null,False,0,0,,,,,,,
16785663,"0x10,rsi,4,*,rdx,+,+,[16],xmm0,=",False,16785488,16785929,6,"movdqu xmm0, xmmword [rdx + rsi*4 + 0x10]","movdqu xmm0, xmmword [rdx + rsi*4 + 0x10]",f30f6f44b210,sse,null,False,0,0,,,,,,,
16785669,"xmm1,xmm3,=",False,16785488,16785932,3,"movaps xmm3, xmm1","movaps xmm3, xmm1",0f28d9,sse,mov,False,9,0,,,,,,,
16785672,,False,16785488,16785931,4,"pcmpgtd xmm3, xmm5","pcmpgtd xmm3, xmm5",660f66dd,sse,cmp,False,15,0,,,,,,,
16785676,"xmm3,xmm2,=",False,16785488,16785932,3,"movaps xmm2, xmm3","movaps xmm2, xmm3",0f28d3,sse,mov,False,9,0,,,,,,,
16785679,,False,16785488,16785931,4,"pandn xmm2, xmm5","pandn xmm2, xmm5",660fdfd5,sse,null,False,0,0,,,,,,,
16785683,,False,16785488,16785931,4,"pand xmm1, xmm3","pand xmm1, xmm3",660fdbcb,sse,null,False,0,0,,,,,,,
16785687,,False,16785488,16785931,4,"por xmm1, xmm2","por xmm1, xmm2",660febca,sse,null,False,0,0,,,,,,,
16785691,"xmm1,0xb0,rbp,-,=[16]",True,16785488,16785928,7,"movaps xmmword [rbp - 0xb0], xmm1","movaps xmmword [var_b8h], xmm1",0f298d50ffffff,sse,mov,False,268435465,0,,,,,,,
16785698,"xmm0,xmm3,=",False,16785488,16785932,3,"movaps xmm3, xmm0","movaps xmm3, xmm0",0f28d8,sse,mov,False,9,0,,,,,,,
16785701,,False,16785488,16785931,4,"pcmpgtd xmm3, xmm4","pcmpgtd xmm3, xmm4",660f66dc,sse,cmp,False,15,0,,,,,,,
16785705,"xmm3,xmm2,=",False,16785488,16785932,3,"movaps xmm2, xmm3","movaps xmm2, xmm3",0f28d3,sse,mov,False,9,0,,,,,,,
16785708,,False,16785488,16785931,4,"pandn xmm2, xmm4","pandn xmm2, xmm4",660fdfd4,sse,null,False,0,0,,,,,,,
16785712,,False,16785488,16785931,4,"pand xmm0, xmm3","pand xmm0, xmm3",660fdbc3,sse,null,False,0,0,,,,,,,
16785716,,False,16785488,16785931,4,"por xmm0, xmm2","por xmm0, xmm2",660febc2,sse,null,False,0,0,,,,,,,
16785720,"xmm0,0xa0,rbp,-,=[16]",True,16785488,16785928,7,"movaps xmmword [rbp - 0xa0], xmm0","movaps xmmword [var_a8h], xmm0",0f298560ffffff,sse,mov,False,268435465,0,,,,,,,
16785727,"8,rax,+=,63,$o,of,:=,63,$s,sf,:=,$z,zf,:=,63,$c,cf,:=,$p,pf,:=,3,$c,af,:=",False,16785488,16785931,4,"add rax, 8","add rax, 8",4883c008,cpu,add,False,17,0,,,8.0,,,,
16785731,"rcx,rax,==,$z,zf,:=,64,$b,cf,:=,$p,pf,:=,63,$s,sf,:=,rcx,0x8000000000000000,-,!,63,$o,^,of,:=,3,$b,af,:=",False,16785488,16785932,3,"cmp rax, rcx","cmp rax, rcx",4839c8,cpu,cmp,False,15,0,,,,,,,
16785734,"rax,0x78,rbp,-,=[8]",True,16785488,16785931,4,"mov qword [rbp - 0x78], rax","mov qword [var_80h], rax",48894588,cpu,mov,False,268435465,0,,,,,,,
16785738,"xmm1,0x70,rbp,-,=[16]",True,16785488,16785931,4,"movaps xmmword [rbp - 0x70], xmm1","movaps xmmword [var_78h], xmm1",0f294d90,sse,mov,False,268435465,0,,,,,,,
16785742,"xmm0,0x60,rbp,-,=[16]",True,16785488,16785931,4,"movaps xmmword [rbp - 0x60], xmm0","movaps xmmword [var_68h], xmm0",0f2945a0,sse,mov,False,268435465,0,,,,,,,
16785746,"zf,!,?{,16785628,rip,=,}",False,16785488,16785933,2,jne 0x10020dc,jne 0x10020dc,7588,cpu,cjmp,False,2147483649,0,,,,,16785628.0,16785748.0,
16785748,"0x80,rbp,-,[8],rcx,=",True,16785488,16785931,4,"mov rcx, qword [rbp - 0x80]","mov rcx, qword [var_88h]",488b4d80,cpu,mov,False,9,0,,,,,,,
16785752,"0x30,rbp,-,[8],rdx,=",True,16785488,16785931,4,"mov rdx, qword [rbp - 0x30]","mov rdx, qword [var_38h]",488b55d0,cpu,mov,False,9,0,,,,,,,
16785756,"0x88,rbp,-,[8],rsi,=",True,16785488,16785928,7,"mov rsi, qword [rbp - 0x88]","mov rsi, qword [var_90h]",488bb578ffffff,cpu,mov,False,9,0,,,,,,,
16785763,"0xb0,rbp,-,[16],xmm0,=",True,16785488,16785928,7,"movaps xmm0, xmmword [rbp - 0xb0]","movaps xmm0, xmmword [var_b8h]",0f288550ffffff,sse,mov,False,9,0,,,,,,,
16785770,"0xa0,rbp,-,[16],xmm3,=",True,16785488,16785928,7,"movaps xmm3, xmmword [rbp - 0xa0]","movaps xmm3, xmmword [var_a8h]",0f289d60ffffff,sse,mov,False,9,0,,,,,,,
16785777,"xmm0,xmm2,=",False,16785488,16785932,3,"movaps xmm2, xmm0","movaps xmm2, xmm0",0f28d0,sse,mov,False,9,0,,,,,,,
16785780,,False,16785488,16785931,4,"pcmpgtd xmm2, xmm3","pcmpgtd xmm2, xmm3",660f66d3,sse,cmp,False,15,0,,,,,,,
16785784,"xmm2,xmm1,=",False,16785488,16785932,3,"movaps xmm1, xmm2","movaps xmm1, xmm2",0f28ca,sse,mov,False,9,0,,,,,,,
16785787,,False,16785488,16785931,4,"pandn xmm1, xmm3","pandn xmm1, xmm3",660fdfcb,sse,null,False,0,0,,,,,,,
16785791,,False,16785488,16785931,4,"pand xmm0, xmm2","pand xmm0, xmm2",660fdbc2,sse,null,False,0,0,,,,,,,
16785795,,False,16785488,16785931,4,"por xmm0, xmm1","por xmm0, xmm1",660febc1,sse,null,False,0,0,,,,,,,
16785799,,False,16785488,16785930,5,"pshufd xmm3, xmm0, 0xee","pshufd xmm3, xmm0, 0xee",660f70d8ee,sse,null,False,0,0,,,,,,,
16785804,"xmm0,xmm2,=",False,16785488,16785932,3,"movaps xmm2, xmm0","movaps xmm2, xmm0",0f28d0,sse,mov,False,9,0,,,,,,,
16785807,,False,16785488,16785931,4,"pcmpgtd xmm2, xmm3","pcmpgtd xmm2, xmm3",660f66d3,sse,cmp,False,15,0,,,,,,,
16785811,"xmm2,xmm1,=",False,16785488,16785932,3,"movaps xmm1, xmm2","movaps xmm1, xmm2",0f28ca,sse,mov,False,9,0,,,,,,,
16785814,,False,16785488,16785931,4,"pandn xmm1, xmm3","pandn xmm1, xmm3",660fdfcb,sse,null,False,0,0,,,,,,,
16785818,,False,16785488,16785931,4,"pand xmm0, xmm2","pand xmm0, xmm2",660fdbc2,sse,null,False,0,0,,,,,,,
16785822,,False,16785488,16785931,4,"por xmm0, xmm1","por xmm0, xmm1",660febc1,sse,null,False,0,0,,,,,,,
16785826,,False,16785488,16785930,5,"pshufd xmm3, xmm0, 0x55","pshufd xmm3, xmm0, 0x55",660f70d855,sse,null,False,0,0,,,,,,,
16785831,"xmm0,xmm2,=",False,16785488,16785932,3,"movaps xmm2, xmm0","movaps xmm2, xmm0",0f28d0,sse,mov,False,9,0,,,,,,,
16785834,,False,16785488,16785931,4,"pcmpgtd xmm2, xmm3","pcmpgtd xmm2, xmm3",660f66d3,sse,cmp,False,15,0,,,,,,,
16785838,"xmm2,xmm1,=",False,16785488,16785932,3,"movaps xmm1, xmm2","movaps xmm1, xmm2",0f28ca,sse,mov,False,9,0,,,,,,,
16785841,,False,16785488,16785931,4,"pandn xmm1, xmm3","pandn xmm1, xmm3",660fdfcb,sse,null,False,0,0,,,,,,,
16785845,,False,16785488,16785931,4,"pand xmm0, xmm2","pand xmm0, xmm2",660fdbc2,sse,null,False,0,0,,,,,,,
16785849,,False,16785488,16785931,4,"por xmm0, xmm1","por xmm0, xmm1",660febc1,sse,null,False,0,0,,,,,,,
16785853,"xmm0l,eax,=",False,16785488,16785931,4,"movd eax, xmm0","movd eax, xmm0",660f7ec0,sse,mov,False,9,0,,,,,,,
16785857,"rsi,rdx,==,$z,zf,:=,64,$b,cf,:=,$p,pf,:=,63,$s,sf,:=,rsi,0x8000000000000000,-,!,63,$o,^,of,:=,3,$b,af,:=",False,16785488,16785932,3,"cmp rdx, rsi","cmp rdx, rsi",4839f2,cpu,cmp,False,15,0,,,,,,,
16785860,"rcx,0x28,rbp,-,=[8]",True,16785488,16785931,4,"mov qword [rbp - 0x28], rcx","mov qword [var_30h], rcx",48894dd8,cpu,mov,False,268435465,0,,,,,,,
16785864,"eax,rcx,=",False,16785488,16785933,2,"mov ecx, eax","mov ecx, eax",89c1,cpu,mov,False,9,0,,,,,,,
16785866,"ecx,0x1c,rbp,-,=[4]",True,16785488,16785932,3,"mov dword [rbp - 0x1c], ecx","mov dword [var_24h], ecx",894de4,cpu,mov,False,268435465,0,,,,,,,
16785869,"eax,0x4,rbp,-,=[4]",True,16785488,16785932,3,"mov dword [rbp - 4], eax","mov dword [var_ch], eax",8945fc,cpu,mov,False,268435465,0,,,,,,,
16785872,"zf,!,?{,16785557,rip,=,}",False,16785488,16785929,6,jne 0x1002095,jne 0x1002095,0f85bffeffff,cpu,cjmp,False,2147483649,0,,,,,16785557.0,16785878.0,
16785878,"0x4,rbp,-,[4],rax,=",True,16785488,16785932,3,"mov eax, dword [rbp - 4]","mov eax, dword [var_ch]",8b45fc,cpu,mov,False,9,0,,,,,,,
16785881,"48,rsp,+=,63,$o,of,:=,63,$s,sf,:=,$z,zf,:=,63,$c,cf,:=,$p,pf,:=,3,$c,af,:=",False,16785488,16785931,4,"add rsp, 0x30","add rsp, 0x30",4883c430,cpu,add,False,17,0,,,48.0,,,,
16785885,"rsp,[8],8,rsp,+=,rbp,=",False,16785488,16785934,1,pop rbp,pop rbp,5d,cpu,pop,False,14,0,,,,,,,
16785886,"rsp,[8],rip,=,8,rsp,+=",False,16785488,16785934,1,ret,ret,c3,cpu,ret,False,5,0,,,,,,,
16785887,"0x3c,rbp,-,[4],rax,=",True,16785488,16785932,3,"mov eax, dword [rbp - 0x3c]","mov eax, dword [var_44h]",8b45c4,cpu,mov,False,9,0,,"[{'addr': 16785571, 'type': 'CODE'}, {'addr': 16785933, 'type': 'CODE'}]",,,,,
16785890,"0x48,rbp,-,[8],rcx,=",True,16785488,16785931,4,"mov rcx, qword [rbp - 0x48]","mov rcx, qword [var_50h]",488b4db8,cpu,mov,False,9,0,,,,,,,
16785894,"0x38,rbp,-,[8],rdx,=",True,16785488,16785931,4,"mov rdx, qword [rbp - 0x38]","mov rdx, qword [var_40h]",488b55c8,cpu,mov,False,9,0,,,,,,,
16785898,"0x18,rbp,-,[8],rsi,=",True,16785488,16785931,4,"mov rsi, qword [rbp - 0x18]","mov rsi, qword [var_20h]",488b75e8,cpu,mov,False,9,0,,,,,,,
16785902,"rcx,4,*,rsi,+,[4],rsi,=",True,16785488,16785932,3,"mov esi, dword [rsi + rcx*4]","mov esi, dword [rsi + rcx*4]",8b348e,cpu,mov,False,9,0,,,,,,,
16785905,"esi,rdi,=",False,16785488,16785933,2,"mov edi, esi","mov edi, esi",89f7,cpu,mov,False,9,0,,,,,,,
16785907,"eax,edi,-=,eax,0x80000000,-,!,31,$o,^,of,:=,31,$s,sf,:=,$z,zf,:=,$p,pf,:=,32,$b,cf,:=,3,$b,af,:=",False,16785488,16785933,2,"sub edi, eax","sub edi, eax",29c7,cpu,sub,False,18,0,,,,,,,
16785909,"zf,!,sf,of,^,!,&,?{,esi,eax,=,}",False,16785488,16785932,3,"cmovg eax, esi","cmovg eax, esi",0f4fc6,cpu,cmov,False,2147483657,0,,,,,,,
16785912,"1,rcx,+=,63,$o,of,:=,63,$s,sf,:=,$z,zf,:=,63,$c,cf,:=,$p,pf,:=,3,$c,af,:=",False,16785488,16785931,4,"add rcx, 1","add rcx, 1",4883c101,cpu,add,False,17,0,,,1.0,,,,
16785916,"rdx,rcx,==,$z,zf,:=,64,$b,cf,:=,$p,pf,:=,63,$s,sf,:=,rdx,0x8000000000000000,-,!,63,$o,^,of,:=,3,$b,af,:=",False,16785488,16785932,3,"cmp rcx, rdx","cmp rcx, rdx",4839d1,cpu,cmp,False,15,0,,,,,,,
16785919,"eax,rdx,=",False,16785488,16785933,2,"mov edx, eax","mov edx, eax",89c2,cpu,mov,False,9,0,,,,,,,
16785921,"edx,0x4,rbp,-,=[4]",True,16785488,16785932,3,"mov dword [rbp - 4], edx","mov dword [var_ch], edx",8955fc,cpu,mov,False,268435465,0,,,,,,,
16785924,"rcx,0x48,rbp,-,=[8]",True,16785488,16785931,4,"mov qword [rbp - 0x48], rcx","mov qword [var_50h], rcx",48894db8,cpu,mov,False,268435465,0,,,,,,,
16785928,"eax,0x3c,rbp,-,=[4]",True,16785488,16785932,3,"mov dword [rbp - 0x3c], eax","mov dword [var_44h], eax",8945c4,cpu,mov,False,268435465,0,,,,,,,
16785931,"zf,?{,16785878,rip,=,}",False,16785488,16785933,2,je 0x10021d6,je 0x10021d6,74c9,cpu,cjmp,False,2147483649,0,,,,,16785878.0,16785933.0,
16785933,"0x10021df,rip,=",False,16785488,16785933,2,jmp 0x10021df,jmp 0x10021df,ebd0,cpu,jmp,False,1,0,,,,,16785887.0,,"[{'addr': 16785887, 'type': 'CODE'}]"
