offset,esil,refptr,fcn_addr,fcn_last,size,opcode,disasm,bytes,family,type,reloc,type_num,type2_num,flags,xrefs_to,val,jump,fail,ptr,xrefs_from,comment
16786128,"rbp,8,rsp,-,=[8],8,rsp,-=",False,16786128,16786491,1,push rbp,push rbp,55,cpu,rpush,False,268435468,0,['sym.perform_operations'],"[{'addr': 16785322, 'type': 'CALL'}]",,,,,,
16786129,"rsp,rbp,=",False,16786128,16786489,3,"mov rbp, rsp","mov rbp, rsp",4889e5,cpu,mov,False,9,0,,,,,,,,
16786132,"rdi,0x40,rbp,-,=[8]",True,16786128,16786488,4,"mov qword [rbp - 0x40], rdi","mov qword [var_48h], rdi",48897dc0,cpu,mov,False,268435465,0,,,,,,,,
16786136,"rsi,0x38,rbp,-,=[8]",True,16786128,16786488,4,"mov qword [rbp - 0x38], rsi","mov qword [var_40h], rsi",488975c8,cpu,mov,False,268435465,0,,,,,,,,
16786140,"1,0x2c,rbp,-,=[4]",True,16786128,16786485,7,"mov dword [rbp - 0x2c], 1","mov dword [var_34h], 1",c745d401000000,cpu,mov,False,268435465,0,,,1.0,,,,,
16786147,"0,0x10,rbp,-,=[8]",True,16786128,16786484,8,"mov qword [rbp - 0x10], 0","mov qword [var_18h], 0",48c745f000000000,cpu,mov,False,268435465,0,,,0.0,,,,,
16786155,"0x2c,rbp,-,[4],rax,=",True,16786128,16786489,3,"mov eax, dword [rbp - 0x2c]","mov eax, dword [var_34h]",8b45d4,cpu,mov,False,9,0,,"[{'addr': 16786190, 'type': 'CODE'}]",,,,,,
16786158,"rax,0x48,rbp,-,=[8]",True,16786128,16786488,4,"mov qword [rbp - 0x48], rax","mov qword [var_50h], rax",488945b8,cpu,mov,False,268435465,0,,,,,,,,
16786162,"8,rax,-=,8,0x8000000000000000,-,!,63,$o,^,of,:=,63,$s,sf,:=,$z,zf,:=,$p,pf,:=,64,$b,cf,:=,3,$b,af,:=",False,16786128,16786488,4,"sub rax, 8","sub rax, 8",4883e808,cpu,sub,False,18,0,,,8.0,,,,,
16786166,"cf,zf,|,!,?{,16786188,rip,=,}",False,16786128,16786490,2,ja 0x100230c,ja 0x100230c,7714,cpu,cjmp,False,2147483649,0,,,,16786188.0,16786168.0,,,
16786168,"0x48,rbp,-,[8],rax,=",True,16786128,16786488,4,"mov rax, qword [rbp - 0x48]","mov rax, qword [var_50h]",488b45b8,cpu,mov,False,9,0,,,,,,,,
16786172,"0x1cc3,rip,-,rcx,=",True,16786128,16786485,7,"lea rcx, [rip - 0x1cc3]","lea rcx, data.01000640",488d0d3de3ffff,cpu,lea,False,33,0,,,,,,16778816.0,"[{'addr': 16778816, 'type': 'DATA'}]",
16786179,"32,rax,4,*,rcx,+,[4],~,rax,=",True,16786128,16786488,4,"movsxd rax, dword [rcx + rax*4]","movsxd rax, dword [rcx + rax*4]",48630481,cpu,mov,False,9,0,,,,,,,,
16786183,"rcx,rax,+=,63,$o,of,:=,63,$s,sf,:=,$z,zf,:=,63,$c,cf,:=,$p,pf,:=,3,$c,af,:=",False,16786128,16786489,3,"add rax, rcx","add rax, rcx",4801c8,cpu,add,False,17,0,,,,,,,,
16786186,"rax,rip,=",False,16786128,16786490,2,jmp rax,jmp rax,ffe0,cpu,rjmp,False,268435458,0,['switch.0x0100230a'],,,,,,"[{'addr': 16786192, 'type': 'CODE'}, {'addr': 16786194, 'type': 'CODE'}, {'addr': 16786341, 'type': 'CODE'}, {'addr': 16786362, 'type': 'CODE'}, {'addr': 16786383, 'type': 'CODE'}, {'addr': 16786402, 'type': 'CODE'}, {'addr': 16786428, 'type': 'CODE'}, {'addr': 16786449, 'type': 'CODE'}]",c3dpdGNoIHRhYmxlICg5IGNhc2VzKSBhdCAweDEwMDA2NDA=
16786188,"0x100230e,rip,=",False,16786128,16786490,2,jmp 0x100230e,jmp 0x100230e,eb00,cpu,jmp,False,1,0,,,,16786190.0,,,"[{'addr': 16786190, 'type': 'CODE'}]",
16786190,"0x10022eb,rip,=",False,16786128,16786490,2,jmp 0x10022eb,jmp 0x10022eb,ebdb,cpu,jmp,False,1,0,,"[{'addr': 16786188, 'type': 'CODE'}, {'addr': 16786336, 'type': 'CODE'}, {'addr': 16786357, 'type': 'CODE'}, {'addr': 16786378, 'type': 'CODE'}, {'addr': 16786397, 'type': 'CODE'}, {'addr': 16786423, 'type': 'CODE'}, {'addr': 16786444, 'type': 'CODE'}, {'addr': 16786487, 'type': 'CODE'}]",,16786155.0,,,"[{'addr': 16786155, 'type': 'CODE'}]",
16786192,"rsp,[8],8,rsp,+=,rbp,=",False,16786128,16786491,1,pop rbp,pop rbp,5d,cpu,pop,False,14,0,['case.0x100230a.0'],"[{'addr': 16786186, 'type': 'CODE'}]",,,,,,
16786193,"rsp,[8],rip,=,8,rsp,+=",False,16786128,16786491,1,ret,ret,c3,cpu,ret,False,5,0,,,,,,,,
16786194,"0x40,rbp,-,[8],rdx,=",True,16786128,16786488,4,"mov rdx, qword [rbp - 0x40]","mov rdx, qword [var_48h]",488b55c0,cpu,mov,False,9,0,['case.0x100230a.1'],"[{'addr': 16786186, 'type': 'CODE'}]",,,,,,
16786198,"0x10,rbp,-,[8],rax,=",True,16786128,16786488,4,"mov rax, qword [rbp - 0x10]","mov rax, qword [var_18h]",488b45f0,cpu,mov,False,9,0,,,,,,,,
16786202,"rax,0x28,rbp,-,=[8]",True,16786128,16786488,4,"mov qword [rbp - 0x28], rax","mov qword [var_30h], rax",488945d8,cpu,mov,False,268435465,0,,,,,,,,
16786206,"0x28,rbp,-,[8],rax,=",True,16786128,16786488,4,"mov rax, qword [rbp - 0x28]","mov rax, qword [var_30h]",488b45d8,cpu,mov,False,9,0,,,,,,,,
16786210,"5,cl,=",False,16786128,16786490,2,"mov cl, 5","mov cl, 5",b105,cpu,mov,False,9,0,,,5.0,,,,,
16786212,"al,ax,=",False,16786128,16786488,4,"movzx ax, al","movzx ax, al",660fb6c0,cpu,mov,False,9,0,,,,,,,,
16786216,"cl,8,ah,<<,ax,+,%,cl,8,ah,<<,ax,+,/,al,=,ah,=",False,16786128,16786490,2,div cl,div cl,f6f1,cpu,div,False,21,0,,,,,,,,
16786218,"ax,cx,=",False,16786128,16786489,3,"mov cx, ax","mov cx, ax",6689c1,cpu,mov,False,9,0,,,,,,,,
16786221,"0x38,rbp,-,[8],rax,=",True,16786128,16786488,4,"mov rax, qword [rbp - 0x38]","mov rax, qword [var_40h]",488b45c8,cpu,mov,False,9,0,,,,,,,,
16786225,"0,cf,:=,1,8,-,1,<<,cx,&,?{,1,cf,:=,},8,cx,>>,cx,=,$z,zf,:=,$p,pf,:=,15,$s,sf,:=",False,16786128,16786488,4,"shr cx, 8","shr cx, 8",66c1e908,cpu,shr,False,22,0,,,8.0,,,,,
16786229,"0x28,rbp,-,[8],rsi,=",True,16786128,16786488,4,"mov rsi, qword [rbp - 0x28]","mov rsi, qword [var_30h]",488b75d8,cpu,mov,False,9,0,,,,,,,,
16786233,"rsi,4,*,rdx,+,[4],rdx,=",True,16786128,16786489,3,"mov edx, dword [rdx + rsi*4]","mov edx, dword [rdx + rsi*4]",8b14b2,cpu,mov,False,9,0,,,,,,,,
16786236,"edx,0x1c,rbp,-,=[4]",True,16786128,16786489,3,"mov dword [rbp - 0x1c], edx","mov dword [var_24h], edx",8955e4,cpu,mov,False,268435465,0,,,,,,,,
16786239,"0x28,rbp,-,[8],rdx,=",True,16786128,16786488,4,"mov rdx, qword [rbp - 0x28]","mov rdx, qword [var_30h]",488b55d8,cpu,mov,False,9,0,,,,,,,,
16786243,"0,2,!,!,?{,1,2,-,rdx,<<,0x8000000000000000,&,!,!,^,},2,rdx,<<=,$z,zf,:=,$p,pf,:=,63,$s,sf,:=,cf,=",False,16786128,16786488,4,"shl rdx, 2","shl rdx, 2",48c1e202,cpu,shl,False,23,0,,,,,,,,
16786247,"rdx,rax,+=,63,$o,of,:=,63,$s,sf,:=,$z,zf,:=,63,$c,cf,:=,$p,pf,:=,3,$c,af,:=",False,16786128,16786489,3,"add rax, rdx","add rax, rdx",4801d0,cpu,add,False,17,0,,,,,,,,
16786250,"rax,0x18,rbp,-,=[8]",True,16786128,16786488,4,"mov qword [rbp - 0x18], rax","mov qword [var_20h], rax",488945e8,cpu,mov,False,268435465,0,,,,,,,,
16786254,"7,0x2c,rbp,-,=[4]",True,16786128,16786485,7,"mov dword [rbp - 0x2c], 7","mov dword [var_34h], 7",c745d407000000,cpu,mov,False,268435465,0,,,7.0,,,,,
16786261,"2,rax,=",False,16786128,16786487,5,"mov eax, 2","mov eax, 2",b802000000,cpu,mov,False,9,0,,,2.0,,,,,
16786266,"0,cl,==,$z,zf,:=,8,$b,cf,:=,$p,pf,:=,7,$s,sf,:=,0,0x80,-,!,7,$o,^,of,:=,3,$b,af,:=",False,16786128,16786489,3,"cmp cl, 0","cmp cl, 0",80f900,cpu,cmp,False,15,0,,,0.0,,,0.0,,
16786269,"zf,!,?{,0x2c,rbp,-,[4],eax,=,}",False,16786128,16786488,4,"cmovne eax, dword [rbp - 0x2c]","cmovne eax, dword [var_34h]",0f4545d4,cpu,cmov,False,2147483657,0,,,,,,,,
16786273,"eax,0x2c,rbp,-,=[4]",True,16786128,16786489,3,"mov dword [rbp - 0x2c], eax","mov dword [var_34h], eax",8945d4,cpu,mov,False,268435465,0,,,,,,,,
16786276,"3,rax,=",False,16786128,16786487,5,"mov eax, 3","mov eax, 3",b803000000,cpu,mov,False,9,0,,,3.0,,,,,
16786281,"1,cl,==,$z,zf,:=,8,$b,cf,:=,$p,pf,:=,7,$s,sf,:=,1,0x80,-,!,7,$o,^,of,:=,3,$b,af,:=",False,16786128,16786489,3,"cmp cl, 1","cmp cl, 1",80f901,cpu,cmp,False,15,0,,,1.0,,,1.0,,
16786284,"zf,!,?{,0x2c,rbp,-,[4],eax,=,}",False,16786128,16786488,4,"cmovne eax, dword [rbp - 0x2c]","cmovne eax, dword [var_34h]",0f4545d4,cpu,cmov,False,2147483657,0,,,,,,,,
16786288,"eax,0x2c,rbp,-,=[4]",True,16786128,16786489,3,"mov dword [rbp - 0x2c], eax","mov dword [var_34h], eax",8945d4,cpu,mov,False,268435465,0,,,,,,,,
16786291,"4,rax,=",False,16786128,16786487,5,"mov eax, 4","mov eax, 4",b804000000,cpu,mov,False,9,0,,,4.0,,,,,
16786296,"2,cl,==,$z,zf,:=,8,$b,cf,:=,$p,pf,:=,7,$s,sf,:=,2,0x80,-,!,7,$o,^,of,:=,3,$b,af,:=",False,16786128,16786489,3,"cmp cl, 2","cmp cl, 2",80f902,cpu,cmp,False,15,0,,,2.0,,,2.0,,
16786299,"zf,!,?{,0x2c,rbp,-,[4],eax,=,}",False,16786128,16786488,4,"cmovne eax, dword [rbp - 0x2c]","cmovne eax, dword [var_34h]",0f4545d4,cpu,cmov,False,2147483657,0,,,,,,,,
16786303,"eax,0x2c,rbp,-,=[4]",True,16786128,16786489,3,"mov dword [rbp - 0x2c], eax","mov dword [var_34h], eax",8945d4,cpu,mov,False,268435465,0,,,,,,,,
16786306,"5,rax,=",False,16786128,16786487,5,"mov eax, 5","mov eax, 5",b805000000,cpu,mov,False,9,0,,,5.0,,,,,
16786311,"3,cl,==,$z,zf,:=,8,$b,cf,:=,$p,pf,:=,7,$s,sf,:=,3,0x80,-,!,7,$o,^,of,:=,3,$b,af,:=",False,16786128,16786489,3,"cmp cl, 3","cmp cl, 3",80f903,cpu,cmp,False,15,0,,,3.0,,,3.0,,
16786314,"zf,!,?{,0x2c,rbp,-,[4],eax,=,}",False,16786128,16786488,4,"cmovne eax, dword [rbp - 0x2c]","cmovne eax, dword [var_34h]",0f4545d4,cpu,cmov,False,2147483657,0,,,,,,,,
16786318,"eax,0x2c,rbp,-,=[4]",True,16786128,16786489,3,"mov dword [rbp - 0x2c], eax","mov dword [var_34h], eax",8945d4,cpu,mov,False,268435465,0,,,,,,,,
16786321,"6,rax,=",False,16786128,16786487,5,"mov eax, 6","mov eax, 6",b806000000,cpu,mov,False,9,0,,,6.0,,,,,
16786326,"4,cl,==,$z,zf,:=,8,$b,cf,:=,$p,pf,:=,7,$s,sf,:=,4,0x80,-,!,7,$o,^,of,:=,3,$b,af,:=",False,16786128,16786489,3,"cmp cl, 4","cmp cl, 4",80f904,cpu,cmp,False,15,0,,,4.0,,,4.0,,
16786329,"zf,!,?{,0x2c,rbp,-,[4],eax,=,}",False,16786128,16786488,4,"cmovne eax, dword [rbp - 0x2c]","cmovne eax, dword [var_34h]",0f4545d4,cpu,cmov,False,2147483657,0,,,,,,,,
16786333,"eax,0x2c,rbp,-,=[4]",True,16786128,16786489,3,"mov dword [rbp - 0x2c], eax","mov dword [var_34h], eax",8945d4,cpu,mov,False,268435465,0,,,,,,,,
16786336,"0x100230e,rip,=",False,16786128,16786487,5,jmp 0x100230e,jmp 0x100230e,e969ffffff,cpu,jmp,False,1,0,,,,16786190.0,,,"[{'addr': 16786190, 'type': 'CODE'}]",
16786341,"0x1c,rbp,-,[4],rax,=",True,16786128,16786489,3,"mov eax, dword [rbp - 0x1c]","mov eax, dword [var_24h]",8b45e4,cpu,mov,False,9,0,['case.0x100230a.2'],"[{'addr': 16786186, 'type': 'CODE'}]",,,,,,
16786344,"5,eax,+=,31,$o,of,:=,31,$s,sf,:=,$z,zf,:=,31,$c,cf,:=,$p,pf,:=,3,$c,af,:=",False,16786128,16786489,3,"add eax, 5","add eax, 5",83c005,cpu,add,False,17,0,,,5.0,,,,,
16786347,"8,0x2c,rbp,-,=[4]",True,16786128,16786485,7,"mov dword [rbp - 0x2c], 8","mov dword [var_34h], 8",c745d408000000,cpu,mov,False,268435465,0,,,8.0,,,,,
16786354,"eax,0x4,rbp,-,=[4]",True,16786128,16786489,3,"mov dword [rbp - 4], eax","mov dword [var_ch], eax",8945fc,cpu,mov,False,268435465,0,,,,,,,,
16786357,"0x100230e,rip,=",False,16786128,16786487,5,jmp 0x100230e,jmp 0x100230e,e954ffffff,cpu,jmp,False,1,0,,,,16786190.0,,,"[{'addr': 16786190, 'type': 'CODE'}]",
16786362,"0x1c,rbp,-,[4],rax,=",True,16786128,16786489,3,"mov eax, dword [rbp - 0x1c]","mov eax, dword [var_24h]",8b45e4,cpu,mov,False,9,0,['case.0x100230a.3'],"[{'addr': 16786186, 'type': 'CODE'}]",,,,,,
16786365,"18446744073709551614,eax,+=,31,$o,of,:=,31,$s,sf,:=,$z,zf,:=,31,$c,cf,:=,$p,pf,:=,3,$c,af,:=",False,16786128,16786489,3,"add eax, 0xfffffffe","add eax, 0xfffffffe",83c0fe,cpu,add,False,17,0,,,1.8446744073709552e+19,,,,,
16786368,"8,0x2c,rbp,-,=[4]",True,16786128,16786485,7,"mov dword [rbp - 0x2c], 8","mov dword [var_34h], 8",c745d408000000,cpu,mov,False,268435465,0,,,8.0,,,,,
16786375,"eax,0x4,rbp,-,=[4]",True,16786128,16786489,3,"mov dword [rbp - 4], eax","mov dword [var_ch], eax",8945fc,cpu,mov,False,268435465,0,,,,,,,,
16786378,"0x100230e,rip,=",False,16786128,16786487,5,jmp 0x100230e,jmp 0x100230e,e93fffffff,cpu,jmp,False,1,0,,,,16786190.0,,,"[{'addr': 16786190, 'type': 'CODE'}]",
16786383,"32,3,~,32,0x1c,rbp,-,[4],~,*,DUP,eax,=,eax,-,?{,1,1,}{,0,0,},cf,:=,of,:=",False,16786128,16786488,4,"imul eax, dword [rbp - 0x1c], 3","imul eax, dword [var_24h], 3",6b45e403,cpu,mul,False,20,0,['case.0x100230a.4'],"[{'addr': 16786186, 'type': 'CODE'}]",,,,,,
16786387,"8,0x2c,rbp,-,=[4]",True,16786128,16786485,7,"mov dword [rbp - 0x2c], 8","mov dword [var_34h], 8",c745d408000000,cpu,mov,False,268435465,0,,,8.0,,,,,
16786394,"eax,0x4,rbp,-,=[4]",True,16786128,16786489,3,"mov dword [rbp - 4], eax","mov dword [var_ch], eax",8945fc,cpu,mov,False,268435465,0,,,,,,,,
16786397,"0x100230e,rip,=",False,16786128,16786487,5,jmp 0x100230e,jmp 0x100230e,e92cffffff,cpu,jmp,False,1,0,,,,16786190.0,,,"[{'addr': 16786190, 'type': 'CODE'}]",
16786402,"0x1c,rbp,-,[4],rax,=",True,16786128,16786489,3,"mov eax, dword [rbp - 0x1c]","mov eax, dword [var_24h]",8b45e4,cpu,mov,False,9,0,['case.0x100230a.5'],"[{'addr': 16786186, 'type': 'CODE'}]",,,,,,
16786405,"2,rcx,=",False,16786128,16786487,5,"mov ecx, 2","mov ecx, 2",b902000000,cpu,mov,False,9,0,,,2.0,,,,,
16786410,"0,edx,=,31,eax,>>,?{,0xffffffff,edx,=,}",False,16786128,16786491,1,cdq,cdq,99,cpu,null,False,0,0,,,,,,,,
16786411,"32,ecx,~,32,edx,<<,eax,+,~%,32,ecx,~,32,edx,<<,eax,+,~/,eax,=,edx,=",False,16786128,16786490,2,idiv ecx,idiv ecx,f7f9,cpu,div,False,21,0,,,,,,,,
16786413,"8,0x2c,rbp,-,=[4]",True,16786128,16786485,7,"mov dword [rbp - 0x2c], 8","mov dword [var_34h], 8",c745d408000000,cpu,mov,False,268435465,0,,,8.0,,,,,
16786420,"eax,0x4,rbp,-,=[4]",True,16786128,16786489,3,"mov dword [rbp - 4], eax","mov dword [var_ch], eax",8945fc,cpu,mov,False,268435465,0,,,,,,,,
16786423,"0x100230e,rip,=",False,16786128,16786487,5,jmp 0x100230e,jmp 0x100230e,e912ffffff,cpu,jmp,False,1,0,,,,16786190.0,,,"[{'addr': 16786190, 'type': 'CODE'}]",
16786428,"0x1c,rbp,-,[4],rax,=",True,16786128,16786489,3,"mov eax, dword [rbp - 0x1c]","mov eax, dword [var_24h]",8b45e4,cpu,mov,False,9,0,['case.0x100230a.6'],"[{'addr': 16786186, 'type': 'CODE'}]",,,,,,
16786431,"32,eax,~,32,eax,~,*,DUP,eax,=,eax,-,?{,1,1,}{,0,0,},cf,:=,of,:=",False,16786128,16786489,3,"imul eax, eax","imul eax, eax",0fafc0,cpu,mul,False,20,0,,,,,,,,
16786434,"8,0x2c,rbp,-,=[4]",True,16786128,16786485,7,"mov dword [rbp - 0x2c], 8","mov dword [var_34h], 8",c745d408000000,cpu,mov,False,268435465,0,,,8.0,,,,,
16786441,"eax,0x4,rbp,-,=[4]",True,16786128,16786489,3,"mov dword [rbp - 4], eax","mov dword [var_ch], eax",8945fc,cpu,mov,False,268435465,0,,,,,,,,
16786444,"0x100230e,rip,=",False,16786128,16786487,5,jmp 0x100230e,jmp 0x100230e,e9fdfeffff,cpu,jmp,False,1,0,,,,16786190.0,,,"[{'addr': 16786190, 'type': 'CODE'}]",
16786449,"0x4,rbp,-,[4],rcx,=",True,16786128,16786489,3,"mov ecx, dword [rbp - 4]","mov ecx, dword [var_ch]",8b4dfc,cpu,mov,False,9,0,"['case.0x100230a.7', 'case.0x100230a.8']","[{'addr': 16786186, 'type': 'CODE'}]",,,,,,
16786452,"0x18,rbp,-,[8],rax,=",True,16786128,16786488,4,"mov rax, qword [rbp - 0x18]","mov rax, qword [var_20h]",488b45e8,cpu,mov,False,9,0,,,,,,,,
16786456,"ecx,rax,=[4]",True,16786128,16786490,2,"mov dword [rax], ecx","mov dword [rax], ecx",8908,cpu,mov,False,9,0,,,,,,,,
16786458,"0x28,rbp,-,[8],rax,=",True,16786128,16786488,4,"mov rax, qword [rbp - 0x28]","mov rax, qword [var_30h]",488b45d8,cpu,mov,False,9,0,,,,,,,,
16786462,"1,rax,+=,63,$o,of,:=,63,$s,sf,:=,$z,zf,:=,63,$c,cf,:=,$p,pf,:=,3,$c,af,:=",False,16786128,16786488,4,"add rax, 1","add rax, 1",4883c001,cpu,add,False,17,0,,,1.0,,,,,
16786466,"1,rcx,=",False,16786128,16786487,5,"mov ecx, 1","mov ecx, 1",b901000000,cpu,mov,False,9,0,,,1.0,,,,,
16786471,"edx,rdx,^,0xffffffff,&,rdx,=,$z,zf,:=,$p,pf,:=,31,$s,sf,:=,0,cf,:=,0,of,:=",False,16786128,16786490,2,"xor edx, edx","xor edx, edx",31d2,cpu,xor,False,28,0,,,,,,,,
16786473,"32,rax,==,$z,zf,:=,64,$b,cf,:=,$p,pf,:=,63,$s,sf,:=,32,0x8000000000000000,-,!,63,$o,^,of,:=,3,$b,af,:=",False,16786128,16786488,4,"cmp rax, 0x20","cmp rax, 0x20",4883f820,cpu,cmp,False,15,0,,,32.0,,,32.0,,
16786477,"zf,?{,edx,ecx,=,}",False,16786128,16786489,3,"cmove ecx, edx","cmove ecx, edx",0f44ca,cpu,cmov,False,2147483657,0,,,,,,,,
16786480,"ecx,0x2c,rbp,-,=[4]",True,16786128,16786489,3,"mov dword [rbp - 0x2c], ecx","mov dword [var_34h], ecx",894dd4,cpu,mov,False,268435465,0,,,,,,,,
16786483,"rax,0x10,rbp,-,=[8]",True,16786128,16786488,4,"mov qword [rbp - 0x10], rax","mov qword [var_18h], rax",488945f0,cpu,mov,False,268435465,0,,,,,,,,
16786487,"0x100230e,rip,=",False,16786128,16786487,5,jmp 0x100230e,jmp 0x100230e,e9d2feffff,cpu,jmp,False,1,0,,,,16786190.0,,,"[{'addr': 16786190, 'type': 'CODE'}]",
