offset,esil,refptr,fcn_addr,fcn_last,size,opcode,disasm,bytes,family,type,reloc,type_num,type2_num,flags,xrefs_to,val,jump,fail,ptr,xrefs_from,comment
16788016,"rbp,8,rsp,-,=[8],8,rsp,-=",False,16788016,16788331,1,push rbp,push rbp,55,cpu,rpush,False,268435468,0,['sym.calculate_checksum'],"[{'addr': 16785407, 'type': 'CALL'}]",,,,,,
16788017,"rsp,rbp,=",False,16788016,16788329,3,"mov rbp, rsp","mov rbp, rsp",4889e5,cpu,mov,False,9,0,,,,,,,,
16788020,"rdi,0x40,rbp,-,=[8]",True,16788016,16788328,4,"mov qword [rbp - 0x40], rdi","mov qword [var_48h], rdi",48897dc0,cpu,mov,False,268435465,0,,,,,,,,
16788024,"esi,0x38,rbp,-,=[4]",True,16788016,16788329,3,"mov dword [rbp - 0x38], esi","mov dword [var_40h], esi",8975c8,cpu,mov,False,268435465,0,,,,,,,,
16788027,"0,0x34,rbp,-,=[4]",True,16788016,16788325,7,"mov dword [rbp - 0x34], 0","mov dword [var_3ch], 0",c745cc00000000,cpu,mov,False,268435465,0,,,0.0,,,,,
16788034,"0x34,rbp,-,[4],rax,=",True,16788016,16788329,3,"mov eax, dword [rbp - 0x34]","mov eax, dword [var_3ch]",8b45cc,cpu,mov,False,9,0,,"[{'addr': 16788069, 'type': 'CODE'}]",,,,,,
16788037,"rax,0x48,rbp,-,=[8]",True,16788016,16788328,4,"mov qword [rbp - 0x48], rax","mov qword [var_50h], rax",488945b8,cpu,mov,False,268435465,0,,,,,,,,
16788041,"7,rax,-=,7,0x8000000000000000,-,!,63,$o,^,of,:=,63,$s,sf,:=,$z,zf,:=,$p,pf,:=,64,$b,cf,:=,3,$b,af,:=",False,16788016,16788328,4,"sub rax, 7","sub rax, 7",4883e807,cpu,sub,False,18,0,,,7.0,,,,,
16788045,"cf,zf,|,!,?{,16788067,rip,=,}",False,16788016,16788330,2,ja 0x1002a63,ja 0x1002a63,7714,cpu,cjmp,False,2147483649,0,,,,16788067.0,16788047.0,,,
16788047,"0x48,rbp,-,[8],rax,=",True,16788016,16788328,4,"mov rax, qword [rbp - 0x48]","mov rax, qword [var_50h]",488b45b8,cpu,mov,False,9,0,,,,,,,,
16788051,"0x2362,rip,-,rcx,=",True,16788016,16788325,7,"lea rcx, [rip - 0x2362]","lea rcx, data.010006f8",488d0d9edcffff,cpu,lea,False,33,0,,,,,,16779000.0,"[{'addr': 16779000, 'type': 'DATA'}]",
16788058,"32,rax,4,*,rcx,+,[4],~,rax,=",True,16788016,16788328,4,"movsxd rax, dword [rcx + rax*4]","movsxd rax, dword [rcx + rax*4]",48630481,cpu,mov,False,9,0,,,,,,,,
16788062,"rcx,rax,+=,63,$o,of,:=,63,$s,sf,:=,$z,zf,:=,63,$c,cf,:=,$p,pf,:=,3,$c,af,:=",False,16788016,16788329,3,"add rax, rcx","add rax, rcx",4801c8,cpu,add,False,17,0,,,,,,,,
16788065,"rax,rip,=",False,16788016,16788330,2,jmp rax,jmp rax,ffe0,cpu,rjmp,False,268435458,0,['switch.0x01002a61'],,,,,,"[{'addr': 16788071, 'type': 'CODE'}, {'addr': 16788102, 'type': 'CODE'}, {'addr': 16788135, 'type': 'CODE'}, {'addr': 16788140, 'type': 'CODE'}, {'addr': 16788244, 'type': 'CODE'}, {'addr': 16788264, 'type': 'CODE'}, {'addr': 16788283, 'type': 'CODE'}]",c3dpdGNoIHRhYmxlICg4IGNhc2VzKSBhdCAweDEwMDA2Zjg=
16788067,"0x1002a65,rip,=",False,16788016,16788330,2,jmp 0x1002a65,jmp 0x1002a65,eb00,cpu,jmp,False,1,0,,,,16788069.0,,,"[{'addr': 16788069, 'type': 'CODE'}]",
16788069,"0x1002a42,rip,=",False,16788016,16788330,2,jmp 0x1002a42,jmp 0x1002a42,ebdb,cpu,jmp,False,1,0,,"[{'addr': 16788067, 'type': 'CODE'}, {'addr': 16788100, 'type': 'CODE'}, {'addr': 16788133, 'type': 'CODE'}, {'addr': 16788239, 'type': 'CODE'}, {'addr': 16788259, 'type': 'CODE'}, {'addr': 16788278, 'type': 'CODE'}, {'addr': 16788327, 'type': 'CODE'}]",,16788034.0,,,"[{'addr': 16788034, 'type': 'CODE'}]",
16788071,"0x38,rbp,-,[4],rdx,=",True,16788016,16788329,3,"mov edx, dword [rbp - 0x38]","mov edx, dword [var_40h]",8b55c8,cpu,mov,False,9,0,['case.0x1002a61.0'],"[{'addr': 16788065, 'type': 'CODE'}]",,,,,,
16788074,"2,rax,=",False,16788016,16788327,5,"mov eax, 2","mov eax, 2",b802000000,cpu,mov,False,9,0,,,2.0,,,,,
16788079,"1,rcx,=",False,16788016,16788327,5,"mov ecx, 1","mov ecx, 1",b901000000,cpu,mov,False,9,0,,,1.0,,,,,
16788084,"0,edx,==,$z,zf,:=,32,$b,cf,:=,$p,pf,:=,31,$s,sf,:=,0,0x80000000,-,!,31,$o,^,of,:=,3,$b,af,:=",False,16788016,16788329,3,"cmp edx, 0","cmp edx, 0",83fa00,cpu,cmp,False,15,0,,,0.0,,,0.0,,
16788087,"zf,!,sf,of,^,!,&,?{,ecx,eax,=,}",False,16788016,16788329,3,"cmovg eax, ecx","cmovg eax, ecx",0f4fc1,cpu,cmov,False,2147483657,0,,,,,,,,
16788090,"eax,0x34,rbp,-,=[4]",True,16788016,16788329,3,"mov dword [rbp - 0x34], eax","mov dword [var_3ch], eax",8945cc,cpu,mov,False,268435465,0,,,,,,,,
16788093,"0,0x14,rbp,-,=[4]",True,16788016,16788325,7,"mov dword [rbp - 0x14], 0","mov dword [var_1ch], 0",c745ec00000000,cpu,mov,False,268435465,0,,,0.0,,,,,
16788100,"0x1002a65,rip,=",False,16788016,16788330,2,jmp 0x1002a65,jmp 0x1002a65,ebdf,cpu,jmp,False,1,0,,,,16788069.0,,,"[{'addr': 16788069, 'type': 'CODE'}]",
16788102,"0x38,rbp,-,[4],rax,=",True,16788016,16788329,3,"mov eax, dword [rbp - 0x38]","mov eax, dword [var_40h]",8b45c8,cpu,mov,False,9,0,['case.0x1002a61.1'],"[{'addr': 16788065, 'type': 'CODE'}]",,,,,,
16788105,"eax,rax,=",False,16788016,16788330,2,"mov eax, eax","mov eax, eax",89c0,cpu,mov,False,9,0,,,,,,,,
16788107,"rax,0x30,rbp,-,=[8]",True,16788016,16788328,4,"mov qword [rbp - 0x30], rax","mov qword [var_38h], rax",488945d0,cpu,mov,False,268435465,0,,,,,,,,
16788111,"3,0x34,rbp,-,=[4]",True,16788016,16788325,7,"mov dword [rbp - 0x34], 3","mov dword [var_3ch], 3",c745cc03000000,cpu,mov,False,268435465,0,,,3.0,,,,,
16788118,"0,0x10,rbp,-,=[8]",True,16788016,16788324,8,"mov qword [rbp - 0x10], 0","mov qword [var_18h], 0",48c745f000000000,cpu,mov,False,268435465,0,,,0.0,,,,,
16788126,"0,0x8,rbp,-,=[4]",True,16788016,16788325,7,"mov dword [rbp - 8], 0","mov dword [var_10h], 0",c745f800000000,cpu,mov,False,268435465,0,,,0.0,,,,,
16788133,"0x1002a65,rip,=",False,16788016,16788330,2,jmp 0x1002a65,jmp 0x1002a65,ebbe,cpu,jmp,False,1,0,,,,16788069.0,,,"[{'addr': 16788069, 'type': 'CODE'}]",
16788135,"0x14,rbp,-,[4],rax,=",True,16788016,16788329,3,"mov eax, dword [rbp - 0x14]","mov eax, dword [var_1ch]",8b45ec,cpu,mov,False,9,0,['case.0x1002a61.2'],"[{'addr': 16788065, 'type': 'CODE'}]",,,,,,
16788138,"rsp,[8],8,rsp,+=,rbp,=",False,16788016,16788331,1,pop rbp,pop rbp,5d,cpu,pop,False,14,0,,,,,,,,
16788139,"rsp,[8],rip,=,8,rsp,+=",False,16788016,16788331,1,ret,ret,c3,cpu,ret,False,5,0,,,,,,,,
16788140,"0x8,rbp,-,[4],rcx,=",True,16788016,16788329,3,"mov ecx, dword [rbp - 8]","mov ecx, dword [var_10h]",8b4df8,cpu,mov,False,9,0,['case.0x1002a61.3'],"[{'addr': 16788065, 'type': 'CODE'}]",,,,,,
16788143,"0x10,rbp,-,[8],rax,=",True,16788016,16788328,4,"mov rax, qword [rbp - 0x10]","mov rax, qword [var_18h]",488b45f0,cpu,mov,False,9,0,,,,,,,,
16788147,"ecx,0x1c,rbp,-,=[4]",True,16788016,16788329,3,"mov dword [rbp - 0x1c], ecx","mov dword [var_24h], ecx",894de4,cpu,mov,False,268435465,0,,,,,,,,
16788150,"rax,0x28,rbp,-,=[8]",True,16788016,16788328,4,"mov qword [rbp - 0x28], rax","mov qword [var_30h], rax",488945d8,cpu,mov,False,268435465,0,,,,,,,,
16788154,"0x28,rbp,-,[8],rax,=",True,16788016,16788328,4,"mov rax, qword [rbp - 0x28]","mov rax, qword [var_30h]",488b45d8,cpu,mov,False,9,0,,,,,,,,
16788158,"3,rcx,=",False,16788016,16788327,5,"mov ecx, 3","mov ecx, 3",b903000000,cpu,mov,False,9,0,,,3.0,,,,,
16788163,"edx,rdx,^,0xffffffff,&,rdx,=,$z,zf,:=,$p,pf,:=,31,$s,sf,:=,0,cf,:=,0,of,:=",False,16788016,16788330,2,"xor edx, edx","xor edx, edx",31d2,cpu,xor,False,28,0,,,,,,,,
16788165,"ecx,32,edx,<<,eax,+,%,ecx,32,edx,<<,eax,+,/,eax,=,edx,=",False,16788016,16788330,2,div ecx,div ecx,f7f1,cpu,div,False,21,0,,,,,,,,
16788167,"0x40,rbp,-,[8],rax,=",True,16788016,16788328,4,"mov rax, qword [rbp - 0x40]","mov rax, qword [var_48h]",488b45c0,cpu,mov,False,9,0,,,,,,,,
16788171,"0x28,rbp,-,[8],rcx,=",True,16788016,16788328,4,"mov rcx, qword [rbp - 0x28]","mov rcx, qword [var_30h]",488b4dd8,cpu,mov,False,9,0,,,,,,,,
16788175,"rcx,4,*,rax,+,[4],rax,=",True,16788016,16788329,3,"mov eax, dword [rax + rcx*4]","mov eax, dword [rax + rcx*4]",8b0488,cpu,mov,False,9,0,,,,,,,,
16788178,"eax,0x18,rbp,-,=[4]",True,16788016,16788329,3,"mov dword [rbp - 0x18], eax","mov dword [var_20h], eax",8945e8,cpu,mov,False,268435465,0,,,,,,,,
16788181,"6,0x34,rbp,-,=[4]",True,16788016,16788325,7,"mov dword [rbp - 0x34], 6","mov dword [var_3ch], 6",c745cc06000000,cpu,mov,False,268435465,0,,,6.0,,,,,
16788188,"4,rax,=",False,16788016,16788327,5,"mov eax, 4","mov eax, 4",b804000000,cpu,mov,False,9,0,,,4.0,,,,,
16788193,"0,edx,==,$z,zf,:=,32,$b,cf,:=,$p,pf,:=,31,$s,sf,:=,0,0x80000000,-,!,31,$o,^,of,:=,3,$b,af,:=",False,16788016,16788329,3,"cmp edx, 0","cmp edx, 0",83fa00,cpu,cmp,False,15,0,,,0.0,,,0.0,,
16788196,"zf,!,?{,0x34,rbp,-,[4],eax,=,}",False,16788016,16788328,4,"cmovne eax, dword [rbp - 0x34]","cmovne eax, dword [var_3ch]",0f4545cc,cpu,cmov,False,2147483657,0,,,,,,,,
16788200,"eax,0x34,rbp,-,=[4]",True,16788016,16788329,3,"mov dword [rbp - 0x34], eax","mov dword [var_3ch], eax",8945cc,cpu,mov,False,268435465,0,,,,,,,,
16788203,"5,rax,=",False,16788016,16788327,5,"mov eax, 5","mov eax, 5",b805000000,cpu,mov,False,9,0,,,5.0,,,,,
16788208,"1,edx,==,$z,zf,:=,32,$b,cf,:=,$p,pf,:=,31,$s,sf,:=,1,0x80000000,-,!,31,$o,^,of,:=,3,$b,af,:=",False,16788016,16788329,3,"cmp edx, 1","cmp edx, 1",83fa01,cpu,cmp,False,15,0,,,1.0,,,1.0,,
16788211,"zf,!,?{,0x34,rbp,-,[4],eax,=,}",False,16788016,16788328,4,"cmovne eax, dword [rbp - 0x34]","cmovne eax, dword [var_3ch]",0f4545cc,cpu,cmov,False,2147483657,0,,,,,,,,
16788215,"eax,0x34,rbp,-,=[4]",True,16788016,16788329,3,"mov dword [rbp - 0x34], eax","mov dword [var_3ch], eax",8945cc,cpu,mov,False,268435465,0,,,,,,,,
16788218,"7,rax,=",False,16788016,16788327,5,"mov eax, 7","mov eax, 7",b807000000,cpu,mov,False,9,0,,,7.0,,,,,
16788223,"2,edx,==,$z,zf,:=,32,$b,cf,:=,$p,pf,:=,31,$s,sf,:=,2,0x80000000,-,!,31,$o,^,of,:=,3,$b,af,:=",False,16788016,16788329,3,"cmp edx, 2","cmp edx, 2",83fa02,cpu,cmp,False,15,0,,,2.0,,,2.0,,
16788226,"zf,!,?{,0x34,rbp,-,[4],eax,=,}",False,16788016,16788328,4,"cmovne eax, dword [rbp - 0x34]","cmovne eax, dword [var_3ch]",0f4545cc,cpu,cmov,False,2147483657,0,,,,,,,,
16788230,"eax,0x34,rbp,-,=[4]",True,16788016,16788329,3,"mov dword [rbp - 0x34], eax","mov dword [var_3ch], eax",8945cc,cpu,mov,False,268435465,0,,,,,,,,
16788233,"0x18,rbp,-,[4],rax,=",True,16788016,16788329,3,"mov eax, dword [rbp - 0x18]","mov eax, dword [var_20h]",8b45e8,cpu,mov,False,9,0,,,,,,,,
16788236,"eax,0x4,rbp,-,=[4]",True,16788016,16788329,3,"mov dword [rbp - 4], eax","mov dword [var_ch], eax",8945fc,cpu,mov,False,268435465,0,,,,,,,,
16788239,"0x1002a65,rip,=",False,16788016,16788327,5,jmp 0x1002a65,jmp 0x1002a65,e951ffffff,cpu,jmp,False,1,0,,,,16788069.0,,,"[{'addr': 16788069, 'type': 'CODE'}]",
16788244,"0x18,rbp,-,[4],rax,=",True,16788016,16788329,3,"mov eax, dword [rbp - 0x18]","mov eax, dword [var_20h]",8b45e8,cpu,mov,False,9,0,['case.0x1002a61.4'],"[{'addr': 16788065, 'type': 'CODE'}]",,,,,,
16788247,"0,1,!,!,?{,1,1,-,eax,<<,0x80000000,&,!,!,^,},1,eax,<<=,$z,zf,:=,$p,pf,:=,31,$s,sf,:=,cf,=",False,16788016,16788330,2,"shl eax, 1","shl eax, 1",d1e0,cpu,shl,False,23,0,,,,,,,,
16788249,"7,0x34,rbp,-,=[4]",True,16788016,16788325,7,"mov dword [rbp - 0x34], 7","mov dword [var_3ch], 7",c745cc07000000,cpu,mov,False,268435465,0,,,7.0,,,,,
16788256,"eax,0x4,rbp,-,=[4]",True,16788016,16788329,3,"mov dword [rbp - 4], eax","mov dword [var_ch], eax",8945fc,cpu,mov,False,268435465,0,,,,,,,,
16788259,"0x1002a65,rip,=",False,16788016,16788327,5,jmp 0x1002a65,jmp 0x1002a65,e93dffffff,cpu,jmp,False,1,0,,,,16788069.0,,,"[{'addr': 16788069, 'type': 'CODE'}]",
16788264,"32,18446744073709551613,~,32,0x18,rbp,-,[4],~,*,DUP,eax,=,eax,-,?{,1,1,}{,0,0,},cf,:=,of,:=",False,16788016,16788328,4,"imul eax, dword [rbp - 0x18], 0xfffffffd","imul eax, dword [var_20h], 0xfffffffd",6b45e8fd,cpu,mul,False,20,0,['case.0x1002a61.5'],"[{'addr': 16788065, 'type': 'CODE'}]",,,,,,
16788268,"7,0x34,rbp,-,=[4]",True,16788016,16788325,7,"mov dword [rbp - 0x34], 7","mov dword [var_3ch], 7",c745cc07000000,cpu,mov,False,268435465,0,,,7.0,,,,,
16788275,"eax,0x4,rbp,-,=[4]",True,16788016,16788329,3,"mov dword [rbp - 4], eax","mov dword [var_ch], eax",8945fc,cpu,mov,False,268435465,0,,,,,,,,
16788278,"0x1002a65,rip,=",False,16788016,16788327,5,jmp 0x1002a65,jmp 0x1002a65,e92affffff,cpu,jmp,False,1,0,,,,16788069.0,,,"[{'addr': 16788069, 'type': 'CODE'}]",
16788283,"0x4,rbp,-,[4],rax,=",True,16788016,16788329,3,"mov eax, dword [rbp - 4]","mov eax, dword [var_ch]",8b45fc,cpu,mov,False,9,0,"['case.0x1002a61.6', 'case.0x1002a61.7']","[{'addr': 16788065, 'type': 'CODE'}]",,,,,,
16788286,"0x1c,rbp,-,[4],eax,+=,31,$o,of,:=,31,$s,sf,:=,$z,zf,:=,31,$c,cf,:=,$p,pf,:=,3,$c,af,:=",True,16788016,16788329,3,"add eax, dword [rbp - 0x1c]","add eax, dword [var_24h]",0345e4,cpu,add,False,17,0,,,,,,,,
16788289,"0x28,rbp,-,[8],rcx,=",True,16788016,16788328,4,"mov rcx, qword [rbp - 0x28]","mov rcx, qword [var_30h]",488b4dd8,cpu,mov,False,9,0,,,,,,,,
16788293,"1,rcx,+=,63,$o,of,:=,63,$s,sf,:=,$z,zf,:=,63,$c,cf,:=,$p,pf,:=,3,$c,af,:=",False,16788016,16788328,4,"add rcx, 1","add rcx, 1",4883c101,cpu,add,False,17,0,,,1.0,,,,,
16788297,"3,rdx,=",False,16788016,16788327,5,"mov edx, 3","mov edx, 3",ba03000000,cpu,mov,False,9,0,,,3.0,,,,,
16788302,"2,rsi,=",False,16788016,16788327,5,"mov esi, 2","mov esi, 2",be02000000,cpu,mov,False,9,0,,,2.0,,,,,
16788307,"0x30,rbp,-,[8],rcx,==,$z,zf,:=,64,$b,cf,:=,$p,pf,:=,63,$s,sf,:=,0x30,rbp,-,[8],0x8000000000000000,-,!,63,$o,^,of,:=,3,$b,af,:=",True,16788016,16788328,4,"cmp rcx, qword [rbp - 0x30]","cmp rcx, qword [var_38h]",483b4dd0,cpu,cmp,False,268435471,0,,,,,,,,
16788311,"zf,?{,esi,edx,=,}",False,16788016,16788329,3,"cmove edx, esi","cmove edx, esi",0f44d6,cpu,cmov,False,2147483657,0,,,,,,,,
16788314,"edx,0x34,rbp,-,=[4]",True,16788016,16788329,3,"mov dword [rbp - 0x34], edx","mov dword [var_3ch], edx",8955cc,cpu,mov,False,268435465,0,,,,,,,,
16788317,"eax,0x14,rbp,-,=[4]",True,16788016,16788329,3,"mov dword [rbp - 0x14], eax","mov dword [var_1ch], eax",8945ec,cpu,mov,False,268435465,0,,,,,,,,
16788320,"rcx,0x10,rbp,-,=[8]",True,16788016,16788328,4,"mov qword [rbp - 0x10], rcx","mov qword [var_18h], rcx",48894df0,cpu,mov,False,268435465,0,,,,,,,,
16788324,"eax,0x8,rbp,-,=[4]",True,16788016,16788329,3,"mov dword [rbp - 8], eax","mov dword [var_10h], eax",8945f8,cpu,mov,False,268435465,0,,,,,,,,
16788327,"0x1002a65,rip,=",False,16788016,16788327,5,jmp 0x1002a65,jmp 0x1002a65,e9f9feffff,cpu,jmp,False,1,0,,,,16788069.0,,,"[{'addr': 16788069, 'type': 'CODE'}]",
