offset,esil,refptr,fcn_addr,fcn_last,size,opcode,disasm,bytes,family,type,reloc,type_num,type2_num,flags,xrefs_to,val,jump,fail,ptr,xrefs_from,comment
16786896,"rbp,8,rsp,-,=[8],8,rsp,-=",False,16786896,16787194,1,push rbp,push rbp,55,cpu,rpush,False,268435468,0,['sym.modify_flags'],"[{'addr': 16785356, 'type': 'CALL'}]",,,,,,
16786897,"rsp,rbp,=",False,16786896,16787192,3,"mov rbp, rsp","mov rbp, rsp",4889e5,cpu,mov,False,9,0,,,,,,,,
16786900,"rdi,0x40,rbp,-,=[8]",True,16786896,16787191,4,"mov qword [rbp - 0x40], rdi","mov qword [var_48h], rdi",48897dc0,cpu,mov,False,268435465,0,,,,,,,,
16786904,"esi,0x38,rbp,-,=[4]",True,16786896,16787192,3,"mov dword [rbp - 0x38], esi","mov dword [var_40h], esi",8975c8,cpu,mov,False,268435465,0,,,,,,,,
16786907,"0,0x34,rbp,-,=[4]",True,16786896,16787188,7,"mov dword [rbp - 0x34], 0","mov dword [var_3ch], 0",c745cc00000000,cpu,mov,False,268435465,0,,,0.0,,,,,
16786914,"0x34,rbp,-,[4],rax,=",True,16786896,16787192,3,"mov eax, dword [rbp - 0x34]","mov eax, dword [var_3ch]",8b45cc,cpu,mov,False,9,0,,"[{'addr': 16786949, 'type': 'CODE'}]",,,,,,
16786917,"rax,0x48,rbp,-,=[8]",True,16786896,16787191,4,"mov qword [rbp - 0x48], rax","mov qword [var_50h], rax",488945b8,cpu,mov,False,268435465,0,,,,,,,,
16786921,"5,rax,-=,5,0x8000000000000000,-,!,63,$o,^,of,:=,63,$s,sf,:=,$z,zf,:=,$p,pf,:=,64,$b,cf,:=,3,$b,af,:=",False,16786896,16787191,4,"sub rax, 5","sub rax, 5",4883e805,cpu,sub,False,18,0,,,5.0,,,,,
16786925,"cf,zf,|,!,?{,16786947,rip,=,}",False,16786896,16787193,2,ja 0x1002603,ja 0x1002603,7714,cpu,cjmp,False,2147483649,0,,,,16786947.0,16786927.0,,,
16786927,"0x48,rbp,-,[8],rax,=",True,16786896,16787191,4,"mov rax, qword [rbp - 0x48]","mov rax, qword [var_50h]",488b45b8,cpu,mov,False,9,0,,,,,,,,
16786931,"0x1f6e,rip,-,rcx,=",True,16786896,16787188,7,"lea rcx, [rip - 0x1f6e]","lea rcx, data.0100068c",488d0d92e0ffff,cpu,lea,False,33,0,,,,,,16778892.0,"[{'addr': 16778892, 'type': 'DATA'}]",
16786938,"32,rax,4,*,rcx,+,[4],~,rax,=",True,16786896,16787191,4,"movsxd rax, dword [rcx + rax*4]","movsxd rax, dword [rcx + rax*4]",48630481,cpu,mov,False,9,0,,,,,,,,
16786942,"rcx,rax,+=,63,$o,of,:=,63,$s,sf,:=,$z,zf,:=,63,$c,cf,:=,$p,pf,:=,3,$c,af,:=",False,16786896,16787192,3,"add rax, rcx","add rax, rcx",4801c8,cpu,add,False,17,0,,,,,,,,
16786945,"rax,rip,=",False,16786896,16787193,2,jmp rax,jmp rax,ffe0,cpu,rjmp,False,268435458,0,['switch.0x01002601'],,,,,,"[{'addr': 16786951, 'type': 'CODE'}, {'addr': 16786982, 'type': 'CODE'}, {'addr': 16787015, 'type': 'CODE'}, {'addr': 16787033, 'type': 'CODE'}, {'addr': 16787111, 'type': 'CODE'}, {'addr': 16787141, 'type': 'CODE'}]",c3dpdGNoIHRhYmxlICg2IGNhc2VzKSBhdCAweDEwMDA2OGM=
16786947,"0x1002605,rip,=",False,16786896,16787193,2,jmp 0x1002605,jmp 0x1002605,eb00,cpu,jmp,False,1,0,,,,16786949.0,,,"[{'addr': 16786949, 'type': 'CODE'}]",
16786949,"0x10025e2,rip,=",False,16786896,16787193,2,jmp 0x10025e2,jmp 0x10025e2,ebdb,cpu,jmp,False,1,0,,"[{'addr': 16786947, 'type': 'CODE'}, {'addr': 16786980, 'type': 'CODE'}, {'addr': 16787013, 'type': 'CODE'}, {'addr': 16787106, 'type': 'CODE'}, {'addr': 16787136, 'type': 'CODE'}, {'addr': 16787190, 'type': 'CODE'}]",,16786914.0,,,"[{'addr': 16786914, 'type': 'CODE'}]",
16786951,"0x38,rbp,-,[4],rdx,=",True,16786896,16787192,3,"mov edx, dword [rbp - 0x38]","mov edx, dword [var_40h]",8b55c8,cpu,mov,False,9,0,['case.0x1002601.0'],"[{'addr': 16786945, 'type': 'CODE'}]",,,,,,
16786954,"2,rax,=",False,16786896,16787190,5,"mov eax, 2","mov eax, 2",b802000000,cpu,mov,False,9,0,,,2.0,,,,,
16786959,"1,rcx,=",False,16786896,16787190,5,"mov ecx, 1","mov ecx, 1",b901000000,cpu,mov,False,9,0,,,1.0,,,,,
16786964,"0,edx,==,$z,zf,:=,32,$b,cf,:=,$p,pf,:=,31,$s,sf,:=,0,0x80000000,-,!,31,$o,^,of,:=,3,$b,af,:=",False,16786896,16787192,3,"cmp edx, 0","cmp edx, 0",83fa00,cpu,cmp,False,15,0,,,0.0,,,0.0,,
16786967,"zf,!,sf,of,^,!,&,?{,ecx,eax,=,}",False,16786896,16787192,3,"cmovg eax, ecx","cmovg eax, ecx",0f4fc1,cpu,cmov,False,2147483657,0,,,,,,,,
16786970,"eax,0x34,rbp,-,=[4]",True,16786896,16787192,3,"mov dword [rbp - 0x34], eax","mov dword [var_3ch], eax",8945cc,cpu,mov,False,268435465,0,,,,,,,,
16786973,"0,0x14,rbp,-,=[4]",True,16786896,16787188,7,"mov dword [rbp - 0x14], 0","mov dword [var_1ch], 0",c745ec00000000,cpu,mov,False,268435465,0,,,0.0,,,,,
16786980,"0x1002605,rip,=",False,16786896,16787193,2,jmp 0x1002605,jmp 0x1002605,ebdf,cpu,jmp,False,1,0,,,,16786949.0,,,"[{'addr': 16786949, 'type': 'CODE'}]",
16786982,"0x38,rbp,-,[4],rax,=",True,16786896,16787192,3,"mov eax, dword [rbp - 0x38]","mov eax, dword [var_40h]",8b45c8,cpu,mov,False,9,0,['case.0x1002601.1'],"[{'addr': 16786945, 'type': 'CODE'}]",,,,,,
16786985,"eax,rax,=",False,16786896,16787193,2,"mov eax, eax","mov eax, eax",89c0,cpu,mov,False,9,0,,,,,,,,
16786987,"rax,0x30,rbp,-,=[8]",True,16786896,16787191,4,"mov qword [rbp - 0x30], rax","mov qword [var_38h], rax",488945d0,cpu,mov,False,268435465,0,,,,,,,,
16786991,"3,0x34,rbp,-,=[4]",True,16786896,16787188,7,"mov dword [rbp - 0x34], 3","mov dword [var_3ch], 3",c745cc03000000,cpu,mov,False,268435465,0,,,3.0,,,,,
16786998,"0,0x10,rbp,-,=[8]",True,16786896,16787187,8,"mov qword [rbp - 0x10], 0","mov qword [var_18h], 0",48c745f000000000,cpu,mov,False,268435465,0,,,0.0,,,,,
16787006,"0,0x8,rbp,-,=[4]",True,16786896,16787188,7,"mov dword [rbp - 8], 0","mov dword [var_10h], 0",c745f800000000,cpu,mov,False,268435465,0,,,0.0,,,,,
16787013,"0x1002605,rip,=",False,16786896,16787193,2,jmp 0x1002605,jmp 0x1002605,ebbe,cpu,jmp,False,1,0,,,,16786949.0,,,"[{'addr': 16786949, 'type': 'CODE'}]",
16787015,"0x14,rbp,-,[4],rsi,=",True,16786896,16787192,3,"mov esi, dword [rbp - 0x14]","mov esi, dword [var_1ch]",8b75ec,cpu,mov,False,9,0,['case.0x1002601.2'],"[{'addr': 16786945, 'type': 'CODE'}]",,,,,,
16787018,"0x1eee,rip,-,rdi,=",True,16786896,16787188,7,"lea rdi, [rip - 0x1eee]","lea rdi, str.Flags:__d",488d3d12e1ffff,cpu,lea,False,33,0,,,,,,16779107.0,"[{'addr': 16779107, 'type': 'DATA'}]",
16787025,"eax,rax,^,0xffffffff,&,rax,=,$z,zf,:=,$p,pf,:=,31,$s,sf,:=,0,cf,:=,0,of,:=",False,16786896,16787193,2,"xor eax, eax","xor eax, eax",31c0,cpu,xor,False,28,0,,,,,,,,
16787027,"rsp,[8],8,rsp,+=,rbp,=",False,16786896,16787194,1,pop rbp,pop rbp,5d,cpu,pop,False,14,0,,,,,,,,
16787028,"0x1002c00,rip,=",False,16786896,16787190,5,jmp 0x1002c00,jmp sym.imp.printf,e9a7050000,cpu,jmp,False,1,0,,,,16788480.0,,,"[{'addr': 16788480, 'type': 'CODE'}]",
16787033,"0x40,rbp,-,[8],rax,=",True,16786896,16787191,4,"mov rax, qword [rbp - 0x40]","mov rax, qword [var_48h]",488b45c0,cpu,mov,False,9,0,['case.0x1002601.3'],"[{'addr': 16786945, 'type': 'CODE'}]",,,,,,
16787037,"0x8,rbp,-,[4],rdx,=",True,16786896,16787192,3,"mov edx, dword [rbp - 8]","mov edx, dword [var_10h]",8b55f8,cpu,mov,False,9,0,,,,,,,,
16787040,"0x10,rbp,-,[8],rcx,=",True,16786896,16787191,4,"mov rcx, qword [rbp - 0x10]","mov rcx, qword [var_18h]",488b4df0,cpu,mov,False,9,0,,,,,,,,
16787044,"edx,0x20,rbp,-,=[4]",True,16786896,16787192,3,"mov dword [rbp - 0x20], edx","mov dword [var_28h], edx",8955e0,cpu,mov,False,268435465,0,,,,,,,,
16787047,"rcx,0x28,rbp,-,=[8]",True,16786896,16787191,4,"mov qword [rbp - 0x28], rcx","mov qword [var_30h], rcx",48894dd8,cpu,mov,False,268435465,0,,,,,,,,
16787051,"0x28,rbp,-,[8],rcx,=",True,16786896,16787191,4,"mov rcx, qword [rbp - 0x28]","mov rcx, qword [var_30h]",488b4dd8,cpu,mov,False,9,0,,,,,,,,
16787055,"rcx,4,*,rax,+,[4],rax,=",True,16786896,16787192,3,"mov eax, dword [rax + rcx*4]","mov eax, dword [rax + rcx*4]",8b0488,cpu,mov,False,9,0,,,,,,,,
16787058,"5,rcx,=",False,16786896,16787190,5,"mov ecx, 5","mov ecx, 5",b905000000,cpu,mov,False,9,0,,,5.0,,,,,
16787063,"0,edx,=,31,eax,>>,?{,0xffffffff,edx,=,}",False,16786896,16787194,1,cdq,cdq,99,cpu,null,False,0,0,,,,,,,,
16787064,"32,ecx,~,32,edx,<<,eax,+,~%,32,ecx,~,32,edx,<<,eax,+,~/,eax,=,edx,=",False,16786896,16787193,2,idiv ecx,idiv ecx,f7f9,cpu,div,False,21,0,,,,,,,,
16787066,"edx,0x1c,rbp,-,=[4]",True,16786896,16787192,3,"mov dword [rbp - 0x1c], edx","mov dword [var_24h], edx",8955e4,cpu,mov,False,268435465,0,,,,,,,,
16787069,"0x28,rbp,-,[8],rax,=",True,16786896,16787191,4,"mov rax, qword [rbp - 0x28]","mov rax, qword [var_30h]",488b45d8,cpu,mov,False,9,0,,,,,,,,
16787073,"7,rax,&,0xffffffff,&,rax,=,$z,zf,:=,$p,pf,:=,31,$s,sf,:=,0,cf,:=,0,of,:=",False,16786896,16787192,3,"and eax, 7","and eax, 7",83e007,cpu,and,False,27,0,,,7.0,,,,,
16787076,"eax,0x18,rbp,-,=[4]",True,16786896,16787192,3,"mov dword [rbp - 0x18], eax","mov dword [var_20h], eax",8945e8,cpu,mov,False,268435465,0,,,,,,,,
16787079,"5,rax,=",False,16786896,16787190,5,"mov eax, 5","mov eax, 5",b805000000,cpu,mov,False,9,0,,,5.0,,,,,
16787084,"4,rcx,=",False,16786896,16787190,5,"mov ecx, 4","mov ecx, 4",b904000000,cpu,mov,False,9,0,,,4.0,,,,,
16787089,"5,0x1c,rbp,-,[4],==,$z,zf,:=,32,$b,cf,:=,$p,pf,:=,31,$s,sf,:=,5,0x80000000,-,!,31,$o,^,of,:=,3,$b,af,:=",True,16786896,16787191,4,"cmp dword [rbp - 0x1c], 5","cmp dword [var_24h], 5",837de405,cpu,cmp,False,268435471,0,,,5.0,,,,,
16787093,"cf,?{,ecx,eax,=,}",False,16786896,16787192,3,"cmovb eax, ecx","cmovb eax, ecx",0f42c1,cpu,cmov,False,2147483657,0,,,,,,,,
16787096,"eax,0x34,rbp,-,=[4]",True,16786896,16787192,3,"mov dword [rbp - 0x34], eax","mov dword [var_3ch], eax",8945cc,cpu,mov,False,268435465,0,,,,,,,,
16787099,"32,0x4,rbp,-,=[4]",True,16786896,16787188,7,"mov dword [rbp - 4], 0x20","mov dword [var_ch], 0x20",c745fc20000000,cpu,mov,False,268435465,0,,,32.0,,,32.0,,
16787106,"0x1002605,rip,=",False,16786896,16787190,5,jmp 0x1002605,jmp 0x1002605,e95effffff,cpu,jmp,False,1,0,,,,16786949.0,,,"[{'addr': 16786949, 'type': 'CODE'}]",
16787111,"0x1c,rbp,-,[4],rax,=",True,16786896,16787192,3,"mov eax, dword [rbp - 0x1c]","mov eax, dword [var_24h]",8b45e4,cpu,mov,False,9,0,['case.0x1002601.4'],"[{'addr': 16786945, 'type': 'CODE'}]",,,,,,
16787114,"eax,rcx,=",False,16786896,16787193,2,"mov ecx, eax","mov ecx, eax",89c1,cpu,mov,False,9,0,,,,,,,,
16787116,"0x1f9b,rip,-,rax,=",True,16786896,16787188,7,"lea rax, [rip - 0x1f9b]","lea rax, data.01000718",488d0565e0ffff,cpu,lea,False,33,0,,,,,,16779032.0,"[{'addr': 16779032, 'type': 'DATA'}]",
16787123,"rcx,4,*,rax,+,[4],rax,=",True,16786896,16787192,3,"mov eax, dword [rax + rcx*4]","mov eax, dword [rax + rcx*4]",8b0488,cpu,mov,False,9,0,,,,,,,,
16787126,"5,0x34,rbp,-,=[4]",True,16786896,16787188,7,"mov dword [rbp - 0x34], 5","mov dword [var_3ch], 5",c745cc05000000,cpu,mov,False,268435465,0,,,5.0,,,,,
16787133,"eax,0x4,rbp,-,=[4]",True,16786896,16787192,3,"mov dword [rbp - 4], eax","mov dword [var_ch], eax",8945fc,cpu,mov,False,268435465,0,,,,,,,,
16787136,"0x1002605,rip,=",False,16786896,16787190,5,jmp 0x1002605,jmp 0x1002605,e940ffffff,cpu,jmp,False,1,0,,,,16786949.0,,,"[{'addr': 16786949, 'type': 'CODE'}]",
16787141,"0x4,rbp,-,[4],rax,=",True,16786896,16787192,3,"mov eax, dword [rbp - 4]","mov eax, dword [var_ch]",8b45fc,cpu,mov,False,9,0,['case.0x1002601.5'],"[{'addr': 16786945, 'type': 'CODE'}]",,,,,,
16787144,"0x18,rbp,-,[4],rcx,=",True,16786896,16787192,3,"mov ecx, dword [rbp - 0x18]","mov ecx, dword [var_20h]",8b4de8,cpu,mov,False,9,0,,,,,,,,
16787147,"0,cl,!,!,?{,1,cl,-,eax,<<,0x80000000,&,!,!,^,},cl,eax,<<=,$z,zf,:=,$p,pf,:=,31,$s,sf,:=,cf,=",False,16786896,16787193,2,"shl eax, cl","shl eax, cl",d3e0,cpu,shl,False,23,0,,,,,,,,
16787149,"0x20,rbp,-,[4],eax,|=,31,$s,sf,:=,$z,zf,:=,$p,pf,:=,0,of,:=,0,cf,:=",True,16786896,16787192,3,"or eax, dword [rbp - 0x20]","or eax, dword [var_28h]",0b45e0,cpu,or,False,26,0,,,,,,,,
16787152,"0x28,rbp,-,[8],rcx,=",True,16786896,16787191,4,"mov rcx, qword [rbp - 0x28]","mov rcx, qword [var_30h]",488b4dd8,cpu,mov,False,9,0,,,,,,,,
16787156,"1,rcx,+=,63,$o,of,:=,63,$s,sf,:=,$z,zf,:=,63,$c,cf,:=,$p,pf,:=,3,$c,af,:=",False,16786896,16787191,4,"add rcx, 1","add rcx, 1",4883c101,cpu,add,False,17,0,,,1.0,,,,,
16787160,"3,rdx,=",False,16786896,16787190,5,"mov edx, 3","mov edx, 3",ba03000000,cpu,mov,False,9,0,,,3.0,,,,,
16787165,"2,rsi,=",False,16786896,16787190,5,"mov esi, 2","mov esi, 2",be02000000,cpu,mov,False,9,0,,,2.0,,,,,
16787170,"0x30,rbp,-,[8],rcx,==,$z,zf,:=,64,$b,cf,:=,$p,pf,:=,63,$s,sf,:=,0x30,rbp,-,[8],0x8000000000000000,-,!,63,$o,^,of,:=,3,$b,af,:=",True,16786896,16787191,4,"cmp rcx, qword [rbp - 0x30]","cmp rcx, qword [var_38h]",483b4dd0,cpu,cmp,False,268435471,0,,,,,,,,
16787174,"zf,?{,esi,edx,=,}",False,16786896,16787192,3,"cmove edx, esi","cmove edx, esi",0f44d6,cpu,cmov,False,2147483657,0,,,,,,,,
16787177,"edx,0x34,rbp,-,=[4]",True,16786896,16787192,3,"mov dword [rbp - 0x34], edx","mov dword [var_3ch], edx",8955cc,cpu,mov,False,268435465,0,,,,,,,,
16787180,"eax,0x14,rbp,-,=[4]",True,16786896,16787192,3,"mov dword [rbp - 0x14], eax","mov dword [var_1ch], eax",8945ec,cpu,mov,False,268435465,0,,,,,,,,
16787183,"rcx,0x10,rbp,-,=[8]",True,16786896,16787191,4,"mov qword [rbp - 0x10], rcx","mov qword [var_18h], rcx",48894df0,cpu,mov,False,268435465,0,,,,,,,,
16787187,"eax,0x8,rbp,-,=[4]",True,16786896,16787192,3,"mov dword [rbp - 8], eax","mov dword [var_10h], eax",8945f8,cpu,mov,False,268435465,0,,,,,,,,
16787190,"0x1002605,rip,=",False,16786896,16787190,5,jmp 0x1002605,jmp 0x1002605,e90affffff,cpu,jmp,False,1,0,,,,16786949.0,,,"[{'addr': 16786949, 'type': 'CODE'}]",
