offset,esil,refptr,fcn_addr,fcn_last,size,opcode,disasm,bytes,family,type,reloc,type_num,type2_num,flags,comment,val,ptr,xrefs_from
16783616,"ebp,rbp,^,0xffffffff,&,rbp,=,$z,zf,:=,$p,pf,:=,31,$s,sf,:=,0,cf,:=,0,of,:=",False,16783616,16783656,2,"xor ebp, ebp","xor ebp, ebp",31ed,cpu,xor,False,28,0,"['entry0', 'section..text', 'segment.LOAD1', 'sym._start']",WzEzXSAtci14IHNlY3Rpb24gc2l6ZSA0ODM4IG5hbWVkIC50ZXh0,,,
16783618,"rdx,r9,=",False,16783616,16783655,3,"mov r9, rdx","mov r9, rdx",4989d1,cpu,mov,False,9,0,,,,,
16783621,"rsp,[8],8,rsp,+=,rsi,=",False,16783616,16783657,1,pop rsi,pop rsi,5e,cpu,pop,False,14,0,,,,,
16783622,"rsp,rdx,=",False,16783616,16783655,3,"mov rdx, rsp","mov rdx, rsp",4889e2,cpu,mov,False,9,0,,,,,
16783625,"18446744073709551600,rsp,&=,$z,zf,:=,$p,pf,:=,63,$s,sf,:=,0,cf,:=,0,of,:=",False,16783616,16783654,4,"and rsp, 0xfffffffffffffff0","and rsp, 0xfffffffffffffff0",4883e4f0,cpu,and,False,27,0,,,1.8446744073709552e+19,,
16783629,"rax,8,rsp,-,=[8],8,rsp,-=",False,16783616,16783657,1,push rax,push rax,50,cpu,rpush,False,268435468,0,,,,,
16783630,"rsp,8,rsp,-,=[8],8,rsp,-=",False,16783616,16783657,1,push rsp,push rsp,54,cpu,rpush,False,268435468,0,,,,,
16783631,"0x12ca,rip,+,r8,=",True,16783616,16783651,7,"lea r8, [rip + 0x12ca]","lea r8, [dbg.__libc_csu_fini]",4c8d05ca120000,cpu,lea,False,33,0,,,,16788448.0,"[{'addr': 16788448, 'type': 'DATA'}]"
16783638,"0x1253,rip,+,rcx,=",True,16783616,16783651,7,"lea rcx, [rip + 0x1253]","lea rcx, [dbg.__libc_csu_init]",488d0d53120000,cpu,lea,False,33,0,,,,16788336.0,"[{'addr': 16788336, 'type': 'DATA'}]"
16783645,"0xc,rip,+,rdi,=",True,16783616,16783651,7,"lea rdi, [rip + 0xc]","lea rdi, [main]",488d3d0c000000,cpu,lea,False,33,0,,,,16783664.0,"[{'addr': 16783664, 'type': 'DATA'}]"
16783652,"0x2456,rip,+,[8],rip,8,rsp,-=,rsp,=[],rip,=",True,16783616,16783652,6,call qword [rip + 0x2456],call qword [reloc.__libc_start_main],ff1556240000,cpu,ircall,False,402653188,0,,,,16792960.0,"[{'addr': 16792960, 'type': 'CALL'}]"
