offset,esil,refptr,fcn_addr,fcn_last,size,opcode,disasm,bytes,family,type,reloc,type_num,type2_num,flags,xrefs_to,ptr,xrefs_from,jump,fail,val
16788336,"rbp,8,rsp,-,=[8],8,rsp,-=",False,16788336,16788437,1,push rbp,push rbp,55,cpu,rpush,False,268435468,0,"['sym.__libc_csu_init', 'dbg.__libc_csu_init']","[{'addr': 16783638, 'type': 'DATA'}]",,,,,
16788337,"rsp,rbp,=",False,16788336,16788435,3,"mov rbp, rsp","mov rbp, rsp",4889e5,cpu,mov,False,9,0,,,,,,,
16788340,"r15,8,rsp,-,=[8],8,rsp,-=",False,16788336,16788436,2,push r15,push r15,4157,cpu,rpush,False,268435468,0,,,,,,,
16788342,"r14,8,rsp,-,=[8],8,rsp,-=",False,16788336,16788436,2,push r14,push r14,4156,cpu,rpush,False,268435468,0,,,,,,,
16788344,"r13,8,rsp,-,=[8],8,rsp,-=",False,16788336,16788436,2,push r13,push r13,4155,cpu,rpush,False,268435468,0,,,,,,,
16788346,"r12,8,rsp,-,=[8],8,rsp,-=",False,16788336,16788436,2,push r12,push r12,4154,cpu,rpush,False,268435468,0,,,,,,,
16788348,"rbx,8,rsp,-,=[8],8,rsp,-=",False,16788336,16788437,1,push rbx,push rbx,53,cpu,rpush,False,268435468,0,,,,,,,
16788349,"rax,8,rsp,-,=[8],8,rsp,-=",False,16788336,16788437,1,push rax,push rax,50,cpu,rpush,False,268435468,0,,,,,,,
16788350,"0x2b85,rip,-,r12,=",True,16788336,16788431,7,"lea r12, [rip - 0x2b85]","lea r12, loc.__init_array_start",4c8d257bd4ffff,cpu,lea,False,33,0,,,16777216.0,"[{'addr': 16777216, 'type': 'DATA'}]",,,
16788357,"0x2b8c,rip,-,r13,=",True,16788336,16788431,7,"lea r13, [rip - 0x2b8c]","lea r13, loc.__init_array_start",4c8d2d74d4ffff,cpu,lea,False,33,0,,,16777216.0,"[{'addr': 16777216, 'type': 'DATA'}]",,,
16788364,"r12,r13,-=,r12,0x8000000000000000,-,!,63,$o,^,of,:=,63,$s,sf,:=,$z,zf,:=,$p,pf,:=,64,$b,cf,:=,3,$b,af,:=",False,16788336,16788435,3,"sub r13, r12","sub r13, r12",4d29e5,cpu,sub,False,18,0,,,,,,,
16788367,"zf,?{,16788423,rip,=,}",False,16788336,16788436,2,je 0x1002bc7,je 0x1002bc7,7436,cpu,cjmp,False,2147483649,0,,,,,16788423.0,16788369.0,
16788369,"rdx,rbx,=",False,16788336,16788435,3,"mov rbx, rdx","mov rbx, rdx",4889d3,cpu,mov,False,9,0,,,,,,,
16788372,"rsi,r14,=",False,16788336,16788435,3,"mov r14, rsi","mov r14, rsi",4989f6,cpu,mov,False,9,0,,,,,,,
16788375,"edi,r15,=",False,16788336,16788435,3,"mov r15d, edi","mov r15d, edi",4189ff,cpu,mov,False,9,0,,,,,,,
16788378,"0,cf,:=,1,3,-,1,<<,r13,&,?{,1,cf,:=,},3,r13,>>>>,r13,=,$z,zf,:=,$p,pf,:=,63,$s,sf,:=",False,16788336,16788434,4,"sar r13, 3","sar r13, 3",49c1fd03,cpu,sar,False,25,0,,,,,,,
16788382,"1,r13,==,$z,zf,:=,64,$b,cf,:=,$p,pf,:=,63,$s,sf,:=,1,0x8000000000000000,-,!,63,$o,^,of,:=,3,$b,af,:=",False,16788336,16788434,4,"cmp r13, 1","cmp r13, 1",4983fd01,cpu,cmp,False,15,0,,,1.0,,,,1.0
16788386,"cf,0,+,r13,+=,63,$o,of,:=,63,$s,sf,:=,$z,zf,:=,63,$c,cf,:=,$p,pf,:=,3,$c,af,:=",False,16788336,16788434,4,"adc r13, 0","adc r13, 0",4983d500,cpu,add,False,17,0,,,,,,,
16788390,",",False,16788336,16788428,10,nop word cs:[rax + rax],nop word cs:[rax + rax],662e0f1f840000000000,cpu,nop,False,8,0,,,,,,,
16788400,"r15d,rdi,=",False,16788336,16788435,3,"mov edi, r15d","mov edi, r15d",4489ff,cpu,mov,False,9,0,,,,,,,
16788403,"r14,rsi,=",False,16788336,16788435,3,"mov rsi, r14","mov rsi, r14",4c89f6,cpu,mov,False,9,0,,,,,,,
16788406,"rbx,rdx,=",False,16788336,16788435,3,"mov rdx, rbx","mov rdx, rbx",4889da,cpu,mov,False,9,0,,,,,,,
16788409,"r12,[8],rip,8,rsp,-=,rsp,=[],rip,=",False,16788336,16788434,4,call qword [r12],call qword [r12],41ff1424,cpu,ircall,False,402653188,0,,,0.0,,,,
16788413,"8,r12,+=,63,$o,of,:=,63,$s,sf,:=,$z,zf,:=,63,$c,cf,:=,$p,pf,:=,3,$c,af,:=",False,16788336,16788434,4,"add r12, 8","add r12, 8",4983c408,cpu,add,False,17,0,,,,,,,8.0
16788417,"18446744073709551615,r13,+=,63,$o,of,:=,63,$s,sf,:=,$z,zf,:=,63,$c,cf,:=,$p,pf,:=,3,$c,af,:=",False,16788336,16788434,4,"add r13, 0xffffffffffffffff","add r13, 0xffffffffffffffff",4983c5ff,cpu,add,False,17,0,,,,,,,
16788421,"zf,!,?{,16788400,rip,=,}",False,16788336,16788436,2,jne 0x1002bb0,jne 0x1002bb0,75e9,cpu,cjmp,False,2147483649,0,,,,,16788400.0,16788423.0,
16788423,"8,rsp,+=,63,$o,of,:=,63,$s,sf,:=,$z,zf,:=,63,$c,cf,:=,$p,pf,:=,3,$c,af,:=",False,16788336,16788434,4,"add rsp, 8","add rsp, 8",4883c408,cpu,add,False,17,0,,,,,,,8.0
16788427,"rsp,[8],8,rsp,+=,rbx,=",False,16788336,16788437,1,pop rbx,pop rbx,5b,cpu,pop,False,14,0,,,,,,,
16788428,"rsp,[8],8,rsp,+=,r12,=",False,16788336,16788436,2,pop r12,pop r12,415c,cpu,pop,False,14,0,,,,,,,
16788430,"rsp,[8],8,rsp,+=,r13,=",False,16788336,16788436,2,pop r13,pop r13,415d,cpu,pop,False,14,0,,,,,,,
16788432,"rsp,[8],8,rsp,+=,r14,=",False,16788336,16788436,2,pop r14,pop r14,415e,cpu,pop,False,14,0,,,,,,,
16788434,"rsp,[8],8,rsp,+=,r15,=",False,16788336,16788436,2,pop r15,pop r15,415f,cpu,pop,False,14,0,,,,,,,
16788436,"rsp,[8],8,rsp,+=,rbp,=",False,16788336,16788437,1,pop rbp,pop rbp,5d,cpu,pop,False,14,0,,,,,,,
16788437,"rsp,[8],rip,=,8,rsp,+=",False,16788336,16788437,1,ret,ret,c3,cpu,ret,False,5,0,,,,,,,
