offset,esil,refptr,fcn_addr,fcn_last,size,opcode,disasm,bytes,family,type,reloc,type_num,type2_num,flags,xrefs_to,val,jump,fail,ptr,xrefs_from,comment
16786496,"rbp,8,rsp,-,=[8],8,rsp,-=",False,16786496,16786881,1,push rbp,push rbp,55,cpu,rpush,False,268435468,0,['sym.transform_data'],"[{'addr': 16785339, 'type': 'CALL'}]",,,,,,
16786497,"rsp,rbp,=",False,16786496,16786879,3,"mov rbp, rsp","mov rbp, rsp",4889e5,cpu,mov,False,9,0,,,,,,,,
16786500,"rdi,0x40,rbp,-,=[8]",True,16786496,16786878,4,"mov qword [rbp - 0x40], rdi","mov qword [var_48h], rdi",48897dc0,cpu,mov,False,268435465,0,,,,,,,,
16786504,"esi,0x38,rbp,-,=[4]",True,16786496,16786879,3,"mov dword [rbp - 0x38], esi","mov dword [var_40h], esi",8975c8,cpu,mov,False,268435465,0,,,,,,,,
16786507,"0,0x34,rbp,-,=[4]",True,16786496,16786875,7,"mov dword [rbp - 0x34], 0","mov dword [var_3ch], 0",c745cc00000000,cpu,mov,False,268435465,0,,,0.0,,,,,
16786514,"0x34,rbp,-,[4],rax,=",True,16786496,16786879,3,"mov eax, dword [rbp - 0x34]","mov eax, dword [var_3ch]",8b45cc,cpu,mov,False,9,0,,"[{'addr': 16786549, 'type': 'CODE'}]",,,,,,
16786517,"rax,0x48,rbp,-,=[8]",True,16786496,16786878,4,"mov qword [rbp - 0x48], rax","mov qword [var_50h], rax",488945b8,cpu,mov,False,268435465,0,,,,,,,,
16786521,"9,rax,-=,9,0x8000000000000000,-,!,63,$o,^,of,:=,63,$s,sf,:=,$z,zf,:=,$p,pf,:=,64,$b,cf,:=,3,$b,af,:=",False,16786496,16786878,4,"sub rax, 9","sub rax, 9",4883e809,cpu,sub,False,18,0,,,9.0,,,,,
16786525,"cf,zf,|,!,?{,16786547,rip,=,}",False,16786496,16786880,2,ja 0x1002473,ja 0x1002473,7714,cpu,cjmp,False,2147483649,0,,,,16786547.0,16786527.0,,,
16786527,"0x48,rbp,-,[8],rax,=",True,16786496,16786878,4,"mov rax, qword [rbp - 0x48]","mov rax, qword [var_50h]",488b45b8,cpu,mov,False,9,0,,,,,,,,
16786531,"0x1e06,rip,-,rcx,=",True,16786496,16786875,7,"lea rcx, [rip - 0x1e06]","lea rcx, data.01000664",488d0dfae1ffff,cpu,lea,False,33,0,,,,,,16778852.0,"[{'addr': 16778852, 'type': 'DATA'}]",
16786538,"32,rax,4,*,rcx,+,[4],~,rax,=",True,16786496,16786878,4,"movsxd rax, dword [rcx + rax*4]","movsxd rax, dword [rcx + rax*4]",48630481,cpu,mov,False,9,0,,,,,,,,
16786542,"rcx,rax,+=,63,$o,of,:=,63,$s,sf,:=,$z,zf,:=,63,$c,cf,:=,$p,pf,:=,3,$c,af,:=",False,16786496,16786879,3,"add rax, rcx","add rax, rcx",4801c8,cpu,add,False,17,0,,,,,,,,
16786545,"rax,rip,=",False,16786496,16786880,2,jmp rax,jmp rax,ffe0,cpu,rjmp,False,268435458,0,['switch.0x01002471'],,,,,,"[{'addr': 16786551, 'type': 'CODE'}, {'addr': 16786575, 'type': 'CODE'}, {'addr': 16786601, 'type': 'CODE'}, {'addr': 16786603, 'type': 'CODE'}, {'addr': 16786718, 'type': 'CODE'}, {'addr': 16786747, 'type': 'CODE'}, {'addr': 16786778, 'type': 'CODE'}, {'addr': 16786807, 'type': 'CODE'}, {'addr': 16786836, 'type': 'CODE'}]",c3dpdGNoIHRhYmxlICgxMCBjYXNlcykgYXQgMHgxMDAwNjY0
16786547,"0x1002475,rip,=",False,16786496,16786880,2,jmp 0x1002475,jmp 0x1002475,eb00,cpu,jmp,False,1,0,,,,16786549.0,,,"[{'addr': 16786549, 'type': 'CODE'}]",
16786549,"0x1002452,rip,=",False,16786496,16786880,2,jmp 0x1002452,jmp 0x1002452,ebdb,cpu,jmp,False,1,0,,"[{'addr': 16786547, 'type': 'CODE'}, {'addr': 16786573, 'type': 'CODE'}, {'addr': 16786599, 'type': 'CODE'}, {'addr': 16786713, 'type': 'CODE'}, {'addr': 16786742, 'type': 'CODE'}, {'addr': 16786773, 'type': 'CODE'}, {'addr': 16786802, 'type': 'CODE'}, {'addr': 16786831, 'type': 'CODE'}, {'addr': 16786877, 'type': 'CODE'}]",,16786514.0,,,"[{'addr': 16786514, 'type': 'CODE'}]",
16786551,"0x38,rbp,-,[4],rdx,=",True,16786496,16786879,3,"mov edx, dword [rbp - 0x38]","mov edx, dword [var_40h]",8b55c8,cpu,mov,False,9,0,['case.0x1002471.0'],"[{'addr': 16786545, 'type': 'CODE'}]",,,,,,
16786554,"2,rax,=",False,16786496,16786877,5,"mov eax, 2","mov eax, 2",b802000000,cpu,mov,False,9,0,,,2.0,,,,,
16786559,"1,rcx,=",False,16786496,16786877,5,"mov ecx, 1","mov ecx, 1",b901000000,cpu,mov,False,9,0,,,1.0,,,,,
16786564,"0,edx,==,$z,zf,:=,32,$b,cf,:=,$p,pf,:=,31,$s,sf,:=,0,0x80000000,-,!,31,$o,^,of,:=,3,$b,af,:=",False,16786496,16786879,3,"cmp edx, 0","cmp edx, 0",83fa00,cpu,cmp,False,15,0,,,0.0,,,0.0,,
16786567,"zf,!,sf,of,^,!,&,?{,ecx,eax,=,}",False,16786496,16786879,3,"cmovg eax, ecx","cmovg eax, ecx",0f4fc1,cpu,cmov,False,2147483657,0,,,,,,,,
16786570,"eax,0x34,rbp,-,=[4]",True,16786496,16786879,3,"mov dword [rbp - 0x34], eax","mov dword [var_3ch], eax",8945cc,cpu,mov,False,268435465,0,,,,,,,,
16786573,"0x1002475,rip,=",False,16786496,16786880,2,jmp 0x1002475,jmp 0x1002475,ebe6,cpu,jmp,False,1,0,,,,16786549.0,,,"[{'addr': 16786549, 'type': 'CODE'}]",
16786575,"0x38,rbp,-,[4],rax,=",True,16786496,16786879,3,"mov eax, dword [rbp - 0x38]","mov eax, dword [var_40h]",8b45c8,cpu,mov,False,9,0,['case.0x1002471.1'],"[{'addr': 16786545, 'type': 'CODE'}]",,,,,,
16786578,"eax,rax,=",False,16786496,16786880,2,"mov eax, eax","mov eax, eax",89c0,cpu,mov,False,9,0,,,,,,,,
16786580,"rax,0x30,rbp,-,=[8]",True,16786496,16786878,4,"mov qword [rbp - 0x30], rax","mov qword [var_38h], rax",488945d0,cpu,mov,False,268435465,0,,,,,,,,
16786584,"3,0x34,rbp,-,=[4]",True,16786496,16786875,7,"mov dword [rbp - 0x34], 3","mov dword [var_3ch], 3",c745cc03000000,cpu,mov,False,268435465,0,,,3.0,,,,,
16786591,"0,0x10,rbp,-,=[8]",True,16786496,16786874,8,"mov qword [rbp - 0x10], 0","mov qword [var_18h], 0",48c745f000000000,cpu,mov,False,268435465,0,,,0.0,,,,,
16786599,"0x1002475,rip,=",False,16786496,16786880,2,jmp 0x1002475,jmp 0x1002475,ebcc,cpu,jmp,False,1,0,,,,16786549.0,,,"[{'addr': 16786549, 'type': 'CODE'}]",
16786601,"rsp,[8],8,rsp,+=,rbp,=",False,16786496,16786881,1,pop rbp,pop rbp,5d,cpu,pop,False,14,0,['case.0x1002471.2'],"[{'addr': 16786545, 'type': 'CODE'}]",,,,,,
16786602,"rsp,[8],rip,=,8,rsp,+=",False,16786496,16786881,1,ret,ret,c3,cpu,ret,False,5,0,,,,,,,,
16786603,"0x40,rbp,-,[8],rax,=",True,16786496,16786878,4,"mov rax, qword [rbp - 0x40]","mov rax, qword [var_48h]",488b45c0,cpu,mov,False,9,0,['case.0x1002471.3'],"[{'addr': 16786545, 'type': 'CODE'}]",,,,,,
16786607,"0x10,rbp,-,[8],rcx,=",True,16786496,16786878,4,"mov rcx, qword [rbp - 0x10]","mov rcx, qword [var_18h]",488b4df0,cpu,mov,False,9,0,,,,,,,,
16786611,"rcx,0x28,rbp,-,=[8]",True,16786496,16786878,4,"mov qword [rbp - 0x28], rcx","mov qword [var_30h], rcx",48894dd8,cpu,mov,False,268435465,0,,,,,,,,
16786615,"0x28,rbp,-,[8],rcx,=",True,16786496,16786878,4,"mov rcx, qword [rbp - 0x28]","mov rcx, qword [var_30h]",488b4dd8,cpu,mov,False,9,0,,,,,,,,
16786619,"3,rcx,&,0xffffffff,&,rcx,=,$z,zf,:=,$p,pf,:=,31,$s,sf,:=,0,cf,:=,0,of,:=",False,16786496,16786879,3,"and ecx, 3","and ecx, 3",83e103,cpu,and,False,27,0,,,3.0,,,,,
16786622,"0x28,rbp,-,[8],rdx,=",True,16786496,16786878,4,"mov rdx, qword [rbp - 0x28]","mov rdx, qword [var_30h]",488b55d8,cpu,mov,False,9,0,,,,,,,,
16786626,"0,2,!,!,?{,1,2,-,rdx,<<,0x8000000000000000,&,!,!,^,},2,rdx,<<=,$z,zf,:=,$p,pf,:=,63,$s,sf,:=,cf,=",False,16786496,16786878,4,"shl rdx, 2","shl rdx, 2",48c1e202,cpu,shl,False,23,0,,,,,,,,
16786630,"rdx,rax,+=,63,$o,of,:=,63,$s,sf,:=,$z,zf,:=,63,$c,cf,:=,$p,pf,:=,3,$c,af,:=",False,16786496,16786879,3,"add rax, rdx","add rax, rdx",4801d0,cpu,add,False,17,0,,,,,,,,
16786633,"rax,0x20,rbp,-,=[8]",True,16786496,16786878,4,"mov qword [rbp - 0x20], rax","mov qword [var_28h], rax",488945e0,cpu,mov,False,268435465,0,,,,,,,,
16786637,"0x20,rbp,-,[8],rax,=",True,16786496,16786878,4,"mov rax, qword [rbp - 0x20]","mov rax, qword [var_28h]",488b45e0,cpu,mov,False,9,0,,,,,,,,
16786641,"rax,[4],rax,=",True,16786496,16786880,2,"mov eax, dword [rax]","mov eax, dword [rax]",8b00,cpu,mov,False,9,0,,,,,,,,
16786643,"eax,0x14,rbp,-,=[4]",True,16786496,16786879,3,"mov dword [rbp - 0x14], eax","mov dword [var_1ch], eax",8945ec,cpu,mov,False,268435465,0,,,,,,,,
16786646,"8,0x34,rbp,-,=[4]",True,16786496,16786875,7,"mov dword [rbp - 0x34], 8","mov dword [var_3ch], 8",c745cc08000000,cpu,mov,False,268435465,0,,,8.0,,,,,
16786653,"4,rax,=",False,16786496,16786877,5,"mov eax, 4","mov eax, 4",b804000000,cpu,mov,False,9,0,,,4.0,,,,,
16786658,"0,ecx,==,$z,zf,:=,32,$b,cf,:=,$p,pf,:=,31,$s,sf,:=,0,0x80000000,-,!,31,$o,^,of,:=,3,$b,af,:=",False,16786496,16786879,3,"cmp ecx, 0","cmp ecx, 0",83f900,cpu,cmp,False,15,0,,,0.0,,,0.0,,
16786661,"zf,!,?{,0x34,rbp,-,[4],eax,=,}",False,16786496,16786878,4,"cmovne eax, dword [rbp - 0x34]","cmovne eax, dword [var_3ch]",0f4545cc,cpu,cmov,False,2147483657,0,,,,,,,,
16786665,"eax,0x34,rbp,-,=[4]",True,16786496,16786879,3,"mov dword [rbp - 0x34], eax","mov dword [var_3ch], eax",8945cc,cpu,mov,False,268435465,0,,,,,,,,
16786668,"5,rax,=",False,16786496,16786877,5,"mov eax, 5","mov eax, 5",b805000000,cpu,mov,False,9,0,,,5.0,,,,,
16786673,"1,ecx,==,$z,zf,:=,32,$b,cf,:=,$p,pf,:=,31,$s,sf,:=,1,0x80000000,-,!,31,$o,^,of,:=,3,$b,af,:=",False,16786496,16786879,3,"cmp ecx, 1","cmp ecx, 1",83f901,cpu,cmp,False,15,0,,,1.0,,,1.0,,
16786676,"zf,!,?{,0x34,rbp,-,[4],eax,=,}",False,16786496,16786878,4,"cmovne eax, dword [rbp - 0x34]","cmovne eax, dword [var_3ch]",0f4545cc,cpu,cmov,False,2147483657,0,,,,,,,,
16786680,"eax,0x34,rbp,-,=[4]",True,16786496,16786879,3,"mov dword [rbp - 0x34], eax","mov dword [var_3ch], eax",8945cc,cpu,mov,False,268435465,0,,,,,,,,
16786683,"6,rax,=",False,16786496,16786877,5,"mov eax, 6","mov eax, 6",b806000000,cpu,mov,False,9,0,,,6.0,,,,,
16786688,"2,ecx,==,$z,zf,:=,32,$b,cf,:=,$p,pf,:=,31,$s,sf,:=,2,0x80000000,-,!,31,$o,^,of,:=,3,$b,af,:=",False,16786496,16786879,3,"cmp ecx, 2","cmp ecx, 2",83f902,cpu,cmp,False,15,0,,,2.0,,,2.0,,
16786691,"zf,!,?{,0x34,rbp,-,[4],eax,=,}",False,16786496,16786878,4,"cmovne eax, dword [rbp - 0x34]","cmovne eax, dword [var_3ch]",0f4545cc,cpu,cmov,False,2147483657,0,,,,,,,,
16786695,"eax,0x34,rbp,-,=[4]",True,16786496,16786879,3,"mov dword [rbp - 0x34], eax","mov dword [var_3ch], eax",8945cc,cpu,mov,False,268435465,0,,,,,,,,
16786698,"7,rax,=",False,16786496,16786877,5,"mov eax, 7","mov eax, 7",b807000000,cpu,mov,False,9,0,,,7.0,,,,,
16786703,"3,ecx,==,$z,zf,:=,32,$b,cf,:=,$p,pf,:=,31,$s,sf,:=,3,0x80000000,-,!,31,$o,^,of,:=,3,$b,af,:=",False,16786496,16786879,3,"cmp ecx, 3","cmp ecx, 3",83f903,cpu,cmp,False,15,0,,,3.0,,,3.0,,
16786706,"zf,!,?{,0x34,rbp,-,[4],eax,=,}",False,16786496,16786878,4,"cmovne eax, dword [rbp - 0x34]","cmovne eax, dword [var_3ch]",0f4545cc,cpu,cmov,False,2147483657,0,,,,,,,,
16786710,"eax,0x34,rbp,-,=[4]",True,16786496,16786879,3,"mov dword [rbp - 0x34], eax","mov dword [var_3ch], eax",8945cc,cpu,mov,False,268435465,0,,,,,,,,
16786713,"0x1002475,rip,=",False,16786496,16786877,5,jmp 0x1002475,jmp 0x1002475,e957ffffff,cpu,jmp,False,1,0,,,,16786549.0,,,"[{'addr': 16786549, 'type': 'CODE'}]",
16786718,"0x14,rbp,-,[4],rax,=",True,16786496,16786879,3,"mov eax, dword [rbp - 0x14]","mov eax, dword [var_1ch]",8b45ec,cpu,mov,False,9,0,['case.0x1002471.4'],"[{'addr': 16786545, 'type': 'CODE'}]",,,,,,
16786721,"5,eax,+=,31,$o,of,:=,31,$s,sf,:=,$z,zf,:=,31,$c,cf,:=,$p,pf,:=,3,$c,af,:=",False,16786496,16786879,3,"add eax, 5","add eax, 5",83c005,cpu,add,False,17,0,,,5.0,,,,,
16786724,"100,rcx,=",False,16786496,16786877,5,"mov ecx, 0x64","mov ecx, 0x64",b964000000,cpu,mov,False,9,0,,,100.0,,,100.0,,
16786729,"0,edx,=,31,eax,>>,?{,0xffffffff,edx,=,}",False,16786496,16786881,1,cdq,cdq,99,cpu,null,False,0,0,,,,,,,,
16786730,"32,ecx,~,32,edx,<<,eax,+,~%,32,ecx,~,32,edx,<<,eax,+,~/,eax,=,edx,=",False,16786496,16786880,2,idiv ecx,idiv ecx,f7f9,cpu,div,False,21,0,,,,,,,,
16786732,"9,0x34,rbp,-,=[4]",True,16786496,16786875,7,"mov dword [rbp - 0x34], 9","mov dword [var_3ch], 9",c745cc09000000,cpu,mov,False,268435465,0,,,9.0,,,,,
16786739,"edx,0x4,rbp,-,=[4]",True,16786496,16786879,3,"mov dword [rbp - 4], edx","mov dword [var_ch], edx",8955fc,cpu,mov,False,268435465,0,,,,,,,,
16786742,"0x1002475,rip,=",False,16786496,16786877,5,jmp 0x1002475,jmp 0x1002475,e93affffff,cpu,jmp,False,1,0,,,,16786549.0,,,"[{'addr': 16786549, 'type': 'CODE'}]",
16786747,"0x14,rbp,-,[4],rax,=",True,16786496,16786879,3,"mov eax, dword [rbp - 0x14]","mov eax, dword [var_1ch]",8b45ec,cpu,mov,False,9,0,['case.0x1002471.5'],"[{'addr': 16786545, 'type': 'CODE'}]",,,,,,
16786750,"0,1,!,!,?{,1,1,-,eax,<<,0x80000000,&,!,!,^,},1,eax,<<=,$z,zf,:=,$p,pf,:=,31,$s,sf,:=,cf,=",False,16786496,16786880,2,"shl eax, 1","shl eax, 1",d1e0,cpu,shl,False,23,0,,,,,,,,
16786752,"7,eax,+=,31,$o,of,:=,31,$s,sf,:=,$z,zf,:=,31,$c,cf,:=,$p,pf,:=,3,$c,af,:=",False,16786496,16786879,3,"add eax, 7","add eax, 7",83c007,cpu,add,False,17,0,,,7.0,,,,,
16786755,"50,rcx,=",False,16786496,16786877,5,"mov ecx, 0x32","mov ecx, 0x32",b932000000,cpu,mov,False,9,0,,,50.0,,,50.0,,
16786760,"0,edx,=,31,eax,>>,?{,0xffffffff,edx,=,}",False,16786496,16786881,1,cdq,cdq,99,cpu,null,False,0,0,,,,,,,,
16786761,"32,ecx,~,32,edx,<<,eax,+,~%,32,ecx,~,32,edx,<<,eax,+,~/,eax,=,edx,=",False,16786496,16786880,2,idiv ecx,idiv ecx,f7f9,cpu,div,False,21,0,,,,,,,,
16786763,"9,0x34,rbp,-,=[4]",True,16786496,16786875,7,"mov dword [rbp - 0x34], 9","mov dword [var_3ch], 9",c745cc09000000,cpu,mov,False,268435465,0,,,9.0,,,,,
16786770,"edx,0x4,rbp,-,=[4]",True,16786496,16786879,3,"mov dword [rbp - 4], edx","mov dword [var_ch], edx",8955fc,cpu,mov,False,268435465,0,,,,,,,,
16786773,"0x1002475,rip,=",False,16786496,16786877,5,jmp 0x1002475,jmp 0x1002475,e91bffffff,cpu,jmp,False,1,0,,,,16786549.0,,,"[{'addr': 16786549, 'type': 'CODE'}]",
16786778,"0x14,rbp,-,[4],rax,=",True,16786496,16786879,3,"mov eax, dword [rbp - 0x14]","mov eax, dword [var_1ch]",8b45ec,cpu,mov,False,9,0,['case.0x1002471.6'],"[{'addr': 16786545, 'type': 'CODE'}]",,,,,,
16786781,"18446744073709551613,eax,+=,31,$o,of,:=,31,$s,sf,:=,$z,zf,:=,31,$c,cf,:=,$p,pf,:=,3,$c,af,:=",False,16786496,16786879,3,"add eax, 0xfffffffd","add eax, 0xfffffffd",83c0fd,cpu,add,False,17,0,,,1.8446744073709552e+19,,,,,
16786784,"25,rcx,=",False,16786496,16786877,5,"mov ecx, 0x19","mov ecx, 0x19",b919000000,cpu,mov,False,9,0,,,25.0,,,25.0,,
16786789,"0,edx,=,31,eax,>>,?{,0xffffffff,edx,=,}",False,16786496,16786881,1,cdq,cdq,99,cpu,null,False,0,0,,,,,,,,
16786790,"32,ecx,~,32,edx,<<,eax,+,~%,32,ecx,~,32,edx,<<,eax,+,~/,eax,=,edx,=",False,16786496,16786880,2,idiv ecx,idiv ecx,f7f9,cpu,div,False,21,0,,,,,,,,
16786792,"9,0x34,rbp,-,=[4]",True,16786496,16786875,7,"mov dword [rbp - 0x34], 9","mov dword [var_3ch], 9",c745cc09000000,cpu,mov,False,268435465,0,,,9.0,,,,,
16786799,"edx,0x4,rbp,-,=[4]",True,16786496,16786879,3,"mov dword [rbp - 4], edx","mov dword [var_ch], edx",8955fc,cpu,mov,False,268435465,0,,,,,,,,
16786802,"0x1002475,rip,=",False,16786496,16786877,5,jmp 0x1002475,jmp 0x1002475,e9fefeffff,cpu,jmp,False,1,0,,,,16786549.0,,,"[{'addr': 16786549, 'type': 'CODE'}]",
16786807,"0x14,rbp,-,[4],rax,=",True,16786496,16786879,3,"mov eax, dword [rbp - 0x14]","mov eax, dword [var_1ch]",8b45ec,cpu,mov,False,9,0,['case.0x1002471.7'],"[{'addr': 16786545, 'type': 'CODE'}]",,,,,,
16786810,"0,2,!,!,?{,1,2,-,eax,<<,0x80000000,&,!,!,^,},2,eax,<<=,$z,zf,:=,$p,pf,:=,31,$s,sf,:=,cf,=",False,16786496,16786879,3,"shl eax, 2","shl eax, 2",c1e002,cpu,shl,False,23,0,,,,,,,,
16786813,"75,rcx,=",False,16786496,16786877,5,"mov ecx, 0x4b","mov ecx, 0x4b",b94b000000,cpu,mov,False,9,0,,,75.0,,,75.0,,
16786818,"0,edx,=,31,eax,>>,?{,0xffffffff,edx,=,}",False,16786496,16786881,1,cdq,cdq,99,cpu,null,False,0,0,,,,,,,,
16786819,"32,ecx,~,32,edx,<<,eax,+,~%,32,ecx,~,32,edx,<<,eax,+,~/,eax,=,edx,=",False,16786496,16786880,2,idiv ecx,idiv ecx,f7f9,cpu,div,False,21,0,,,,,,,,
16786821,"9,0x34,rbp,-,=[4]",True,16786496,16786875,7,"mov dword [rbp - 0x34], 9","mov dword [var_3ch], 9",c745cc09000000,cpu,mov,False,268435465,0,,,9.0,,,,,
16786828,"edx,0x4,rbp,-,=[4]",True,16786496,16786879,3,"mov dword [rbp - 4], edx","mov dword [var_ch], edx",8955fc,cpu,mov,False,268435465,0,,,,,,,,
16786831,"0x1002475,rip,=",False,16786496,16786877,5,jmp 0x1002475,jmp 0x1002475,e9e1feffff,cpu,jmp,False,1,0,,,,16786549.0,,,"[{'addr': 16786549, 'type': 'CODE'}]",
16786836,"0x4,rbp,-,[4],rcx,=",True,16786496,16786879,3,"mov ecx, dword [rbp - 4]","mov ecx, dword [var_ch]",8b4dfc,cpu,mov,False,9,0,"['case.0x1002471.8', 'case.0x1002471.9']","[{'addr': 16786545, 'type': 'CODE'}]",,,,,,
16786839,"0x20,rbp,-,[8],rax,=",True,16786496,16786878,4,"mov rax, qword [rbp - 0x20]","mov rax, qword [var_28h]",488b45e0,cpu,mov,False,9,0,,,,,,,,
16786843,"ecx,rax,=[4]",True,16786496,16786880,2,"mov dword [rax], ecx","mov dword [rax], ecx",8908,cpu,mov,False,9,0,,,,,,,,
16786845,"0x28,rbp,-,[8],rax,=",True,16786496,16786878,4,"mov rax, qword [rbp - 0x28]","mov rax, qword [var_30h]",488b45d8,cpu,mov,False,9,0,,,,,,,,
16786849,"1,rax,+=,63,$o,of,:=,63,$s,sf,:=,$z,zf,:=,63,$c,cf,:=,$p,pf,:=,3,$c,af,:=",False,16786496,16786878,4,"add rax, 1","add rax, 1",4883c001,cpu,add,False,17,0,,,1.0,,,,,
16786853,"3,rcx,=",False,16786496,16786877,5,"mov ecx, 3","mov ecx, 3",b903000000,cpu,mov,False,9,0,,,3.0,,,,,
16786858,"2,rdx,=",False,16786496,16786877,5,"mov edx, 2","mov edx, 2",ba02000000,cpu,mov,False,9,0,,,2.0,,,,,
16786863,"0x30,rbp,-,[8],rax,==,$z,zf,:=,64,$b,cf,:=,$p,pf,:=,63,$s,sf,:=,0x30,rbp,-,[8],0x8000000000000000,-,!,63,$o,^,of,:=,3,$b,af,:=",True,16786496,16786878,4,"cmp rax, qword [rbp - 0x30]","cmp rax, qword [var_38h]",483b45d0,cpu,cmp,False,268435471,0,,,,,,,,
16786867,"zf,?{,edx,ecx,=,}",False,16786496,16786879,3,"cmove ecx, edx","cmove ecx, edx",0f44ca,cpu,cmov,False,2147483657,0,,,,,,,,
16786870,"ecx,0x34,rbp,-,=[4]",True,16786496,16786879,3,"mov dword [rbp - 0x34], ecx","mov dword [var_3ch], ecx",894dcc,cpu,mov,False,268435465,0,,,,,,,,
16786873,"rax,0x10,rbp,-,=[8]",True,16786496,16786878,4,"mov qword [rbp - 0x10], rax","mov qword [var_18h], rax",488945f0,cpu,mov,False,268435465,0,,,,,,,,
16786877,"0x1002475,rip,=",False,16786496,16786877,5,jmp 0x1002475,jmp 0x1002475,e9b3feffff,cpu,jmp,False,1,0,,,,16786549.0,,,"[{'addr': 16786549, 'type': 'CODE'}]",
