offset,esil,refptr,fcn_addr,fcn_last,size,opcode,disasm,bytes,family,type,reloc,type_num,type2_num,flags,xrefs_to,val,jump,fail,ptr,xrefs_from,comment
16787680,"rbp,8,rsp,-,=[8],8,rsp,-=",False,16787680,16788007,1,push rbp,push rbp,55,cpu,rpush,False,268435468,0,['sym.analyze_and_transform'],"[{'addr': 16785390, 'type': 'CALL'}]",,,,,,
16787681,"rsp,rbp,=",False,16787680,16788005,3,"mov rbp, rsp","mov rbp, rsp",4889e5,cpu,mov,False,9,0,,,,,,,,
16787684,"rdi,0x40,rbp,-,=[8]",True,16787680,16788004,4,"mov qword [rbp - 0x40], rdi","mov qword [var_48h], rdi",48897dc0,cpu,mov,False,268435465,0,,,,,,,,
16787688,"esi,0x38,rbp,-,=[4]",True,16787680,16788005,3,"mov dword [rbp - 0x38], esi","mov dword [var_40h], esi",8975c8,cpu,mov,False,268435465,0,,,,,,,,
16787691,"0,0x34,rbp,-,=[4]",True,16787680,16788001,7,"mov dword [rbp - 0x34], 0","mov dword [var_3ch], 0",c745cc00000000,cpu,mov,False,268435465,0,,,0.0,,,,,
16787698,"0x34,rbp,-,[4],rax,=",True,16787680,16788005,3,"mov eax, dword [rbp - 0x34]","mov eax, dword [var_3ch]",8b45cc,cpu,mov,False,9,0,,"[{'addr': 16787733, 'type': 'CODE'}]",,,,,,
16787701,"rax,0x48,rbp,-,=[8]",True,16787680,16788004,4,"mov qword [rbp - 0x48], rax","mov qword [var_50h], rax",488945b8,cpu,mov,False,268435465,0,,,,,,,,
16787705,"8,rax,-=,8,0x8000000000000000,-,!,63,$o,^,of,:=,63,$s,sf,:=,$z,zf,:=,$p,pf,:=,64,$b,cf,:=,3,$b,af,:=",False,16787680,16788004,4,"sub rax, 8","sub rax, 8",4883e808,cpu,sub,False,18,0,,,8.0,,,,,
16787709,"cf,zf,|,!,?{,16787731,rip,=,}",False,16787680,16788006,2,ja 0x1002913,ja 0x1002913,7714,cpu,cjmp,False,2147483649,0,,,,16787731.0,16787711.0,,,
16787711,"0x48,rbp,-,[8],rax,=",True,16787680,16788004,4,"mov rax, qword [rbp - 0x48]","mov rax, qword [var_50h]",488b45b8,cpu,mov,False,9,0,,,,,,,,
16787715,"0x2236,rip,-,rcx,=",True,16787680,16788001,7,"lea rcx, [rip - 0x2236]","lea rcx, data.010006d4",488d0dcaddffff,cpu,lea,False,33,0,,,,,,16778964.0,"[{'addr': 16778964, 'type': 'DATA'}]",
16787722,"32,rax,4,*,rcx,+,[4],~,rax,=",True,16787680,16788004,4,"movsxd rax, dword [rcx + rax*4]","movsxd rax, dword [rcx + rax*4]",48630481,cpu,mov,False,9,0,,,,,,,,
16787726,"rcx,rax,+=,63,$o,of,:=,63,$s,sf,:=,$z,zf,:=,63,$c,cf,:=,$p,pf,:=,3,$c,af,:=",False,16787680,16788005,3,"add rax, rcx","add rax, rcx",4801c8,cpu,add,False,17,0,,,,,,,,
16787729,"rax,rip,=",False,16787680,16788006,2,jmp rax,jmp rax,ffe0,cpu,rjmp,False,268435458,0,['switch.0x01002911'],,,,,,"[{'addr': 16787735, 'type': 'CODE'}, {'addr': 16787759, 'type': 'CODE'}, {'addr': 16787785, 'type': 'CODE'}, {'addr': 16787787, 'type': 'CODE'}, {'addr': 16787893, 'type': 'CODE'}, {'addr': 16787916, 'type': 'CODE'}, {'addr': 16787940, 'type': 'CODE'}, {'addr': 16787962, 'type': 'CODE'}]",c3dpdGNoIHRhYmxlICg5IGNhc2VzKSBhdCAweDEwMDA2ZDQ=
16787731,"0x1002915,rip,=",False,16787680,16788006,2,jmp 0x1002915,jmp 0x1002915,eb00,cpu,jmp,False,1,0,,,,16787733.0,,,"[{'addr': 16787733, 'type': 'CODE'}]",
16787733,"0x10028f2,rip,=",False,16787680,16788006,2,jmp 0x10028f2,jmp 0x10028f2,ebdb,cpu,jmp,False,1,0,,"[{'addr': 16787731, 'type': 'CODE'}, {'addr': 16787757, 'type': 'CODE'}, {'addr': 16787783, 'type': 'CODE'}, {'addr': 16787888, 'type': 'CODE'}, {'addr': 16787911, 'type': 'CODE'}, {'addr': 16787935, 'type': 'CODE'}, {'addr': 16787957, 'type': 'CODE'}, {'addr': 16788003, 'type': 'CODE'}]",,16787698.0,,,"[{'addr': 16787698, 'type': 'CODE'}]",
16787735,"0x38,rbp,-,[4],rdx,=",True,16787680,16788005,3,"mov edx, dword [rbp - 0x38]","mov edx, dword [var_40h]",8b55c8,cpu,mov,False,9,0,['case.0x1002911.0'],"[{'addr': 16787729, 'type': 'CODE'}]",,,,,,
16787738,"2,rax,=",False,16787680,16788003,5,"mov eax, 2","mov eax, 2",b802000000,cpu,mov,False,9,0,,,2.0,,,,,
16787743,"1,rcx,=",False,16787680,16788003,5,"mov ecx, 1","mov ecx, 1",b901000000,cpu,mov,False,9,0,,,1.0,,,,,
16787748,"0,edx,==,$z,zf,:=,32,$b,cf,:=,$p,pf,:=,31,$s,sf,:=,0,0x80000000,-,!,31,$o,^,of,:=,3,$b,af,:=",False,16787680,16788005,3,"cmp edx, 0","cmp edx, 0",83fa00,cpu,cmp,False,15,0,,,0.0,,,0.0,,
16787751,"zf,!,sf,of,^,!,&,?{,ecx,eax,=,}",False,16787680,16788005,3,"cmovg eax, ecx","cmovg eax, ecx",0f4fc1,cpu,cmov,False,2147483657,0,,,,,,,,
16787754,"eax,0x34,rbp,-,=[4]",True,16787680,16788005,3,"mov dword [rbp - 0x34], eax","mov dword [var_3ch], eax",8945cc,cpu,mov,False,268435465,0,,,,,,,,
16787757,"0x1002915,rip,=",False,16787680,16788006,2,jmp 0x1002915,jmp 0x1002915,ebe6,cpu,jmp,False,1,0,,,,16787733.0,,,"[{'addr': 16787733, 'type': 'CODE'}]",
16787759,"0x38,rbp,-,[4],rax,=",True,16787680,16788005,3,"mov eax, dword [rbp - 0x38]","mov eax, dword [var_40h]",8b45c8,cpu,mov,False,9,0,['case.0x1002911.1'],"[{'addr': 16787729, 'type': 'CODE'}]",,,,,,
16787762,"eax,rax,=",False,16787680,16788006,2,"mov eax, eax","mov eax, eax",89c0,cpu,mov,False,9,0,,,,,,,,
16787764,"rax,0x30,rbp,-,=[8]",True,16787680,16788004,4,"mov qword [rbp - 0x30], rax","mov qword [var_38h], rax",488945d0,cpu,mov,False,268435465,0,,,,,,,,
16787768,"3,0x34,rbp,-,=[4]",True,16787680,16788001,7,"mov dword [rbp - 0x34], 3","mov dword [var_3ch], 3",c745cc03000000,cpu,mov,False,268435465,0,,,3.0,,,,,
16787775,"0,0x10,rbp,-,=[8]",True,16787680,16788000,8,"mov qword [rbp - 0x10], 0","mov qword [var_18h], 0",48c745f000000000,cpu,mov,False,268435465,0,,,0.0,,,,,
16787783,"0x1002915,rip,=",False,16787680,16788006,2,jmp 0x1002915,jmp 0x1002915,ebcc,cpu,jmp,False,1,0,,,,16787733.0,,,"[{'addr': 16787733, 'type': 'CODE'}]",
16787785,"rsp,[8],8,rsp,+=,rbp,=",False,16787680,16788007,1,pop rbp,pop rbp,5d,cpu,pop,False,14,0,['case.0x1002911.2'],"[{'addr': 16787729, 'type': 'CODE'}]",,,,,,
16787786,"rsp,[8],rip,=,8,rsp,+=",False,16787680,16788007,1,ret,ret,c3,cpu,ret,False,5,0,,,,,,,,
16787787,"0x10,rbp,-,[8],rax,=",True,16787680,16788004,4,"mov rax, qword [rbp - 0x10]","mov rax, qword [var_18h]",488b45f0,cpu,mov,False,9,0,['case.0x1002911.3'],"[{'addr': 16787729, 'type': 'CODE'}]",,,,,,
16787791,"rax,0x28,rbp,-,=[8]",True,16787680,16788004,4,"mov qword [rbp - 0x28], rax","mov qword [var_30h], rax",488945d8,cpu,mov,False,268435465,0,,,,,,,,
16787795,"0x28,rbp,-,[8],rax,=",True,16787680,16788004,4,"mov rax, qword [rbp - 0x28]","mov rax, qword [var_30h]",488b45d8,cpu,mov,False,9,0,,,,,,,,
16787799,"3,rcx,=",False,16787680,16788003,5,"mov ecx, 3","mov ecx, 3",b903000000,cpu,mov,False,9,0,,,3.0,,,,,
16787804,"edx,rdx,^,0xffffffff,&,rdx,=,$z,zf,:=,$p,pf,:=,31,$s,sf,:=,0,cf,:=,0,of,:=",False,16787680,16788006,2,"xor edx, edx","xor edx, edx",31d2,cpu,xor,False,28,0,,,,,,,,
16787806,"ecx,32,edx,<<,eax,+,%,ecx,32,edx,<<,eax,+,/,eax,=,edx,=",False,16787680,16788006,2,div ecx,div ecx,f7f1,cpu,div,False,21,0,,,,,,,,
16787808,"0x40,rbp,-,[8],rax,=",True,16787680,16788004,4,"mov rax, qword [rbp - 0x40]","mov rax, qword [var_48h]",488b45c0,cpu,mov,False,9,0,,,,,,,,
16787812,"0x28,rbp,-,[8],rcx,=",True,16787680,16788004,4,"mov rcx, qword [rbp - 0x28]","mov rcx, qword [var_30h]",488b4dd8,cpu,mov,False,9,0,,,,,,,,
16787816,"0,2,!,!,?{,1,2,-,rcx,<<,0x8000000000000000,&,!,!,^,},2,rcx,<<=,$z,zf,:=,$p,pf,:=,63,$s,sf,:=,cf,=",False,16787680,16788004,4,"shl rcx, 2","shl rcx, 2",48c1e102,cpu,shl,False,23,0,,,,,,,,
16787820,"rcx,rax,+=,63,$o,of,:=,63,$s,sf,:=,$z,zf,:=,63,$c,cf,:=,$p,pf,:=,3,$c,af,:=",False,16787680,16788005,3,"add rax, rcx","add rax, rcx",4801c8,cpu,add,False,17,0,,,,,,,,
16787823,"rax,0x20,rbp,-,=[8]",True,16787680,16788004,4,"mov qword [rbp - 0x20], rax","mov qword [var_28h], rax",488945e0,cpu,mov,False,268435465,0,,,,,,,,
16787827,"0x20,rbp,-,[8],rax,=",True,16787680,16788004,4,"mov rax, qword [rbp - 0x20]","mov rax, qword [var_28h]",488b45e0,cpu,mov,False,9,0,,,,,,,,
16787831,"rax,[4],rax,=",True,16787680,16788006,2,"mov eax, dword [rax]","mov eax, dword [rax]",8b00,cpu,mov,False,9,0,,,,,,,,
16787833,"eax,0x14,rbp,-,=[4]",True,16787680,16788005,3,"mov dword [rbp - 0x14], eax","mov dword [var_1ch], eax",8945ec,cpu,mov,False,268435465,0,,,,,,,,
16787836,"7,0x34,rbp,-,=[4]",True,16787680,16788001,7,"mov dword [rbp - 0x34], 7","mov dword [var_3ch], 7",c745cc07000000,cpu,mov,False,268435465,0,,,7.0,,,,,
16787843,"4,rax,=",False,16787680,16788003,5,"mov eax, 4","mov eax, 4",b804000000,cpu,mov,False,9,0,,,4.0,,,,,
16787848,"0,edx,==,$z,zf,:=,32,$b,cf,:=,$p,pf,:=,31,$s,sf,:=,0,0x80000000,-,!,31,$o,^,of,:=,3,$b,af,:=",False,16787680,16788005,3,"cmp edx, 0","cmp edx, 0",83fa00,cpu,cmp,False,15,0,,,0.0,,,0.0,,
16787851,"zf,!,?{,0x34,rbp,-,[4],eax,=,}",False,16787680,16788004,4,"cmovne eax, dword [rbp - 0x34]","cmovne eax, dword [var_3ch]",0f4545cc,cpu,cmov,False,2147483657,0,,,,,,,,
16787855,"eax,0x34,rbp,-,=[4]",True,16787680,16788005,3,"mov dword [rbp - 0x34], eax","mov dword [var_3ch], eax",8945cc,cpu,mov,False,268435465,0,,,,,,,,
16787858,"5,rax,=",False,16787680,16788003,5,"mov eax, 5","mov eax, 5",b805000000,cpu,mov,False,9,0,,,5.0,,,,,
16787863,"1,edx,==,$z,zf,:=,32,$b,cf,:=,$p,pf,:=,31,$s,sf,:=,1,0x80000000,-,!,31,$o,^,of,:=,3,$b,af,:=",False,16787680,16788005,3,"cmp edx, 1","cmp edx, 1",83fa01,cpu,cmp,False,15,0,,,1.0,,,1.0,,
16787866,"zf,!,?{,0x34,rbp,-,[4],eax,=,}",False,16787680,16788004,4,"cmovne eax, dword [rbp - 0x34]","cmovne eax, dword [var_3ch]",0f4545cc,cpu,cmov,False,2147483657,0,,,,,,,,
16787870,"eax,0x34,rbp,-,=[4]",True,16787680,16788005,3,"mov dword [rbp - 0x34], eax","mov dword [var_3ch], eax",8945cc,cpu,mov,False,268435465,0,,,,,,,,
16787873,"6,rax,=",False,16787680,16788003,5,"mov eax, 6","mov eax, 6",b806000000,cpu,mov,False,9,0,,,6.0,,,,,
16787878,"2,edx,==,$z,zf,:=,32,$b,cf,:=,$p,pf,:=,31,$s,sf,:=,2,0x80000000,-,!,31,$o,^,of,:=,3,$b,af,:=",False,16787680,16788005,3,"cmp edx, 2","cmp edx, 2",83fa02,cpu,cmp,False,15,0,,,2.0,,,2.0,,
16787881,"zf,!,?{,0x34,rbp,-,[4],eax,=,}",False,16787680,16788004,4,"cmovne eax, dword [rbp - 0x34]","cmovne eax, dword [var_3ch]",0f4545cc,cpu,cmov,False,2147483657,0,,,,,,,,
16787885,"eax,0x34,rbp,-,=[4]",True,16787680,16788005,3,"mov dword [rbp - 0x34], eax","mov dword [var_3ch], eax",8945cc,cpu,mov,False,268435465,0,,,,,,,,
16787888,"0x1002915,rip,=",False,16787680,16788003,5,jmp 0x1002915,jmp 0x1002915,e960ffffff,cpu,jmp,False,1,0,,,,16787733.0,,,"[{'addr': 16787733, 'type': 'CODE'}]",
16787893,"0x14,rbp,-,[4],rax,=",True,16787680,16788005,3,"mov eax, dword [rbp - 0x14]","mov eax, dword [var_1ch]",8b45ec,cpu,mov,False,9,0,['case.0x1002911.4'],"[{'addr': 16787729, 'type': 'CODE'}]",,,,,,
16787896,"0,1,!,!,?{,1,1,-,eax,<<,0x80000000,&,!,!,^,},1,eax,<<=,$z,zf,:=,$p,pf,:=,31,$s,sf,:=,cf,=",False,16787680,16788006,2,"shl eax, 1","shl eax, 1",d1e0,cpu,shl,False,23,0,,,,,,,,
16787898,"6,eax,+=,31,$o,of,:=,31,$s,sf,:=,$z,zf,:=,31,$c,cf,:=,$p,pf,:=,3,$c,af,:=",False,16787680,16788005,3,"add eax, 6","add eax, 6",83c006,cpu,add,False,17,0,,,6.0,,,,,
16787901,"8,0x34,rbp,-,=[4]",True,16787680,16788001,7,"mov dword [rbp - 0x34], 8","mov dword [var_3ch], 8",c745cc08000000,cpu,mov,False,268435465,0,,,8.0,,,,,
16787908,"eax,0x4,rbp,-,=[4]",True,16787680,16788005,3,"mov dword [rbp - 4], eax","mov dword [var_ch], eax",8945fc,cpu,mov,False,268435465,0,,,,,,,,
16787911,"0x1002915,rip,=",False,16787680,16788003,5,jmp 0x1002915,jmp 0x1002915,e949ffffff,cpu,jmp,False,1,0,,,,16787733.0,,,"[{'addr': 16787733, 'type': 'CODE'}]",
16787916,"0x14,rbp,-,[4],rax,=",True,16787680,16788005,3,"mov eax, dword [rbp - 0x14]","mov eax, dword [var_1ch]",8b45ec,cpu,mov,False,9,0,['case.0x1002911.5'],"[{'addr': 16787729, 'type': 'CODE'}]",,,,,,
16787919,"0,2,!,!,?{,1,2,-,eax,<<,0x80000000,&,!,!,^,},2,eax,<<=,$z,zf,:=,$p,pf,:=,31,$s,sf,:=,cf,=",False,16787680,16788005,3,"shl eax, 2","shl eax, 2",c1e002,cpu,shl,False,23,0,,,,,,,,
16787922,"18446744073709551608,eax,+=,31,$o,of,:=,31,$s,sf,:=,$z,zf,:=,31,$c,cf,:=,$p,pf,:=,3,$c,af,:=",False,16787680,16788005,3,"add eax, 0xfffffff8","add eax, 0xfffffff8",83c0f8,cpu,add,False,17,0,,,1.8446744073709552e+19,,,,,
16787925,"8,0x34,rbp,-,=[4]",True,16787680,16788001,7,"mov dword [rbp - 0x34], 8","mov dword [var_3ch], 8",c745cc08000000,cpu,mov,False,268435465,0,,,8.0,,,,,
16787932,"eax,0x4,rbp,-,=[4]",True,16787680,16788005,3,"mov dword [rbp - 4], eax","mov dword [var_ch], eax",8945fc,cpu,mov,False,268435465,0,,,,,,,,
16787935,"0x1002915,rip,=",False,16787680,16788003,5,jmp 0x1002915,jmp 0x1002915,e931ffffff,cpu,jmp,False,1,0,,,,16787733.0,,,"[{'addr': 16787733, 'type': 'CODE'}]",
16787940,"32,3,~,32,0x14,rbp,-,[4],~,*,DUP,eax,=,eax,-,?{,1,1,}{,0,0,},cf,:=,of,:=",False,16787680,16788004,4,"imul eax, dword [rbp - 0x14], 3","imul eax, dword [var_1ch], 3",6b45ec03,cpu,mul,False,20,0,['case.0x1002911.6'],"[{'addr': 16787729, 'type': 'CODE'}]",,,,,,
16787944,"15,eax,+=,31,$o,of,:=,31,$s,sf,:=,$z,zf,:=,31,$c,cf,:=,$p,pf,:=,3,$c,af,:=",False,16787680,16788005,3,"add eax, 0xf","add eax, 0xf",83c00f,cpu,add,False,17,0,,,15.0,,,15.0,,
16787947,"8,0x34,rbp,-,=[4]",True,16787680,16788001,7,"mov dword [rbp - 0x34], 8","mov dword [var_3ch], 8",c745cc08000000,cpu,mov,False,268435465,0,,,8.0,,,,,
16787954,"eax,0x4,rbp,-,=[4]",True,16787680,16788005,3,"mov dword [rbp - 4], eax","mov dword [var_ch], eax",8945fc,cpu,mov,False,268435465,0,,,,,,,,
16787957,"0x1002915,rip,=",False,16787680,16788003,5,jmp 0x1002915,jmp 0x1002915,e91bffffff,cpu,jmp,False,1,0,,,,16787733.0,,,"[{'addr': 16787733, 'type': 'CODE'}]",
16787962,"0x4,rbp,-,[4],rcx,=",True,16787680,16788005,3,"mov ecx, dword [rbp - 4]","mov ecx, dword [var_ch]",8b4dfc,cpu,mov,False,9,0,"['case.0x1002911.7', 'case.0x1002911.8']","[{'addr': 16787729, 'type': 'CODE'}]",,,,,,
16787965,"0x20,rbp,-,[8],rax,=",True,16787680,16788004,4,"mov rax, qword [rbp - 0x20]","mov rax, qword [var_28h]",488b45e0,cpu,mov,False,9,0,,,,,,,,
16787969,"ecx,rax,=[4]",True,16787680,16788006,2,"mov dword [rax], ecx","mov dword [rax], ecx",8908,cpu,mov,False,9,0,,,,,,,,
16787971,"0x28,rbp,-,[8],rax,=",True,16787680,16788004,4,"mov rax, qword [rbp - 0x28]","mov rax, qword [var_30h]",488b45d8,cpu,mov,False,9,0,,,,,,,,
16787975,"1,rax,+=,63,$o,of,:=,63,$s,sf,:=,$z,zf,:=,63,$c,cf,:=,$p,pf,:=,3,$c,af,:=",False,16787680,16788004,4,"add rax, 1","add rax, 1",4883c001,cpu,add,False,17,0,,,1.0,,,,,
16787979,"3,rcx,=",False,16787680,16788003,5,"mov ecx, 3","mov ecx, 3",b903000000,cpu,mov,False,9,0,,,3.0,,,,,
16787984,"2,rdx,=",False,16787680,16788003,5,"mov edx, 2","mov edx, 2",ba02000000,cpu,mov,False,9,0,,,2.0,,,,,
16787989,"0x30,rbp,-,[8],rax,==,$z,zf,:=,64,$b,cf,:=,$p,pf,:=,63,$s,sf,:=,0x30,rbp,-,[8],0x8000000000000000,-,!,63,$o,^,of,:=,3,$b,af,:=",True,16787680,16788004,4,"cmp rax, qword [rbp - 0x30]","cmp rax, qword [var_38h]",483b45d0,cpu,cmp,False,268435471,0,,,,,,,,
16787993,"zf,?{,edx,ecx,=,}",False,16787680,16788005,3,"cmove ecx, edx","cmove ecx, edx",0f44ca,cpu,cmov,False,2147483657,0,,,,,,,,
16787996,"ecx,0x34,rbp,-,=[4]",True,16787680,16788005,3,"mov dword [rbp - 0x34], ecx","mov dword [var_3ch], ecx",894dcc,cpu,mov,False,268435465,0,,,,,,,,
16787999,"rax,0x10,rbp,-,=[8]",True,16787680,16788004,4,"mov qword [rbp - 0x10], rax","mov qword [var_18h], rax",488945f0,cpu,mov,False,268435465,0,,,,,,,,
16788003,"0x1002915,rip,=",False,16787680,16788003,5,jmp 0x1002915,jmp 0x1002915,e9edfeffff,cpu,jmp,False,1,0,,,,16787733.0,,,"[{'addr': 16787733, 'type': 'CODE'}]",
