offset,esil,refptr,fcn_addr,fcn_last,size,opcode,disasm,bytes,family,type,reloc,type_num,type2_num,flags,xrefs_to,val,jump,fail,xrefs_from,ptr
16782864,"rbp,8,rsp,-,=[8],8,rsp,-=",False,16782864,16782995,1,push rbp,push rbp,55,cpu,rpush,False,268435468,0,"['main', 'sym.main']","[{'addr': 16782717, 'type': 'DATA'}]",,,,,
16782865,"rsp,rbp,=",False,16782864,16782993,3,"mov rbp, rsp","mov rbp, rsp",4889e5,cpu,mov,False,9,0,,,,,,,
16782868,"16,rsp,-=,16,0x8000000000000000,-,!,63,$o,^,of,:=,63,$s,sf,:=,$z,zf,:=,$p,pf,:=,64,$b,cf,:=,3,$b,af,:=",False,16782864,16782992,4,"sub rsp, 0x10","sub rsp, 0x10",4883ec10,cpu,sub,False,18,0,,,16.0,,,,
16782872,"rsi,0x10,rbp,-,=[8]",True,16782864,16782992,4,"mov qword [rbp - 0x10], rsi","mov qword [endptr], rsi",488975f0,cpu,mov,False,268435465,0,,,,,,,
16782876,"0x8,rsi,+,[8],rdi,=",True,16782864,16782992,4,"mov rdi, qword [rsi + 8]","mov rdi, qword [rsi + 8]",488b7e08,cpu,mov,False,9,0,,,,,,,
16782880,"eax,rax,^,0xffffffff,&,rax,=,$z,zf,:=,$p,pf,:=,31,$s,sf,:=,0,cf,:=,0,of,:=",False,16782864,16782994,2,"xor eax, eax","xor eax, eax",31c0,cpu,xor,False,28,0,,,,,,,
16782882,"eax,rsi,=",False,16782864,16782994,2,"mov esi, eax","mov esi, eax",89c6,cpu,mov,False,9,0,,,,,,,
16782884,"16783152,rip,8,rsp,-=,rsp,=[],rip,=",False,16782864,16782991,5,call 0x1001730,call sym.imp.strtod,e807010000,cpu,call,False,3,0,,,,16783152.0,16782889.0,"[{'addr': 16783152, 'type': 'CALL'}]",
16782889,"0x10,rbp,-,[8],rsi,=",True,16782864,16782992,4,"mov rsi, qword [rbp - 0x10]","mov rsi, qword [endptr]",488b75f0,cpu,mov,False,9,0,,,,,,,
16782893,,False,16782864,16782992,4,"cvtsd2ss xmm0, xmm0","cvtsd2ss xmm0, xmm0",f20f5ac0,sse,null,False,0,0,,,,,,,
16782897,"xmm0,0x8,rbp,-,=[4]",True,16782864,16782991,5,"movss dword [rbp - 8], xmm0","movss dword [var_10h], xmm0",f30f1145f8,sse,mov,False,268435465,0,,,,,,,
16782902,"0x10,rsi,+,[8],rdi,=",True,16782864,16782992,4,"mov rdi, qword [rsi + 0x10]","mov rdi, qword [rsi + 0x10]",488b7e10,cpu,mov,False,9,0,,,,,,,
16782906,"eax,rax,^,0xffffffff,&,rax,=,$z,zf,:=,$p,pf,:=,31,$s,sf,:=,0,cf,:=,0,of,:=",False,16782864,16782994,2,"xor eax, eax","xor eax, eax",31c0,cpu,xor,False,28,0,,,,,,,
16782908,"eax,rsi,=",False,16782864,16782994,2,"mov esi, eax","mov esi, eax",89c6,cpu,mov,False,9,0,,,,,,,
16782910,"16783152,rip,8,rsp,-=,rsp,=[],rip,=",False,16782864,16782991,5,call 0x1001730,call sym.imp.strtod,e8ed000000,cpu,call,False,3,0,,,,16783152.0,16782915.0,"[{'addr': 16783152, 'type': 'CALL'}]",
16782915,"0x8,rbp,-,[4],xmm1,=",True,16782864,16782991,5,"movss xmm1, dword [rbp - 8]","movss xmm1, dword [var_10h]",f30f104df8,sse,mov,False,9,0,,,,,,,
16782920,,False,16782864,16782992,4,"cvtsd2ss xmm0, xmm0","cvtsd2ss xmm0, xmm0",f20f5ac0,sse,null,False,0,0,,,,,,,
16782924,,False,16782864,16782992,4,"cvttss2si edi, xmm1","cvttss2si edi, xmm1",f30f2cf9,sse,null,False,0,0,,,,,,,
16782928,,False,16782864,16782992,4,"cvttss2si esi, xmm0","cvttss2si esi, xmm0",f30f2cf0,sse,null,False,0,0,,,,,,,
16782932,"16782736,rip,8,rsp,-=,rsp,=[],rip,=",False,16782864,16782991,5,call 0x1001590,call sym.mult,e837ffffff,cpu,call,False,3,0,,,,16782736.0,16782937.0,"[{'addr': 16782736, 'type': 'CALL'}]",
16782937,"eax,rcx,=",False,16782864,16782994,2,"mov ecx, eax","mov ecx, eax",89c1,cpu,mov,False,9,0,,,,,,,
16782939,"ecx,0x4,rbp,-,=[4]",True,16782864,16782993,3,"mov dword [rbp - 4], ecx","mov dword [var_ch], ecx",894dfc,cpu,mov,False,268435465,0,,,,,,,
16782942,"0x11d4,rip,-,rdi,=",True,16782864,16782989,7,"lea rdi, [rip - 0x11d4]","lea rdi, str.You_loose",488d3d2ceeffff,cpu,lea,False,33,0,,,,,,"[{'addr': 16778385, 'type': 'DATA'}]",16778385.0
16782949,"0x11e4,rip,-,rax,=",True,16782864,16782989,7,"lea rax, [rip - 0x11e4]","lea rax, str.You_win",488d051ceeffff,cpu,lea,False,33,0,,,,,,"[{'addr': 16778376, 'type': 'DATA'}]",16778376.0
16782956,"899414294,ecx,==,$z,zf,:=,32,$b,cf,:=,$p,pf,:=,31,$s,sf,:=,899414294,0x80000000,-,!,31,$o,^,of,:=,3,$b,af,:=",False,16782864,16782990,6,"cmp ecx, 0x359bf916","cmp ecx, 0x359bf916",81f916f99b35,cpu,cmp,False,15,0,,,899414294.0,,,,899414294.0
16782962,"zf,?{,rax,rdi,=,}",False,16782864,16782992,4,"cmove rdi, rax","cmove rdi, rax",480f44f8,cpu,cmov,False,2147483657,0,,,,,,,
16782966,"16783168,rip,8,rsp,-=,rsp,=[],rip,=",False,16782864,16782991,5,call 0x1001740,call sym.imp.puts,e8c5000000,cpu,call,False,3,0,,,,16783168.0,16782971.0,"[{'addr': 16783168, 'type': 'CALL'}]",
16782971,"0x4,rbp,-,[4],rsi,=",True,16782864,16782993,3,"mov esi, dword [rbp - 4]","mov esi, dword [var_ch]",8b75fc,cpu,mov,False,9,0,,,,,,,
16782974,"0x1209,rip,-,rdi,=",True,16782864,16782989,7,"lea rdi, [rip - 0x1209]","lea rdi, str.Hash:_0x_x",488d3df7edffff,cpu,lea,False,33,0,,,,,,"[{'addr': 16778364, 'type': 'DATA'}]",16778364.0
16782981,"0,al,=",False,16782864,16782994,2,"mov al, 0","mov al, 0",b000,cpu,mov,False,9,0,,,0.0,,,,
16782983,"16783184,rip,8,rsp,-=,rsp,=[],rip,=",False,16782864,16782991,5,call 0x1001750,call sym.imp.printf,e8c4000000,cpu,call,False,3,0,,,,16783184.0,16782988.0,"[{'addr': 16783184, 'type': 'CALL'}]",
16782988,"eax,rax,^,0xffffffff,&,rax,=,$z,zf,:=,$p,pf,:=,31,$s,sf,:=,0,cf,:=,0,of,:=",False,16782864,16782994,2,"xor eax, eax","xor eax, eax",31c0,cpu,xor,False,28,0,,,,,,,
16782990,"16,rsp,+=,63,$o,of,:=,63,$s,sf,:=,$z,zf,:=,63,$c,cf,:=,$p,pf,:=,3,$c,af,:=",False,16782864,16782992,4,"add rsp, 0x10","add rsp, 0x10",4883c410,cpu,add,False,17,0,,,16.0,,,,
16782994,"rsp,[8],8,rsp,+=,rbp,=",False,16782864,16782995,1,pop rbp,pop rbp,5d,cpu,pop,False,14,0,,,,,,,
16782995,"rsp,[8],rip,=,8,rsp,+=",False,16782864,16782995,1,ret,ret,c3,cpu,ret,False,5,0,,,,,,,
