offset,esil,refptr,fcn_addr,fcn_last,size,opcode,disasm,bytes,family,type,reloc,type_num,type2_num,flags,xrefs_to,ptr,val,jump,fail,xrefs_from
16784752,"rbp,8,rsp,-,=[8],8,rsp,-=",False,16784752,16785056,1,push rbp,push rbp,55,cpu,rpush,False,268435468,0,['sym.rearrange'],"[{'addr': 16784723, 'type': 'CALL'}]",,,,,
16784753,"rsp,rbp,=",False,16784752,16785054,3,"mov rbp, rsp","mov rbp, rsp",4889e5,cpu,mov,False,9,0,,,,,,,
16784756,"rdi,0x18,rbp,-,=[8]",True,16784752,16785053,4,"mov qword [rbp - 0x18], rdi","mov qword [var_20h], rdi",48897de8,cpu,mov,False,268435465,0,,,,,,,
16784760,"rsi,0x10,rbp,-,=[8]",True,16784752,16785053,4,"mov qword [rbp - 0x10], rsi","mov qword [var_18h], rsi",488975f0,cpu,mov,False,268435465,0,,,,,,,
16784764,"edx,0x4,rbp,-,=[4]",True,16784752,16785054,3,"mov dword [rbp - 4], edx","mov dword [var_ch], edx",8955fc,cpu,mov,False,268435465,0,,,,,,,
16784767,"edx,rax,=",False,16784752,16785055,2,"mov eax, edx","mov eax, edx",89d0,cpu,mov,False,9,0,,,,,,,
16784769,"0,1,!,!,?{,1,1,-,eax,<<,0x80000000,&,!,!,^,},1,eax,<<=,$z,zf,:=,$p,pf,:=,31,$s,sf,:=,cf,=",False,16784752,16785055,2,"shl eax, 1","shl eax, 1",d1e0,cpu,shl,False,23,0,,,,,,,
16784771,"edx,rax,^,0xffffffff,&,rax,=,$z,zf,:=,$p,pf,:=,31,$s,sf,:=,0,cf,:=,0,of,:=",False,16784752,16785055,2,"xor eax, edx","xor eax, edx",31d0,cpu,xor,False,28,0,,,,,,,
16784773,"0,eax,==,$z,zf,:=,32,$b,cf,:=,$p,pf,:=,31,$s,sf,:=,0,0x80000000,-,!,31,$o,^,of,:=,3,$b,af,:=",False,16784752,16785054,3,"cmp eax, 0","cmp eax, 0",83f800,cpu,cmp,False,15,0,,,0.0,0.0,,,
16784776,"zf,?{,16784809,rip,=,}",False,16784752,16785055,2,je 0x1001da9,je 0x1001da9,741f,cpu,cjmp,False,2147483649,0,,,,,16784809.0,16784778.0,
16784778,"0x4,rbp,-,[4],rax,=",True,16784752,16785054,3,"mov eax, dword [rbp - 4]","mov eax, dword [var_ch]",8b45fc,cpu,mov,False,9,0,,,,,,,
16784781,"eax,rcx,=",False,16784752,16785055,2,"mov ecx, eax","mov ecx, eax",89c1,cpu,mov,False,9,0,,,,,,,
16784783,"0,cf,:=,1,1,-,1,<<,ecx,&,?{,1,cf,:=,},1,ecx,>>,ecx,=,$z,zf,:=,$p,pf,:=,31,$s,sf,:=",False,16784752,16785055,2,"shr ecx, 1","shr ecx, 1",d1e9,cpu,shr,False,22,0,,,,1.0,,,
16784785,"ecx,0x34,rbp,-,=[4]",True,16784752,16785054,3,"mov dword [rbp - 0x34], ecx","mov dword [var_3ch], ecx",894dcc,cpu,mov,False,268435465,0,,,,,,,
16784788,"eax,rax,=",False,16784752,16785055,2,"mov eax, eax","mov eax, eax",89c0,cpu,mov,False,9,0,,,,,,,
16784790,"rax,0x30,rbp,-,=[8]",True,16784752,16785053,4,"mov qword [rbp - 0x30], rax","mov qword [var_38h], rax",488945d0,cpu,mov,False,268435465,0,,,,,,,
16784794,"eax,rax,^,0xffffffff,&,rax,=,$z,zf,:=,$p,pf,:=,31,$s,sf,:=,0,cf,:=,0,of,:=",False,16784752,16785055,2,"xor eax, eax","xor eax, eax",31c0,cpu,xor,False,28,0,,,,,,,
16784796,"eax,rcx,=",False,16784752,16785055,2,"mov ecx, eax","mov ecx, eax",89c1,cpu,mov,False,9,0,,,,,,,
16784798,"eax,rax,^,0xffffffff,&,rax,=,$z,zf,:=,$p,pf,:=,31,$s,sf,:=,0,cf,:=,0,of,:=",False,16784752,16785055,2,"xor eax, eax","xor eax, eax",31c0,cpu,xor,False,28,0,,,,,,,
16784800,"rcx,0x28,rbp,-,=[8]",True,16784752,16785053,4,"mov qword [rbp - 0x28], rcx","mov qword [var_30h], rcx",48894dd8,cpu,mov,False,268435465,0,,,,,,,
16784804,"eax,0x1c,rbp,-,=[4]",True,16784752,16785054,3,"mov dword [rbp - 0x1c], eax","mov dword [var_24h], eax",8945e4,cpu,mov,False,268435465,0,,,,,,,
16784807,"0x1001dab,rip,=",False,16784752,16785055,2,jmp 0x1001dab,jmp 0x1001dab,eb02,cpu,jmp,False,1,0,,,,,16784811.0,,"[{'addr': 16784811, 'type': 'CODE'}]"
16784809,"rsp,[8],8,rsp,+=,rbp,=",False,16784752,16785056,1,pop rbp,pop rbp,5d,cpu,pop,False,14,0,,,,,,,
16784810,"rsp,[8],rip,=,8,rsp,+=",False,16784752,16785056,1,ret,ret,c3,cpu,ret,False,5,0,,,,,,,
16784811,"0x28,rbp,-,[8],rax,=",True,16784752,16785053,4,"mov rax, qword [rbp - 0x28]","mov rax, qword [var_30h]",488b45d8,cpu,mov,False,9,0,,"[{'addr': 16784807, 'type': 'CODE'}, {'addr': 16785052, 'type': 'CODE'}]",,,,,
16784815,"0x1c,rbp,-,[4],rcx,=",True,16784752,16785054,3,"mov ecx, dword [rbp - 0x1c]","mov ecx, dword [var_24h]",8b4de4,cpu,mov,False,9,0,,,,,,,
16784818,"ecx,0x4c,rbp,-,=[4]",True,16784752,16785054,3,"mov dword [rbp - 0x4c], ecx","mov dword [var_54h], ecx",894db4,cpu,mov,False,268435465,0,,,,,,,
16784821,"rax,0x48,rbp,-,=[8]",True,16784752,16785053,4,"mov qword [rbp - 0x48], rax","mov qword [var_50h], rax",488945b8,cpu,mov,False,268435465,0,,,,,,,
16784825,"ecx,rcx,=",False,16784752,16785055,2,"mov ecx, ecx","mov ecx, ecx",89c9,cpu,mov,False,9,0,,,,,,,
16784827,"rcx,0x40,rbp,-,=[8]",True,16784752,16785053,4,"mov qword [rbp - 0x40], rcx","mov qword [var_48h], rcx",48894dc0,cpu,mov,False,268435465,0,,,,,,,
16784831,"rcx,rax,==,$z,zf,:=,64,$b,cf,:=,$p,pf,:=,63,$s,sf,:=,rcx,0x8000000000000000,-,!,63,$o,^,of,:=,3,$b,af,:=",False,16784752,16785054,3,"cmp rax, rcx","cmp rax, rcx",4839c8,cpu,cmp,False,15,0,,,,,,,
16784834,"cf,!,?{,16784892,rip,=,}",False,16784752,16785055,2,jae 0x1001dfc,jae 0x1001dfc,7338,cpu,cjmp,False,2147483649,0,,,,,16784892.0,16784836.0,
16784836,"0x10,rbp,-,[8],rax,=",True,16784752,16785053,4,"mov rax, qword [rbp - 0x10]","mov rax, qword [var_18h]",488b45f0,cpu,mov,False,9,0,,,,,,,
16784840,"0x48,rbp,-,[8],rcx,=",True,16784752,16785053,4,"mov rcx, qword [rbp - 0x48]","mov rcx, qword [var_50h]",488b4db8,cpu,mov,False,9,0,,,,,,,
16784844,"0x18,rbp,-,[8],rdx,=",True,16784752,16785053,4,"mov rdx, qword [rbp - 0x18]","mov rdx, qword [var_20h]",488b55e8,cpu,mov,False,9,0,,,,,,,
16784848,"0x40,rbp,-,[8],rsi,=",True,16784752,16785053,4,"mov rsi, qword [rbp - 0x40]","mov rsi, qword [var_48h]",488b75c0,cpu,mov,False,9,0,,,,,,,
16784852,"rsi,4,*,rdx,+,[4],xmm1,=",True,16784752,16785052,5,"movss xmm1, dword [rdx + rsi*4]","movss xmm1, dword [rdx + rsi*4]",f30f100cb2,sse,mov,False,9,0,,,,,,,
16784857,"rsi,4,*,rax,+,[4],xmm0,=",True,16784752,16785052,5,"movss xmm0, dword [rax + rsi*4]","movss xmm0, dword [rax + rsi*4]",f30f1004b0,sse,mov,False,9,0,,,,,,,
16784862,"rcx,4,*,rdx,+,[4],xmm2,=",True,16784752,16785052,5,"movss xmm2, dword [rdx + rcx*4]","movss xmm2, dword [rdx + rcx*4]",f30f10148a,sse,mov,False,9,0,,,,,,,
16784867,"xmm2,rsi,4,*,rdx,+,=[4]",True,16784752,16785052,5,"movss dword [rdx + rsi*4], xmm2","movss dword [rdx + rsi*4], xmm2",f30f1114b2,sse,mov,False,9,0,,,,,,,
16784872,"rcx,4,*,rax,+,[4],xmm2,=",True,16784752,16785052,5,"movss xmm2, dword [rax + rcx*4]","movss xmm2, dword [rax + rcx*4]",f30f101488,sse,mov,False,9,0,,,,,,,
16784877,"xmm2,rsi,4,*,rax,+,=[4]",True,16784752,16785052,5,"movss dword [rax + rsi*4], xmm2","movss dword [rax + rsi*4], xmm2",f30f1114b0,sse,mov,False,9,0,,,,,,,
16784882,"xmm1,rcx,4,*,rdx,+,=[4]",True,16784752,16785052,5,"movss dword [rdx + rcx*4], xmm1","movss dword [rdx + rcx*4], xmm1",f30f110c8a,sse,mov,False,9,0,,,,,,,
16784887,"xmm0,rcx,4,*,rax,+,=[4]",True,16784752,16785052,5,"movss dword [rax + rcx*4], xmm0","movss dword [rax + rcx*4], xmm0",f30f110488,sse,mov,False,9,0,,,,,,,
16784892,"0x4c,rbp,-,[4],rax,=",True,16784752,16785054,3,"mov eax, dword [rbp - 0x4c]","mov eax, dword [var_54h]",8b45b4,cpu,mov,False,9,0,,,,,,,
16784895,"0x34,rbp,-,[4],rcx,=",True,16784752,16785054,3,"mov ecx, dword [rbp - 0x34]","mov ecx, dword [var_3ch]",8b4dcc,cpu,mov,False,9,0,,,,,,,
16784898,"ecx,rdi,=",False,16784752,16785055,2,"mov edi, ecx","mov edi, ecx",89cf,cpu,mov,False,9,0,,,,,,,
16784900,"eax,rdi,&,0xffffffff,&,rdi,=,$z,zf,:=,$p,pf,:=,31,$s,sf,:=,0,cf,:=,0,of,:=",False,16784752,16785055,2,"and edi, eax","and edi, eax",21c7,cpu,and,False,27,0,,,,,,,
16784902,"edi,rdx,=",False,16784752,16785055,2,"mov edx, edi","mov edx, edi",89fa,cpu,mov,False,9,0,,,,,,,
16784904,"0,cf,:=,1,6,-,1,<<,edx,&,?{,1,cf,:=,},6,edx,>>,edx,=,$z,zf,:=,$p,pf,:=,31,$s,sf,:=",False,16784752,16785054,3,"shr edx, 6","shr edx, 6",c1ea06,cpu,shr,False,22,0,,,,6.0,,,
16784907,"5001,edx,==,$z,zf,:=,32,$b,cf,:=,$p,pf,:=,31,$s,sf,:=,5001,0x80000000,-,!,31,$o,^,of,:=,3,$b,af,:=",False,16784752,16785051,6,"cmp edx, 0x1389","cmp edx, 0x1389",81fa89130000,cpu,cmp,False,15,0,,,5001.0,5001.0,,,
16784913,"cf,dl,=",False,16784752,16785054,3,setb dl,setb dl,0f92c2,cpu,cmov,False,2147483657,0,,,,,,,
16784916,"0,edi,==,$z,zf,:=,32,$b,cf,:=,$p,pf,:=,31,$s,sf,:=,0,0x80000000,-,!,31,$o,^,of,:=,3,$b,af,:=",False,16784752,16785054,3,"cmp edi, 0","cmp edi, 0",83ff00,cpu,cmp,False,15,0,,,0.0,0.0,,,
16784919,"sf,of,^,!,sil,=",False,16784752,16785053,4,setge sil,setge sil,400f9dc6,cpu,cmov,False,2147483657,0,,,,,,,
16784923,"0,2,!,!,?{,1,2,-,edi,<<,0x80000000,&,!,!,^,},2,edi,<<=,$z,zf,:=,$p,pf,:=,31,$s,sf,:=,cf,=",False,16784752,16785054,3,"shl edi, 2","shl edi, 2",c1e702,cpu,shl,False,23,0,,,,,,,
16784926,"3,rdi,^,0xffffffff,&,rdi,=,$z,zf,:=,$p,pf,:=,31,$s,sf,:=,0,cf,:=,0,of,:=",False,16784752,16785054,3,"xor edi, 3","xor edi, 3",83f703,cpu,xor,False,28,0,,,,3.0,,,
16784929,"3,edi,-=,3,0x80000000,-,!,31,$o,^,of,:=,31,$s,sf,:=,$z,zf,:=,$p,pf,:=,32,$b,cf,:=,3,$b,af,:=",False,16784752,16785054,3,"sub edi, 3","sub edi, 3",83ef03,cpu,sub,False,18,0,,,,3.0,,,
16784932,"0,edi,==,$z,zf,:=,32,$b,cf,:=,$p,pf,:=,31,$s,sf,:=,0,0x80000000,-,!,31,$o,^,of,:=,3,$b,af,:=",False,16784752,16785054,3,"cmp edi, 0","cmp edi, 0",83ff00,cpu,cmp,False,15,0,,,0.0,0.0,,,
16784935,"zf,dil,=",False,16784752,16785053,4,sete dil,sete dil,400f94c7,cpu,cmov,False,2147483657,0,,,,,,,
16784939,"dil,sil,&=,$z,zf,:=,$p,pf,:=,7,$s,sf,:=,0,cf,:=,0,of,:=",False,16784752,16785054,3,"and sil, dil","and sil, dil",4020fe,cpu,and,False,27,0,,,,,,,
16784942,"sil,dl,&=,$z,zf,:=,$p,pf,:=,7,$s,sf,:=,0,cf,:=,0,of,:=",False,16784752,16785054,3,"and dl, sil","and dl, sil",4020f2,cpu,and,False,27,0,,,,,,,
16784945,"0,1,dl,&,==,$z,zf,:=,$p,pf,:=,7,$s,sf,:=,0,cf,:=,0,of,:=",False,16784752,16785054,3,"test dl, 1","test dl, 1",f6c201,cpu,acmp,False,16,0,,,1.0,1.0,,,
16784948,"ecx,0x54,rbp,-,=[4]",True,16784752,16785054,3,"mov dword [rbp - 0x54], ecx","mov dword [var_5ch], ecx",894dac,cpu,mov,False,268435465,0,,,,,,,
16784951,"eax,0x50,rbp,-,=[4]",True,16784752,16785054,3,"mov dword [rbp - 0x50], eax","mov dword [var_58h], eax",8945b0,cpu,mov,False,268435465,0,,,,,,,
16784954,"zf,!,?{,16785006,rip,=,}",False,16784752,16785055,2,jne 0x1001e6e,jne 0x1001e6e,7532,cpu,cjmp,False,2147483649,0,,,,,16785006.0,16784956.0,
16784956,"0x50,rbp,-,[4],rax,=",True,16784752,16785054,3,"mov eax, dword [rbp - 0x50]","mov eax, dword [var_58h]",8b45b0,cpu,mov,False,9,0,,,,,,,
16784959,"0x54,rbp,-,[4],rcx,=",True,16784752,16785054,3,"mov ecx, dword [rbp - 0x54]","mov ecx, dword [var_5ch]",8b4dac,cpu,mov,False,9,0,,,,,,,
16784962,"ecx,rdx,=",False,16784752,16785055,2,"mov edx, ecx","mov edx, ecx",89ca,cpu,mov,False,9,0,,,,,,,
16784964,"4294967295,rdx,^,0xffffffff,&,rdx,=,$z,zf,:=,$p,pf,:=,31,$s,sf,:=,0,cf,:=,0,of,:=",False,16784752,16785054,3,"xor edx, 0xffffffff","xor edx, 0xffffffff",83f2ff,cpu,xor,False,28,0,,,4294967295.0,4294967295.0,,,
16784967,"edx,rax,&,0xffffffff,&,rax,=,$z,zf,:=,$p,pf,:=,31,$s,sf,:=,0,cf,:=,0,of,:=",False,16784752,16785055,2,"and eax, edx","and eax, edx",21d0,cpu,and,False,27,0,,,,,,,
16784969,"0,cf,:=,1,1,-,1,<<,ecx,&,?{,1,cf,:=,},1,ecx,>>,ecx,=,$z,zf,:=,$p,pf,:=,31,$s,sf,:=",False,16784752,16785055,2,"shr ecx, 1","shr ecx, 1",d1e9,cpu,shr,False,22,0,,,,1.0,,,
16784971,"ecx,rsi,=",False,16784752,16785055,2,"mov esi, ecx","mov esi, ecx",89ce,cpu,mov,False,9,0,,,,,,,
16784973,"eax,rsi,&,0xffffffff,&,rsi,=,$z,zf,:=,$p,pf,:=,31,$s,sf,:=,0,cf,:=,0,of,:=",False,16784752,16785055,2,"and esi, eax","and esi, eax",21c6,cpu,and,False,27,0,,,,,,,
16784975,"esi,rdi,=",False,16784752,16785055,2,"mov edi, esi","mov edi, esi",89f7,cpu,mov,False,9,0,,,,,,,
16784977,"4294967295,rdi,^,0xffffffff,&,rdi,=,$z,zf,:=,$p,pf,:=,31,$s,sf,:=,0,cf,:=,0,of,:=",False,16784752,16785054,3,"xor edi, 0xffffffff","xor edi, 0xffffffff",83f7ff,cpu,xor,False,28,0,,,4294967295.0,4294967295.0,,,
16784980,"esi,rdx,=",False,16784752,16785055,2,"mov edx, esi","mov edx, esi",89f2,cpu,mov,False,9,0,,,,,,,
16784982,"edi,rdx,^,0xffffffff,&,rdx,=,$z,zf,:=,$p,pf,:=,31,$s,sf,:=,0,cf,:=,0,of,:=",False,16784752,16785055,2,"xor edx, edi","xor edx, edi",31fa,cpu,xor,False,28,0,,,,,,,
16784984,"4294967295,rdx,^,0xffffffff,&,rdx,=,$z,zf,:=,$p,pf,:=,31,$s,sf,:=,0,cf,:=,0,of,:=",False,16784752,16785054,3,"xor edx, 0xffffffff","xor edx, 0xffffffff",83f2ff,cpu,xor,False,28,0,,,4294967295.0,4294967295.0,,,
16784987,"76,rdx,^,0xffffffff,&,rdx,=,$z,zf,:=,$p,pf,:=,31,$s,sf,:=,0,cf,:=,0,of,:=",False,16784752,16785054,3,"xor edx, 0x4c","xor edx, 0x4c",83f24c,cpu,xor,False,28,0,,,76.0,76.0,,,
16784990,"40,rdx,^,0xffffffff,&,rdx,=,$z,zf,:=,$p,pf,:=,31,$s,sf,:=,0,cf,:=,0,of,:=",False,16784752,16785054,3,"xor edx, 0x28","xor edx, 0x28",83f228,cpu,xor,False,28,0,,,40.0,40.0,,,
16784993,"esi,rdx,^,0xffffffff,&,rdx,=,$z,zf,:=,$p,pf,:=,31,$s,sf,:=,0,cf,:=,0,of,:=",False,16784752,16785055,2,"xor edx, esi","xor edx, esi",31f2,cpu,xor,False,28,0,,,,,,,
16784995,"100,edx,==,$z,zf,:=,32,$b,cf,:=,$p,pf,:=,31,$s,sf,:=,100,0x80000000,-,!,31,$o,^,of,:=,3,$b,af,:=",False,16784752,16785054,3,"cmp edx, 0x64","cmp edx, 0x64",83fa64,cpu,cmp,False,15,0,,,100.0,100.0,,,
16784998,"ecx,0x54,rbp,-,=[4]",True,16784752,16785054,3,"mov dword [rbp - 0x54], ecx","mov dword [var_5ch], ecx",894dac,cpu,mov,False,268435465,0,,,,,,,
16785001,"eax,0x50,rbp,-,=[4]",True,16784752,16785054,3,"mov dword [rbp - 0x50], eax","mov dword [var_58h], eax",8945b0,cpu,mov,False,268435465,0,,,,,,,
16785004,"zf,!,?{,16784956,rip,=,}",False,16784752,16785055,2,jne 0x1001e3c,jne 0x1001e3c,75ce,cpu,cjmp,False,2147483649,0,,,,,16784956.0,16785006.0,
16785006,"0x30,rbp,-,[8],rdx,=",True,16784752,16785053,4,"mov rdx, qword [rbp - 0x30]","mov rdx, qword [var_38h]",488b55d0,cpu,mov,False,9,0,,,,,,,
16785010,"0x48,rbp,-,[8],rsi,=",True,16784752,16785053,4,"mov rsi, qword [rbp - 0x48]","mov rsi, qword [var_50h]",488b75b8,cpu,mov,False,9,0,,,,,,,
16785014,"0x50,rbp,-,[4],rcx,=",True,16784752,16785054,3,"mov ecx, dword [rbp - 0x50]","mov ecx, dword [var_58h]",8b4db0,cpu,mov,False,9,0,,,,,,,
16785017,"0x54,rbp,-,[4],rax,=",True,16784752,16785054,3,"mov eax, dword [rbp - 0x54]","mov eax, dword [var_5ch]",8b45ac,cpu,mov,False,9,0,,,,,,,
16785020,"ecx,eax,|=,31,$s,sf,:=,$z,zf,:=,$p,pf,:=,0,of,:=,0,cf,:=",False,16784752,16785055,2,"or eax, ecx","or eax, ecx",09c8,cpu,or,False,26,0,,,,,,,
16785022,"rsi,rcx,=",False,16784752,16785054,3,"mov rcx, rsi","mov rcx, rsi",4889f1,cpu,mov,False,9,0,,,,,,,
16785025,"1,rcx,|=,63,$s,sf,:=,$z,zf,:=,$p,pf,:=,0,of,:=,0,cf,:=",False,16784752,16785053,4,"or rcx, 1","or rcx, 1",4883c901,cpu,or,False,26,0,,,,1.0,,,
16785029,"1,rcx,&=,$z,zf,:=,$p,pf,:=,63,$s,sf,:=,0,cf,:=,0,of,:=",False,16784752,16785053,4,"and rcx, 1","and rcx, 1",4883e101,cpu,and,False,27,0,,,,1.0,,,
16785033,"rsi,rcx,+=,63,$o,of,:=,63,$s,sf,:=,$z,zf,:=,63,$c,cf,:=,$p,pf,:=,3,$c,af,:=",False,16784752,16785054,3,"add rcx, rsi","add rcx, rsi",4801f1,cpu,add,False,17,0,,,,,,,
16785036,"rdx,rcx,==,$z,zf,:=,64,$b,cf,:=,$p,pf,:=,63,$s,sf,:=,rdx,0x8000000000000000,-,!,63,$o,^,of,:=,3,$b,af,:=",False,16784752,16785054,3,"cmp rcx, rdx","cmp rcx, rdx",4839d1,cpu,cmp,False,15,0,,,,,,,
16785039,"rcx,0x28,rbp,-,=[8]",True,16784752,16785053,4,"mov qword [rbp - 0x28], rcx","mov qword [var_30h], rcx",48894dd8,cpu,mov,False,268435465,0,,,,,,,
16785043,"eax,0x1c,rbp,-,=[4]",True,16784752,16785054,3,"mov dword [rbp - 0x1c], eax","mov dword [var_24h], eax",8945e4,cpu,mov,False,268435465,0,,,,,,,
16785046,"zf,?{,16784809,rip,=,}",False,16784752,16785051,6,je 0x1001da9,je 0x1001da9,0f840dffffff,cpu,cjmp,False,2147483649,0,,,,,16784809.0,16785052.0,
16785052,"0x1001dab,rip,=",False,16784752,16785052,5,jmp 0x1001dab,jmp 0x1001dab,e90affffff,cpu,jmp,False,1,0,,,,,16784811.0,,"[{'addr': 16784811, 'type': 'CODE'}]"
