offset,esil,refptr,fcn_addr,fcn_last,size,opcode,disasm,bytes,family,type,reloc,type_num,type2_num,flags,comment,val,ptr,xrefs_from
16782864,"ebp,rbp,^,0xffffffff,&,rbp,=,$z,zf,:=,$p,pf,:=,31,$s,sf,:=,0,cf,:=,0,of,:=",False,16782864,16782904,2,"xor ebp, ebp","xor ebp, ebp",31ed,cpu,xor,False,28,0,"['entry0', 'section..text', 'segment.LOAD1', 'sym._start']",WzEzXSAtci14IHNlY3Rpb24gc2l6ZSA3MjYgbmFtZWQgLnRleHQ=,,,
16782866,"rdx,r9,=",False,16782864,16782903,3,"mov r9, rdx","mov r9, rdx",4989d1,cpu,mov,False,9,0,,,,,
16782869,"rsp,[8],8,rsp,+=,rsi,=",False,16782864,16782905,1,pop rsi,pop rsi,5e,cpu,pop,False,14,0,,,,,
16782870,"rsp,rdx,=",False,16782864,16782903,3,"mov rdx, rsp","mov rdx, rsp",4889e2,cpu,mov,False,9,0,,,,,
16782873,"18446744073709551600,rsp,&=,$z,zf,:=,$p,pf,:=,63,$s,sf,:=,0,cf,:=,0,of,:=",False,16782864,16782902,4,"and rsp, 0xfffffffffffffff0","and rsp, 0xfffffffffffffff0",4883e4f0,cpu,and,False,27,0,,,1.8446744073709552e+19,,
16782877,"rax,8,rsp,-,=[8],8,rsp,-=",False,16782864,16782905,1,push rax,push rax,50,cpu,rpush,False,268435468,0,,,,,
16782878,"rsp,8,rsp,-,=[8],8,rsp,-=",False,16782864,16782905,1,push rsp,push rsp,54,cpu,rpush,False,268435468,0,,,,,
16782879,"0x2ba,rip,+,r8,=",True,16782864,16782899,7,"lea r8, [rip + 0x2ba]","lea r8, [dbg.__libc_csu_fini]",4c8d05ba020000,cpu,lea,False,33,0,,,,16783584.0,"[{'addr': 16783584, 'type': 'DATA'}]"
16782886,"0x243,rip,+,rcx,=",True,16782864,16782899,7,"lea rcx, [rip + 0x243]","lea rcx, [dbg.__libc_csu_init]",488d0d43020000,cpu,lea,False,33,0,,,,16783472.0,"[{'addr': 16783472, 'type': 'DATA'}]"
16782893,"0x1dc,rip,+,rdi,=",True,16782864,16782899,7,"lea rdi, [rip + 0x1dc]","lea rdi, [dbg.main]",488d3ddc010000,cpu,lea,False,33,0,,,,16783376.0,"[{'addr': 16783376, 'type': 'DATA'}]"
16782900,"0x1466,rip,+,[8],rip,8,rsp,-=,rsp,=[],rip,=",True,16782864,16782900,6,call qword [rip + 0x1466],call qword [reloc.__libc_start_main],ff1566140000,cpu,ircall,False,402653188,0,,,,16788128.0,"[{'addr': 16788128, 'type': 'CALL'}]"
