offset,esil,refptr,fcn_addr,fcn_last,size,opcode,disasm,bytes,family,type,reloc,type_num,type2_num,flags,xrefs_to,val,ptr,jump,fail,xrefs_from
16782784,"rbp,8,rsp,-,=[8],8,rsp,-=",False,16782784,16783049,1,push rbp,push rbp,55,cpu,rpush,False,268435468,0,"['sym.palindrome', 'dbg.palindrome']","[{'addr': 16783101, 'type': 'CALL'}]",,,,,
16782785,"rsp,rbp,=",False,16782784,16783047,3,"mov rbp, rsp","mov rbp, rsp",4889e5,cpu,mov,False,9,0,,,,,,,
16782788,"32,rsp,-=,32,0x8000000000000000,-,!,63,$o,^,of,:=,63,$s,sf,:=,$z,zf,:=,$p,pf,:=,64,$b,cf,:=,3,$b,af,:=",False,16782784,16783046,4,"sub rsp, 0x20","sub rsp, 0x20",4883ec20,cpu,sub,False,18,0,,,32.0,,,,
16782792,"edi,0xc,rbp,-,=[4]",True,16782784,16783047,3,"mov dword [rbp - 0xc], edi","mov dword [var_14h], edi",897df4,cpu,mov,False,268435465,0,,,,,,,
16782795,"edi,rcx,=",False,16782784,16783048,2,"mov ecx, edi","mov ecx, edi",89f9,cpu,mov,False,9,0,,,,,,,
16782797,"0,1,!,!,?{,1,1,-,ecx,<<,0x80000000,&,!,!,^,},1,ecx,<<=,$z,zf,:=,$p,pf,:=,31,$s,sf,:=,cf,=",False,16782784,16783048,2,"shl ecx, 1","shl ecx, 1",d1e1,cpu,shl,False,23,0,,,,,,,
16782799,"edi,rcx,^,0xffffffff,&,rcx,=,$z,zf,:=,$p,pf,:=,31,$s,sf,:=,0,cf,:=,0,of,:=",False,16782784,16783048,2,"xor ecx, edi","xor ecx, edi",31f9,cpu,xor,False,28,0,,,,,,,
16782801,"eax,rax,^,0xffffffff,&,rax,=,$z,zf,:=,$p,pf,:=,31,$s,sf,:=,0,cf,:=,0,of,:=",False,16782784,16783048,2,"xor eax, eax","xor eax, eax",31c0,cpu,xor,False,28,0,,,,,,,
16782803,"0,ecx,==,$z,zf,:=,32,$b,cf,:=,$p,pf,:=,31,$s,sf,:=,0,0x80000000,-,!,31,$o,^,of,:=,3,$b,af,:=",False,16782784,16783047,3,"cmp ecx, 0","cmp ecx, 0",83f900,cpu,cmp,False,15,0,,,0.0,0.0,,,
16782806,"edi,0x8,rbp,-,=[4]",True,16782784,16783047,3,"mov dword [rbp - 8], edi","mov dword [var_10h], edi",897df8,cpu,mov,False,268435465,0,,,,,,,
16782809,"eax,0x4,rbp,-,=[4]",True,16782784,16783047,3,"mov dword [rbp - 4], eax","mov dword [var_ch], eax",8945fc,cpu,mov,False,268435465,0,,,,,,,
16782812,"zf,?{,16782962,rip,=,}",False,16782784,16783044,6,je 0x1001672,je 0x1001672,0f8490000000,cpu,cjmp,False,2147483649,0,,,,,16782962.0,16782818.0,
16782818,"0x4,rbp,-,[4],rax,=",True,16782784,16783047,3,"mov eax, dword [rbp - 4]","mov eax, dword [var_ch]",8b45fc,cpu,mov,False,9,0,,,,,,,
16782821,"0x8,rbp,-,[4],rsi,=",True,16782784,16783047,3,"mov esi, dword [rbp - 8]","mov esi, dword [var_10h]",8b75f8,cpu,mov,False,9,0,,,,,,,
16782824,"eax,0x18,rbp,-,=[4]",True,16782784,16783047,3,"mov dword [rbp - 0x18], eax","mov dword [var_20h], eax",8945e8,cpu,mov,False,268435465,0,,,,,,,
16782827,"10,rcx,=",False,16782784,16783045,5,"mov ecx, 0xa","mov ecx, 0xa",b90a000000,cpu,mov,False,9,0,,,10.0,,,,
16782832,"esi,rax,=",False,16782784,16783048,2,"mov eax, esi","mov eax, esi",89f0,cpu,mov,False,9,0,,,,,,,
16782834,"0,edx,=,31,eax,>>,?{,0xffffffff,edx,=,}",False,16782784,16783049,1,cdq,cdq,99,cpu,null,False,0,0,,,,,,,
16782835,"32,ecx,~,32,edx,<<,eax,+,~%,32,ecx,~,32,edx,<<,eax,+,~/,eax,=,edx,=",False,16782784,16783048,2,idiv ecx,idiv ecx,f7f9,cpu,div,False,21,0,,,,,,,
16782837,"0x18,rbp,-,[4],rax,=",True,16782784,16783047,3,"mov eax, dword [rbp - 0x18]","mov eax, dword [var_20h]",8b45e8,cpu,mov,False,9,0,,,,,,,
16782840,"edx,0x14,rbp,-,=[4]",True,16782784,16783047,3,"mov dword [rbp - 0x14], edx","mov dword [var_1ch], edx",8955ec,cpu,mov,False,268435465,0,,,,,,,
16782843,"32,10,~,32,eax,~,*,DUP,edi,=,edi,-,?{,1,1,}{,0,0,},cf,:=,of,:=",False,16782784,16783047,3,"imul edi, eax, 0xa","imul edi, eax, 0xa",6bf80a,cpu,mul,False,20,0,,,,,,,
16782846,"edi,rax,=",False,16782784,16783048,2,"mov eax, edi","mov eax, edi",89f8,cpu,mov,False,9,0,,,,,,,
16782848,"4294967295,rax,^,0xffffffff,&,rax,=,$z,zf,:=,$p,pf,:=,31,$s,sf,:=,0,cf,:=,0,of,:=",False,16782784,16783047,3,"xor eax, 0xffffffff","xor eax, 0xffffffff",83f0ff,cpu,xor,False,28,0,,,4294967295.0,4294967295.0,,,
16782851,"edx,rcx,=",False,16782784,16783048,2,"mov ecx, edx","mov ecx, edx",89d1,cpu,mov,False,9,0,,,,,,,
16782853,"4294967295,rcx,^,0xffffffff,&,rcx,=,$z,zf,:=,$p,pf,:=,31,$s,sf,:=,0,cf,:=,0,of,:=",False,16782784,16783047,3,"xor ecx, 0xffffffff","xor ecx, 0xffffffff",83f1ff,cpu,xor,False,28,0,,,4294967295.0,4294967295.0,,,
16782856,"edi,r8,=",False,16782784,16783047,3,"mov r8d, edi","mov r8d, edi",4189f8,cpu,mov,False,9,0,,,,,,,
16782859,"r8d,r8,&,0xffffffff,&,r8,=,$z,zf,:=,$p,pf,:=,31,$s,sf,:=,0,cf,:=,0,of,:=",False,16782784,16783047,3,"and r8d, r8d","and r8d, r8d",4521c0,cpu,and,False,27,0,,,,,,,
16782862,"edx,rax,^,0xffffffff,&,rax,=,$z,zf,:=,$p,pf,:=,31,$s,sf,:=,0,cf,:=,0,of,:=",False,16782784,16783048,2,"xor eax, edx","xor eax, edx",31d0,cpu,xor,False,28,0,,,,,,,
16782864,"r8d,rax,^,0xffffffff,&,rax,=,$z,zf,:=,$p,pf,:=,31,$s,sf,:=,0,cf,:=,0,of,:=",False,16782784,16783047,3,"xor eax, r8d","xor eax, r8d",4431c0,cpu,xor,False,28,0,,,,,,,
16782867,"edx,r8,=",False,16782784,16783047,3,"mov r8d, edx","mov r8d, edx",4189d0,cpu,mov,False,9,0,,,,,,,
16782870,"r8d,r8d,|=,31,$s,sf,:=,$z,zf,:=,$p,pf,:=,0,of,:=,0,cf,:=",False,16782784,16783047,3,"or r8d, r8d","or r8d, r8d",4509c0,cpu,or,False,26,0,,,,,,,
16782873,"edi,r9,=",False,16782784,16783047,3,"mov r9d, edi","mov r9d, edi",4189f9,cpu,mov,False,9,0,,,,,,,
16782876,"edx,r9,&,0xffffffff,&,r9,=,$z,zf,:=,$p,pf,:=,31,$s,sf,:=,0,cf,:=,0,of,:=",False,16782784,16783047,3,"and r9d, edx","and r9d, edx",4121d1,cpu,and,False,27,0,,,,,,,
16782879,"edx,r10,=",False,16782784,16783047,3,"mov r10d, edx","mov r10d, edx",4189d2,cpu,mov,False,9,0,,,,,,,
16782882,"r10d,r10,^,0xffffffff,&,r10,=,$z,zf,:=,$p,pf,:=,31,$s,sf,:=,0,cf,:=,0,of,:=",False,16782784,16783047,3,"xor r10d, r10d","xor r10d, r10d",4531d2,cpu,xor,False,28,0,,,,,,,
16782885,"r10d,r9d,|=,31,$s,sf,:=,$z,zf,:=,$p,pf,:=,0,of,:=,0,cf,:=",False,16782784,16783047,3,"or r9d, r10d","or r9d, r10d",4509d1,cpu,or,False,26,0,,,,,,,
16782888,"4294967295,r9,^,0xffffffff,&,r9,=,$z,zf,:=,$p,pf,:=,31,$s,sf,:=,0,cf,:=,0,of,:=",False,16782784,16783046,4,"xor r9d, 0xffffffff","xor r9d, 0xffffffff",4183f1ff,cpu,xor,False,28,0,,,4294967295.0,4294967295.0,,,
16782892,"r9d,r8,^,0xffffffff,&,r8,=,$z,zf,:=,$p,pf,:=,31,$s,sf,:=,0,cf,:=,0,of,:=",False,16782784,16783047,3,"xor r8d, r9d","xor r8d, r9d",4531c8,cpu,xor,False,28,0,,,,,,,
16782895,"r8d,rax,^,0xffffffff,&,rax,=,$z,zf,:=,$p,pf,:=,31,$s,sf,:=,0,cf,:=,0,of,:=",False,16782784,16783047,3,"xor eax, r8d","xor eax, r8d",4431c0,cpu,xor,False,28,0,,,,,,,
16782898,"ecx,rcx,^,0xffffffff,&,rcx,=,$z,zf,:=,$p,pf,:=,31,$s,sf,:=,0,cf,:=,0,of,:=",False,16782784,16783048,2,"xor ecx, ecx","xor ecx, ecx",31c9,cpu,xor,False,28,0,,,,,,,
16782900,"edi,ecx,|=,31,$s,sf,:=,$z,zf,:=,$p,pf,:=,0,of,:=,0,cf,:=",False,16782784,16783048,2,"or ecx, edi","or ecx, edi",09f9,cpu,or,False,26,0,,,,,,,
16782902,"edx,ecx,|=,31,$s,sf,:=,$z,zf,:=,$p,pf,:=,0,of,:=,0,cf,:=",False,16782784,16783048,2,"or ecx, edx","or ecx, edx",09d1,cpu,or,False,26,0,,,,,,,
16782904,"edx,ecx,|=,31,$s,sf,:=,$z,zf,:=,$p,pf,:=,0,of,:=,0,cf,:=",False,16782784,16783048,2,"or ecx, edx","or ecx, edx",09d1,cpu,or,False,26,0,,,,,,,
16782906,"edx,ecx,|=,31,$s,sf,:=,$z,zf,:=,$p,pf,:=,0,of,:=,0,cf,:=",False,16782784,16783048,2,"or ecx, edx","or ecx, edx",09d1,cpu,or,False,26,0,,,,,,,
16782908,"ecx,eax,+=,31,$o,of,:=,31,$s,sf,:=,$z,zf,:=,31,$c,cf,:=,$p,pf,:=,3,$c,af,:=",False,16782784,16783048,2,"add eax, ecx","add eax, ecx",01c8,cpu,add,False,17,0,,,,,,,
16782910,"eax,0x10,rbp,-,=[4]",True,16782784,16783047,3,"mov dword [rbp - 0x10], eax","mov dword [var_18h], eax",8945f0,cpu,mov,False,268435465,0,,,,,,,
16782913,"10,rcx,=",False,16782784,16783045,5,"mov ecx, 0xa","mov ecx, 0xa",b90a000000,cpu,mov,False,9,0,,,10.0,,,,
16782918,"esi,rax,=",False,16782784,16783048,2,"mov eax, esi","mov eax, esi",89f0,cpu,mov,False,9,0,,,,,,,
16782920,"0,edx,=,31,eax,>>,?{,0xffffffff,edx,=,}",False,16782784,16783049,1,cdq,cdq,99,cpu,null,False,0,0,,,,,,,
16782921,"32,ecx,~,32,edx,<<,eax,+,~%,32,ecx,~,32,edx,<<,eax,+,~/,eax,=,edx,=",False,16782784,16783048,2,idiv ecx,idiv ecx,f7f9,cpu,div,False,21,0,,,,,,,
16782923,"eax,rcx,=",False,16782784,16783048,2,"mov ecx, eax","mov ecx, eax",89c1,cpu,mov,False,9,0,,,,,,,
16782925,"0x10,rbp,-,[4],rax,=",True,16782784,16783047,3,"mov eax, dword [rbp - 0x10]","mov eax, dword [var_18h]",8b45f0,cpu,mov,False,9,0,,,,,,,
16782928,"esi,rdx,=",False,16782784,16783048,2,"mov edx, esi","mov edx, esi",89f2,cpu,mov,False,9,0,,,,,,,
16782930,"9,rdx,&,0xffffffff,&,rdx,=,$z,zf,:=,$p,pf,:=,31,$s,sf,:=,0,cf,:=,0,of,:=",False,16782784,16783047,3,"and edx, 9","and edx, 9",83e209,cpu,and,False,27,0,,,9.0,,,,
16782933,"4294967286,rdx,^,0xffffffff,&,rdx,=,$z,zf,:=,$p,pf,:=,31,$s,sf,:=,0,cf,:=,0,of,:=",False,16782784,16783047,3,"xor edx, 0xfffffff6","xor edx, 0xfffffff6",83f2f6,cpu,xor,False,28,0,,,4294967286.0,4294967286.0,,,
16782936,"9,rsi,^,0xffffffff,&,rsi,=,$z,zf,:=,$p,pf,:=,31,$s,sf,:=,0,cf,:=,0,of,:=",False,16782784,16783047,3,"xor esi, 9","xor esi, 9",83f609,cpu,xor,False,28,0,,,9.0,,,,
16782939,"9,rsi,^,0xffffffff,&,rsi,=,$z,zf,:=,$p,pf,:=,31,$s,sf,:=,0,cf,:=,0,of,:=",False,16782784,16783047,3,"xor esi, 9","xor esi, 9",83f609,cpu,xor,False,28,0,,,9.0,,,,
16782942,"esi,rdx,&,0xffffffff,&,rdx,=,$z,zf,:=,$p,pf,:=,31,$s,sf,:=,0,cf,:=,0,of,:=",False,16782784,16783048,2,"and edx, esi","and edx, esi",21f2,cpu,and,False,27,0,,,,,,,
16782944,"9,edx,+=,31,$o,of,:=,31,$s,sf,:=,$z,zf,:=,31,$c,cf,:=,$p,pf,:=,3,$c,af,:=",False,16782784,16783047,3,"add edx, 9","add edx, 9",83c209,cpu,add,False,17,0,,,9.0,,,,
16782947,"19,edx,==,$z,zf,:=,32,$b,cf,:=,$p,pf,:=,31,$s,sf,:=,19,0x80000000,-,!,31,$o,^,of,:=,3,$b,af,:=",False,16782784,16783047,3,"cmp edx, 0x13","cmp edx, 0x13",83fa13,cpu,cmp,False,15,0,,,19.0,19.0,,,
16782950,"ecx,0x8,rbp,-,=[4]",True,16782784,16783047,3,"mov dword [rbp - 8], ecx","mov dword [var_10h], ecx",894df8,cpu,mov,False,268435465,0,,,,,,,
16782953,"eax,0x4,rbp,-,=[4]",True,16782784,16783047,3,"mov dword [rbp - 4], eax","mov dword [var_ch], eax",8945fc,cpu,mov,False,268435465,0,,,,,,,
16782956,"cf,!,?{,16782818,rip,=,}",False,16782784,16783044,6,jae 0x10015e2,jae 0x10015e2,0f8370ffffff,cpu,cjmp,False,2147483649,0,,,,,16782818.0,16782962.0,
16782962,"0xc,rbp,-,[4],rcx,=",True,16782784,16783047,3,"mov ecx, dword [rbp - 0xc]","mov ecx, dword [var_14h]",8b4df4,cpu,mov,False,9,0,,,,,,,
16782965,"0x4,rbp,-,[4],rax,=",True,16782784,16783047,3,"mov eax, dword [rbp - 4]","mov eax, dword [var_ch]",8b45fc,cpu,mov,False,9,0,,,,,,,
16782968,"eax,0x1c,rbp,-,=[4]",True,16782784,16783047,3,"mov dword [rbp - 0x1c], eax","mov dword [var_24h], eax",8945e4,cpu,mov,False,268435465,0,,,,,,,
16782971,"ecx,eax,==,$z,zf,:=,32,$b,cf,:=,$p,pf,:=,31,$s,sf,:=,ecx,0x80000000,-,!,31,$o,^,of,:=,3,$b,af,:=",False,16782784,16783048,2,"cmp eax, ecx","cmp eax, ecx",39c8,cpu,cmp,False,15,0,,,,,,,
16782973,"zf,!,?{,16783002,rip,=,}",False,16782784,16783048,2,jne 0x100169a,jne 0x100169a,751b,cpu,cjmp,False,2147483649,0,,,,,16783002.0,16782975.0,
16782975,"0xc,rbp,-,[4],rsi,=",True,16782784,16783047,3,"mov esi, dword [rbp - 0xc]","mov esi, dword [var_14h]",8b75f4,cpu,mov,False,9,0,,,,,,,
16782978,"0x1201,rip,-,rdi,=",True,16782784,16783043,7,"lea rdi, [rip - 0x1201]","lea rdi, str.d_is_a_palindrome.",488d3dffedffff,cpu,lea,False,33,0,,,,16778376.0,,,"[{'addr': 16778376, 'type': 'DATA'}]"
16782985,"0,al,=",False,16782784,16783048,2,"mov al, 0","mov al, 0",b000,cpu,mov,False,9,0,,,0.0,,,,
16782987,"16783312,rip,8,rsp,-=,rsp,=[],rip,=",False,16782784,16783045,5,call 0x10017d0,call sym.imp.printf,e840010000,cpu,call,False,3,0,,,,,16783312.0,16782992.0,"[{'addr': 16783312, 'type': 'CALL'}]"
16782992,"1,rax,=",False,16782784,16783045,5,"mov eax, 1","mov eax, 1",b801000000,cpu,mov,False,9,0,,,1.0,,,,
16782997,"eax,0x20,rbp,-,=[4]",True,16782784,16783047,3,"mov dword [rbp - 0x20], eax","mov dword [var_28h], eax",8945e0,cpu,mov,False,268435465,0,,,,,,,
16783000,"0x10016c1,rip,=",False,16782784,16783048,2,jmp 0x10016c1,jmp 0x10016c1,eb27,cpu,jmp,False,1,0,,,,,16783041.0,,"[{'addr': 16783041, 'type': 'CODE'}]"
16783002,"0xc,rbp,-,[4],rsi,=",True,16782784,16783047,3,"mov esi, dword [rbp - 0xc]","mov esi, dword [var_14h]",8b75f4,cpu,mov,False,9,0,,,,,,,
16783005,"0x1208,rip,-,rdi,=",True,16782784,16783043,7,"lea rdi, [rip - 0x1208]","lea rdi, str.d_is_not_a_palindrome.",488d3df8edffff,cpu,lea,False,33,0,,,,16778396.0,,,"[{'addr': 16778396, 'type': 'DATA'}]"
16783012,"0,al,=",False,16782784,16783048,2,"mov al, 0","mov al, 0",b000,cpu,mov,False,9,0,,,0.0,,,,
16783014,"16783312,rip,8,rsp,-=,rsp,=[],rip,=",False,16782784,16783045,5,call 0x10017d0,call sym.imp.printf,e825010000,cpu,call,False,3,0,,,,,16783312.0,16783019.0,"[{'addr': 16783312, 'type': 'CALL'}]"
16783019,"0x1c,rbp,-,[4],rdx,=",True,16782784,16783047,3,"mov edx, dword [rbp - 0x1c]","mov edx, dword [var_24h]",8b55e4,cpu,mov,False,9,0,,,,,,,
16783022,"eax,rax,^,0xffffffff,&,rax,=,$z,zf,:=,$p,pf,:=,31,$s,sf,:=,0,cf,:=,0,of,:=",False,16782784,16783048,2,"xor eax, eax","xor eax, eax",31c0,cpu,xor,False,28,0,,,,,,,
16783024,"987623,rcx,=",False,16782784,16783045,5,"mov ecx, 0xf11e7","mov ecx, 0xf11e7",b9e7110f00,cpu,mov,False,9,0,,,987623.0,987623.0,,,
16783029,"987623,edx,==,$z,zf,:=,32,$b,cf,:=,$p,pf,:=,31,$s,sf,:=,987623,0x80000000,-,!,31,$o,^,of,:=,3,$b,af,:=",False,16782784,16783044,6,"cmp edx, 0xf11e7","cmp edx, 0xf11e7",81fae7110f00,cpu,cmp,False,15,0,,,987623.0,987623.0,,,
16783035,"zf,?{,ecx,eax,=,}",False,16782784,16783047,3,"cmove eax, ecx","cmove eax, ecx",0f44c1,cpu,cmov,False,2147483657,0,,,,,,,
16783038,"eax,0x20,rbp,-,=[4]",True,16782784,16783047,3,"mov dword [rbp - 0x20], eax","mov dword [var_28h], eax",8945e0,cpu,mov,False,268435465,0,,,,,,,
16783041,"0x20,rbp,-,[4],rax,=",True,16782784,16783047,3,"mov eax, dword [rbp - 0x20]","mov eax, dword [var_28h]",8b45e0,cpu,mov,False,9,0,,"[{'addr': 16783000, 'type': 'CODE'}]",,,,,
16783044,"32,rsp,+=,63,$o,of,:=,63,$s,sf,:=,$z,zf,:=,63,$c,cf,:=,$p,pf,:=,3,$c,af,:=",False,16782784,16783046,4,"add rsp, 0x20","add rsp, 0x20",4883c420,cpu,add,False,17,0,,,32.0,,,,
16783048,"rsp,[8],8,rsp,+=,rbp,=",False,16782784,16783049,1,pop rbp,pop rbp,5d,cpu,pop,False,14,0,,,,,,,
16783049,"rsp,[8],rip,=,8,rsp,+=",False,16782784,16783049,1,ret,ret,c3,cpu,ret,False,5,0,,,,,,,
