offset,esil,refptr,fcn_addr,fcn_last,size,opcode,disasm,bytes,family,type,reloc,type_num,type2_num,flags,xrefs_to,val,jump,fail,xrefs_from,ptr
16783072,"rbp,8,rsp,-,=[8],8,rsp,-=",False,16783072,16783164,1,push rbp,push rbp,55,cpu,rpush,False,268435468,0,"['main', 'sym.main', 'dbg.main']","[{'addr': 16782765, 'type': 'DATA'}]",,,,,
16783073,"rsp,rbp,=",False,16783072,16783162,3,"mov rbp, rsp","mov rbp, rsp",4889e5,cpu,mov,False,9,0,,,,,,,
16783076,"16,rsp,-=,16,0x8000000000000000,-,!,63,$o,^,of,:=,63,$s,sf,:=,$z,zf,:=,$p,pf,:=,64,$b,cf,:=,3,$b,af,:=",False,16783072,16783161,4,"sub rsp, 0x10","sub rsp, 0x10",4883ec10,cpu,sub,False,18,0,,,16.0,,,,
16783080,"0x8,rsi,+,[8],rdi,=",True,16783072,16783161,4,"mov rdi, qword [rsi + 8]","mov rdi, qword [rsi + 8]",488b7e08,cpu,mov,False,9,0,,,,,,,
16783084,"eax,rax,^,0xffffffff,&,rax,=,$z,zf,:=,$p,pf,:=,31,$s,sf,:=,0,cf,:=,0,of,:=",False,16783072,16783163,2,"xor eax, eax","xor eax, eax",31c0,cpu,xor,False,28,0,,,,,,,
16783086,"eax,rsi,=",False,16783072,16783163,2,"mov esi, eax","mov esi, eax",89c6,cpu,mov,False,9,0,,,,,,,
16783088,"16783328,rip,8,rsp,-=,rsp,=[],rip,=",False,16783072,16783160,5,call 0x10017e0,call sym.imp.strtod,e8eb000000,cpu,call,False,3,0,,,,16783328.0,16783093.0,"[{'addr': 16783328, 'type': 'CALL'}]",
16783093,,False,16783072,16783161,4,"cvtsd2ss xmm0, xmm0","cvtsd2ss xmm0, xmm0",f20f5ac0,sse,null,False,0,0,,,,,,,
16783097,,False,16783072,16783161,4,"cvttss2si edi, xmm0","cvttss2si edi, xmm0",f30f2cf8,sse,null,False,0,0,,,,,,,
16783101,"16782784,rip,8,rsp,-=,rsp,=[],rip,=",False,16783072,16783160,5,call 0x10015c0,call dbg.palindrome,e8befeffff,cpu,call,False,3,0,,,,16782784.0,16783106.0,"[{'addr': 16782784, 'type': 'CALL'}]",
16783106,"eax,rcx,=",False,16783072,16783163,2,"mov ecx, eax","mov ecx, eax",89c1,cpu,mov,False,9,0,,,,,,,
16783108,"ecx,0x4,rbp,-,=[4]",True,16783072,16783162,3,"mov dword [rbp - 4], ecx","mov dword [number], ecx",894dfc,cpu,mov,False,268435465,0,,,,,,,
16783111,"0x1251,rip,-,rdi,=",True,16783072,16783158,7,"lea rdi, [rip - 0x1251]","lea rdi, str.You_loose",488d3dafedffff,cpu,lea,False,33,0,,,,,,"[{'addr': 16778429, 'type': 'DATA'}]",16778429.0
16783118,"0x1261,rip,-,rax,=",True,16783072,16783158,7,"lea rax, [rip - 0x1261]","lea rax, str.You_win",488d059fedffff,cpu,lea,False,33,0,,,,,,"[{'addr': 16778420, 'type': 'DATA'}]",16778420.0
16783125,"987623,ecx,==,$z,zf,:=,32,$b,cf,:=,$p,pf,:=,31,$s,sf,:=,987623,0x80000000,-,!,31,$o,^,of,:=,3,$b,af,:=",False,16783072,16783159,6,"cmp ecx, 0xf11e7","cmp ecx, 0xf11e7",81f9e7110f00,cpu,cmp,False,15,0,,,987623.0,,,,987623.0
16783131,"zf,?{,rax,rdi,=,}",False,16783072,16783161,4,"cmove rdi, rax","cmove rdi, rax",480f44f8,cpu,cmov,False,2147483657,0,,,,,,,
16783135,"16783344,rip,8,rsp,-=,rsp,=[],rip,=",False,16783072,16783160,5,call 0x10017f0,call sym.imp.puts,e8cc000000,cpu,call,False,3,0,,,,16783344.0,16783140.0,"[{'addr': 16783344, 'type': 'CALL'}]",
16783140,"0x4,rbp,-,[4],rsi,=",True,16783072,16783162,3,"mov esi, dword [rbp - 4]","mov esi, dword [number]",8b75fc,cpu,mov,False,9,0,,,,,,,
16783143,"0x12b2,rip,-,rdi,=",True,16783072,16783158,7,"lea rdi, [rip - 0x12b2]","lea rdi, str.Hash:_0x_x",488d3d4eedffff,cpu,lea,False,33,0,,,,,,"[{'addr': 16778364, 'type': 'DATA'}]",16778364.0
16783150,"0,al,=",False,16783072,16783163,2,"mov al, 0","mov al, 0",b000,cpu,mov,False,9,0,,,0.0,,,,
16783152,"16783312,rip,8,rsp,-=,rsp,=[],rip,=",False,16783072,16783160,5,call 0x10017d0,call sym.imp.printf,e89b000000,cpu,call,False,3,0,,,,16783312.0,16783157.0,"[{'addr': 16783312, 'type': 'CALL'}]",
16783157,"eax,rax,^,0xffffffff,&,rax,=,$z,zf,:=,$p,pf,:=,31,$s,sf,:=,0,cf,:=,0,of,:=",False,16783072,16783163,2,"xor eax, eax","xor eax, eax",31c0,cpu,xor,False,28,0,,,,,,,
16783159,"16,rsp,+=,63,$o,of,:=,63,$s,sf,:=,$z,zf,:=,63,$c,cf,:=,$p,pf,:=,3,$c,af,:=",False,16783072,16783161,4,"add rsp, 0x10","add rsp, 0x10",4883c410,cpu,add,False,17,0,,,16.0,,,,
16783163,"rsp,[8],8,rsp,+=,rbp,=",False,16783072,16783164,1,pop rbp,pop rbp,5d,cpu,pop,False,14,0,,,,,,,
16783164,"rsp,[8],rip,=,8,rsp,+=",False,16783072,16783164,1,ret,ret,c3,cpu,ret,False,5,0,,,,,,,
