offset,esil,refptr,fcn_addr,fcn_last,size,opcode,disasm,bytes,family,type,reloc,type_num,type2_num,flags,xrefs_to,val,ptr,xrefs_from,jump
16788272,"rbp,8,rsp,-,=[8],8,rsp,-=",False,16788272,16788560,1,push rbp,push rbp,55,cpu,rpush,False,268435468,0,['sym.analyze_dynamics'],"[{'addr': 16784522, 'type': 'CALL'}]",,,,
16788273,"rsp,rbp,=",False,16788272,16788558,3,"mov rbp, rsp","mov rbp, rsp",4889e5,cpu,mov,False,9,0,,,,,,
16788276,"rdi,rdx,=",False,16788272,16788558,3,"mov rdx, rdi","mov rdx, rdi",4889fa,cpu,mov,False,9,0,,,,,,
16788279,"rdx,[16],xmm2,=",True,16788272,16788558,3,"movups xmm2, xmmword [rdx]","movups xmm2, xmmword [rdx]",0f1012,sse,mov,False,9,0,,,,,,
16788282,"0x10,rdx,+,[16],xmm3,=",True,16788272,16788557,4,"movups xmm3, xmmword [rdx + 0x10]","movups xmm3, xmmword [rdx + 0x10]",0f105a10,sse,mov,False,9,0,,,,,,
16788286,"xmm3,xmm7,=",False,16788272,16788558,3,"movaps xmm7, xmm3","movaps xmm7, xmm3",0f28fb,sse,mov,False,9,0,,,,,,
16788289,,False,16788272,16788557,4,"shufps xmm7, xmm2, 0x30","shufps xmm7, xmm2, 0x30",0fc6fa30,sse,null,False,0,0,,,,,,
16788293,"xmm2,xmm4,=",False,16788272,16788558,3,"movaps xmm4, xmm2","movaps xmm4, xmm2",0f28e2,sse,mov,False,9,0,,,,,,
16788296,,False,16788272,16788557,4,"shufps xmm4, xmm7, 0x29","shufps xmm4, xmm7, 0x29",0fc6e729,sse,null,False,0,0,,,,,,
16788300,"0x30,rdx,+,[4],r10,=",True,16788272,16788557,4,"mov r10d, dword [rdx + 0x30]","mov r10d, dword [rdx + 0x30]",448b5230,cpu,mov,False,9,0,,,,,,
16788304,"0x20,rdx,+,[16],xmm0,=",True,16788272,16788557,4,"movups xmm0, xmmword [rdx + 0x20]","movups xmm0, xmmword [rdx + 0x20]",0f104220,sse,mov,False,9,0,,,,,,
16788308,"xmm0,xmm1,=",False,16788272,16788558,3,"movaps xmm1, xmm0","movaps xmm1, xmm0",0f28c8,sse,mov,False,9,0,,,,,,
16788311,,False,16788272,16788557,4,"shufps xmm1, xmm3, 0x30","shufps xmm1, xmm3, 0x30",0fc6cb30,sse,null,False,0,0,,,,,,
16788315,"xmm3,xmm5,=",False,16788272,16788558,3,"movaps xmm5, xmm3","movaps xmm5, xmm3",0f28eb,sse,mov,False,9,0,,,,,,
16788318,,False,16788272,16788557,4,"shufps xmm5, xmm1, 0x29","shufps xmm5, xmm1, 0x29",0fc6e929,sse,null,False,0,0,,,,,,
16788322,"0x24,rdx,+,[16],xmm1,=",True,16788272,16788557,4,"movups xmm1, xmmword [rdx + 0x24]","movups xmm1, xmmword [rdx + 0x24]",0f104a24,sse,mov,False,9,0,,,,,,
16788326,"0x34,rdx,+,[4],r8,=",True,16788272,16788557,4,"mov r8d, dword [rdx + 0x34]","mov r8d, dword [rdx + 0x34]",448b4234,cpu,mov,False,9,0,,,,,,
16788330,"r10d,rax,=",False,16788272,16788558,3,"mov eax, r10d","mov eax, r10d",4489d0,cpu,mov,False,9,0,,,,,,
16788333,"r8d,eax,-=,r8d,0x80000000,-,!,31,$o,^,of,:=,31,$s,sf,:=,$z,zf,:=,$p,pf,:=,32,$b,cf,:=,3,$b,af,:=",False,16788272,16788558,3,"sub eax, r8d","sub eax, r8d",4429c0,cpu,sub,False,18,0,,,,,,
16788336,"zf,!,sf,of,^,!,&,al,=",False,16788272,16788558,3,setg al,setg al,0f9fc0,cpu,cmov,False,2147483657,0,,,,,,
16788339,"al,rdi,=",False,16788272,16788558,3,"movzx edi, al","movzx edi, al",0fb6f8,cpu,mov,False,9,0,,,,,,
16788342,"0x38,rdx,+,[4],rcx,=",True,16788272,16788558,3,"mov ecx, dword [rdx + 0x38]","mov ecx, dword [rdx + 0x38]",8b4a38,cpu,mov,False,9,0,,,,,,
16788345,"r8d,rax,=",False,16788272,16788558,3,"mov eax, r8d","mov eax, r8d",4489c0,cpu,mov,False,9,0,,,,,,
16788348,"ecx,eax,-=,ecx,0x80000000,-,!,31,$o,^,of,:=,31,$s,sf,:=,$z,zf,:=,$p,pf,:=,32,$b,cf,:=,3,$b,af,:=",False,16788272,16788559,2,"sub eax, ecx","sub eax, ecx",29c8,cpu,sub,False,18,0,,,,,,
16788350,"zf,!,sf,of,^,!,&,al,=",False,16788272,16788558,3,setg al,setg al,0f9fc0,cpu,cmov,False,2147483657,0,,,,,,
16788353,"al,rax,=",False,16788272,16788558,3,"movzx eax, al","movzx eax, al",0fb6c0,cpu,mov,False,9,0,,,,,,
16788356,"eax,0x4,rbp,-,=[4]",True,16788272,16788558,3,"mov dword [rbp - 4], eax","mov dword [var_ch], eax",8945fc,cpu,mov,False,268435465,0,,,,,,
16788359,"xmm2,xmm6,=",False,16788272,16788558,3,"movaps xmm6, xmm2","movaps xmm6, xmm2",0f28f2,sse,mov,False,9,0,,,,,,
16788362,,False,16788272,16788557,4,"shufps xmm6, xmm7, 0x28","shufps xmm6, xmm7, 0x28",0fc6f728,sse,null,False,0,0,,,,,,
16788366,,False,16788272,16788557,4,"paddd xmm6, xmm5","paddd xmm6, xmm5",660ffef5,sse,add,False,17,0,,,,,,
16788370,,False,16788272,16788556,5,"pshufd xmm7, xmm6, 0xee","pshufd xmm7, xmm6, 0xee",660f70feee,sse,null,False,0,0,,,,,,
16788375,,False,16788272,16788557,4,"paddd xmm6, xmm7","paddd xmm6, xmm7",660ffef7,sse,add,False,17,0,,,,,,
16788379,,False,16788272,16788556,5,"pshufd xmm7, xmm6, 0x55","pshufd xmm7, xmm6, 0x55",660f70fe55,sse,null,False,0,0,,,,,,
16788384,,False,16788272,16788557,4,"paddd xmm6, xmm7","paddd xmm6, xmm7",660ffef7,sse,add,False,17,0,,,,,,
16788388,"xmm6l,eax,=",False,16788272,16788557,4,"movd eax, xmm6","movd eax, xmm6",660f7ef0,sse,mov,False,9,0,,,,,,
16788392,"0x4,rdx,+,[4],rsi,=",True,16788272,16788558,3,"mov esi, dword [rdx + 4]","mov esi, dword [rdx + 4]",8b7204,cpu,mov,False,9,0,,,,,,
16788395,"esi,eax,+=,31,$o,of,:=,31,$s,sf,:=,$z,zf,:=,31,$c,cf,:=,$p,pf,:=,3,$c,af,:=",False,16788272,16788559,2,"add eax, esi","add eax, esi",01f0,cpu,add,False,17,0,,,,,,
16788397,,False,16788272,16788556,5,"pshufd xmm7, xmm0, 0xaa","pshufd xmm7, xmm0, 0xaa",660f70f8aa,sse,null,False,0,0,,,,,,
16788402,,False,16788272,16788556,5,"pshufd xmm6, xmm0, 0x55","pshufd xmm6, xmm0, 0x55",660f70f055,sse,null,False,0,0,,,,,,
16788407,,False,16788272,16788557,4,"paddd xmm6, xmm7","paddd xmm6, xmm7",660ffef7,sse,add,False,17,0,,,,,,
16788411,"xmm6l,r9d,=",False,16788272,16788556,5,"movd r9d, xmm6","movd r9d, xmm6",66410f7ef1,sse,mov,False,9,0,,,,,,
16788416,"0x2c,rdx,+,[4],rsi,=",True,16788272,16788558,3,"mov esi, dword [rdx + 0x2c]","mov esi, dword [rdx + 0x2c]",8b722c,cpu,mov,False,9,0,,,,,,
16788419,"r10d,esi,+=,31,$o,of,:=,31,$s,sf,:=,$z,zf,:=,31,$c,cf,:=,$p,pf,:=,3,$c,af,:=",False,16788272,16788558,3,"add esi, r10d","add esi, r10d",4401d6,cpu,add,False,17,0,,,,,,
16788422,"ecx,r8d,+=,31,$o,of,:=,31,$s,sf,:=,$z,zf,:=,31,$c,cf,:=,$p,pf,:=,3,$c,af,:=",False,16788272,16788558,3,"add r8d, ecx","add r8d, ecx",4101c8,cpu,add,False,17,0,,,,,,
16788425,"r9d,eax,+=,31,$o,of,:=,31,$s,sf,:=,$z,zf,:=,31,$c,cf,:=,$p,pf,:=,3,$c,af,:=",False,16788272,16788558,3,"add eax, r9d","add eax, r9d",4401c8,cpu,add,False,17,0,,,,,,
16788428,"r8d,esi,+=,31,$o,of,:=,31,$s,sf,:=,$z,zf,:=,31,$c,cf,:=,$p,pf,:=,3,$c,af,:=",False,16788272,16788558,3,"add esi, r8d","add esi, r8d",4401c6,cpu,add,False,17,0,,,,,,
16788431,"esi,eax,+=,31,$o,of,:=,31,$s,sf,:=,$z,zf,:=,31,$c,cf,:=,$p,pf,:=,3,$c,af,:=",False,16788272,16788559,2,"add eax, esi","add eax, esi",01f0,cpu,add,False,17,0,,,,,,
16788433,"0x3c,rdx,+,[4],rdx,=",True,16788272,16788558,3,"mov edx, dword [rdx + 0x3c]","mov edx, dword [rdx + 0x3c]",8b523c,cpu,mov,False,9,0,,,,,,
16788436,"edx,ecx,-=,edx,0x80000000,-,!,31,$o,^,of,:=,31,$s,sf,:=,$z,zf,:=,$p,pf,:=,32,$b,cf,:=,3,$b,af,:=",False,16788272,16788559,2,"sub ecx, edx","sub ecx, edx",29d1,cpu,sub,False,18,0,,,,,,
16788438,"zf,!,sf,of,^,!,&,cl,=",False,16788272,16788558,3,setg cl,setg cl,0f9fc1,cpu,cmov,False,2147483657,0,,,,,,
16788441,"cl,rdx,=",False,16788272,16788558,3,"movzx edx, cl","movzx edx, cl",0fb6d1,cpu,mov,False,9,0,,,,,,
16788444,,False,16788272,16788557,4,"pcmpgtd xmm3, xmm5","pcmpgtd xmm3, xmm5",660f66dd,sse,cmp,False,15,0,,,,,,
16788448,,False,16788272,16788557,4,"pcmpgtd xmm2, xmm4","pcmpgtd xmm2, xmm4",660f66d4,sse,cmp,False,15,0,,,,,,
16788452,,False,16788272,16788557,4,"packssdw xmm2, xmm3","packssdw xmm2, xmm3",660f6bd3,sse,mov,False,9,0,,,,,,
16788456,,False,16788272,16788557,4,"packsswb xmm2, xmm3","packsswb xmm2, xmm3",660f63d3,sse,mov,False,9,0,,,,,,
16788460,,False,16788272,16788557,4,"pmovmskb ecx, xmm2","pmovmskb ecx, xmm2",660fd7ca,sse,null,False,0,0,,,,,,
16788464,"cl,rcx,=",False,16788272,16788558,3,"movzx ecx, cl","movzx ecx, cl",0fb6c9,cpu,mov,False,9,0,,,,,,
16788467,"32,134480385,~,32,ecx,~,*,DUP,ecx,=,ecx,-,?{,1,1,}{,0,0,},cf,:=,of,:=",False,16788272,16788555,6,"imul ecx, ecx, 0x8040201","imul ecx, ecx, 0x8040201",69c901020408,cpu,mul,False,20,0,,,,,,
16788473,"0,cf,:=,1,3,-,1,<<,ecx,&,?{,1,cf,:=,},3,ecx,>>,ecx,=,$z,zf,:=,$p,pf,:=,31,$s,sf,:=",False,16788272,16788558,3,"shr ecx, 3","shr ecx, 3",c1e903,cpu,shr,False,22,0,,,3.0,,,
16788476,"286331153,rcx,&,0xffffffff,&,rcx,=,$z,zf,:=,$p,pf,:=,31,$s,sf,:=,0,cf,:=,0,of,:=",False,16788272,16788555,6,"and ecx, 0x11111111","and ecx, 0x11111111",81e111111111,cpu,and,False,27,0,,,286331153.0,286331153.0,,
16788482,"32,286331153,~,32,ecx,~,*,DUP,esi,=,esi,-,?{,1,1,}{,0,0,},cf,:=,of,:=",False,16788272,16788555,6,"imul esi, ecx, 0x11111111","imul esi, ecx, 0x11111111",69f111111111,cpu,mul,False,20,0,,,,,,
16788488,"0,cf,:=,1,28,-,1,<<,esi,&,?{,1,cf,:=,},28,esi,>>,esi,=,$z,zf,:=,$p,pf,:=,31,$s,sf,:=",False,16788272,16788558,3,"shr esi, 0x1c","shr esi, 0x1c",c1ee1c,cpu,shr,False,22,0,,,28.0,,,
16788491,,False,16788272,16788557,4,"pcmpgtd xmm0, xmm1","pcmpgtd xmm0, xmm1",660f66c1,sse,cmp,False,15,0,,,,,,
16788495,,False,16788272,16788558,3,"movmskps ecx, xmm0","movmskps ecx, xmm0",0f50c8,sse,null,False,0,0,,,,,,
16788498,"0,2,!,!,?{,1,2,-,ecx,<<,0x80000000,&,!,!,^,},2,ecx,<<=,$z,zf,:=,$p,pf,:=,31,$s,sf,:=,cf,=",False,16788272,16788558,3,"shl ecx, 2","shl ecx, 2",c1e102,cpu,shl,False,23,0,,,,,,
16788501,"4841987667533046032,r8,=",False,16788272,16788551,10,"movabs r8, 0x4332322132212110","movabs r8, 0x4332322132212110",49b81021213221323243,cpu,mov,False,9,0,,,4.841987667533046e+18,4.841987667533046e+18,,
16788511,"0,cf,:=,1,cl,-,1,<<,r8,&,?{,1,cf,:=,},cl,r8,>>,r8,=,$z,zf,:=,$p,pf,:=,63,$s,sf,:=",False,16788272,16788558,3,"shr r8, cl","shr r8, cl",49d3e8,cpu,shr,False,22,0,,,10.0,,,
16788514,"0x4,rbp,-,[4],rcx,=",True,16788272,16788558,3,"mov ecx, dword [rbp - 4]","mov ecx, dword [var_ch]",8b4dfc,cpu,mov,False,9,0,,,,,,
16788517,"7,r8,&,0xffffffff,&,r8,=,$z,zf,:=,$p,pf,:=,31,$s,sf,:=,0,cf,:=,0,of,:=",False,16788272,16788557,4,"and r8d, 7","and r8d, 7",4183e007,cpu,and,False,27,0,,,7.0,,,
16788521,"r8d,esi,+=,31,$o,of,:=,31,$s,sf,:=,$z,zf,:=,31,$c,cf,:=,$p,pf,:=,3,$c,af,:=",False,16788272,16788558,3,"add esi, r8d","add esi, r8d",4401c6,cpu,add,False,17,0,,,,,,
16788524,"edi,esi,+=,31,$o,of,:=,31,$s,sf,:=,$z,zf,:=,31,$c,cf,:=,$p,pf,:=,3,$c,af,:=",False,16788272,16788559,2,"add esi, edi","add esi, edi",01fe,cpu,add,False,17,0,,,,,,
16788526,"edx,ecx,+=,31,$o,of,:=,31,$s,sf,:=,$z,zf,:=,31,$c,cf,:=,$p,pf,:=,3,$c,af,:=",False,16788272,16788559,2,"add ecx, edx","add ecx, edx",01d1,cpu,add,False,17,0,,,,,,
16788528,"ecx,esi,+=,31,$o,of,:=,31,$s,sf,:=,$z,zf,:=,31,$c,cf,:=,$p,pf,:=,3,$c,af,:=",False,16788272,16788559,2,"add esi, ecx","add esi, ecx",01ce,cpu,add,False,17,0,,,,,,
16788530,,False,16788272,16788557,4,"cvtsi2sd xmm0, eax","cvtsi2sd xmm0, eax",f20f2ac0,sse,null,False,0,0,,,,,,
16788534,"0x25ae,rip,-,[8],xmm1,=",True,16788272,16788553,8,"movsd xmm1, qword [rip - 0x25ae]","movsd xmm1, qword [data.01000690]",f20f100d52daffff,sse,mov,False,9,0,,,,16778896.0,"[{'addr': 16778896, 'type': 'DATA'}]",
16788542,"xmm1,xmm0,*=",False,16788272,16788557,4,"mulsd xmm0, xmm1","mulsd xmm0, xmm1",f20f59c1,sse,mul,False,20,0,,,,,,
16788546,"0x2581,rip,-,rdi,=",True,16788272,16788554,7,"lea rdi, [rip - 0x2581]","lea rdi, str.Avg:__.2f__Inversions:__d",488d3d7fdaffff,cpu,lea,False,33,0,,,,16778952.0,"[{'addr': 16778952, 'type': 'DATA'}]",
16788553,"1,al,=",False,16788272,16788559,2,"mov al, 1","mov al, 1",b001,cpu,mov,False,9,0,,,1.0,,,
16788555,"rsp,[8],8,rsp,+=,rbp,=",False,16788272,16788560,1,pop rbp,pop rbp,5d,cpu,pop,False,14,0,,,,,,
16788556,"0x1002d30,rip,=",False,16788272,16788556,5,jmp 0x1002d30,jmp sym.imp.printf,e9df000000,cpu,jmp,False,1,0,,,,,"[{'addr': 16788784, 'type': 'CODE'}]",16788784.0
