offset,esil,refptr,fcn_addr,fcn_last,size,opcode,disasm,bytes,family,type,reloc,type_num,type2_num,flags,xrefs_to,val,jump,fail,ptr,xrefs_from,comment
16787248,"rbp,8,rsp,-,=[8],8,rsp,-=",False,16787248,16787563,1,push rbp,push rbp,55,cpu,rpush,False,268435468,0,['sym.recursive_filter'],"[{'addr': 16784119, 'type': 'CALL'}, {'addr': 16787431, 'type': 'CALL'}]",,,,,,
16787249,"rsp,rbp,=",False,16787248,16787561,3,"mov rbp, rsp","mov rbp, rsp",4889e5,cpu,mov,False,9,0,,,,,,,,
16787252,"48,rsp,-=,48,0x8000000000000000,-,!,63,$o,^,of,:=,63,$s,sf,:=,$z,zf,:=,$p,pf,:=,64,$b,cf,:=,3,$b,af,:=",False,16787248,16787560,4,"sub rsp, 0x30","sub rsp, 0x30",4883ec30,cpu,sub,False,18,0,,,48.0,,,,,
16787256,"rdi,0x28,rbp,-,=[8]",True,16787248,16787560,4,"mov qword [rbp - 0x28], rdi","mov qword [var_30h], rdi",48897dd8,cpu,mov,False,268435465,0,,,,,,,,
16787260,"esi,0x1c,rbp,-,=[4]",True,16787248,16787561,3,"mov dword [rbp - 0x1c], esi","mov dword [var_24h], esi",8975e4,cpu,mov,False,268435465,0,,,,,,,,
16787263,"edx,0x18,rbp,-,=[4]",True,16787248,16787561,3,"mov dword [rbp - 0x18], edx","mov dword [var_20h], edx",8955e8,cpu,mov,False,268435465,0,,,,,,,,
16787266,"0,0x14,rbp,-,=[4]",True,16787248,16787557,7,"mov dword [rbp - 0x14], 0","mov dword [var_1ch], 0",c745ec00000000,cpu,mov,False,268435465,0,,,0.0,,,,,
16787273,"0x14,rbp,-,[4],rax,=",True,16787248,16787561,3,"mov eax, dword [rbp - 0x14]","mov eax, dword [var_1ch]",8b45ec,cpu,mov,False,9,0,,"[{'addr': 16787308, 'type': 'CODE'}]",,,,,,
16787276,"rax,0x30,rbp,-,=[8]",True,16787248,16787560,4,"mov qword [rbp - 0x30], rax","mov qword [var_38h], rax",488945d0,cpu,mov,False,268435465,0,,,,,,,,
16787280,"7,rax,-=,7,0x8000000000000000,-,!,63,$o,^,of,:=,63,$s,sf,:=,$z,zf,:=,$p,pf,:=,64,$b,cf,:=,3,$b,af,:=",False,16787248,16787560,4,"sub rax, 7","sub rax, 7",4883e807,cpu,sub,False,18,0,,,7.0,,,,,
16787284,"cf,zf,|,!,?{,16787306,rip,=,}",False,16787248,16787562,2,ja 0x100276a,ja 0x100276a,7714,cpu,cjmp,False,2147483649,0,,,,16787306.0,16787286.0,,,
16787286,"0x30,rbp,-,[8],rax,=",True,16787248,16787560,4,"mov rax, qword [rbp - 0x30]","mov rax, qword [var_38h]",488b45d0,cpu,mov,False,9,0,,,,,,,,
16787290,"0x2261,rip,-,rcx,=",True,16787248,16787557,7,"lea rcx, [rip - 0x2261]","lea rcx, data.01000500",488d0d9fddffff,cpu,lea,False,33,0,,,,,,16778496.0,"[{'addr': 16778496, 'type': 'DATA'}]",
16787297,"32,rax,4,*,rcx,+,[4],~,rax,=",True,16787248,16787560,4,"movsxd rax, dword [rcx + rax*4]","movsxd rax, dword [rcx + rax*4]",48630481,cpu,mov,False,9,0,,,,,,,,
16787301,"rcx,rax,+=,63,$o,of,:=,63,$s,sf,:=,$z,zf,:=,63,$c,cf,:=,$p,pf,:=,3,$c,af,:=",False,16787248,16787561,3,"add rax, rcx","add rax, rcx",4801c8,cpu,add,False,17,0,,,,,,,,
16787304,"rax,rip,=",False,16787248,16787562,2,jmp rax,jmp rax,ffe0,cpu,rjmp,False,268435458,0,['switch.0x01002768'],,,,,,"[{'addr': 16787310, 'type': 'CODE'}, {'addr': 16787336, 'type': 'CODE'}, {'addr': 16787398, 'type': 'CODE'}, {'addr': 16787418, 'type': 'CODE'}, {'addr': 16787471, 'type': 'CODE'}, {'addr': 16787498, 'type': 'CODE'}, {'addr': 16787531, 'type': 'CODE'}, {'addr': 16787558, 'type': 'CODE'}]",c3dpdGNoIHRhYmxlICg4IGNhc2VzKSBhdCAweDEwMDA1MDA=
16787306,"0x100276c,rip,=",False,16787248,16787562,2,jmp 0x100276c,jmp 0x100276c,eb00,cpu,jmp,False,1,0,,,,16787308.0,,,"[{'addr': 16787308, 'type': 'CODE'}]",
16787308,"0x1002749,rip,=",False,16787248,16787562,2,jmp 0x1002749,jmp 0x1002749,ebdb,cpu,jmp,False,1,0,,"[{'addr': 16787306, 'type': 'CODE'}, {'addr': 16787334, 'type': 'CODE'}, {'addr': 16787396, 'type': 'CODE'}, {'addr': 16787416, 'type': 'CODE'}, {'addr': 16787466, 'type': 'CODE'}, {'addr': 16787493, 'type': 'CODE'}, {'addr': 16787526, 'type': 'CODE'}, {'addr': 16787553, 'type': 'CODE'}]",,16787273.0,,,"[{'addr': 16787273, 'type': 'CODE'}]",
16787310,"0x1c,rbp,-,[4],rdx,=",True,16787248,16787561,3,"mov edx, dword [rbp - 0x1c]","mov edx, dword [var_24h]",8b55e4,cpu,mov,False,9,0,['case.0x1002768.0'],"[{'addr': 16787304, 'type': 'CODE'}]",,,,,,
16787313,"0x18,rbp,-,[4],rsi,=",True,16787248,16787561,3,"mov esi, dword [rbp - 0x18]","mov esi, dword [var_20h]",8b75e8,cpu,mov,False,9,0,,,,,,,,
16787316,"7,rax,=",False,16787248,16787559,5,"mov eax, 7","mov eax, 7",b807000000,cpu,mov,False,9,0,,,7.0,,,,,
16787321,"1,rcx,=",False,16787248,16787559,5,"mov ecx, 1","mov ecx, 1",b901000000,cpu,mov,False,9,0,,,1.0,,,,,
16787326,"esi,edx,==,$z,zf,:=,32,$b,cf,:=,$p,pf,:=,31,$s,sf,:=,esi,0x80000000,-,!,31,$o,^,of,:=,3,$b,af,:=",False,16787248,16787562,2,"cmp edx, esi","cmp edx, esi",39f2,cpu,cmp,False,15,0,,,,,,,,
16787328,"sf,of,^,?{,ecx,eax,=,}",False,16787248,16787561,3,"cmovl eax, ecx","cmovl eax, ecx",0f4cc1,cpu,cmov,False,2147483657,0,,,,,,,,
16787331,"eax,0x14,rbp,-,=[4]",True,16787248,16787561,3,"mov dword [rbp - 0x14], eax","mov dword [var_1ch], eax",8945ec,cpu,mov,False,268435465,0,,,,,,,,
16787334,"0x100276c,rip,=",False,16787248,16787562,2,jmp 0x100276c,jmp 0x100276c,ebe4,cpu,jmp,False,1,0,,,,16787308.0,,,"[{'addr': 16787308, 'type': 'CODE'}]",
16787336,"0x28,rbp,-,[8],rax,=",True,16787248,16787560,4,"mov rax, qword [rbp - 0x28]","mov rax, qword [var_30h]",488b45d8,cpu,mov,False,9,0,['case.0x1002768.1'],"[{'addr': 16787304, 'type': 'CODE'}]",,,,,,
16787340,"0x1c,rbp,-,[4],rcx,=",True,16787248,16787561,3,"mov ecx, dword [rbp - 0x1c]","mov ecx, dword [var_24h]",8b4de4,cpu,mov,False,9,0,,,,,,,,
16787343,"32,ecx,~,rcx,=",False,16787248,16787561,3,"movsxd rcx, ecx","movsxd rcx, ecx",4863c9,cpu,mov,False,9,0,,,,,,,,
16787346,"0,2,!,!,?{,1,2,-,rcx,<<,0x8000000000000000,&,!,!,^,},2,rcx,<<=,$z,zf,:=,$p,pf,:=,63,$s,sf,:=,cf,=",False,16787248,16787560,4,"shl rcx, 2","shl rcx, 2",48c1e102,cpu,shl,False,23,0,,,,,,,,
16787350,"rcx,rax,+=,63,$o,of,:=,63,$s,sf,:=,$z,zf,:=,63,$c,cf,:=,$p,pf,:=,3,$c,af,:=",False,16787248,16787561,3,"add rax, rcx","add rax, rcx",4801c8,cpu,add,False,17,0,,,,,,,,
16787353,"rax,0x10,rbp,-,=[8]",True,16787248,16787560,4,"mov qword [rbp - 0x10], rax","mov qword [var_18h], rax",488945f0,cpu,mov,False,268435465,0,,,,,,,,
16787357,"0x10,rbp,-,[8],rax,=",True,16787248,16787560,4,"mov rax, qword [rbp - 0x10]","mov rax, qword [var_18h]",488b45f0,cpu,mov,False,9,0,,,,,,,,
16787361,"rax,[4],rax,=",True,16787248,16787562,2,"mov eax, dword [rax]","mov eax, dword [rax]",8b00,cpu,mov,False,9,0,,,,,,,,
16787363,"eax,0x4,rbp,-,=[4]",True,16787248,16787561,3,"mov dword [rbp - 4], eax","mov dword [var_ch], eax",8945fc,cpu,mov,False,268435465,0,,,,,,,,
16787366,"0x4,rbp,-,[4],rax,=",True,16787248,16787561,3,"mov eax, dword [rbp - 4]","mov eax, dword [var_ch]",8b45fc,cpu,mov,False,9,0,,,,,,,,
16787369,"5,rcx,=",False,16787248,16787559,5,"mov ecx, 5","mov ecx, 5",b905000000,cpu,mov,False,9,0,,,5.0,,,,,
16787374,"0,edx,=,31,eax,>>,?{,0xffffffff,edx,=,}",False,16787248,16787563,1,cdq,cdq,99,cpu,null,False,0,0,,,,,,,,
16787375,"32,ecx,~,32,edx,<<,eax,+,~%,32,ecx,~,32,edx,<<,eax,+,~/,eax,=,edx,=",False,16787248,16787562,2,idiv ecx,idiv ecx,f7f9,cpu,div,False,21,0,,,,,,,,
16787377,"3,rax,=",False,16787248,16787559,5,"mov eax, 3","mov eax, 3",b803000000,cpu,mov,False,9,0,,,3.0,,,,,
16787382,"2,rcx,=",False,16787248,16787559,5,"mov ecx, 2","mov ecx, 2",b902000000,cpu,mov,False,9,0,,,2.0,,,,,
16787387,"0,edx,==,$z,zf,:=,32,$b,cf,:=,$p,pf,:=,31,$s,sf,:=,0,0x80000000,-,!,31,$o,^,of,:=,3,$b,af,:=",False,16787248,16787561,3,"cmp edx, 0","cmp edx, 0",83fa00,cpu,cmp,False,15,0,,,0.0,,,0.0,,
16787390,"zf,?{,ecx,eax,=,}",False,16787248,16787561,3,"cmove eax, ecx","cmove eax, ecx",0f44c1,cpu,cmov,False,2147483657,0,,,,,,,,
16787393,"eax,0x14,rbp,-,=[4]",True,16787248,16787561,3,"mov dword [rbp - 0x14], eax","mov dword [var_1ch], eax",8945ec,cpu,mov,False,268435465,0,,,,,,,,
16787396,"0x100276c,rip,=",False,16787248,16787562,2,jmp 0x100276c,jmp 0x100276c,eba6,cpu,jmp,False,1,0,,,,16787308.0,,,"[{'addr': 16787308, 'type': 'CODE'}]",
16787398,"ecx,rcx,^,0xffffffff,&,rcx,=,$z,zf,:=,$p,pf,:=,31,$s,sf,:=,0,cf,:=,0,of,:=",False,16787248,16787562,2,"xor ecx, ecx","xor ecx, ecx",31c9,cpu,xor,False,28,0,['case.0x1002768.2'],"[{'addr': 16787304, 'type': 'CODE'}]",,,,,,
16787400,"0x4,rbp,-,[4],ecx,-=,0x4,rbp,-,[4],0x80000000,-,!,31,$o,^,of,:=,31,$s,sf,:=,$z,zf,:=,$p,pf,:=,32,$b,cf,:=,3,$b,af,:=",True,16787248,16787561,3,"sub ecx, dword [rbp - 4]","sub ecx, dword [var_ch]",2b4dfc,cpu,sub,False,18,0,,,,,,,,
16787403,"0x10,rbp,-,[8],rax,=",True,16787248,16787560,4,"mov rax, qword [rbp - 0x10]","mov rax, qword [var_18h]",488b45f0,cpu,mov,False,9,0,,,,,,,,
16787407,"ecx,rax,=[4]",True,16787248,16787562,2,"mov dword [rax], ecx","mov dword [rax], ecx",8908,cpu,mov,False,9,0,,,,,,,,
16787409,"3,0x14,rbp,-,=[4]",True,16787248,16787557,7,"mov dword [rbp - 0x14], 3","mov dword [var_1ch], 3",c745ec03000000,cpu,mov,False,268435465,0,,,3.0,,,,,
16787416,"0x100276c,rip,=",False,16787248,16787562,2,jmp 0x100276c,jmp 0x100276c,eb92,cpu,jmp,False,1,0,,,,16787308.0,,,"[{'addr': 16787308, 'type': 'CODE'}]",
16787418,"0x1c,rbp,-,[4],rsi,=",True,16787248,16787561,3,"mov esi, dword [rbp - 0x1c]","mov esi, dword [var_24h]",8b75e4,cpu,mov,False,9,0,['case.0x1002768.3'],"[{'addr': 16787304, 'type': 'CODE'}]",,,,,,
16787421,"0x18,rbp,-,[4],rdx,=",True,16787248,16787561,3,"mov edx, dword [rbp - 0x18]","mov edx, dword [var_20h]",8b55e8,cpu,mov,False,9,0,,,,,,,,
16787424,"0x28,rbp,-,[8],rdi,=",True,16787248,16787560,4,"mov rdi, qword [rbp - 0x28]","mov rdi, qword [var_30h]",488b7dd8,cpu,mov,False,9,0,,,,,,,,
16787428,"2,esi,+=,31,$o,of,:=,31,$s,sf,:=,$z,zf,:=,31,$c,cf,:=,$p,pf,:=,3,$c,af,:=",False,16787248,16787561,3,"add esi, 2","add esi, 2",83c602,cpu,add,False,17,0,,,2.0,,,,,
16787431,"16787248,rip,8,rsp,-=,rsp,=[],rip,=",False,16787248,16787559,5,call 0x1002730,call sym.recursive_filter,e844ffffff,cpu,call,False,3,0,,,,16787248.0,16787436.0,,"[{'addr': 16787248, 'type': 'CALL'}]",
16787436,"0x1c,rbp,-,[4],rax,=",True,16787248,16787561,3,"mov eax, dword [rbp - 0x1c]","mov eax, dword [var_24h]",8b45e4,cpu,mov,False,9,0,,,,,,,,
16787439,"3,rcx,=",False,16787248,16787559,5,"mov ecx, 3","mov ecx, 3",b903000000,cpu,mov,False,9,0,,,3.0,,,,,
16787444,"0,edx,=,31,eax,>>,?{,0xffffffff,edx,=,}",False,16787248,16787563,1,cdq,cdq,99,cpu,null,False,0,0,,,,,,,,
16787445,"32,ecx,~,32,edx,<<,eax,+,~%,32,ecx,~,32,edx,<<,eax,+,~/,eax,=,edx,=",False,16787248,16787562,2,idiv ecx,idiv ecx,f7f9,cpu,div,False,21,0,,,,,,,,
16787447,"5,rax,=",False,16787248,16787559,5,"mov eax, 5","mov eax, 5",b805000000,cpu,mov,False,9,0,,,5.0,,,,,
16787452,"4,rcx,=",False,16787248,16787559,5,"mov ecx, 4","mov ecx, 4",b904000000,cpu,mov,False,9,0,,,4.0,,,,,
16787457,"0,edx,==,$z,zf,:=,32,$b,cf,:=,$p,pf,:=,31,$s,sf,:=,0,0x80000000,-,!,31,$o,^,of,:=,3,$b,af,:=",False,16787248,16787561,3,"cmp edx, 0","cmp edx, 0",83fa00,cpu,cmp,False,15,0,,,0.0,,,0.0,,
16787460,"zf,?{,ecx,eax,=,}",False,16787248,16787561,3,"cmove eax, ecx","cmove eax, ecx",0f44c1,cpu,cmov,False,2147483657,0,,,,,,,,
16787463,"eax,0x14,rbp,-,=[4]",True,16787248,16787561,3,"mov dword [rbp - 0x14], eax","mov dword [var_1ch], eax",8945ec,cpu,mov,False,268435465,0,,,,,,,,
16787466,"0x100276c,rip,=",False,16787248,16787559,5,jmp 0x100276c,jmp 0x100276c,e95dffffff,cpu,jmp,False,1,0,,,,16787308.0,,,"[{'addr': 16787308, 'type': 'CODE'}]",
16787471,"0x10,rbp,-,[8],rax,=",True,16787248,16787560,4,"mov rax, qword [rbp - 0x10]","mov rax, qword [var_18h]",488b45f0,cpu,mov,False,9,0,['case.0x1002768.4'],"[{'addr': 16787304, 'type': 'CODE'}]",,,,,,
16787475,"rax,[4],rcx,=",True,16787248,16787562,2,"mov ecx, dword [rax]","mov ecx, dword [rax]",8b08,cpu,mov,False,9,0,,,,,,,,
16787477,"3,ecx,+=,31,$o,of,:=,31,$s,sf,:=,$z,zf,:=,31,$c,cf,:=,$p,pf,:=,3,$c,af,:=",False,16787248,16787561,3,"add ecx, 3","add ecx, 3",83c103,cpu,add,False,17,0,,,3.0,,,,,
16787480,"0x10,rbp,-,[8],rax,=",True,16787248,16787560,4,"mov rax, qword [rbp - 0x10]","mov rax, qword [var_18h]",488b45f0,cpu,mov,False,9,0,,,,,,,,
16787484,"ecx,rax,=[4]",True,16787248,16787562,2,"mov dword [rax], ecx","mov dword [rax], ecx",8908,cpu,mov,False,9,0,,,,,,,,
16787486,"5,0x14,rbp,-,=[4]",True,16787248,16787557,7,"mov dword [rbp - 0x14], 5","mov dword [var_1ch], 5",c745ec05000000,cpu,mov,False,268435465,0,,,5.0,,,,,
16787493,"0x100276c,rip,=",False,16787248,16787559,5,jmp 0x100276c,jmp 0x100276c,e942ffffff,cpu,jmp,False,1,0,,,,16787308.0,,,"[{'addr': 16787308, 'type': 'CODE'}]",
16787498,"0x1c,rbp,-,[4],rdx,=",True,16787248,16787561,3,"mov edx, dword [rbp - 0x1c]","mov edx, dword [var_24h]",8b55e4,cpu,mov,False,9,0,['case.0x1002768.5'],"[{'addr': 16787304, 'type': 'CODE'}]",,,,,,
16787501,"2147483649,rdx,&,0xffffffff,&,rdx,=,$z,zf,:=,$p,pf,:=,31,$s,sf,:=,0,cf,:=,0,of,:=",False,16787248,16787558,6,"and edx, 0x80000001","and edx, 0x80000001",81e201000080,cpu,and,False,27,0,,,2147483649.0,,,2147483649.0,,
16787507,"7,rax,=",False,16787248,16787559,5,"mov eax, 7","mov eax, 7",b807000000,cpu,mov,False,9,0,,,7.0,,,,,
16787512,"6,rcx,=",False,16787248,16787559,5,"mov ecx, 6","mov ecx, 6",b906000000,cpu,mov,False,9,0,,,6.0,,,,,
16787517,"1,edx,==,$z,zf,:=,32,$b,cf,:=,$p,pf,:=,31,$s,sf,:=,1,0x80000000,-,!,31,$o,^,of,:=,3,$b,af,:=",False,16787248,16787561,3,"cmp edx, 1","cmp edx, 1",83fa01,cpu,cmp,False,15,0,,,1.0,,,1.0,,
16787520,"zf,?{,ecx,eax,=,}",False,16787248,16787561,3,"cmove eax, ecx","cmove eax, ecx",0f44c1,cpu,cmov,False,2147483657,0,,,,,,,,
16787523,"eax,0x14,rbp,-,=[4]",True,16787248,16787561,3,"mov dword [rbp - 0x14], eax","mov dword [var_1ch], eax",8945ec,cpu,mov,False,268435465,0,,,,,,,,
16787526,"0x100276c,rip,=",False,16787248,16787559,5,jmp 0x100276c,jmp 0x100276c,e921ffffff,cpu,jmp,False,1,0,,,,16787308.0,,,"[{'addr': 16787308, 'type': 'CODE'}]",
16787531,"0x10,rbp,-,[8],rax,=",True,16787248,16787560,4,"mov rax, qword [rbp - 0x10]","mov rax, qword [var_18h]",488b45f0,cpu,mov,False,9,0,['case.0x1002768.6'],"[{'addr': 16787304, 'type': 'CODE'}]",,,,,,
16787535,"rax,[4],rcx,=",True,16787248,16787562,2,"mov ecx, dword [rax]","mov ecx, dword [rax]",8b08,cpu,mov,False,9,0,,,,,,,,
16787537,"18446744073709551614,ecx,+=,31,$o,of,:=,31,$s,sf,:=,$z,zf,:=,31,$c,cf,:=,$p,pf,:=,3,$c,af,:=",False,16787248,16787561,3,"add ecx, 0xfffffffe","add ecx, 0xfffffffe",83c1fe,cpu,add,False,17,0,,,1.8446744073709552e+19,,,,,
16787540,"0x10,rbp,-,[8],rax,=",True,16787248,16787560,4,"mov rax, qword [rbp - 0x10]","mov rax, qword [var_18h]",488b45f0,cpu,mov,False,9,0,,,,,,,,
16787544,"ecx,rax,=[4]",True,16787248,16787562,2,"mov dword [rax], ecx","mov dword [rax], ecx",8908,cpu,mov,False,9,0,,,,,,,,
16787546,"7,0x14,rbp,-,=[4]",True,16787248,16787557,7,"mov dword [rbp - 0x14], 7","mov dword [var_1ch], 7",c745ec07000000,cpu,mov,False,268435465,0,,,7.0,,,,,
16787553,"0x100276c,rip,=",False,16787248,16787559,5,jmp 0x100276c,jmp 0x100276c,e906ffffff,cpu,jmp,False,1,0,,,,16787308.0,,,"[{'addr': 16787308, 'type': 'CODE'}]",
16787558,"48,rsp,+=,63,$o,of,:=,63,$s,sf,:=,$z,zf,:=,63,$c,cf,:=,$p,pf,:=,3,$c,af,:=",False,16787248,16787560,4,"add rsp, 0x30","add rsp, 0x30",4883c430,cpu,add,False,17,0,['case.0x1002768.7'],"[{'addr': 16787304, 'type': 'CODE'}]",48.0,,,,,
16787562,"rsp,[8],8,rsp,+=,rbp,=",False,16787248,16787563,1,pop rbp,pop rbp,5d,cpu,pop,False,14,0,,,,,,,,
16787563,"rsp,[8],rip,=,8,rsp,+=",False,16787248,16787563,1,ret,ret,c3,cpu,ret,False,5,0,,,,,,,,
