offset,esil,refptr,fcn_addr,fcn_last,size,opcode,disasm,bytes,family,type,reloc,type_num,type2_num,flags,xrefs_to,val,jump,fail,ptr,xrefs_from,comment
16787568,"rbp,8,rsp,-,=[8],8,rsp,-=",False,16787568,16787874,1,push rbp,push rbp,55,cpu,rpush,False,268435468,0,['sym.logical_chain'],"[{'addr': 16784131, 'type': 'CALL'}]",,,,,,
16787569,"rsp,rbp,=",False,16787568,16787872,3,"mov rbp, rsp","mov rbp, rsp",4889e5,cpu,mov,False,9,0,,,,,,,,
16787572,"rdi,0x40,rbp,-,=[8]",True,16787568,16787871,4,"mov qword [rbp - 0x40], rdi","mov qword [var_48h], rdi",48897dc0,cpu,mov,False,268435465,0,,,,,,,,
16787576,"rdi,[4],rax,=",True,16787568,16787873,2,"mov eax, dword [rdi]","mov eax, dword [rdi]",8b07,cpu,mov,False,9,0,,,,,,,,
16787578,"1,0x38,rbp,-,=[4]",True,16787568,16787868,7,"mov dword [rbp - 0x38], 1","mov dword [var_40h], 1",c745c801000000,cpu,mov,False,268435465,0,,,1.0,,,,,
16787585,"eax,0x14,rbp,-,=[4]",True,16787568,16787872,3,"mov dword [rbp - 0x14], eax","mov dword [var_1ch], eax",8945ec,cpu,mov,False,268435465,0,,,,,,,,
16787588,"1,0x10,rbp,-,=[8]",True,16787568,16787867,8,"mov qword [rbp - 0x10], 1","mov qword [var_18h], 1",48c745f001000000,cpu,mov,False,268435465,0,,,1.0,,,,,
16787596,"0x38,rbp,-,[4],rax,=",True,16787568,16787872,3,"mov eax, dword [rbp - 0x38]","mov eax, dword [var_40h]",8b45c8,cpu,mov,False,9,0,,"[{'addr': 16787631, 'type': 'CODE'}]",,,,,,
16787599,"rax,0x48,rbp,-,=[8]",True,16787568,16787871,4,"mov qword [rbp - 0x48], rax","mov qword [var_50h], rax",488945b8,cpu,mov,False,268435465,0,,,,,,,,
16787603,"7,rax,-=,7,0x8000000000000000,-,!,63,$o,^,of,:=,63,$s,sf,:=,$z,zf,:=,$p,pf,:=,64,$b,cf,:=,3,$b,af,:=",False,16787568,16787871,4,"sub rax, 7","sub rax, 7",4883e807,cpu,sub,False,18,0,,,7.0,,,,,
16787607,"cf,zf,|,!,?{,16787629,rip,=,}",False,16787568,16787873,2,ja 0x10028ad,ja 0x10028ad,7714,cpu,cjmp,False,2147483649,0,,,,16787629.0,16787609.0,,,
16787609,"0x48,rbp,-,[8],rax,=",True,16787568,16787871,4,"mov rax, qword [rbp - 0x48]","mov rax, qword [var_50h]",488b45b8,cpu,mov,False,9,0,,,,,,,,
16787613,"0x2384,rip,-,rcx,=",True,16787568,16787868,7,"lea rcx, [rip - 0x2384]","lea rcx, data.01000520",488d0d7cdcffff,cpu,lea,False,33,0,,,,,,16778528.0,"[{'addr': 16778528, 'type': 'DATA'}]",
16787620,"32,rax,4,*,rcx,+,[4],~,rax,=",True,16787568,16787871,4,"movsxd rax, dword [rcx + rax*4]","movsxd rax, dword [rcx + rax*4]",48630481,cpu,mov,False,9,0,,,,,,,,
16787624,"rcx,rax,+=,63,$o,of,:=,63,$s,sf,:=,$z,zf,:=,63,$c,cf,:=,$p,pf,:=,3,$c,af,:=",False,16787568,16787872,3,"add rax, rcx","add rax, rcx",4801c8,cpu,add,False,17,0,,,,,,,,
16787627,"rax,rip,=",False,16787568,16787873,2,jmp rax,jmp rax,ffe0,cpu,rjmp,False,268435458,0,['switch.0x010028ab'],,,,,,"[{'addr': 16787633, 'type': 'CODE'}, {'addr': 16787635, 'type': 'CODE'}, {'addr': 16787701, 'type': 'CODE'}, {'addr': 16787735, 'type': 'CODE'}, {'addr': 16787756, 'type': 'CODE'}, {'addr': 16787786, 'type': 'CODE'}, {'addr': 16787806, 'type': 'CODE'}, {'addr': 16787829, 'type': 'CODE'}]",c3dpdGNoIHRhYmxlICg4IGNhc2VzKSBhdCAweDEwMDA1MjA=
16787629,"0x10028af,rip,=",False,16787568,16787873,2,jmp 0x10028af,jmp 0x10028af,eb00,cpu,jmp,False,1,0,,,,16787631.0,,,"[{'addr': 16787631, 'type': 'CODE'}]",
16787631,"0x100288c,rip,=",False,16787568,16787873,2,jmp 0x100288c,jmp 0x100288c,ebdb,cpu,jmp,False,1,0,,"[{'addr': 16787629, 'type': 'CODE'}, {'addr': 16787699, 'type': 'CODE'}, {'addr': 16787733, 'type': 'CODE'}, {'addr': 16787754, 'type': 'CODE'}, {'addr': 16787781, 'type': 'CODE'}, {'addr': 16787801, 'type': 'CODE'}, {'addr': 16787824, 'type': 'CODE'}, {'addr': 16787870, 'type': 'CODE'}]",,16787596.0,,,"[{'addr': 16787596, 'type': 'CODE'}]",
16787633,"rsp,[8],8,rsp,+=,rbp,=",False,16787568,16787874,1,pop rbp,pop rbp,5d,cpu,pop,False,14,0,['case.0x10028ab.0'],"[{'addr': 16787627, 'type': 'CODE'}]",,,,,,
16787634,"rsp,[8],rip,=,8,rsp,+=",False,16787568,16787874,1,ret,ret,c3,cpu,ret,False,5,0,,,,,,,,
16787635,"0x40,rbp,-,[8],rax,=",True,16787568,16787871,4,"mov rax, qword [rbp - 0x40]","mov rax, qword [var_48h]",488b45c0,cpu,mov,False,9,0,['case.0x10028ab.1'],"[{'addr': 16787627, 'type': 'CODE'}]",,,,,,
16787639,"0x10,rbp,-,[8],rdx,=",True,16787568,16787871,4,"mov rdx, qword [rbp - 0x10]","mov rdx, qword [var_18h]",488b55f0,cpu,mov,False,9,0,,,,,,,,
16787643,"0x14,rbp,-,[4],rcx,=",True,16787568,16787872,3,"mov ecx, dword [rbp - 0x14]","mov ecx, dword [var_1ch]",8b4dec,cpu,mov,False,9,0,,,,,,,,
16787646,"rdx,0x30,rbp,-,=[8]",True,16787568,16787871,4,"mov qword [rbp - 0x30], rdx","mov qword [var_38h], rdx",488955d0,cpu,mov,False,268435465,0,,,,,,,,
16787650,"ecx,0x34,rbp,-,=[4]",True,16787568,16787872,3,"mov dword [rbp - 0x34], ecx","mov dword [var_3ch], ecx",894dcc,cpu,mov,False,268435465,0,,,,,,,,
16787653,"0x30,rbp,-,[8],rcx,=",True,16787568,16787871,4,"mov rcx, qword [rbp - 0x30]","mov rcx, qword [var_38h]",488b4dd0,cpu,mov,False,9,0,,,,,,,,
16787657,"0,2,!,!,?{,1,2,-,rcx,<<,0x8000000000000000,&,!,!,^,},2,rcx,<<=,$z,zf,:=,$p,pf,:=,63,$s,sf,:=,cf,=",False,16787568,16787871,4,"shl rcx, 2","shl rcx, 2",48c1e102,cpu,shl,False,23,0,,,,,,,,
16787661,"rcx,rax,+=,63,$o,of,:=,63,$s,sf,:=,$z,zf,:=,63,$c,cf,:=,$p,pf,:=,3,$c,af,:=",False,16787568,16787872,3,"add rax, rcx","add rax, rcx",4801c8,cpu,add,False,17,0,,,,,,,,
16787664,"rax,0x28,rbp,-,=[8]",True,16787568,16787871,4,"mov qword [rbp - 0x28], rax","mov qword [var_30h], rax",488945d8,cpu,mov,False,268435465,0,,,,,,,,
16787668,"0x28,rbp,-,[8],rax,=",True,16787568,16787871,4,"mov rax, qword [rbp - 0x28]","mov rax, qword [var_30h]",488b45d8,cpu,mov,False,9,0,,,,,,,,
16787672,"rax,[4],rax,=",True,16787568,16787873,2,"mov eax, dword [rax]","mov eax, dword [rax]",8b00,cpu,mov,False,9,0,,,,,,,,
16787674,"eax,0x1c,rbp,-,=[4]",True,16787568,16787872,3,"mov dword [rbp - 0x1c], eax","mov dword [var_24h], eax",8945e4,cpu,mov,False,268435465,0,,,,,,,,
16787677,"0x34,rbp,-,[4],rdx,=",True,16787568,16787872,3,"mov edx, dword [rbp - 0x34]","mov edx, dword [var_3ch]",8b55cc,cpu,mov,False,9,0,,,,,,,,
16787680,"4,rax,=",False,16787568,16787870,5,"mov eax, 4","mov eax, 4",b804000000,cpu,mov,False,9,0,,,4.0,,,,,
16787685,"2,rcx,=",False,16787568,16787870,5,"mov ecx, 2","mov ecx, 2",b902000000,cpu,mov,False,9,0,,,2.0,,,,,
16787690,"0x1c,rbp,-,[4],edx,==,$z,zf,:=,32,$b,cf,:=,$p,pf,:=,31,$s,sf,:=,0x1c,rbp,-,[4],0x80000000,-,!,31,$o,^,of,:=,3,$b,af,:=",True,16787568,16787872,3,"cmp edx, dword [rbp - 0x1c]","cmp edx, dword [var_24h]",3b55e4,cpu,cmp,False,268435471,0,,,,,,,,
16787693,"sf,of,^,?{,ecx,eax,=,}",False,16787568,16787872,3,"cmovl eax, ecx","cmovl eax, ecx",0f4cc1,cpu,cmov,False,2147483657,0,,,,,,,,
16787696,"eax,0x38,rbp,-,=[4]",True,16787568,16787872,3,"mov dword [rbp - 0x38], eax","mov dword [var_40h], eax",8945c8,cpu,mov,False,268435465,0,,,,,,,,
16787699,"0x10028af,rip,=",False,16787568,16787873,2,jmp 0x10028af,jmp 0x10028af,ebba,cpu,jmp,False,1,0,,,,16787631.0,,,"[{'addr': 16787631, 'type': 'CODE'}]",
16787701,"0x28,rbp,-,[8],rax,=",True,16787568,16787871,4,"mov rax, qword [rbp - 0x28]","mov rax, qword [var_30h]",488b45d8,cpu,mov,False,9,0,['case.0x10028ab.2'],"[{'addr': 16787627, 'type': 'CODE'}]",,,,,,
16787705,"0x4,rax,+,[4],rax,=",True,16787568,16787872,3,"mov eax, dword [rax + 4]","mov eax, dword [rax + 4]",8b4004,cpu,mov,False,9,0,,,,,,,,
16787708,"eax,0x18,rbp,-,=[4]",True,16787568,16787872,3,"mov dword [rbp - 0x18], eax","mov dword [var_20h], eax",8945e8,cpu,mov,False,268435465,0,,,,,,,,
16787711,"0x1c,rbp,-,[4],rdx,=",True,16787568,16787872,3,"mov edx, dword [rbp - 0x1c]","mov edx, dword [var_24h]",8b55e4,cpu,mov,False,9,0,,,,,,,,
16787714,"4,rax,=",False,16787568,16787870,5,"mov eax, 4","mov eax, 4",b804000000,cpu,mov,False,9,0,,,4.0,,,,,
16787719,"3,rcx,=",False,16787568,16787870,5,"mov ecx, 3","mov ecx, 3",b903000000,cpu,mov,False,9,0,,,3.0,,,,,
16787724,"0x18,rbp,-,[4],edx,==,$z,zf,:=,32,$b,cf,:=,$p,pf,:=,31,$s,sf,:=,0x18,rbp,-,[4],0x80000000,-,!,31,$o,^,of,:=,3,$b,af,:=",True,16787568,16787872,3,"cmp edx, dword [rbp - 0x18]","cmp edx, dword [var_20h]",3b55e8,cpu,cmp,False,268435471,0,,,,,,,,
16787727,"zf,!,sf,of,^,!,&,?{,ecx,eax,=,}",False,16787568,16787872,3,"cmovg eax, ecx","cmovg eax, ecx",0f4fc1,cpu,cmov,False,2147483657,0,,,,,,,,
16787730,"eax,0x38,rbp,-,=[4]",True,16787568,16787872,3,"mov dword [rbp - 0x38], eax","mov dword [var_40h], eax",8945c8,cpu,mov,False,268435465,0,,,,,,,,
16787733,"0x10028af,rip,=",False,16787568,16787873,2,jmp 0x10028af,jmp 0x10028af,eb98,cpu,jmp,False,1,0,,,,16787631.0,,,"[{'addr': 16787631, 'type': 'CODE'}]",
16787735,"0x34,rbp,-,[4],rax,=",True,16787568,16787872,3,"mov eax, dword [rbp - 0x34]","mov eax, dword [var_3ch]",8b45cc,cpu,mov,False,9,0,['case.0x10028ab.3'],"[{'addr': 16787627, 'type': 'CODE'}]",,,,,,
16787738,"0x18,rbp,-,[4],eax,+=,31,$o,of,:=,31,$s,sf,:=,$z,zf,:=,31,$c,cf,:=,$p,pf,:=,3,$c,af,:=",True,16787568,16787872,3,"add eax, dword [rbp - 0x18]","add eax, dword [var_20h]",0345e8,cpu,add,False,17,0,,,,,,,,
16787741,"0x1c,rbp,-,[4],rax,^,0xffffffff,&,rax,=,$z,zf,:=,$p,pf,:=,31,$s,sf,:=,0,cf,:=,0,of,:=",True,16787568,16787872,3,"xor eax, dword [rbp - 0x1c]","xor eax, dword [var_24h]",3345e4,cpu,xor,False,28,0,,,,,,,,
16787744,"7,0x38,rbp,-,=[4]",True,16787568,16787868,7,"mov dword [rbp - 0x38], 7","mov dword [var_40h], 7",c745c807000000,cpu,mov,False,268435465,0,,,7.0,,,,,
16787751,"eax,0x4,rbp,-,=[4]",True,16787568,16787872,3,"mov dword [rbp - 4], eax","mov dword [var_ch], eax",8945fc,cpu,mov,False,268435465,0,,,,,,,,
16787754,"0x10028af,rip,=",False,16787568,16787873,2,jmp 0x10028af,jmp 0x10028af,eb83,cpu,jmp,False,1,0,,,,16787631.0,,,"[{'addr': 16787631, 'type': 'CODE'}]",
16787756,"0x1c,rbp,-,[4],rdx,=",True,16787568,16787872,3,"mov edx, dword [rbp - 0x1c]","mov edx, dword [var_24h]",8b55e4,cpu,mov,False,9,0,['case.0x10028ab.4'],"[{'addr': 16787627, 'type': 'CODE'}]",,,,,,
16787759,"1,rdx,&,0xffffffff,&,rdx,=,$z,zf,:=,$p,pf,:=,31,$s,sf,:=,0,cf,:=,0,of,:=",False,16787568,16787872,3,"and edx, 1","and edx, 1",83e201,cpu,and,False,27,0,,,1.0,,,,,
16787762,"6,rax,=",False,16787568,16787870,5,"mov eax, 6","mov eax, 6",b806000000,cpu,mov,False,9,0,,,6.0,,,,,
16787767,"5,rcx,=",False,16787568,16787870,5,"mov ecx, 5","mov ecx, 5",b905000000,cpu,mov,False,9,0,,,5.0,,,,,
16787772,"0,edx,==,$z,zf,:=,32,$b,cf,:=,$p,pf,:=,31,$s,sf,:=,0,0x80000000,-,!,31,$o,^,of,:=,3,$b,af,:=",False,16787568,16787872,3,"cmp edx, 0","cmp edx, 0",83fa00,cpu,cmp,False,15,0,,,0.0,,,0.0,,
16787775,"zf,?{,ecx,eax,=,}",False,16787568,16787872,3,"cmove eax, ecx","cmove eax, ecx",0f44c1,cpu,cmov,False,2147483657,0,,,,,,,,
16787778,"eax,0x38,rbp,-,=[4]",True,16787568,16787872,3,"mov dword [rbp - 0x38], eax","mov dword [var_40h], eax",8945c8,cpu,mov,False,268435465,0,,,,,,,,
16787781,"0x10028af,rip,=",False,16787568,16787870,5,jmp 0x10028af,jmp 0x10028af,e965ffffff,cpu,jmp,False,1,0,,,,16787631.0,,,"[{'addr': 16787631, 'type': 'CODE'}]",
16787786,"0x1c,rbp,-,[4],rax,=",True,16787568,16787872,3,"mov eax, dword [rbp - 0x1c]","mov eax, dword [var_24h]",8b45e4,cpu,mov,False,9,0,['case.0x10028ab.5'],"[{'addr': 16787627, 'type': 'CODE'}]",,,,,,
16787789,"0,cf,:=,1,1,-,1,<<,eax,&,?{,1,cf,:=,},1,eax,>>>>,eax,=,$z,zf,:=,$p,pf,:=,31,$s,sf,:=",False,16787568,16787873,2,"sar eax, 1","sar eax, 1",d1f8,cpu,sar,False,25,0,,,,,,,,
16787791,"7,0x38,rbp,-,=[4]",True,16787568,16787868,7,"mov dword [rbp - 0x38], 7","mov dword [var_40h], 7",c745c807000000,cpu,mov,False,268435465,0,,,7.0,,,,,
16787798,"eax,0x4,rbp,-,=[4]",True,16787568,16787872,3,"mov dword [rbp - 4], eax","mov dword [var_ch], eax",8945fc,cpu,mov,False,268435465,0,,,,,,,,
16787801,"0x10028af,rip,=",False,16787568,16787870,5,jmp 0x10028af,jmp 0x10028af,e951ffffff,cpu,jmp,False,1,0,,,,16787631.0,,,"[{'addr': 16787631, 'type': 'CODE'}]",
16787806,"0x1c,rbp,-,[4],rax,=",True,16787568,16787872,3,"mov eax, dword [rbp - 0x1c]","mov eax, dword [var_24h]",8b45e4,cpu,mov,False,9,0,['case.0x10028ab.6'],"[{'addr': 16787627, 'type': 'CODE'}]",,,,,,
16787809,"0,1,!,!,?{,1,1,-,eax,<<,0x80000000,&,!,!,^,},1,eax,<<=,$z,zf,:=,$p,pf,:=,31,$s,sf,:=,cf,=",False,16787568,16787873,2,"shl eax, 1","shl eax, 1",d1e0,cpu,shl,False,23,0,,,,,,,,
16787811,"0x1c,rbp,-,[4],rax,^,0xffffffff,&,rax,=,$z,zf,:=,$p,pf,:=,31,$s,sf,:=,0,cf,:=,0,of,:=",True,16787568,16787872,3,"xor eax, dword [rbp - 0x1c]","xor eax, dword [var_24h]",3345e4,cpu,xor,False,28,0,,,,,,,,
16787814,"7,0x38,rbp,-,=[4]",True,16787568,16787868,7,"mov dword [rbp - 0x38], 7","mov dword [var_40h], 7",c745c807000000,cpu,mov,False,268435465,0,,,7.0,,,,,
16787821,"eax,0x4,rbp,-,=[4]",True,16787568,16787872,3,"mov dword [rbp - 4], eax","mov dword [var_ch], eax",8945fc,cpu,mov,False,268435465,0,,,,,,,,
16787824,"0x10028af,rip,=",False,16787568,16787870,5,jmp 0x10028af,jmp 0x10028af,e93affffff,cpu,jmp,False,1,0,,,,16787631.0,,,"[{'addr': 16787631, 'type': 'CODE'}]",
16787829,"0x4,rbp,-,[4],rcx,=",True,16787568,16787872,3,"mov ecx, dword [rbp - 4]","mov ecx, dword [var_ch]",8b4dfc,cpu,mov,False,9,0,['case.0x10028ab.7'],"[{'addr': 16787627, 'type': 'CODE'}]",,,,,,
16787832,"0x28,rbp,-,[8],rax,=",True,16787568,16787871,4,"mov rax, qword [rbp - 0x28]","mov rax, qword [var_30h]",488b45d8,cpu,mov,False,9,0,,,,,,,,
16787836,"ecx,rax,=[4]",True,16787568,16787873,2,"mov dword [rax], ecx","mov dword [rax], ecx",8908,cpu,mov,False,9,0,,,,,,,,
16787838,"0x30,rbp,-,[8],rax,=",True,16787568,16787871,4,"mov rax, qword [rbp - 0x30]","mov rax, qword [var_38h]",488b45d0,cpu,mov,False,9,0,,,,,,,,
16787842,"1,rax,+=,63,$o,of,:=,63,$s,sf,:=,$z,zf,:=,63,$c,cf,:=,$p,pf,:=,3,$c,af,:=",False,16787568,16787871,4,"add rax, 1","add rax, 1",4883c001,cpu,add,False,17,0,,,1.0,,,,,
16787846,"1,rdx,=",False,16787568,16787870,5,"mov edx, 1","mov edx, 1",ba01000000,cpu,mov,False,9,0,,,1.0,,,,,
16787851,"esi,rsi,^,0xffffffff,&,rsi,=,$z,zf,:=,$p,pf,:=,31,$s,sf,:=,0,cf,:=,0,of,:=",False,16787568,16787873,2,"xor esi, esi","xor esi, esi",31f6,cpu,xor,False,28,0,,,,,,,,
16787853,"15,rax,==,$z,zf,:=,64,$b,cf,:=,$p,pf,:=,63,$s,sf,:=,15,0x8000000000000000,-,!,63,$o,^,of,:=,3,$b,af,:=",False,16787568,16787871,4,"cmp rax, 0xf","cmp rax, 0xf",4883f80f,cpu,cmp,False,15,0,,,15.0,,,15.0,,
16787857,"zf,?{,esi,edx,=,}",False,16787568,16787872,3,"cmove edx, esi","cmove edx, esi",0f44d6,cpu,cmov,False,2147483657,0,,,,,,,,
16787860,"edx,0x38,rbp,-,=[4]",True,16787568,16787872,3,"mov dword [rbp - 0x38], edx","mov dword [var_40h], edx",8955c8,cpu,mov,False,268435465,0,,,,,,,,
16787863,"ecx,0x14,rbp,-,=[4]",True,16787568,16787872,3,"mov dword [rbp - 0x14], ecx","mov dword [var_1ch], ecx",894dec,cpu,mov,False,268435465,0,,,,,,,,
16787866,"rax,0x10,rbp,-,=[8]",True,16787568,16787871,4,"mov qword [rbp - 0x10], rax","mov qword [var_18h], rax",488945f0,cpu,mov,False,268435465,0,,,,,,,,
16787870,"0x10028af,rip,=",False,16787568,16787870,5,jmp 0x10028af,jmp 0x10028af,e90cffffff,cpu,jmp,False,1,0,,,,16787631.0,,,"[{'addr': 16787631, 'type': 'CODE'}]",
