offset,esil,refptr,fcn_addr,fcn_last,size,opcode,disasm,bytes,family,type,reloc,type_num,type2_num,flags,xrefs_to,val,jump,fail,ptr,xrefs_from,comment
16784576,"rbp,8,rsp,-,=[8],8,rsp,-=",False,16784576,16784727,1,push rbp,push rbp,55,cpu,rpush,False,268435468,0,['sym.input_guard'],"[{'addr': 16783999, 'type': 'CALL'}]",,,,,,
16784577,"rsp,rbp,=",False,16784576,16784725,3,"mov rbp, rsp","mov rbp, rsp",4889e5,cpu,mov,False,9,0,,,,,,,,
16784580,"rdi,0x18,rbp,-,=[8]",True,16784576,16784724,4,"mov qword [rbp - 0x18], rdi","mov qword [var_20h], rdi",48897de8,cpu,mov,False,268435465,0,,,,,,,,
16784584,"rdi,[4],rax,=",True,16784576,16784726,2,"mov eax, dword [rdi]","mov eax, dword [rdi]",8b07,cpu,mov,False,9,0,,,,,,,,
16784586,"eax,0x8,rbp,-,=[4]",True,16784576,16784725,3,"mov dword [rbp - 8], eax","mov dword [var_10h], eax",8945f8,cpu,mov,False,268435465,0,,,,,,,,
16784589,"0,0xc,rbp,-,=[4]",True,16784576,16784721,7,"mov dword [rbp - 0xc], 0","mov dword [var_14h], 0",c745f400000000,cpu,mov,False,268435465,0,,,0.0,,,,,
16784596,"0xc,rbp,-,[4],rax,=",True,16784576,16784725,3,"mov eax, dword [rbp - 0xc]","mov eax, dword [var_14h]",8b45f4,cpu,mov,False,9,0,,"[{'addr': 16784631, 'type': 'CODE'}]",,,,,,
16784599,"rax,0x20,rbp,-,=[8]",True,16784576,16784724,4,"mov qword [rbp - 0x20], rax","mov qword [var_28h], rax",488945e0,cpu,mov,False,268435465,0,,,,,,,,
16784603,"3,rax,-=,3,0x8000000000000000,-,!,63,$o,^,of,:=,63,$s,sf,:=,$z,zf,:=,$p,pf,:=,64,$b,cf,:=,3,$b,af,:=",False,16784576,16784724,4,"sub rax, 3","sub rax, 3",4883e803,cpu,sub,False,18,0,,,3.0,,,,,
16784607,"cf,zf,|,!,?{,16784629,rip,=,}",False,16784576,16784726,2,ja 0x1001cf5,ja 0x1001cf5,7714,cpu,cjmp,False,2147483649,0,,,,16784629.0,16784609.0,,,
16784609,"0x20,rbp,-,[8],rax,=",True,16784576,16784724,4,"mov rax, qword [rbp - 0x20]","mov rax, qword [var_28h]",488b45e0,cpu,mov,False,9,0,,,,,,,,
16784613,"0x184c,rip,-,rcx,=",True,16784576,16784721,7,"lea rcx, [rip - 0x184c]","lea rcx, data.010004a0",488d0db4e7ffff,cpu,lea,False,33,0,,,,,,16778400.0,"[{'addr': 16778400, 'type': 'DATA'}]",
16784620,"32,rax,4,*,rcx,+,[4],~,rax,=",True,16784576,16784724,4,"movsxd rax, dword [rcx + rax*4]","movsxd rax, dword [rcx + rax*4]",48630481,cpu,mov,False,9,0,,,,,,,,
16784624,"rcx,rax,+=,63,$o,of,:=,63,$s,sf,:=,$z,zf,:=,63,$c,cf,:=,$p,pf,:=,3,$c,af,:=",False,16784576,16784725,3,"add rax, rcx","add rax, rcx",4801c8,cpu,add,False,17,0,,,,,,,,
16784627,"rax,rip,=",False,16784576,16784726,2,jmp rax,jmp rax,ffe0,cpu,rjmp,False,268435458,0,['switch.0x01001cf3'],,,,,,"[{'addr': 16784633, 'type': 'CODE'}, {'addr': 16784662, 'type': 'CODE'}, {'addr': 16784695, 'type': 'CODE'}, {'addr': 16784723, 'type': 'CODE'}]",c3dpdGNoIHRhYmxlICg0IGNhc2VzKSBhdCAweDEwMDA0YTA=
16784629,"0x1001cf7,rip,=",False,16784576,16784726,2,jmp 0x1001cf7,jmp 0x1001cf7,eb00,cpu,jmp,False,1,0,,,,16784631.0,,,"[{'addr': 16784631, 'type': 'CODE'}]",
16784631,"0x1001cd4,rip,=",False,16784576,16784726,2,jmp 0x1001cd4,jmp 0x1001cd4,ebdb,cpu,jmp,False,1,0,,"[{'addr': 16784629, 'type': 'CODE'}, {'addr': 16784660, 'type': 'CODE'}, {'addr': 16784693, 'type': 'CODE'}, {'addr': 16784721, 'type': 'CODE'}]",,16784596.0,,,"[{'addr': 16784596, 'type': 'CODE'}]",
16784633,"1,rax,=",False,16784576,16784723,5,"mov eax, 1","mov eax, 1",b801000000,cpu,mov,False,9,0,['case.0x1001cf3.0'],"[{'addr': 16784627, 'type': 'CODE'}]",1.0,,,,,
16784638,"3,rcx,=",False,16784576,16784723,5,"mov ecx, 3","mov ecx, 3",b903000000,cpu,mov,False,9,0,,,3.0,,,,,
16784643,"100,0x8,rbp,-,[4],==,$z,zf,:=,32,$b,cf,:=,$p,pf,:=,31,$s,sf,:=,100,0x80000000,-,!,31,$o,^,of,:=,3,$b,af,:=",True,16784576,16784724,4,"cmp dword [rbp - 8], 0x64","cmp dword [var_10h], 0x64",837df864,cpu,cmp,False,268435471,0,,,100.0,,,,,
16784647,"cf,zf,|,!,?{,ecx,eax,=,}",False,16784576,16784725,3,"cmova eax, ecx","cmova eax, ecx",0f47c1,cpu,cmov,False,2147483657,0,,,,,,,,
16784650,"eax,0xc,rbp,-,=[4]",True,16784576,16784725,3,"mov dword [rbp - 0xc], eax","mov dword [var_14h], eax",8945f4,cpu,mov,False,268435465,0,,,,,,,,
16784653,"0,0x4,rbp,-,=[4]",True,16784576,16784721,7,"mov dword [rbp - 4], 0","mov dword [var_ch], 0",c745fc00000000,cpu,mov,False,268435465,0,,,0.0,,,,,
16784660,"0x1001cf7,rip,=",False,16784576,16784726,2,jmp 0x1001cf7,jmp 0x1001cf7,ebe1,cpu,jmp,False,1,0,,,,16784631.0,,,"[{'addr': 16784631, 'type': 'CODE'}]",
16784662,"0x18,rbp,-,[8],rdx,=",True,16784576,16784724,4,"mov rdx, qword [rbp - 0x18]","mov rdx, qword [var_20h]",488b55e8,cpu,mov,False,9,0,['case.0x1001cf3.1'],"[{'addr': 16784627, 'type': 'CODE'}]",,,,,,
16784666,"2,rax,=",False,16784576,16784723,5,"mov eax, 2","mov eax, 2",b802000000,cpu,mov,False,9,0,,,2.0,,,,,
16784671,"3,rcx,=",False,16784576,16784723,5,"mov ecx, 3","mov ecx, 3",b903000000,cpu,mov,False,9,0,,,3.0,,,,,
16784676,"100,0x4,rdx,+,[4],==,$z,zf,:=,32,$b,cf,:=,$p,pf,:=,31,$s,sf,:=,100,0x80000000,-,!,31,$o,^,of,:=,3,$b,af,:=",True,16784576,16784724,4,"cmp dword [rdx + 4], 0x64","cmp dword [rdx + 4], 0x64",837a0464,cpu,cmp,False,15,0,,,100.0,,,,,
16784680,"cf,zf,|,!,?{,ecx,eax,=,}",False,16784576,16784725,3,"cmova eax, ecx","cmova eax, ecx",0f47c1,cpu,cmov,False,2147483657,0,,,,,,,,
16784683,"eax,0xc,rbp,-,=[4]",True,16784576,16784725,3,"mov dword [rbp - 0xc], eax","mov dword [var_14h], eax",8945f4,cpu,mov,False,268435465,0,,,,,,,,
16784686,"0,0x4,rbp,-,=[4]",True,16784576,16784721,7,"mov dword [rbp - 4], 0","mov dword [var_ch], 0",c745fc00000000,cpu,mov,False,268435465,0,,,0.0,,,,,
16784693,"0x1001cf7,rip,=",False,16784576,16784726,2,jmp 0x1001cf7,jmp 0x1001cf7,ebc0,cpu,jmp,False,1,0,,,,16784631.0,,,"[{'addr': 16784631, 'type': 'CODE'}]",
16784695,"0x18,rbp,-,[8],rax,=",True,16784576,16784724,4,"mov rax, qword [rbp - 0x18]","mov rax, qword [var_20h]",488b45e8,cpu,mov,False,9,0,['case.0x1001cf3.2'],"[{'addr': 16784627, 'type': 'CODE'}]",,,,,,
16784699,"101,0x8,rax,+,[4],==,$z,zf,:=,32,$b,cf,:=,$p,pf,:=,31,$s,sf,:=,101,0x80000000,-,!,31,$o,^,of,:=,3,$b,af,:=",True,16784576,16784724,4,"cmp dword [rax + 8], 0x65","cmp dword [rax + 8], 0x65",83780865,cpu,cmp,False,15,0,,,101.0,,,,,
16784703,"cf,al,=",False,16784576,16784725,3,setb al,setb al,0f92c0,cpu,cmov,False,2147483657,0,,,,,,,,
16784706,"1,al,&=,$z,zf,:=,$p,pf,:=,7,$s,sf,:=,0,cf,:=,0,of,:=",False,16784576,16784726,2,"and al, 1","and al, 1",2401,cpu,and,False,27,0,,,1.0,,,,,
16784708,"al,rax,=",False,16784576,16784725,3,"movzx eax, al","movzx eax, al",0fb6c0,cpu,mov,False,9,0,,,,,,,,
16784711,"3,0xc,rbp,-,=[4]",True,16784576,16784721,7,"mov dword [rbp - 0xc], 3","mov dword [var_14h], 3",c745f403000000,cpu,mov,False,268435465,0,,,3.0,,,,,
16784718,"eax,0x4,rbp,-,=[4]",True,16784576,16784725,3,"mov dword [rbp - 4], eax","mov dword [var_ch], eax",8945fc,cpu,mov,False,268435465,0,,,,,,,,
16784721,"0x1001cf7,rip,=",False,16784576,16784726,2,jmp 0x1001cf7,jmp 0x1001cf7,eba4,cpu,jmp,False,1,0,,,,16784631.0,,,"[{'addr': 16784631, 'type': 'CODE'}]",
16784723,"0x4,rbp,-,[4],rax,=",True,16784576,16784725,3,"mov eax, dword [rbp - 4]","mov eax, dword [var_ch]",8b45fc,cpu,mov,False,9,0,['case.0x1001cf3.3'],"[{'addr': 16784627, 'type': 'CODE'}]",,,,,,
16784726,"rsp,[8],8,rsp,+=,rbp,=",False,16784576,16784727,1,pop rbp,pop rbp,5d,cpu,pop,False,14,0,,,,,,,,
16784727,"rsp,[8],rip,=,8,rsp,+=",False,16784576,16784727,1,ret,ret,c3,cpu,ret,False,5,0,,,,,,,,
