offset,esil,refptr,fcn_addr,fcn_last,size,opcode,disasm,bytes,family,type,reloc,type_num,type2_num,flags,xrefs_to,val,jump,fail,ptr,xrefs_from,comment
16787888,"rbp,8,rsp,-,=[8],8,rsp,-=",False,16787888,16788134,1,push rbp,push rbp,55,cpu,rpush,False,268435468,0,['sym.calculate_flags'],"[{'addr': 16784148, 'type': 'CALL'}]",,,,,,
16787889,"rsp,rbp,=",False,16787888,16788132,3,"mov rbp, rsp","mov rbp, rsp",4889e5,cpu,mov,False,9,0,,,,,,,,
16787892,"80,rsp,-=,80,0x8000000000000000,-,!,63,$o,^,of,:=,63,$s,sf,:=,$z,zf,:=,$p,pf,:=,64,$b,cf,:=,3,$b,af,:=",False,16787888,16788131,4,"sub rsp, 0x50","sub rsp, 0x50",4883ec50,cpu,sub,False,18,0,,,80.0,,,,,
16787896,"rdi,0x30,rbp,-,=[8]",True,16787888,16788131,4,"mov qword [rbp - 0x30], rdi","mov qword [var_38h], rdi",48897dd0,cpu,mov,False,268435465,0,,,,,,,,
16787900,"esi,0x28,rbp,-,=[4]",True,16787888,16788132,3,"mov dword [rbp - 0x28], esi","mov dword [var_30h], esi",8975d8,cpu,mov,False,268435465,0,,,,,,,,
16787903,"0,0x24,rbp,-,=[4]",True,16787888,16788128,7,"mov dword [rbp - 0x24], 0","mov dword [var_2ch], 0",c745dc00000000,cpu,mov,False,268435465,0,,,0.0,,,,,
16787910,"0x24,rbp,-,[4],rax,=",True,16787888,16788132,3,"mov eax, dword [rbp - 0x24]","mov eax, dword [var_2ch]",8b45dc,cpu,mov,False,9,0,,"[{'addr': 16787945, 'type': 'CODE'}]",,,,,,
16787913,"rax,0x38,rbp,-,=[8]",True,16787888,16788131,4,"mov qword [rbp - 0x38], rax","mov qword [var_40h], rax",488945c8,cpu,mov,False,268435465,0,,,,,,,,
16787917,"3,rax,-=,3,0x8000000000000000,-,!,63,$o,^,of,:=,63,$s,sf,:=,$z,zf,:=,$p,pf,:=,64,$b,cf,:=,3,$b,af,:=",False,16787888,16788131,4,"sub rax, 3","sub rax, 3",4883e803,cpu,sub,False,18,0,,,3.0,,,,,
16787921,"cf,zf,|,!,?{,16787943,rip,=,}",False,16787888,16788133,2,ja 0x10029e7,ja 0x10029e7,7714,cpu,cjmp,False,2147483649,0,,,,16787943.0,16787923.0,,,
16787923,"0x38,rbp,-,[8],rax,=",True,16787888,16788131,4,"mov rax, qword [rbp - 0x38]","mov rax, qword [var_40h]",488b45c8,cpu,mov,False,9,0,,,,,,,,
16787927,"0x249e,rip,-,rcx,=",True,16787888,16788128,7,"lea rcx, [rip - 0x249e]","lea rcx, data.01000540",488d0d62dbffff,cpu,lea,False,33,0,,,,,,16778560.0,"[{'addr': 16778560, 'type': 'DATA'}]",
16787934,"32,rax,4,*,rcx,+,[4],~,rax,=",True,16787888,16788131,4,"movsxd rax, dword [rcx + rax*4]","movsxd rax, dword [rcx + rax*4]",48630481,cpu,mov,False,9,0,,,,,,,,
16787938,"rcx,rax,+=,63,$o,of,:=,63,$s,sf,:=,$z,zf,:=,63,$c,cf,:=,$p,pf,:=,3,$c,af,:=",False,16787888,16788132,3,"add rax, rcx","add rax, rcx",4801c8,cpu,add,False,17,0,,,,,,,,
16787941,"rax,rip,=",False,16787888,16788133,2,jmp rax,jmp rax,ffe0,cpu,rjmp,False,268435458,0,['switch.0x010029e5'],,,,,,"[{'addr': 16787947, 'type': 'CODE'}, {'addr': 16787978, 'type': 'CODE'}, {'addr': 16788023, 'type': 'CODE'}, {'addr': 16788032, 'type': 'CODE'}]",c3dpdGNoIHRhYmxlICg0IGNhc2VzKSBhdCAweDEwMDA1NDA=
16787943,"0x10029e9,rip,=",False,16787888,16788133,2,jmp 0x10029e9,jmp 0x10029e9,eb00,cpu,jmp,False,1,0,,,,16787945.0,,,"[{'addr': 16787945, 'type': 'CODE'}]",
16787945,"0x10029c6,rip,=",False,16787888,16788133,2,jmp 0x10029c6,jmp 0x10029c6,ebdb,cpu,jmp,False,1,0,,"[{'addr': 16787943, 'type': 'CODE'}, {'addr': 16787976, 'type': 'CODE'}, {'addr': 16788021, 'type': 'CODE'}, {'addr': 16788130, 'type': 'CODE'}]",,16787910.0,,,"[{'addr': 16787910, 'type': 'CODE'}]",
16787947,"0x28,rbp,-,[4],rdx,=",True,16787888,16788132,3,"mov edx, dword [rbp - 0x28]","mov edx, dword [var_30h]",8b55d8,cpu,mov,False,9,0,['case.0x10029e5.0'],"[{'addr': 16787941, 'type': 'CODE'}]",,,,,,
16787950,"2,rax,=",False,16787888,16788130,5,"mov eax, 2","mov eax, 2",b802000000,cpu,mov,False,9,0,,,2.0,,,,,
16787955,"1,rcx,=",False,16787888,16788130,5,"mov ecx, 1","mov ecx, 1",b901000000,cpu,mov,False,9,0,,,1.0,,,,,
16787960,"1,edx,==,$z,zf,:=,32,$b,cf,:=,$p,pf,:=,31,$s,sf,:=,1,0x80000000,-,!,31,$o,^,of,:=,3,$b,af,:=",False,16787888,16788132,3,"cmp edx, 1","cmp edx, 1",83fa01,cpu,cmp,False,15,0,,,1.0,,,1.0,,
16787963,"zf,!,sf,of,^,!,&,?{,ecx,eax,=,}",False,16787888,16788132,3,"cmovg eax, ecx","cmovg eax, ecx",0f4fc1,cpu,cmov,False,2147483657,0,,,,,,,,
16787966,"eax,0x24,rbp,-,=[4]",True,16787888,16788132,3,"mov dword [rbp - 0x24], eax","mov dword [var_2ch], eax",8945dc,cpu,mov,False,268435465,0,,,,,,,,
16787969,"0,0x18,rbp,-,=[4]",True,16787888,16788128,7,"mov dword [rbp - 0x18], 0","mov dword [var_20h], 0",c745e800000000,cpu,mov,False,268435465,0,,,0.0,,,,,
16787976,"0x10029e9,rip,=",False,16787888,16788133,2,jmp 0x10029e9,jmp 0x10029e9,ebdf,cpu,jmp,False,1,0,,,,16787945.0,,,"[{'addr': 16787945, 'type': 'CODE'}]",
16787978,"0x30,rbp,-,[8],rax,=",True,16787888,16788131,4,"mov rax, qword [rbp - 0x30]","mov rax, qword [var_38h]",488b45d0,cpu,mov,False,9,0,['case.0x10029e5.1'],"[{'addr': 16787941, 'type': 'CODE'}]",,,,,,
16787982,"0x28,rbp,-,[4],rcx,=",True,16787888,16788132,3,"mov ecx, dword [rbp - 0x28]","mov ecx, dword [var_30h]",8b4dd8,cpu,mov,False,9,0,,,,,,,,
16787985,"18446744073709551615,ecx,+=,31,$o,of,:=,31,$s,sf,:=,$z,zf,:=,31,$c,cf,:=,$p,pf,:=,3,$c,af,:=",False,16787888,16788132,3,"add ecx, 0xffffffff","add ecx, 0xffffffff",83c1ff,cpu,add,False,17,0,,,,,,,,
16787988,"ecx,rcx,=",False,16787888,16788133,2,"mov ecx, ecx","mov ecx, ecx",89c9,cpu,mov,False,9,0,,,,,,,,
16787990,"rcx,0x20,rbp,-,=[8]",True,16787888,16788131,4,"mov qword [rbp - 0x20], rcx","mov qword [var_28h], rcx",48894de0,cpu,mov,False,268435465,0,,,,,,,,
16787994,"rax,[4],rax,=",True,16787888,16788133,2,"mov eax, dword [rax]","mov eax, dword [rax]",8b00,cpu,mov,False,9,0,,,,,,,,
16787996,"3,0x24,rbp,-,=[4]",True,16787888,16788128,7,"mov dword [rbp - 0x24], 3","mov dword [var_2ch], 3",c745dc03000000,cpu,mov,False,268435465,0,,,3.0,,,,,
16788003,"eax,0x14,rbp,-,=[4]",True,16787888,16788132,3,"mov dword [rbp - 0x14], eax","mov dword [var_1ch], eax",8945ec,cpu,mov,False,268435465,0,,,,,,,,
16788006,"0,0x10,rbp,-,=[8]",True,16787888,16788127,8,"mov qword [rbp - 0x10], 0","mov qword [var_18h], 0",48c745f000000000,cpu,mov,False,268435465,0,,,0.0,,,,,
16788014,"0,0x4,rbp,-,=[4]",True,16787888,16788128,7,"mov dword [rbp - 4], 0","mov dword [var_ch], 0",c745fc00000000,cpu,mov,False,268435465,0,,,0.0,,,,,
16788021,"0x10029e9,rip,=",False,16787888,16788133,2,jmp 0x10029e9,jmp 0x10029e9,ebb2,cpu,jmp,False,1,0,,,,16787945.0,,,"[{'addr': 16787945, 'type': 'CODE'}]",
16788023,"0x18,rbp,-,[4],rax,=",True,16787888,16788132,3,"mov eax, dword [rbp - 0x18]","mov eax, dword [var_20h]",8b45e8,cpu,mov,False,9,0,['case.0x10029e5.2'],"[{'addr': 16787941, 'type': 'CODE'}]",,,,,,
16788026,"80,rsp,+=,63,$o,of,:=,63,$s,sf,:=,$z,zf,:=,63,$c,cf,:=,$p,pf,:=,3,$c,af,:=",False,16787888,16788131,4,"add rsp, 0x50","add rsp, 0x50",4883c450,cpu,add,False,17,0,,,80.0,,,,,
16788030,"rsp,[8],8,rsp,+=,rbp,=",False,16787888,16788134,1,pop rbp,pop rbp,5d,cpu,pop,False,14,0,,,,,,,,
16788031,"rsp,[8],rip,=,8,rsp,+=",False,16787888,16788134,1,ret,ret,c3,cpu,ret,False,5,0,,,,,,,,
16788032,"0x30,rbp,-,[8],rax,=",True,16787888,16788131,4,"mov rax, qword [rbp - 0x30]","mov rax, qword [var_38h]",488b45d0,cpu,mov,False,9,0,['case.0x10029e5.3'],"[{'addr': 16787941, 'type': 'CODE'}]",,,,,,
16788036,"0x4,rbp,-,[4],rcx,=",True,16787888,16788132,3,"mov ecx, dword [rbp - 4]","mov ecx, dword [var_ch]",8b4dfc,cpu,mov,False,9,0,,,,,,,,
16788039,"ecx,0x48,rbp,-,=[4]",True,16787888,16788132,3,"mov dword [rbp - 0x48], ecx","mov dword [var_50h], ecx",894db8,cpu,mov,False,268435465,0,,,,,,,,
16788042,"0x10,rbp,-,[8],rcx,=",True,16787888,16788131,4,"mov rcx, qword [rbp - 0x10]","mov rcx, qword [var_18h]",488b4df0,cpu,mov,False,9,0,,,,,,,,
16788046,"rcx,0x50,rbp,-,=[8]",True,16787888,16788131,4,"mov qword [rbp - 0x50], rcx","mov qword [var_58h], rcx",48894db0,cpu,mov,False,268435465,0,,,,,,,,
16788050,"0x14,rbp,-,[4],rdi,=",True,16787888,16788132,3,"mov edi, dword [rbp - 0x14]","mov edi, dword [var_1ch]",8b7dec,cpu,mov,False,9,0,,,,,,,,
16788053,"rcx,rdx,=",False,16787888,16788132,3,"mov rdx, rcx","mov rdx, rcx",4889ca,cpu,mov,False,9,0,,,,,,,,
16788056,"1,rdx,+=,63,$o,of,:=,63,$s,sf,:=,$z,zf,:=,63,$c,cf,:=,$p,pf,:=,3,$c,af,:=",False,16787888,16788131,4,"add rdx, 1","add rdx, 1",4883c201,cpu,add,False,17,0,,,1.0,,,,,
16788060,"rdx,0x40,rbp,-,=[8]",True,16787888,16788131,4,"mov qword [rbp - 0x40], rdx","mov qword [var_48h], rdx",488955c0,cpu,mov,False,268435465,0,,,,,,,,
16788064,"0x4,rcx,4,*,rax,+,+,[4],rsi,=",True,16787888,16788131,4,"mov esi, dword [rax + rcx*4 + 4]","mov esi, dword [rax + rcx*4 + 4]",8b748804,cpu,mov,False,9,0,,,,,,,,
16788068,"esi,0x44,rbp,-,=[4]",True,16787888,16788132,3,"mov dword [rbp - 0x44], esi","mov dword [var_4ch], esi",8975bc,cpu,mov,False,268435465,0,,,,,,,,
16788071,"16788576,rip,8,rsp,-=,rsp,=[],rip,=",False,16787888,16788130,5,call 0x1002c60,call sym.evaluate_conditions,e8f4010000,cpu,call,False,3,0,,,,16788576.0,16788076.0,,"[{'addr': 16788576, 'type': 'CALL'}]",
16788076,"0x50,rbp,-,[8],rcx,=",True,16787888,16788131,4,"mov rcx, qword [rbp - 0x50]","mov rcx, qword [var_58h]",488b4db0,cpu,mov,False,9,0,,,,,,,,
16788080,"0x48,rbp,-,[4],rsi,=",True,16787888,16788132,3,"mov esi, dword [rbp - 0x48]","mov esi, dword [var_50h]",8b75b8,cpu,mov,False,9,0,,,,,,,,
16788083,"0x44,rbp,-,[4],rdx,=",True,16787888,16788132,3,"mov edx, dword [rbp - 0x44]","mov edx, dword [var_4ch]",8b55bc,cpu,mov,False,9,0,,,,,,,,
16788086,"7,rcx,&,0xffffffff,&,rcx,=,$z,zf,:=,$p,pf,:=,31,$s,sf,:=,0,cf,:=,0,of,:=",False,16787888,16788132,3,"and ecx, 7","and ecx, 7",83e107,cpu,and,False,27,0,,,7.0,,,,,
16788089,"0,cl,!,!,?{,1,cl,-,eax,<<,0x80000000,&,!,!,^,},cl,eax,<<=,$z,zf,:=,$p,pf,:=,31,$s,sf,:=,cf,=",False,16787888,16788133,2,"shl eax, cl","shl eax, cl",d3e0,cpu,shl,False,23,0,,,,,,,,
16788091,"0x40,rbp,-,[8],rcx,=",True,16787888,16788131,4,"mov rcx, qword [rbp - 0x40]","mov rcx, qword [var_48h]",488b4dc0,cpu,mov,False,9,0,,,,,,,,
16788095,"esi,eax,|=,31,$s,sf,:=,$z,zf,:=,$p,pf,:=,0,of,:=,0,cf,:=",False,16787888,16788133,2,"or eax, esi","or eax, esi",09f0,cpu,or,False,26,0,,,,,,,,
16788097,"3,rsi,=",False,16787888,16788130,5,"mov esi, 3","mov esi, 3",be03000000,cpu,mov,False,9,0,,,3.0,,,,,
16788102,"2,rdi,=",False,16787888,16788130,5,"mov edi, 2","mov edi, 2",bf02000000,cpu,mov,False,9,0,,,2.0,,,,,
16788107,"0x20,rbp,-,[8],rcx,==,$z,zf,:=,64,$b,cf,:=,$p,pf,:=,63,$s,sf,:=,0x20,rbp,-,[8],0x8000000000000000,-,!,63,$o,^,of,:=,3,$b,af,:=",True,16787888,16788131,4,"cmp rcx, qword [rbp - 0x20]","cmp rcx, qword [var_28h]",483b4de0,cpu,cmp,False,268435471,0,,,,,,,,
16788111,"zf,?{,edi,esi,=,}",False,16787888,16788132,3,"cmove esi, edi","cmove esi, edi",0f44f7,cpu,cmov,False,2147483657,0,,,,,,,,
16788114,"esi,0x24,rbp,-,=[4]",True,16787888,16788132,3,"mov dword [rbp - 0x24], esi","mov dword [var_2ch], esi",8975dc,cpu,mov,False,268435465,0,,,,,,,,
16788117,"eax,0x18,rbp,-,=[4]",True,16787888,16788132,3,"mov dword [rbp - 0x18], eax","mov dword [var_20h], eax",8945e8,cpu,mov,False,268435465,0,,,,,,,,
16788120,"edx,0x14,rbp,-,=[4]",True,16787888,16788132,3,"mov dword [rbp - 0x14], edx","mov dword [var_1ch], edx",8955ec,cpu,mov,False,268435465,0,,,,,,,,
16788123,"rcx,0x10,rbp,-,=[8]",True,16787888,16788131,4,"mov qword [rbp - 0x10], rcx","mov qword [var_18h], rcx",48894df0,cpu,mov,False,268435465,0,,,,,,,,
16788127,"eax,0x4,rbp,-,=[4]",True,16787888,16788132,3,"mov dword [rbp - 4], eax","mov dword [var_ch], eax",8945fc,cpu,mov,False,268435465,0,,,,,,,,
16788130,"0x10029e9,rip,=",False,16787888,16788130,5,jmp 0x10029e9,jmp 0x10029e9,e942ffffff,cpu,jmp,False,1,0,,,,16787945.0,,,"[{'addr': 16787945, 'type': 'CODE'}]",
