offset,esil,refptr,fcn_addr,fcn_last,size,opcode,disasm,bytes,family,type,reloc,type_num,type2_num,flags,xrefs_to,ptr,xrefs_from
16784384,"rbp,8,rsp,-,=[8],8,rsp,-=",False,16784384,16784482,1,push rbp,push rbp,55,cpu,rpush,False,268435468,0,['sym.step2'],"[{'addr': 16783813, 'type': 'CALL'}, {'addr': 16784070, 'type': 'CALL'}]",,
16784385,"rsp,rbp,=",False,16784384,16784480,3,"mov rbp, rsp","mov rbp, rsp",4889e5,cpu,mov,False,9,0,,,,
16784388,"rdi,[16],xmm1,=",True,16784384,16784480,3,"movups xmm1, xmmword [rdi]","movups xmm1, xmmword [rdi]",0f100f,sse,mov,False,9,0,,,,
16784391,"xmm1,xmm0,=",False,16784384,16784480,3,"movaps xmm0, xmm1","movaps xmm0, xmm1",0f28c1,sse,mov,False,9,0,,,,
16784394,,False,16784384,16784478,5,"pslld xmm0, 0x1f","pslld xmm0, 0x1f",660f72f01f,sse,null,False,0,0,,,,
16784399,,False,16784384,16784478,5,"psrad xmm0, 0x1f","psrad xmm0, 0x1f",660f72e01f,sse,null,False,0,0,,,,
16784404,"0x165b,rip,-,[16],xmm4,=",True,16784384,16784476,7,"movaps xmm4, xmmword [rip - 0x165b]","movaps xmm4, xmmword [data.010005c0]",0f2825a5e9ffff,sse,mov,False,9,0,,,16778688.0,"[{'addr': 16778688, 'type': 'DATA'}]"
16784411,"xmm0,xmm2,=",False,16784384,16784480,3,"movaps xmm2, xmm0","movaps xmm2, xmm0",0f28d0,sse,mov,False,9,0,,,,
16784414,,False,16784384,16784479,4,"pandn xmm2, xmm4","pandn xmm2, xmm4",660fdfd4,sse,null,False,0,0,,,,
16784418,"0x1659,rip,-,[16],xmm3,=",True,16784384,16784476,7,"movaps xmm3, xmmword [rip - 0x1659]","movaps xmm3, xmmword [data.010005d0]",0f281da7e9ffff,sse,mov,False,9,0,,,16778704.0,"[{'addr': 16778704, 'type': 'DATA'}]"
16784425,,False,16784384,16784479,4,"pand xmm0, xmm3","pand xmm0, xmm3",660fdbc3,sse,null,False,0,0,,,,
16784429,,False,16784384,16784479,4,"por xmm0, xmm2","por xmm0, xmm2",660febc2,sse,null,False,0,0,,,,
16784433,,False,16784384,16784479,4,"paddd xmm0, xmm1","paddd xmm0, xmm1",660ffec1,sse,add,False,17,0,,,,
16784437,"xmm0,rdi,=[16]",True,16784384,16784480,3,"movups xmmword [rdi], xmm0","movups xmmword [rdi], xmm0",0f1107,sse,mov,False,9,0,,,,
16784440,"0x10,rdi,+,[16],xmm1,=",True,16784384,16784479,4,"movups xmm1, xmmword [rdi + 0x10]","movups xmm1, xmmword [rdi + 0x10]",0f104f10,sse,mov,False,9,0,,,,
16784444,"xmm1,xmm0,=",False,16784384,16784480,3,"movaps xmm0, xmm1","movaps xmm0, xmm1",0f28c1,sse,mov,False,9,0,,,,
16784447,,False,16784384,16784478,5,"pslld xmm0, 0x1f","pslld xmm0, 0x1f",660f72f01f,sse,null,False,0,0,,,,
16784452,,False,16784384,16784478,5,"psrad xmm0, 0x1f","psrad xmm0, 0x1f",660f72e01f,sse,null,False,0,0,,,,
16784457,"xmm0,xmm2,=",False,16784384,16784480,3,"movaps xmm2, xmm0","movaps xmm2, xmm0",0f28d0,sse,mov,False,9,0,,,,
16784460,,False,16784384,16784479,4,"pandn xmm2, xmm4","pandn xmm2, xmm4",660fdfd4,sse,null,False,0,0,,,,
16784464,,False,16784384,16784479,4,"pand xmm0, xmm3","pand xmm0, xmm3",660fdbc3,sse,null,False,0,0,,,,
16784468,,False,16784384,16784479,4,"por xmm0, xmm2","por xmm0, xmm2",660febc2,sse,null,False,0,0,,,,
16784472,,False,16784384,16784479,4,"paddd xmm0, xmm1","paddd xmm0, xmm1",660ffec1,sse,add,False,17,0,,,,
16784476,"xmm0,0x10,rdi,+,=[16]",False,16784384,16784478,5,"movdqu xmmword [rdi + 0x10], xmm0","movdqu xmmword [rdi + 0x10], xmm0",f30f7f4710,sse,null,False,0,0,,,,
16784481,"rsp,[8],8,rsp,+=,rbp,=",False,16784384,16784482,1,pop rbp,pop rbp,5d,cpu,pop,False,14,0,,,,
16784482,"rsp,[8],rip,=,8,rsp,+=",False,16784384,16784482,1,ret,ret,c3,cpu,ret,False,5,0,,,,
