offset,esil,refptr,fcn_addr,fcn_last,size,opcode,disasm,bytes,family,type,reloc,type_num,type2_num,flags,xrefs_to,ptr,xrefs_from
16786304,"rbp,8,rsp,-,=[8],8,rsp,-=",False,16786304,16786402,1,push rbp,push rbp,55,cpu,rpush,False,268435468,0,['sym.step11'],"[{'addr': 16783903, 'type': 'CALL'}, {'addr': 16784160, 'type': 'CALL'}]",,
16786305,"rsp,rbp,=",False,16786304,16786400,3,"mov rbp, rsp","mov rbp, rsp",4889e5,cpu,mov,False,9,0,,,,
16786308,"rdi,[16],xmm1,=",True,16786304,16786400,3,"movups xmm1, xmmword [rdi]","movups xmm1, xmmword [rdi]",0f100f,sse,mov,False,9,0,,,,
16786311,"xmm1,xmm0,=",False,16786304,16786400,3,"movaps xmm0, xmm1","movaps xmm0, xmm1",0f28c1,sse,mov,False,9,0,,,,
16786314,,False,16786304,16786398,5,"pslld xmm0, 0x1f","pslld xmm0, 0x1f",660f72f01f,sse,null,False,0,0,,,,
16786319,,False,16786304,16786398,5,"psrad xmm0, 0x1f","psrad xmm0, 0x1f",660f72e01f,sse,null,False,0,0,,,,
16786324,"0x1deb,rip,-,[16],xmm4,=",True,16786304,16786396,7,"movaps xmm4, xmmword [rip - 0x1deb]","movaps xmm4, xmmword [data.010005b0]",0f282515e2ffff,sse,mov,False,9,0,,,16778672.0,"[{'addr': 16778672, 'type': 'DATA'}]"
16786331,"xmm0,xmm2,=",False,16786304,16786400,3,"movaps xmm2, xmm0","movaps xmm2, xmm0",0f28d0,sse,mov,False,9,0,,,,
16786334,,False,16786304,16786399,4,"pandn xmm2, xmm4","pandn xmm2, xmm4",660fdfd4,sse,null,False,0,0,,,,
16786338,"0x1e79,rip,-,[16],xmm3,=",True,16786304,16786396,7,"movaps xmm3, xmmword [rip - 0x1e79]","movaps xmm3, xmmword [data.01000530]",0f281d87e1ffff,sse,mov,False,9,0,,,16778544.0,"[{'addr': 16778544, 'type': 'DATA'}]"
16786345,,False,16786304,16786399,4,"pand xmm0, xmm3","pand xmm0, xmm3",660fdbc3,sse,null,False,0,0,,,,
16786349,,False,16786304,16786399,4,"por xmm0, xmm2","por xmm0, xmm2",660febc2,sse,null,False,0,0,,,,
16786353,"xmm1,xmm0,^=,$z,zf,:=,$p,pf,:=,127,$s,sf,:=,0,cf,:=,0,of,:=",False,16786304,16786399,4,"pxor xmm0, xmm1","pxor xmm0, xmm1",660fefc1,sse,xor,False,28,0,,,,
16786357,"xmm0,rdi,=[16]",True,16786304,16786400,3,"movups xmmword [rdi], xmm0","movups xmmword [rdi], xmm0",0f1107,sse,mov,False,9,0,,,,
16786360,"0x10,rdi,+,[16],xmm1,=",True,16786304,16786399,4,"movups xmm1, xmmword [rdi + 0x10]","movups xmm1, xmmword [rdi + 0x10]",0f104f10,sse,mov,False,9,0,,,,
16786364,"xmm1,xmm0,=",False,16786304,16786400,3,"movaps xmm0, xmm1","movaps xmm0, xmm1",0f28c1,sse,mov,False,9,0,,,,
16786367,,False,16786304,16786398,5,"pslld xmm0, 0x1f","pslld xmm0, 0x1f",660f72f01f,sse,null,False,0,0,,,,
16786372,,False,16786304,16786398,5,"psrad xmm0, 0x1f","psrad xmm0, 0x1f",660f72e01f,sse,null,False,0,0,,,,
16786377,"xmm0,xmm2,=",False,16786304,16786400,3,"movaps xmm2, xmm0","movaps xmm2, xmm0",0f28d0,sse,mov,False,9,0,,,,
16786380,,False,16786304,16786399,4,"pandn xmm2, xmm4","pandn xmm2, xmm4",660fdfd4,sse,null,False,0,0,,,,
16786384,,False,16786304,16786399,4,"pand xmm0, xmm3","pand xmm0, xmm3",660fdbc3,sse,null,False,0,0,,,,
16786388,,False,16786304,16786399,4,"por xmm0, xmm2","por xmm0, xmm2",660febc2,sse,null,False,0,0,,,,
16786392,"xmm1,xmm0,^=,$z,zf,:=,$p,pf,:=,127,$s,sf,:=,0,cf,:=,0,of,:=",False,16786304,16786399,4,"pxor xmm0, xmm1","pxor xmm0, xmm1",660fefc1,sse,xor,False,28,0,,,,
16786396,"xmm0,0x10,rdi,+,=[16]",False,16786304,16786398,5,"movdqu xmmword [rdi + 0x10], xmm0","movdqu xmmword [rdi + 0x10], xmm0",f30f7f4710,sse,null,False,0,0,,,,
16786401,"rsp,[8],8,rsp,+=,rbp,=",False,16786304,16786402,1,pop rbp,pop rbp,5d,cpu,pop,False,14,0,,,,
16786402,"rsp,[8],rip,=,8,rsp,+=",False,16786304,16786402,1,ret,ret,c3,cpu,ret,False,5,0,,,,
