offset,esil,refptr,fcn_addr,fcn_last,size,opcode,disasm,bytes,family,type,reloc,type_num,type2_num,flags,xrefs_to,val,ptr,xrefs_from
16784736,"rbp,8,rsp,-,=[8],8,rsp,-=",False,16784736,16784995,1,push rbp,push rbp,55,cpu,rpush,False,268435468,0,['sym.step5'],"[{'addr': 16783843, 'type': 'CALL'}, {'addr': 16784100, 'type': 'CALL'}]",,,
16784737,"rsp,rbp,=",False,16784736,16784993,3,"mov rbp, rsp","mov rbp, rsp",4889e5,cpu,mov,False,9,0,,,,,
16784740,"32,rdi,[4],~,rcx,=",True,16784736,16784993,3,"movsxd rcx, dword [rdi]","movsxd rcx, dword [rdi]",48630f,cpu,mov,False,9,0,,,,,
16784743,"ecx,rax,=",False,16784736,16784994,2,"mov eax, ecx","mov eax, ecx",89c8,cpu,mov,False,9,0,,,,,
16784745,"64,1374389535,~,64,rcx,~,*,DUP,rcx,=,rcx,-,?{,1,1,}{,0,0,},cf,:=,of,:=",False,16784736,16784989,7,"imul rcx, rcx, 0x51eb851f","imul rcx, rcx, 0x51eb851f",4869c91f85eb51,cpu,mul,False,20,0,,,,,
16784752,"rcx,rdx,=",False,16784736,16784993,3,"mov rdx, rcx","mov rdx, rcx",4889ca,cpu,mov,False,9,0,,,,,
16784755,"0,cf,:=,1,63,-,1,<<,rdx,&,?{,1,cf,:=,},63,rdx,>>,rdx,=,$z,zf,:=,$p,pf,:=,63,$s,sf,:=",False,16784736,16784992,4,"shr rdx, 0x3f","shr rdx, 0x3f",48c1ea3f,cpu,shr,False,22,0,,,63.0,,
16784759,"0,cf,:=,1,37,-,1,<<,rcx,&,?{,1,cf,:=,},37,rcx,>>>>,rcx,=,$z,zf,:=,$p,pf,:=,63,$s,sf,:=",False,16784736,16784992,4,"sar rcx, 0x25","sar rcx, 0x25",48c1f925,cpu,sar,False,25,0,,,,,
16784763,"edx,ecx,+=,31,$o,of,:=,31,$s,sf,:=,$z,zf,:=,31,$c,cf,:=,$p,pf,:=,3,$c,af,:=",False,16784736,16784994,2,"add ecx, edx","add ecx, edx",01d1,cpu,add,False,17,0,,,,,
16784765,"32,100,~,32,ecx,~,*,DUP,ecx,=,ecx,-,?{,1,1,}{,0,0,},cf,:=,of,:=",False,16784736,16784993,3,"imul ecx, ecx, 0x64","imul ecx, ecx, 0x64",6bc964,cpu,mul,False,20,0,,,,,
16784768,"ecx,eax,-=,ecx,0x80000000,-,!,31,$o,^,of,:=,31,$s,sf,:=,$z,zf,:=,$p,pf,:=,32,$b,cf,:=,3,$b,af,:=",False,16784736,16784994,2,"sub eax, ecx","sub eax, ecx",29c8,cpu,sub,False,18,0,,,,,
16784770,"eax,rdi,=[4]",True,16784736,16784994,2,"mov dword [rdi], eax","mov dword [rdi], eax",8907,cpu,mov,False,9,0,,,,,
16784772,"esi,rdx,=",False,16784736,16784994,2,"mov edx, esi","mov edx, esi",89f2,cpu,mov,False,9,0,,,,,
16784774,"edx,edx,+=,31,$o,of,:=,31,$s,sf,:=,$z,zf,:=,31,$c,cf,:=,$p,pf,:=,3,$c,af,:=",False,16784736,16784994,2,"add edx, edx","add edx, edx",01d2,cpu,add,False,17,0,,,,,
16784776,"esi,rax,=",False,16784736,16784994,2,"mov eax, esi","mov eax, esi",89f0,cpu,mov,False,9,0,,,,,
16784778,"rax,2,*,rax,+,ecx,=",True,16784736,16784993,3,"lea ecx, [rax + rax*2]","lea ecx, [rax + rax*2]",8d0c40,cpu,lea,False,33,0,,,,,
16784781,"esi,rax,=",False,16784736,16784994,2,"mov eax, esi","mov eax, esi",89f0,cpu,mov,False,9,0,,,,,
16784783,"0,2,!,!,?{,1,2,-,eax,<<,0x80000000,&,!,!,^,},2,eax,<<=,$z,zf,:=,$p,pf,:=,31,$s,sf,:=,cf,=",False,16784736,16784993,3,"shl eax, 2","shl eax, 2",c1e002,cpu,shl,False,23,0,,,,,
16784786,"0x4,rdi,+,[16],xmm0,=",True,16784736,16784992,4,"movups xmm0, xmmword [rdi + 4]","movups xmm0, xmmword [rdi + 4]",0f104704,sse,mov,False,9,0,,,,,
16784790,"esi,xmm1l,=",False,16784736,16784992,4,"movd xmm1, esi","movd xmm1, esi",660f6ece,sse,mov,False,9,0,,,,,
16784794,"edx,xmm2l,=",False,16784736,16784992,4,"movd xmm2, edx","movd xmm2, edx",660f6ed2,sse,mov,False,9,0,,,,,
16784798,,False,16784736,16784992,4,"punpckldq xmm1, xmm2","punpckldq xmm1, xmm2",660f62ca,sse,null,False,0,0,,,,,
16784802,"ecx,xmm2l,=",False,16784736,16784992,4,"movd xmm2, ecx","movd xmm2, ecx",660f6ed1,sse,mov,False,9,0,,,,,
16784806,"eax,xmm3l,=",False,16784736,16784992,4,"movd xmm3, eax","movd xmm3, eax",660f6ed8,sse,mov,False,9,0,,,,,
16784810,,False,16784736,16784992,4,"punpckldq xmm2, xmm3","punpckldq xmm2, xmm3",660f62d3,sse,null,False,0,0,,,,,
16784814,,False,16784736,16784992,4,"punpcklqdq xmm1, xmm2","punpcklqdq xmm1, xmm2",660f6cca,sse,null,False,0,0,,,,,
16784818,,False,16784736,16784992,4,"paddd xmm0, xmm1","paddd xmm0, xmm1",660ffec1,sse,add,False,17,0,,,,,
16784822,"0x18dd,rip,-,[16],xmm3,=",True,16784736,16784989,7,"movaps xmm3, xmmword [rip - 0x18dd]","movaps xmm3, xmmword [data.010004e0]",0f281d23e7ffff,sse,mov,False,9,0,,,,16778464.0,"[{'addr': 16778464, 'type': 'DATA'}]"
16784829,"xmm0,xmm1,=",False,16784736,16784993,3,"movaps xmm1, xmm0","movaps xmm1, xmm0",0f28c8,sse,mov,False,9,0,,,,,
16784832,,False,16784736,16784992,4,"pmuludq xmm1, xmm3","pmuludq xmm1, xmm3",660ff4cb,sse,null,False,0,0,,,,,
16784836,,False,16784736,16784991,5,"pshufd xmm2, xmm1, 0xed","pshufd xmm2, xmm1, 0xed",660f70d1ed,sse,null,False,0,0,,,,,
16784841,,False,16784736,16784991,5,"pshufd xmm1, xmm0, 0xf5","pshufd xmm1, xmm0, 0xf5",660f70c8f5,sse,null,False,0,0,,,,,
16784846,,False,16784736,16784992,4,"pmuludq xmm1, xmm3","pmuludq xmm1, xmm3",660ff4cb,sse,null,False,0,0,,,,,
16784850,,False,16784736,16784991,5,"pshufd xmm1, xmm1, 0xed","pshufd xmm1, xmm1, 0xed",660f70c9ed,sse,null,False,0,0,,,,,
16784855,,False,16784736,16784992,4,"punpckldq xmm2, xmm1","punpckldq xmm2, xmm1",660f62d1,sse,null,False,0,0,,,,,
16784859,"xmm1,xmm1,^=,$z,zf,:=,$p,pf,:=,127,$s,sf,:=,0,cf,:=,0,of,:=",False,16784736,16784993,3,"xorps xmm1, xmm1","xorps xmm1, xmm1",0f57c9,sse,xor,False,28,0,,,,,
16784862,,False,16784736,16784992,4,"pcmpgtd xmm1, xmm0","pcmpgtd xmm1, xmm0",660f66c8,sse,cmp,False,15,0,,,,,
16784866,,False,16784736,16784992,4,"pand xmm1, xmm3","pand xmm1, xmm3",660fdbcb,sse,null,False,0,0,,,,,
16784870,"xmm1,xmm2,-=",False,16784736,16784992,4,"psubd xmm2, xmm1","psubd xmm2, xmm1",660ffad1,sse,sub,False,18,0,,,,,
16784874,"xmm2,xmm1,=",False,16784736,16784993,3,"movaps xmm1, xmm2","movaps xmm1, xmm2",0f28ca,sse,mov,False,9,0,,,,,
16784877,,False,16784736,16784991,5,"psrld xmm1, 0x1f","psrld xmm1, 0x1f",660f72d11f,sse,null,False,0,0,,,,,
16784882,,False,16784736,16784991,5,"psrad xmm2, 5","psrad xmm2, 5",660f72e205,sse,null,False,0,0,,,,,
16784887,,False,16784736,16784992,4,"paddd xmm2, xmm1","paddd xmm2, xmm1",660ffed1,sse,add,False,17,0,,,,,
16784891,"0x18b2,rip,-,[16],xmm3,=",True,16784736,16784989,7,"movaps xmm3, xmmword [rip - 0x18b2]","movaps xmm3, xmmword [str.dddd]",0f281d4ee7ffff,sse,mov,False,9,0,,,,16778576.0,"[{'addr': 16778576, 'type': 'DATA'}]"
16784898,"xmm2,xmm1,=",False,16784736,16784993,3,"movaps xmm1, xmm2","movaps xmm1, xmm2",0f28ca,sse,mov,False,9,0,,,,,
16784901,,False,16784736,16784992,4,"pmuludq xmm1, xmm3","pmuludq xmm1, xmm3",660ff4cb,sse,null,False,0,0,,,,,
16784905,,False,16784736,16784991,5,"pshufd xmm1, xmm1, 0xe8","pshufd xmm1, xmm1, 0xe8",660f70c9e8,sse,null,False,0,0,,,,,
16784910,,False,16784736,16784991,5,"pshufd xmm2, xmm2, 0xf5","pshufd xmm2, xmm2, 0xf5",660f70d2f5,sse,null,False,0,0,,,,,
16784915,,False,16784736,16784992,4,"pmuludq xmm2, xmm3","pmuludq xmm2, xmm3",660ff4d3,sse,null,False,0,0,,,,,
16784919,,False,16784736,16784991,5,"pshufd xmm2, xmm2, 0xe8","pshufd xmm2, xmm2, 0xe8",660f70d2e8,sse,null,False,0,0,,,,,
16784924,,False,16784736,16784992,4,"punpckldq xmm1, xmm2","punpckldq xmm1, xmm2",660f62ca,sse,null,False,0,0,,,,,
16784928,"xmm1,xmm0,-=",False,16784736,16784992,4,"psubd xmm0, xmm1","psubd xmm0, xmm1",660ffac1,sse,sub,False,18,0,,,,,
16784932,"xmm0,0x4,rdi,+,=[16]",False,16784736,16784991,5,"movdqu xmmword [rdi + 4], xmm0","movdqu xmmword [rdi + 4], xmm0",f30f7f4704,sse,null,False,0,0,,,,,
16784937,"0x14,rdi,+,[4],rax,=",True,16784736,16784993,3,"mov eax, dword [rdi + 0x14]","mov eax, dword [rdi + 0x14]",8b4714,cpu,mov,False,9,0,,,,,
16784940,"32,5,~,32,esi,~,*,DUP,ecx,=,ecx,-,?{,1,1,}{,0,0,},cf,:=,of,:=",False,16784736,16784993,3,"imul ecx, esi, 5","imul ecx, esi, 5",6bce05,cpu,mul,False,20,0,,,,,
16784943,"ecx,eax,+=,31,$o,of,:=,31,$s,sf,:=,$z,zf,:=,31,$c,cf,:=,$p,pf,:=,3,$c,af,:=",False,16784736,16784994,2,"add eax, ecx","add eax, ecx",01c8,cpu,add,False,17,0,,,,,
16784945,"100,rcx,=",False,16784736,16784991,5,"mov ecx, 0x64","mov ecx, 0x64",b964000000,cpu,mov,False,9,0,,,100.0,100.0,
16784950,"0,edx,=,31,eax,>>,?{,0xffffffff,edx,=,}",False,16784736,16784995,1,cdq,cdq,99,cpu,null,False,0,0,,,,,
16784951,"32,ecx,~,32,edx,<<,eax,+,~%,32,ecx,~,32,edx,<<,eax,+,~/,eax,=,edx,=",False,16784736,16784994,2,idiv ecx,idiv ecx,f7f9,cpu,div,False,21,0,,,,,
16784953,"edx,0x14,rdi,+,=[4]",True,16784736,16784993,3,"mov dword [rdi + 0x14], edx","mov dword [rdi + 0x14], edx",895714,cpu,mov,False,9,0,,,,,
16784956,"0x18,rdi,+,[4],rax,=",True,16784736,16784993,3,"mov eax, dword [rdi + 0x18]","mov eax, dword [rdi + 0x18]",8b4718,cpu,mov,False,9,0,,,,,
16784959,"32,6,~,32,esi,~,*,DUP,ecx,=,ecx,-,?{,1,1,}{,0,0,},cf,:=,of,:=",False,16784736,16784993,3,"imul ecx, esi, 6","imul ecx, esi, 6",6bce06,cpu,mul,False,20,0,,,,,
16784962,"ecx,eax,+=,31,$o,of,:=,31,$s,sf,:=,$z,zf,:=,31,$c,cf,:=,$p,pf,:=,3,$c,af,:=",False,16784736,16784994,2,"add eax, ecx","add eax, ecx",01c8,cpu,add,False,17,0,,,,,
16784964,"100,rcx,=",False,16784736,16784991,5,"mov ecx, 0x64","mov ecx, 0x64",b964000000,cpu,mov,False,9,0,,,100.0,100.0,
16784969,"0,edx,=,31,eax,>>,?{,0xffffffff,edx,=,}",False,16784736,16784995,1,cdq,cdq,99,cpu,null,False,0,0,,,,,
16784970,"32,ecx,~,32,edx,<<,eax,+,~%,32,ecx,~,32,edx,<<,eax,+,~/,eax,=,edx,=",False,16784736,16784994,2,idiv ecx,idiv ecx,f7f9,cpu,div,False,21,0,,,,,
16784972,"edx,0x18,rdi,+,=[4]",True,16784736,16784993,3,"mov dword [rdi + 0x18], edx","mov dword [rdi + 0x18], edx",895718,cpu,mov,False,9,0,,,,,
16784975,"0x1c,rdi,+,[4],rax,=",True,16784736,16784993,3,"mov eax, dword [rdi + 0x1c]","mov eax, dword [rdi + 0x1c]",8b471c,cpu,mov,False,9,0,,,,,
16784978,"32,7,~,32,esi,~,*,DUP,ecx,=,ecx,-,?{,1,1,}{,0,0,},cf,:=,of,:=",False,16784736,16784993,3,"imul ecx, esi, 7","imul ecx, esi, 7",6bce07,cpu,mul,False,20,0,,,,,
16784981,"ecx,eax,+=,31,$o,of,:=,31,$s,sf,:=,$z,zf,:=,31,$c,cf,:=,$p,pf,:=,3,$c,af,:=",False,16784736,16784994,2,"add eax, ecx","add eax, ecx",01c8,cpu,add,False,17,0,,,,,
16784983,"100,rcx,=",False,16784736,16784991,5,"mov ecx, 0x64","mov ecx, 0x64",b964000000,cpu,mov,False,9,0,,,100.0,100.0,
16784988,"0,edx,=,31,eax,>>,?{,0xffffffff,edx,=,}",False,16784736,16784995,1,cdq,cdq,99,cpu,null,False,0,0,,,,,
16784989,"32,ecx,~,32,edx,<<,eax,+,~%,32,ecx,~,32,edx,<<,eax,+,~/,eax,=,edx,=",False,16784736,16784994,2,idiv ecx,idiv ecx,f7f9,cpu,div,False,21,0,,,,,
16784991,"edx,0x1c,rdi,+,=[4]",True,16784736,16784993,3,"mov dword [rdi + 0x1c], edx","mov dword [rdi + 0x1c], edx",89571c,cpu,mov,False,9,0,,,,,
16784994,"rsp,[8],8,rsp,+=,rbp,=",False,16784736,16784995,1,pop rbp,pop rbp,5d,cpu,pop,False,14,0,,,,,
16784995,"rsp,[8],rip,=,8,rsp,+=",False,16784736,16784995,1,ret,ret,c3,cpu,ret,False,5,0,,,,,
