offset,esil,refptr,fcn_addr,fcn_last,size,opcode,disasm,bytes,family,type,reloc,type_num,type2_num,flags,xrefs_to,ptr,xrefs_from,jump,fail,val
16786624,"rbp,8,rsp,-,=[8],8,rsp,-=",False,16786624,16786725,1,push rbp,push rbp,55,cpu,rpush,False,268435468,0,"['sym.__libc_csu_init', 'dbg.__libc_csu_init']","[{'addr': 16783542, 'type': 'DATA'}]",,,,,
16786625,"rsp,rbp,=",False,16786624,16786723,3,"mov rbp, rsp","mov rbp, rsp",4889e5,cpu,mov,False,9,0,,,,,,,
16786628,"r15,8,rsp,-,=[8],8,rsp,-=",False,16786624,16786724,2,push r15,push r15,4157,cpu,rpush,False,268435468,0,,,,,,,
16786630,"r14,8,rsp,-,=[8],8,rsp,-=",False,16786624,16786724,2,push r14,push r14,4156,cpu,rpush,False,268435468,0,,,,,,,
16786632,"r13,8,rsp,-,=[8],8,rsp,-=",False,16786624,16786724,2,push r13,push r13,4155,cpu,rpush,False,268435468,0,,,,,,,
16786634,"r12,8,rsp,-,=[8],8,rsp,-=",False,16786624,16786724,2,push r12,push r12,4154,cpu,rpush,False,268435468,0,,,,,,,
16786636,"rbx,8,rsp,-,=[8],8,rsp,-=",False,16786624,16786725,1,push rbx,push rbx,53,cpu,rpush,False,268435468,0,,,,,,,
16786637,"rax,8,rsp,-,=[8],8,rsp,-=",False,16786624,16786725,1,push rax,push rax,50,cpu,rpush,False,268435468,0,,,,,,,
16786638,"0x24d5,rip,-,r12,=",True,16786624,16786719,7,"lea r12, [rip - 0x24d5]","lea r12, loc.__init_array_start",4c8d252bdbffff,cpu,lea,False,33,0,,,16777216.0,"[{'addr': 16777216, 'type': 'DATA'}]",,,
16786645,"0x24dc,rip,-,r13,=",True,16786624,16786719,7,"lea r13, [rip - 0x24dc]","lea r13, loc.__init_array_start",4c8d2d24dbffff,cpu,lea,False,33,0,,,16777216.0,"[{'addr': 16777216, 'type': 'DATA'}]",,,
16786652,"r12,r13,-=,r12,0x8000000000000000,-,!,63,$o,^,of,:=,63,$s,sf,:=,$z,zf,:=,$p,pf,:=,64,$b,cf,:=,3,$b,af,:=",False,16786624,16786723,3,"sub r13, r12","sub r13, r12",4d29e5,cpu,sub,False,18,0,,,,,,,
16786655,"zf,?{,16786711,rip,=,}",False,16786624,16786724,2,je 0x1002517,je 0x1002517,7436,cpu,cjmp,False,2147483649,0,,,,,16786711.0,16786657.0,
16786657,"rdx,rbx,=",False,16786624,16786723,3,"mov rbx, rdx","mov rbx, rdx",4889d3,cpu,mov,False,9,0,,,,,,,
16786660,"rsi,r14,=",False,16786624,16786723,3,"mov r14, rsi","mov r14, rsi",4989f6,cpu,mov,False,9,0,,,,,,,
16786663,"edi,r15,=",False,16786624,16786723,3,"mov r15d, edi","mov r15d, edi",4189ff,cpu,mov,False,9,0,,,,,,,
16786666,"0,cf,:=,1,3,-,1,<<,r13,&,?{,1,cf,:=,},3,r13,>>>>,r13,=,$z,zf,:=,$p,pf,:=,63,$s,sf,:=",False,16786624,16786722,4,"sar r13, 3","sar r13, 3",49c1fd03,cpu,sar,False,25,0,,,,,,,
16786670,"1,r13,==,$z,zf,:=,64,$b,cf,:=,$p,pf,:=,63,$s,sf,:=,1,0x8000000000000000,-,!,63,$o,^,of,:=,3,$b,af,:=",False,16786624,16786722,4,"cmp r13, 1","cmp r13, 1",4983fd01,cpu,cmp,False,15,0,,,1.0,,,,1.0
16786674,"cf,0,+,r13,+=,63,$o,of,:=,63,$s,sf,:=,$z,zf,:=,63,$c,cf,:=,$p,pf,:=,3,$c,af,:=",False,16786624,16786722,4,"adc r13, 0","adc r13, 0",4983d500,cpu,add,False,17,0,,,,,,,
16786678,",",False,16786624,16786716,10,nop word cs:[rax + rax],nop word cs:[rax + rax],662e0f1f840000000000,cpu,nop,False,8,0,,,,,,,
16786688,"r15d,rdi,=",False,16786624,16786723,3,"mov edi, r15d","mov edi, r15d",4489ff,cpu,mov,False,9,0,,,,,,,
16786691,"r14,rsi,=",False,16786624,16786723,3,"mov rsi, r14","mov rsi, r14",4c89f6,cpu,mov,False,9,0,,,,,,,
16786694,"rbx,rdx,=",False,16786624,16786723,3,"mov rdx, rbx","mov rdx, rbx",4889da,cpu,mov,False,9,0,,,,,,,
16786697,"r12,[8],rip,8,rsp,-=,rsp,=[],rip,=",False,16786624,16786722,4,call qword [r12],call qword [r12],41ff1424,cpu,ircall,False,402653188,0,,,0.0,,,,
16786701,"8,r12,+=,63,$o,of,:=,63,$s,sf,:=,$z,zf,:=,63,$c,cf,:=,$p,pf,:=,3,$c,af,:=",False,16786624,16786722,4,"add r12, 8","add r12, 8",4983c408,cpu,add,False,17,0,,,,,,,8.0
16786705,"18446744073709551615,r13,+=,63,$o,of,:=,63,$s,sf,:=,$z,zf,:=,63,$c,cf,:=,$p,pf,:=,3,$c,af,:=",False,16786624,16786722,4,"add r13, 0xffffffffffffffff","add r13, 0xffffffffffffffff",4983c5ff,cpu,add,False,17,0,,,,,,,
16786709,"zf,!,?{,16786688,rip,=,}",False,16786624,16786724,2,jne 0x1002500,jne 0x1002500,75e9,cpu,cjmp,False,2147483649,0,,,,,16786688.0,16786711.0,
16786711,"8,rsp,+=,63,$o,of,:=,63,$s,sf,:=,$z,zf,:=,63,$c,cf,:=,$p,pf,:=,3,$c,af,:=",False,16786624,16786722,4,"add rsp, 8","add rsp, 8",4883c408,cpu,add,False,17,0,,,,,,,8.0
16786715,"rsp,[8],8,rsp,+=,rbx,=",False,16786624,16786725,1,pop rbx,pop rbx,5b,cpu,pop,False,14,0,,,,,,,
16786716,"rsp,[8],8,rsp,+=,r12,=",False,16786624,16786724,2,pop r12,pop r12,415c,cpu,pop,False,14,0,,,,,,,
16786718,"rsp,[8],8,rsp,+=,r13,=",False,16786624,16786724,2,pop r13,pop r13,415d,cpu,pop,False,14,0,,,,,,,
16786720,"rsp,[8],8,rsp,+=,r14,=",False,16786624,16786724,2,pop r14,pop r14,415e,cpu,pop,False,14,0,,,,,,,
16786722,"rsp,[8],8,rsp,+=,r15,=",False,16786624,16786724,2,pop r15,pop r15,415f,cpu,pop,False,14,0,,,,,,,
16786724,"rsp,[8],8,rsp,+=,rbp,=",False,16786624,16786725,1,pop rbp,pop rbp,5d,cpu,pop,False,14,0,,,,,,,
16786725,"rsp,[8],rip,=,8,rsp,+=",False,16786624,16786725,1,ret,ret,c3,cpu,ret,False,5,0,,,,,,,
