offset,esil,refptr,fcn_addr,fcn_last,size,opcode,disasm,bytes,family,type,reloc,type_num,type2_num,flags,xrefs_to,val,jump,fail,ptr,xrefs_from,comment
16782768,"rbp,8,rsp,-,=[8],8,rsp,-=",False,16782768,16782927,1,push rbp,push rbp,55,cpu,rpush,False,268435468,0,"['sym.gcd', 'dbg.gcd']","[{'addr': 16782992, 'type': 'CALL'}]",,,,,,
16782769,"rsp,rbp,=",False,16782768,16782925,3,"mov rbp, rsp","mov rbp, rsp",4889e5,cpu,mov,False,9,0,,,,,,,,
16782772,"edi,rax,=",False,16782768,16782926,2,"mov eax, edi","mov eax, edi",89f8,cpu,mov,False,9,0,,,,,,,,
16782774,"esi,eax,-=,esi,0x80000000,-,!,31,$o,^,of,:=,31,$s,sf,:=,$z,zf,:=,$p,pf,:=,32,$b,cf,:=,3,$b,af,:=",False,16782768,16782926,2,"sub eax, esi","sub eax, esi",29f0,cpu,sub,False,18,0,,,,,,,,
16782776,"esi,rax,=",False,16782768,16782926,2,"mov eax, esi","mov eax, esi",89f0,cpu,mov,False,9,0,,,,,,,,
16782778,"zf,!,sf,of,^,!,&,?{,edi,eax,=,}",False,16782768,16782925,3,"cmovg eax, edi","cmovg eax, edi",0f4fc7,cpu,cmov,False,2147483657,0,,,,,,,,
16782781,"edi,rcx,=",False,16782768,16782926,2,"mov ecx, edi","mov ecx, edi",89f9,cpu,mov,False,9,0,,,,,,,,
16782783,"esi,ecx,-=,esi,0x80000000,-,!,31,$o,^,of,:=,31,$s,sf,:=,$z,zf,:=,$p,pf,:=,32,$b,cf,:=,3,$b,af,:=",False,16782768,16782926,2,"sub ecx, esi","sub ecx, esi",29f1,cpu,sub,False,18,0,,,,,,,,
16782785,"sf,of,^,?{,edi,esi,=,}",False,16782768,16782925,3,"cmovl esi, edi","cmovl esi, edi",0f4cf7,cpu,cmov,False,2147483657,0,,,,,,,,
16782788,"0,0x10,rbp,-,=[4]",True,16782768,16782921,7,"mov dword [rbp - 0x10], 0","mov dword [var_18h], 0",c745f000000000,cpu,mov,False,268435465,0,,,0.0,,,,,
16782795,"eax,0x8,rbp,-,=[4]",True,16782768,16782925,3,"mov dword [rbp - 8], eax","mov dword [var_10h], eax",8945f8,cpu,mov,False,268435465,0,,,,,,,,
16782798,"esi,0x4,rbp,-,=[4]",True,16782768,16782925,3,"mov dword [rbp - 4], esi","mov dword [var_ch], esi",8975fc,cpu,mov,False,268435465,0,,,,,,,,
16782801,"0x10,rbp,-,[4],rax,=",True,16782768,16782925,3,"mov eax, dword [rbp - 0x10]","mov eax, dword [var_18h]",8b45f0,cpu,mov,False,9,0,,"[{'addr': 16782836, 'type': 'CODE'}]",,,,,,
16782804,"rax,0x18,rbp,-,=[8]",True,16782768,16782924,4,"mov qword [rbp - 0x18], rax","mov qword [var_20h], rax",488945e8,cpu,mov,False,268435465,0,,,,,,,,
16782808,"3,rax,-=,3,0x8000000000000000,-,!,63,$o,^,of,:=,63,$s,sf,:=,$z,zf,:=,$p,pf,:=,64,$b,cf,:=,3,$b,af,:=",False,16782768,16782924,4,"sub rax, 3","sub rax, 3",4883e803,cpu,sub,False,18,0,,,3.0,,,,,
16782812,"cf,zf,|,!,?{,16782834,rip,=,}",False,16782768,16782926,2,ja 0x10015f2,ja 0x10015f2,7714,cpu,cjmp,False,2147483649,0,,,,16782834.0,16782814.0,,,
16782814,"0x18,rbp,-,[8],rax,=",True,16782768,16782924,4,"mov rax, qword [rbp - 0x18]","mov rax, qword [var_20h]",488b45e8,cpu,mov,False,9,0,,,,,,,,
16782818,"0x116d,rip,-,rcx,=",True,16782768,16782921,7,"lea rcx, [rip - 0x116d]","lea rcx, data.0100047c",488d0d93eeffff,cpu,lea,False,33,0,,,,,,16778364.0,"[{'addr': 16778364, 'type': 'DATA'}]",
16782825,"32,rax,4,*,rcx,+,[4],~,rax,=",True,16782768,16782924,4,"movsxd rax, dword [rcx + rax*4]","movsxd rax, dword [rcx + rax*4]",48630481,cpu,mov,False,9,0,,,,,,,,
16782829,"rcx,rax,+=,63,$o,of,:=,63,$s,sf,:=,$z,zf,:=,63,$c,cf,:=,$p,pf,:=,3,$c,af,:=",False,16782768,16782925,3,"add rax, rcx","add rax, rcx",4801c8,cpu,add,False,17,0,,,,,,,,
16782832,"rax,rip,=",False,16782768,16782926,2,jmp rax,jmp rax,ffe0,cpu,rjmp,False,268435458,0,['switch.0x010015f0'],,,,,,"[{'addr': 16782838, 'type': 'CODE'}, {'addr': 16782878, 'type': 'CODE'}, {'addr': 16782883, 'type': 'CODE'}, {'addr': 16782923, 'type': 'CODE'}]",c3dpdGNoIHRhYmxlICg0IGNhc2VzKSBhdCAweDEwMDA0N2M=
16782834,"0x10015f4,rip,=",False,16782768,16782926,2,jmp 0x10015f4,jmp 0x10015f4,eb00,cpu,jmp,False,1,0,,,,16782836.0,,,"[{'addr': 16782836, 'type': 'CODE'}]",
16782836,"0x10015d1,rip,=",False,16782768,16782926,2,jmp 0x10015d1,jmp 0x10015d1,ebdb,cpu,jmp,False,1,0,,"[{'addr': 16782834, 'type': 'CODE'}, {'addr': 16782876, 'type': 'CODE'}, {'addr': 16782921, 'type': 'CODE'}]",,16782801.0,,,"[{'addr': 16782801, 'type': 'CODE'}]",
16782838,"0x4,rbp,-,[4],rcx,=",True,16782768,16782925,3,"mov ecx, dword [rbp - 4]","mov ecx, dword [var_ch]",8b4dfc,cpu,mov,False,9,0,['case.0x10015f0.0'],"[{'addr': 16782832, 'type': 'CODE'}]",,,,,,
16782841,"0x8,rbp,-,[4],rax,=",True,16782768,16782925,3,"mov eax, dword [rbp - 8]","mov eax, dword [var_10h]",8b45f8,cpu,mov,False,9,0,,,,,,,,
16782844,"ecx,0xc,rbp,-,=[4]",True,16782768,16782925,3,"mov dword [rbp - 0xc], ecx","mov dword [var_14h], ecx",894df4,cpu,mov,False,268435465,0,,,,,,,,
16782847,"0,edx,=,31,eax,>>,?{,0xffffffff,edx,=,}",False,16782768,16782927,1,cdq,cdq,99,cpu,null,False,0,0,,,,,,,,
16782848,"32,0xc,rbp,-,[4],~,32,edx,<<,eax,+,~%,32,0xc,rbp,-,[4],~,32,edx,<<,eax,+,~/,eax,=,edx,=",False,16782768,16782925,3,idiv dword [rbp - 0xc],idiv dword [var_14h],f77df4,cpu,div,False,21,0,,,,,,,,
16782851,"eax,rax,^,0xffffffff,&,rax,=,$z,zf,:=,$p,pf,:=,31,$s,sf,:=,0,cf,:=,0,of,:=",False,16782768,16782926,2,"xor eax, eax","xor eax, eax",31c0,cpu,xor,False,28,0,,,,,,,,
16782853,"1,rcx,=",False,16782768,16782923,5,"mov ecx, 1","mov ecx, 1",b901000000,cpu,mov,False,9,0,,,1.0,,,,,
16782858,"0,edx,==,$z,zf,:=,32,$b,cf,:=,$p,pf,:=,31,$s,sf,:=,0,0x80000000,-,!,31,$o,^,of,:=,3,$b,af,:=",False,16782768,16782925,3,"cmp edx, 0","cmp edx, 0",83fa00,cpu,cmp,False,15,0,,,0.0,,,0.0,,
16782861,"zf,?{,ecx,eax,=,}",False,16782768,16782925,3,"cmove eax, ecx","cmove eax, ecx",0f44c1,cpu,cmov,False,2147483657,0,,,,,,,,
16782864,"eax,0x10,rbp,-,=[4]",True,16782768,16782925,3,"mov dword [rbp - 0x10], eax","mov dword [var_18h], eax",8945f0,cpu,mov,False,268435465,0,,,,,,,,
16782867,"0xc,rbp,-,[4],rax,=",True,16782768,16782925,3,"mov eax, dword [rbp - 0xc]","mov eax, dword [var_14h]",8b45f4,cpu,mov,False,9,0,,,,,,,,
16782870,"eax,0x8,rbp,-,=[4]",True,16782768,16782925,3,"mov dword [rbp - 8], eax","mov dword [var_10h], eax",8945f8,cpu,mov,False,268435465,0,,,,,,,,
16782873,"edx,0x4,rbp,-,=[4]",True,16782768,16782925,3,"mov dword [rbp - 4], edx","mov dword [var_ch], edx",8955fc,cpu,mov,False,268435465,0,,,,,,,,
16782876,"0x10015f4,rip,=",False,16782768,16782926,2,jmp 0x10015f4,jmp 0x10015f4,ebd6,cpu,jmp,False,1,0,,,,16782836.0,,,"[{'addr': 16782836, 'type': 'CODE'}]",
16782878,"0xc,rbp,-,[4],rax,=",True,16782768,16782925,3,"mov eax, dword [rbp - 0xc]","mov eax, dword [var_14h]",8b45f4,cpu,mov,False,9,0,['case.0x10015f0.1'],"[{'addr': 16782832, 'type': 'CODE'}]",,,,,,
16782881,"rsp,[8],8,rsp,+=,rbp,=",False,16782768,16782927,1,pop rbp,pop rbp,5d,cpu,pop,False,14,0,,,,,,,,
16782882,"rsp,[8],rip,=,8,rsp,+=",False,16782768,16782927,1,ret,ret,c3,cpu,ret,False,5,0,,,,,,,,
16782883,"0x4,rbp,-,[4],rcx,=",True,16782768,16782925,3,"mov ecx, dword [rbp - 4]","mov ecx, dword [var_ch]",8b4dfc,cpu,mov,False,9,0,['case.0x10015f0.2'],"[{'addr': 16782832, 'type': 'CODE'}]",,,,,,
16782886,"0x8,rbp,-,[4],rax,=",True,16782768,16782925,3,"mov eax, dword [rbp - 8]","mov eax, dword [var_10h]",8b45f8,cpu,mov,False,9,0,,,,,,,,
16782889,"ecx,0xc,rbp,-,=[4]",True,16782768,16782925,3,"mov dword [rbp - 0xc], ecx","mov dword [var_14h], ecx",894df4,cpu,mov,False,268435465,0,,,,,,,,
16782892,"0,edx,=,31,eax,>>,?{,0xffffffff,edx,=,}",False,16782768,16782927,1,cdq,cdq,99,cpu,null,False,0,0,,,,,,,,
16782893,"32,0xc,rbp,-,[4],~,32,edx,<<,eax,+,~%,32,0xc,rbp,-,[4],~,32,edx,<<,eax,+,~/,eax,=,edx,=",False,16782768,16782925,3,idiv dword [rbp - 0xc],idiv dword [var_14h],f77df4,cpu,div,False,21,0,,,,,,,,
16782896,"eax,rax,^,0xffffffff,&,rax,=,$z,zf,:=,$p,pf,:=,31,$s,sf,:=,0,cf,:=,0,of,:=",False,16782768,16782926,2,"xor eax, eax","xor eax, eax",31c0,cpu,xor,False,28,0,,,,,,,,
16782898,"1,rcx,=",False,16782768,16782923,5,"mov ecx, 1","mov ecx, 1",b901000000,cpu,mov,False,9,0,,,1.0,,,,,
16782903,"0,edx,==,$z,zf,:=,32,$b,cf,:=,$p,pf,:=,31,$s,sf,:=,0,0x80000000,-,!,31,$o,^,of,:=,3,$b,af,:=",False,16782768,16782925,3,"cmp edx, 0","cmp edx, 0",83fa00,cpu,cmp,False,15,0,,,0.0,,,0.0,,
16782906,"zf,?{,ecx,eax,=,}",False,16782768,16782925,3,"cmove eax, ecx","cmove eax, ecx",0f44c1,cpu,cmov,False,2147483657,0,,,,,,,,
16782909,"eax,0x10,rbp,-,=[4]",True,16782768,16782925,3,"mov dword [rbp - 0x10], eax","mov dword [var_18h], eax",8945f0,cpu,mov,False,268435465,0,,,,,,,,
16782912,"0xc,rbp,-,[4],rax,=",True,16782768,16782925,3,"mov eax, dword [rbp - 0xc]","mov eax, dword [var_14h]",8b45f4,cpu,mov,False,9,0,,,,,,,,
16782915,"eax,0x8,rbp,-,=[4]",True,16782768,16782925,3,"mov dword [rbp - 8], eax","mov dword [var_10h], eax",8945f8,cpu,mov,False,268435465,0,,,,,,,,
16782918,"edx,0x4,rbp,-,=[4]",True,16782768,16782925,3,"mov dword [rbp - 4], edx","mov dword [var_ch], edx",8955fc,cpu,mov,False,268435465,0,,,,,,,,
16782921,"0x10015f4,rip,=",False,16782768,16782926,2,jmp 0x10015f4,jmp 0x10015f4,eba9,cpu,jmp,False,1,0,,,,16782836.0,,,"[{'addr': 16782836, 'type': 'CODE'}]",
16782923,"0xc,rbp,-,[4],rax,=",True,16782768,16782925,3,"mov eax, dword [rbp - 0xc]","mov eax, dword [var_14h]",8b45f4,cpu,mov,False,9,0,['case.0x10015f0.3'],"[{'addr': 16782832, 'type': 'CODE'}]",,,,,,
16782926,"rsp,[8],8,rsp,+=,rbp,=",False,16782768,16782927,1,pop rbp,pop rbp,5d,cpu,pop,False,14,0,,,,,,,,
16782927,"rsp,[8],rip,=,8,rsp,+=",False,16782768,16782927,1,ret,ret,c3,cpu,ret,False,5,0,,,,,,,,
