offset,esil,refptr,fcn_addr,fcn_last,size,opcode,disasm,bytes,family,type,reloc,type_num,type2_num,flags,xrefs_to,val,ptr,xrefs_from,jump,fail
16783712,"rbp,8,rsp,-,=[8],8,rsp,-=",False,16783712,16784100,1,push rbp,push rbp,55,cpu,rpush,False,268435468,0,['sym.render_mandelbrot'],"[{'addr': 16783667, 'type': 'CALL'}]",,,,,
16783713,"rsp,rbp,=",False,16783712,16784098,3,"mov rbp, rsp","mov rbp, rsp",4889e5,cpu,mov,False,9,0,,,,,,,
16783716,"80,rsp,-=,80,0x8000000000000000,-,!,63,$o,^,of,:=,63,$s,sf,:=,$z,zf,:=,$p,pf,:=,64,$b,cf,:=,3,$b,af,:=",False,16783712,16784097,4,"sub rsp, 0x50","sub rsp, 0x50",4883ec50,cpu,sub,False,18,0,,,80.0,,,,
16783720,"xmm0,xmm3,=",False,16783712,16784098,3,"movaps xmm3, xmm0","movaps xmm3, xmm0",0f28d8,sse,mov,False,9,0,,,,,,,
16783723,"0x12f3,rip,-,[8],xmm0,=",True,16783712,16784093,8,"movsd xmm0, qword [rip - 0x12f3]","movsd xmm0, qword [data.01000680]",f20f10050dedffff,sse,mov,False,9,0,,,,16778880.0,"[{'addr': 16778880, 'type': 'DATA'}]",,
16783731,,False,16783712,16784097,4,"divsd xmm0, xmm2","divsd xmm0, xmm2",f20f5ec2,sse,null,False,0,0,,,,,,,
16783735,"xmm3,xmm4,=",False,16783712,16784098,3,"movaps xmm4, xmm3","movaps xmm4, xmm3",0f28e3,sse,mov,False,9,0,,,,,,,
16783738,,False,16783712,16784097,4,"subsd xmm4, xmm0","subsd xmm4, xmm0",f20f5ce0,sse,null,False,0,0,,,,,,,
16783742,"xmm4,0x28,rbp,-,=[8]",True,16783712,16784096,5,"movsd qword [rbp - 0x28], xmm4","movsd qword [var_30h], xmm4",f20f1165d8,sse,mov,False,268435465,0,,,,,,,
16783747,"xmm3,xmm0,+=",False,16783712,16784097,4,"addsd xmm0, xmm3","addsd xmm0, xmm3",f20f58c3,sse,add,False,17,0,,,125.0,,,,
16783751,"xmm0,0x20,rbp,-,=[8]",True,16783712,16784096,5,"movsd qword [rbp - 0x20], xmm0","movsd qword [var_28h], xmm0",f20f1145e0,sse,mov,False,268435465,0,,,,,,,
16783756,"0x12fc,rip,-,[8],xmm0,=",True,16783712,16784093,8,"movsd xmm0, qword [rip - 0x12fc]","movsd xmm0, qword [data.01000698]",f20f100504edffff,sse,mov,False,9,0,,,,16778904.0,"[{'addr': 16778904, 'type': 'DATA'}]",,
16783764,,False,16783712,16784097,4,"divsd xmm0, xmm2","divsd xmm0, xmm2",f20f5ec2,sse,null,False,0,0,,,,,,,
16783768,"xmm1,xmm2,=",False,16783712,16784098,3,"movaps xmm2, xmm1","movaps xmm2, xmm1",0f28d1,sse,mov,False,9,0,,,,,,,
16783771,,False,16783712,16784097,4,"subsd xmm2, xmm0","subsd xmm2, xmm0",f20f5cd0,sse,null,False,0,0,,,,,,,
16783775,"xmm2,0x18,rbp,-,=[8]",True,16783712,16784096,5,"movsd qword [rbp - 0x18], xmm2","movsd qword [var_20h], xmm2",f20f1155e8,sse,mov,False,268435465,0,,,,,,,
16783780,"xmm1,xmm0,+=",False,16783712,16784097,4,"addsd xmm0, xmm1","addsd xmm0, xmm1",f20f58c1,sse,add,False,17,0,,,123.0,,,,
16783784,"xmm0,0x10,rbp,-,=[8]",True,16783712,16784096,5,"movsd qword [rbp - 0x10], xmm0","movsd qword [var_18h], xmm0",f20f1145f0,sse,mov,False,268435465,0,,,,,,,
16783789,"eax,rax,^,0xffffffff,&,rax,=,$z,zf,:=,$p,pf,:=,31,$s,sf,:=,0,cf,:=,0,of,:=",False,16783712,16784099,2,"xor eax, eax","xor eax, eax",31c0,cpu,xor,False,28,0,,,,,,,
16783791,"eax,0x4,rbp,-,=[4]",True,16783712,16784098,3,"mov dword [rbp - 4], eax","mov dword [var_ch], eax",8945fc,cpu,mov,False,268435465,0,,,,,,,
16783794,"0x10,rbp,-,[8],xmm4,=",True,16783712,16784096,5,"movsd xmm4, qword [rbp - 0x10]","movsd xmm4, qword [var_18h]",f20f1065f0,sse,mov,False,9,0,,"[{'addr': 16783889, 'type': 'CODE'}]",,,,,
16783799,"0x18,rbp,-,[8],xmm3,=",True,16783712,16784096,5,"movsd xmm3, qword [rbp - 0x18]","movsd xmm3, qword [var_20h]",f20f105de8,sse,mov,False,9,0,,,,,,,
16783804,"0x4,rbp,-,[4],rax,=",True,16783712,16784098,3,"mov eax, dword [rbp - 4]","mov eax, dword [var_ch]",8b45fc,cpu,mov,False,9,0,,,,,,,
16783807,"eax,0x3c,rbp,-,=[4]",True,16783712,16784098,3,"mov dword [rbp - 0x3c], eax","mov dword [c + 0x4], eax",8945c4,cpu,mov,False,268435465,0,,,,,,,
16783810,,False,16783712,16784097,4,"cvtsi2sd xmm0, eax","cvtsi2sd xmm0, eax",f20f2ac0,sse,null,False,0,0,,,,,,,
16783814,"xmm1,xmm1,^=,$z,zf,:=,$p,pf,:=,127,$s,sf,:=,0,cf,:=,0,of,:=",False,16783712,16784098,3,"xorps xmm1, xmm1","xorps xmm1, xmm1",0f57c9,sse,xor,False,28,0,,,,,,,
16783817,"0x1309,rip,-,[8],xmm2,=",True,16783712,16784093,8,"movsd xmm2, qword [rip - 0x1309]","movsd xmm2, qword [data.010006c8]",f20f1015f7ecffff,sse,mov,False,9,0,,,,16778952.0,"[{'addr': 16778952, 'type': 'DATA'}]",,
16783825,"16784112,rip,8,rsp,-=,rsp,=[],rip,=",False,16783712,16784096,5,call 0x1001af0,call sym.map,e81a010000,cpu,call,False,3,0,,,,,"[{'addr': 16784112, 'type': 'CALL'}]",16784112.0,16783830.0
16783830,"xmm0,0x38,rbp,-,=[8]",True,16783712,16784096,5,"movsd qword [rbp - 0x38], xmm0","movsd qword [var_40h], xmm0",f20f1145c8,sse,mov,False,268435465,0,,,,,,,
16783835,"eax,rax,^,0xffffffff,&,rax,=,$z,zf,:=,$p,pf,:=,31,$s,sf,:=,0,cf,:=,0,of,:=",False,16783712,16784099,2,"xor eax, eax","xor eax, eax",31c0,cpu,xor,False,28,0,,,,,,,
16783837,"eax,0x2c,rbp,-,=[4]",True,16783712,16784098,3,"mov dword [rbp - 0x2c], eax","mov dword [var_34h], eax",8945d4,cpu,mov,False,268435465,0,,,,,,,
16783840,"0x1001a13,rip,=",False,16783712,16784099,2,jmp 0x1001a13,jmp 0x1001a13,eb31,cpu,jmp,False,1,0,,,,,"[{'addr': 16783891, 'type': 'CODE'}]",16783891.0,
16783842,"80,rsp,+=,63,$o,of,:=,63,$s,sf,:=,$z,zf,:=,63,$c,cf,:=,$p,pf,:=,3,$c,af,:=",False,16783712,16784097,4,"add rsp, 0x50","add rsp, 0x50",4883c450,cpu,add,False,17,0,,,80.0,,,,
16783846,"rsp,[8],8,rsp,+=,rbp,=",False,16783712,16784100,1,pop rbp,pop rbp,5d,cpu,pop,False,14,0,,,,,,,
16783847,"rsp,[8],rip,=,8,rsp,+=",False,16783712,16784100,1,ret,ret,c3,cpu,ret,False,5,0,,,,,,,
16783848,"0x1b09,rip,+,[8],rax,=",True,16783712,16784094,7,"mov rax, qword [rip + 0x1b09]","mov rax, qword [reloc.stdout]",488b05091b0000,cpu,mov,False,9,0,,,,16790776.0,"[{'addr': 16790776, 'type': 'DATA'}]",,
16783855,"rax,[8],rsi,=",True,16783712,16784098,3,"mov rsi, qword [rax]","mov rsi, qword [rax]",488b30,cpu,mov,False,9,0,,,,,,,
16783858,"10,rdi,=",False,16783712,16784096,5,"mov edi, 0xa","mov edi, 0xa",bf0a000000,cpu,mov,False,9,0,,,10.0,,,,
16783863,"16786192,rip,8,rsp,-=,rsp,=[],rip,=",False,16783712,16784096,5,call 0x1002310,call sym.imp.putc,e814090000,cpu,call,False,3,0,,,,,"[{'addr': 16786192, 'type': 'CALL'}]",16786192.0,16783868.0
16783868,"0x3c,rbp,-,[4],rcx,=",True,16783712,16784098,3,"mov ecx, dword [rbp - 0x3c]","mov ecx, dword [c + 0x4]",8b4dc4,cpu,mov,False,9,0,,,,,,,
16783871,"ecx,rax,=",False,16783712,16784099,2,"mov eax, ecx","mov eax, ecx",89c8,cpu,mov,False,9,0,,,,,,,
16783873,"1,eax,|=,31,$s,sf,:=,$z,zf,:=,$p,pf,:=,0,of,:=,0,cf,:=",False,16783712,16784098,3,"or eax, 1","or eax, 1",83c801,cpu,or,False,26,0,,,1.0,,,,
16783876,"1,rax,&,0xffffffff,&,rax,=,$z,zf,:=,$p,pf,:=,31,$s,sf,:=,0,cf,:=,0,of,:=",False,16783712,16784098,3,"and eax, 1","and eax, 1",83e001,cpu,and,False,27,0,,,1.0,,,,
16783879,"ecx,eax,+=,31,$o,of,:=,31,$s,sf,:=,$z,zf,:=,31,$c,cf,:=,$p,pf,:=,3,$c,af,:=",False,16783712,16784099,2,"add eax, ecx","add eax, ecx",01c8,cpu,add,False,17,0,,,,,,,
16783881,"40,eax,==,$z,zf,:=,32,$b,cf,:=,$p,pf,:=,31,$s,sf,:=,40,0x80000000,-,!,31,$o,^,of,:=,3,$b,af,:=",False,16783712,16784098,3,"cmp eax, 0x28","cmp eax, 0x28",83f828,cpu,cmp,False,15,0,,,40.0,40.0,,,
16783884,"eax,0x4,rbp,-,=[4]",True,16783712,16784098,3,"mov dword [rbp - 4], eax","mov dword [var_ch], eax",8945fc,cpu,mov,False,268435465,0,,,,,,,
16783887,"zf,?{,16783842,rip,=,}",False,16783712,16784099,2,je 0x10019e2,je 0x10019e2,74d1,cpu,cjmp,False,2147483649,0,,,,,,16783842.0,16783889.0
16783889,"0x10019b2,rip,=",False,16783712,16784099,2,jmp 0x10019b2,jmp 0x10019b2,eb9f,cpu,jmp,False,1,0,,,,,"[{'addr': 16783794, 'type': 'CODE'}]",16783794.0,
16783891,"0x20,rbp,-,[8],xmm4,=",True,16783712,16784096,5,"movsd xmm4, qword [rbp - 0x20]","movsd xmm4, qword [var_28h]",f20f1065e0,sse,mov,False,9,0,,"[{'addr': 16783840, 'type': 'CODE'}, {'addr': 16784096, 'type': 'CODE'}]",,,,,
16783896,"0x28,rbp,-,[8],xmm3,=",True,16783712,16784096,5,"movsd xmm3, qword [rbp - 0x28]","movsd xmm3, qword [var_30h]",f20f105dd8,sse,mov,False,9,0,,,,,,,
16783901,"0x2c,rbp,-,[4],rax,=",True,16783712,16784098,3,"mov eax, dword [rbp - 0x2c]","mov eax, dword [var_34h]",8b45d4,cpu,mov,False,9,0,,,,,,,
16783904,"eax,0x48,rbp,-,=[4]",True,16783712,16784098,3,"mov dword [rbp - 0x48], eax","mov dword [var_50h], eax",8945b8,cpu,mov,False,268435465,0,,,,,,,
16783907,,False,16783712,16784097,4,"cvtsi2sd xmm0, eax","cvtsi2sd xmm0, eax",f20f2ac0,sse,null,False,0,0,,,,,,,
16783911,"xmm1,xmm1,^=,$z,zf,:=,$p,pf,:=,127,$s,sf,:=,0,cf,:=,0,of,:=",False,16783712,16784098,3,"xorps xmm1, xmm1","xorps xmm1, xmm1",0f57c9,sse,xor,False,28,0,,,,,,,
16783914,"0x1392,rip,-,[8],xmm2,=",True,16783712,16784093,8,"movsd xmm2, qword [rip - 0x1392]","movsd xmm2, qword [data.010006a0]",f20f10156eecffff,sse,mov,False,9,0,,,,16778912.0,"[{'addr': 16778912, 'type': 'DATA'}]",,
16783922,"16784112,rip,8,rsp,-=,rsp,=[],rip,=",False,16783712,16784096,5,call 0x1001af0,call sym.map,e8b9000000,cpu,call,False,3,0,,,,,"[{'addr': 16784112, 'type': 'CALL'}]",16784112.0,16783927.0
16783927,"0x38,rbp,-,[8],xmm1,=",True,16783712,16784096,5,"movsd xmm1, qword [rbp - 0x38]","movsd xmm1, qword [var_40h]",f20f104dc8,sse,mov,False,9,0,,,,,,,
16783932,"16784144,rip,8,rsp,-=,rsp,=[],rip,=",False,16783712,16784096,5,call 0x1001b10,call sym.mandelbrot,e8cf000000,cpu,call,False,3,0,,,,,"[{'addr': 16784144, 'type': 'CALL'}]",16784144.0,16783937.0
16783937,"eax,rcx,=",False,16783712,16784099,2,"mov ecx, eax","mov ecx, eax",89c1,cpu,mov,False,9,0,,,,,,,
16783939,"ecx,0x44,rbp,-,=[4]",True,16783712,16784098,3,"mov dword [rbp - 0x44], ecx","mov dword [var_4ch], ecx",894dbc,cpu,mov,False,268435465,0,,,,,,,
16783942,"64,rax,=",False,16783712,16784096,5,"mov eax, 0x40","mov eax, 0x40",b840000000,cpu,mov,False,9,0,,,64.0,64.0,,,
16783947,"100000,ecx,==,$z,zf,:=,32,$b,cf,:=,$p,pf,:=,31,$s,sf,:=,100000,0x80000000,-,!,31,$o,^,of,:=,3,$b,af,:=",False,16783712,16784095,6,"cmp ecx, 0x186a0","cmp ecx, 0x186a0",81f9a0860100,cpu,cmp,False,15,0,,,100000.0,100000.0,,,
16783953,"eax,0x40,rbp,-,=[4]",True,16783712,16784098,3,"mov dword [rbp - 0x40], eax","mov dword [c], eax",8945c0,cpu,mov,False,268435465,0,,,,,,,
16783956,"zf,?{,16784010,rip,=,}",False,16783712,16784099,2,je 0x1001a8a,je 0x1001a8a,7434,cpu,cjmp,False,2147483649,0,,,,,,16784010.0,16783958.0
16783958,"0x44,rbp,-,[4],rax,=",True,16783712,16784098,3,"mov eax, dword [rbp - 0x44]","mov eax, dword [var_4ch]",8b45bc,cpu,mov,False,9,0,,,,,,,
16783961,,False,16783712,16784097,4,"cvtsi2sd xmm0, eax","cvtsi2sd xmm0, eax",f20f2ac0,sse,null,False,0,0,,,,,,,
16783965,"0x13ad,rip,-,[8],xmm1,=",True,16783712,16784093,8,"movsd xmm1, qword [rip - 0x13ad]","movsd xmm1, qword [data.010006b8]",f20f100d53ecffff,sse,mov,False,9,0,,,,16778936.0,"[{'addr': 16778936, 'type': 'DATA'}]",,
16783973,,False,16783712,16784097,4,"divsd xmm0, xmm1","divsd xmm0, xmm1",f20f5ec1,sse,null,False,0,0,,,,,,,
16783977,"0x13e9,rip,-,[8],xmm1,=",True,16783712,16784093,8,"movsd xmm1, qword [rip - 0x13e9]","movsd xmm1, qword [data.01000688]",f20f100d17ecffff,sse,mov,False,9,0,,,,16778888.0,"[{'addr': 16778888, 'type': 'DATA'}]",,
16783985,"xmm1,xmm0,*=",False,16783712,16784097,4,"mulsd xmm0, xmm1","mulsd xmm0, xmm1",f20f59c1,sse,mul,False,20,0,,,,,,,
16783989,,False,16783712,16784097,4,"cvttsd2si eax, xmm0","cvttsd2si eax, xmm0",f20f2cc0,sse,null,False,0,0,,,,,,,
16783993,"32,eax,~,rcx,=",False,16783712,16784098,3,"movsxd rcx, eax","movsxd rcx, eax",4863c8,cpu,mov,False,9,0,,,,,,,
16783996,"0x1328,rip,-,rax,=",True,16783712,16784094,7,"lea rax, [rip - 0x1328]","lea rax, str.._oO0Oo_.",488d05d8ecffff,cpu,lea,False,33,0,,,,16779099.0,"[{'addr': 16779099, 'type': 'DATA'}]",,
16784003,"8,rcx,rax,+,[1],~,rax,=",True,16783712,16784097,4,"movsx eax, byte [rax + rcx]","movsx eax, byte [rax + rcx]",0fbe0408,cpu,mov,False,9,0,,,,,,,
16784007,"eax,0x40,rbp,-,=[4]",True,16783712,16784098,3,"mov dword [rbp - 0x40], eax","mov dword [c], eax",8945c0,cpu,mov,False,268435465,0,,,,,,,
16784010,"0x40,rbp,-,[4],rdi,=",True,16783712,16784098,3,"mov edi, dword [rbp - 0x40]","mov edi, dword [c]",8b7dc0,cpu,mov,False,9,0,,,,,,,
16784013,"0x1a64,rip,+,[8],rax,=",True,16783712,16784094,7,"mov rax, qword [rip + 0x1a64]","mov rax, qword [reloc.stdout]",488b05641a0000,cpu,mov,False,9,0,,,,16790776.0,"[{'addr': 16790776, 'type': 'DATA'}]",,
16784020,"rax,[8],rsi,=",True,16783712,16784098,3,"mov rsi, qword [rax]","mov rsi, qword [rax]",488b30,cpu,mov,False,9,0,,,,,,,
16784023,"16786192,rip,8,rsp,-=,rsp,=[],rip,=",False,16783712,16784096,5,call 0x1002310,call sym.imp.putc,e874080000,cpu,call,False,3,0,,,,,"[{'addr': 16786192, 'type': 'CALL'}]",16786192.0,16784028.0
16784028,"0x48,rbp,-,[4],rdx,=",True,16783712,16784098,3,"mov edx, dword [rbp - 0x48]","mov edx, dword [var_50h]",8b55b8,cpu,mov,False,9,0,,,,,,,
16784031,"edx,rcx,=",False,16783712,16784099,2,"mov ecx, edx","mov ecx, edx",89d1,cpu,mov,False,9,0,,,,,,,
16784033,"4294967295,rcx,^,0xffffffff,&,rcx,=,$z,zf,:=,$p,pf,:=,31,$s,sf,:=,0,cf,:=,0,of,:=",False,16783712,16784098,3,"xor ecx, 0xffffffff","xor ecx, 0xffffffff",83f1ff,cpu,xor,False,28,0,,,4294967295.0,4294967295.0,,,
16784036,"edx,rax,=",False,16783712,16784099,2,"mov eax, edx","mov eax, edx",89d0,cpu,mov,False,9,0,,,,,,,
16784038,"4294967294,rax,^,0xffffffff,&,rax,=,$z,zf,:=,$p,pf,:=,31,$s,sf,:=,0,cf,:=,0,of,:=",False,16783712,16784096,5,"xor eax, 0xfffffffe","xor eax, 0xfffffffe",35feffffff,cpu,xor,False,28,0,,,4294967294.0,4294967294.0,,,
16784043,"1,rax,^,0xffffffff,&,rax,=,$z,zf,:=,$p,pf,:=,31,$s,sf,:=,0,cf,:=,0,of,:=",False,16783712,16784098,3,"xor eax, 1","xor eax, 1",83f001,cpu,xor,False,28,0,,,1.0,,,,
16784046,"edx,rsi,=",False,16783712,16784099,2,"mov esi, edx","mov esi, edx",89d6,cpu,mov,False,9,0,,,,,,,
16784048,"esi,esi,|=,31,$s,sf,:=,$z,zf,:=,$p,pf,:=,0,of,:=,0,cf,:=",False,16783712,16784099,2,"or esi, esi","or esi, esi",09f6,cpu,or,False,26,0,,,,,,,
16784050,"edx,rdi,=",False,16783712,16784099,2,"mov edi, edx","mov edi, edx",89d7,cpu,mov,False,9,0,,,,,,,
16784052,"1,rdi,&,0xffffffff,&,rdi,=,$z,zf,:=,$p,pf,:=,31,$s,sf,:=,0,cf,:=,0,of,:=",False,16783712,16784098,3,"and edi, 1","and edi, 1",83e701,cpu,and,False,27,0,,,1.0,,,,
16784055,"edx,r8,=",False,16783712,16784098,3,"mov r8d, edx","mov r8d, edx",4189d0,cpu,mov,False,9,0,,,,,,,
16784058,"r8d,r8,^,0xffffffff,&,r8,=,$z,zf,:=,$p,pf,:=,31,$s,sf,:=,0,cf,:=,0,of,:=",False,16783712,16784098,3,"xor r8d, r8d","xor r8d, r8d",4531c0,cpu,xor,False,28,0,,,,,,,
16784061,"r8d,edi,|=,31,$s,sf,:=,$z,zf,:=,$p,pf,:=,0,of,:=,0,cf,:=",False,16783712,16784098,3,"or edi, r8d","or edi, r8d",4409c7,cpu,or,False,26,0,,,,,,,
16784064,"4294967295,rdi,^,0xffffffff,&,rdi,=,$z,zf,:=,$p,pf,:=,31,$s,sf,:=,0,cf,:=,0,of,:=",False,16783712,16784098,3,"xor edi, 0xffffffff","xor edi, 0xffffffff",83f7ff,cpu,xor,False,28,0,,,4294967295.0,4294967295.0,,,
16784067,"edi,rsi,^,0xffffffff,&,rsi,=,$z,zf,:=,$p,pf,:=,31,$s,sf,:=,0,cf,:=,0,of,:=",False,16783712,16784099,2,"xor esi, edi","xor esi, edi",31fe,cpu,xor,False,28,0,,,,,,,
16784069,"esi,rax,^,0xffffffff,&,rax,=,$z,zf,:=,$p,pf,:=,31,$s,sf,:=,0,cf,:=,0,of,:=",False,16783712,16784099,2,"xor eax, esi","xor eax, esi",31f0,cpu,xor,False,28,0,,,,,,,
16784071,"ecx,rcx,^,0xffffffff,&,rcx,=,$z,zf,:=,$p,pf,:=,31,$s,sf,:=,0,cf,:=,0,of,:=",False,16783712,16784099,2,"xor ecx, ecx","xor ecx, ecx",31c9,cpu,xor,False,28,0,,,,,,,
16784073,"1,ecx,|=,31,$s,sf,:=,$z,zf,:=,$p,pf,:=,0,of,:=,0,cf,:=",False,16783712,16784098,3,"or ecx, 1","or ecx, 1",83c901,cpu,or,False,26,0,,,1.0,,,,
16784076,"edx,ecx,|=,31,$s,sf,:=,$z,zf,:=,$p,pf,:=,0,of,:=,0,cf,:=",False,16783712,16784099,2,"or ecx, edx","or ecx, edx",09d1,cpu,or,False,26,0,,,,,,,
16784078,"edx,ecx,|=,31,$s,sf,:=,$z,zf,:=,$p,pf,:=,0,of,:=,0,cf,:=",False,16783712,16784099,2,"or ecx, edx","or ecx, edx",09d1,cpu,or,False,26,0,,,,,,,
16784080,"edx,ecx,|=,31,$s,sf,:=,$z,zf,:=,$p,pf,:=,0,of,:=,0,cf,:=",False,16783712,16784099,2,"or ecx, edx","or ecx, edx",09d1,cpu,or,False,26,0,,,,,,,
16784082,"ecx,eax,+=,31,$o,of,:=,31,$s,sf,:=,$z,zf,:=,31,$c,cf,:=,$p,pf,:=,3,$c,af,:=",False,16783712,16784099,2,"add eax, ecx","add eax, ecx",01c8,cpu,add,False,17,0,,,,,,,
16784084,"120,eax,==,$z,zf,:=,32,$b,cf,:=,$p,pf,:=,31,$s,sf,:=,120,0x80000000,-,!,31,$o,^,of,:=,3,$b,af,:=",False,16783712,16784098,3,"cmp eax, 0x78","cmp eax, 0x78",83f878,cpu,cmp,False,15,0,,,120.0,120.0,,,
16784087,"eax,0x2c,rbp,-,=[4]",True,16783712,16784098,3,"mov dword [rbp - 0x2c], eax","mov dword [var_34h], eax",8945d4,cpu,mov,False,268435465,0,,,,,,,
16784090,"zf,?{,16783848,rip,=,}",False,16783712,16784095,6,je 0x10019e8,je 0x10019e8,0f8408ffffff,cpu,cjmp,False,2147483649,0,,,,,,16783848.0,16784096.0
16784096,"0x1001a13,rip,=",False,16783712,16784096,5,jmp 0x1001a13,jmp 0x1001a13,e92effffff,cpu,jmp,False,1,0,,,,,"[{'addr': 16783891, 'type': 'CODE'}]",16783891.0,
