offset,esil,refptr,fcn_addr,fcn_last,size,opcode,disasm,bytes,family,type,reloc,type_num,type2_num,flags,xrefs_to,jump,xrefs_from,val,ptr,fail
16784144,"rbp,8,rsp,-,=[8],8,rsp,-=",False,16784144,16784332,1,push rbp,push rbp,55,cpu,rpush,False,268435468,0,['sym.mandelbrot'],"[{'addr': 16783932, 'type': 'CALL'}]",,,,,
16784145,"rsp,rbp,=",False,16784144,16784330,3,"mov rbp, rsp","mov rbp, rsp",4889e5,cpu,mov,False,9,0,,,,,,,
16784148,"xmm0,0x30,rbp,-,=[8]",True,16784144,16784328,5,"movsd qword [rbp - 0x30], xmm0","movsd qword [var_38h], xmm0",f20f1145d0,sse,mov,False,268435465,0,,,,,,,
16784153,"xmm1,0x28,rbp,-,=[8]",True,16784144,16784328,5,"movsd qword [rbp - 0x28], xmm1","movsd qword [var_30h], xmm1",f20f114dd8,sse,mov,False,268435465,0,,,,,,,
16784158,"xmm0,xmm0,^=,$z,zf,:=,$p,pf,:=,127,$s,sf,:=,0,cf,:=,0,of,:=",False,16784144,16784330,3,"xorps xmm0, xmm0","xorps xmm0, xmm0",0f57c0,sse,xor,False,28,0,,,,,,,
16784161,"eax,rax,^,0xffffffff,&,rax,=,$z,zf,:=,$p,pf,:=,31,$s,sf,:=,0,cf,:=,0,of,:=",False,16784144,16784331,2,"xor eax, eax","xor eax, eax",31c0,cpu,xor,False,28,0,,,,,,,
16784163,"xmm0,xmm1,=",False,16784144,16784330,3,"movaps xmm1, xmm0","movaps xmm1, xmm0",0f28c8,sse,mov,False,9,0,,,,,,,
16784166,"xmm1,0x20,rbp,-,=[8]",True,16784144,16784328,5,"movsd qword [rbp - 0x20], xmm1","movsd qword [var_28h], xmm1",f20f114de0,sse,mov,False,268435465,0,,,,,,,
16784171,"eax,0x14,rbp,-,=[4]",True,16784144,16784330,3,"mov dword [rbp - 0x14], eax","mov dword [var_1ch], eax",8945ec,cpu,mov,False,268435465,0,,,,,,,
16784174,"xmm0,xmm1,=",False,16784144,16784330,3,"movaps xmm1, xmm0","movaps xmm1, xmm0",0f28c8,sse,mov,False,9,0,,,,,,,
16784177,"xmm1,0x10,rbp,-,=[8]",True,16784144,16784328,5,"movsd qword [rbp - 0x10], xmm1","movsd qword [var_18h], xmm1",f20f114df0,sse,mov,False,268435465,0,,,,,,,
16784182,"xmm0,0x8,rbp,-,=[8]",True,16784144,16784328,5,"movsd qword [rbp - 8], xmm0","movsd qword [var_10h], xmm0",f20f1145f8,sse,mov,False,268435465,0,,,,,,,
16784187,"0x1001b3d,rip,=",False,16784144,16784331,2,jmp 0x1001b3d,jmp 0x1001b3d,eb00,cpu,jmp,False,1,0,,,16784189.0,"[{'addr': 16784189, 'type': 'CODE'}]",,,
16784189,"0x8,rbp,-,[8],xmm3,=",True,16784144,16784328,5,"movsd xmm3, qword [rbp - 8]","movsd xmm3, qword [var_10h]",f20f105df8,sse,mov,False,9,0,,"[{'addr': 16784187, 'type': 'CODE'}]",,,,,
16784194,"0x10,rbp,-,[8],xmm0,=",True,16784144,16784328,5,"movsd xmm0, qword [rbp - 0x10]","movsd xmm0, qword [var_18h]",f20f1045f0,sse,mov,False,9,0,,,,,,,
16784199,"0x14,rbp,-,[4],rdx,=",True,16784144,16784330,3,"mov edx, dword [rbp - 0x14]","mov edx, dword [var_1ch]",8b55ec,cpu,mov,False,9,0,,,,,,,
16784202,"0x20,rbp,-,[8],xmm5,=",True,16784144,16784328,5,"movsd xmm5, qword [rbp - 0x20]","movsd xmm5, qword [var_28h]",f20f106de0,sse,mov,False,9,0,,,,,,,
16784207,"0x28,rbp,-,[8],xmm2,=",True,16784144,16784328,5,"movsd xmm2, qword [rbp - 0x28]","movsd xmm2, qword [var_30h]",f20f1055d8,sse,mov,False,9,0,,,,,,,
16784212,"0x30,rbp,-,[8],xmm4,=",True,16784144,16784328,5,"movsd xmm4, qword [rbp - 0x30]","movsd xmm4, qword [var_38h]",f20f1065d0,sse,mov,False,9,0,,,,,,,
16784217,"xmm0,xmm1,=",False,16784144,16784330,3,"movaps xmm1, xmm0","movaps xmm1, xmm0",0f28c8,sse,mov,False,9,0,,,,,,,
16784220,"xmm1,xmm1,*=",False,16784144,16784329,4,"mulsd xmm1, xmm1","mulsd xmm1, xmm1",f20f59c9,sse,mul,False,20,0,,,,,,,
16784224,,False,16784144,16784329,4,"subsd xmm1, xmm5","subsd xmm1, xmm5",f20f5ccd,sse,null,False,0,0,,,,,,,
16784228,"xmm4,xmm1,+=",False,16784144,16784329,4,"addsd xmm1, xmm4","addsd xmm1, xmm4",f20f58cc,sse,add,False,17,0,,,,,126.0,,
16784232,"xmm0,xmm0,+=",False,16784144,16784329,4,"addsd xmm0, xmm0","addsd xmm0, xmm0",f20f58c0,sse,add,False,17,0,,,,,122.0,,
16784236,"xmm3,xmm0,*=",False,16784144,16784329,4,"mulsd xmm0, xmm3","mulsd xmm0, xmm3",f20f59c3,sse,mul,False,20,0,,,,,,,
16784240,"xmm2,xmm0,+=",False,16784144,16784329,4,"addsd xmm0, xmm2","addsd xmm0, xmm2",f20f58c2,sse,add,False,17,0,,,,,124.0,,
16784244,"edx,rax,=",False,16784144,16784331,2,"mov eax, edx","mov eax, edx",89d0,cpu,mov,False,9,0,,,,,,,
16784246,"4294967294,eax,|=,31,$s,sf,:=,$z,zf,:=,$p,pf,:=,0,of,:=,0,cf,:=",False,16784144,16784330,3,"or eax, 0xfffffffe","or eax, 0xfffffffe",83c8fe,cpu,or,False,26,0,,,,,4294967294.0,4294967294.0,
16784249,"edx,rax,&,0xffffffff,&,rax,=,$z,zf,:=,$p,pf,:=,31,$s,sf,:=,0,cf,:=,0,of,:=",False,16784144,16784331,2,"and eax, edx","and eax, edx",21d0,cpu,and,False,27,0,,,,,,,
16784251,"1,eax,+=,31,$o,of,:=,31,$s,sf,:=,$z,zf,:=,31,$c,cf,:=,$p,pf,:=,3,$c,af,:=",False,16784144,16784330,3,"add eax, 1","add eax, 1",83c001,cpu,add,False,17,0,,,,,1.0,,
16784254,"eax,0x34,rbp,-,=[4]",True,16784144,16784330,3,"mov dword [rbp - 0x34], eax","mov dword [var_3ch], eax",8945cc,cpu,mov,False,268435465,0,,,,,,,
16784257,"xmm0,xmm2,=",False,16784144,16784330,3,"movaps xmm2, xmm0","movaps xmm2, xmm0",0f28d0,sse,mov,False,9,0,,,,,,,
16784260,"xmm2,xmm2,*=",False,16784144,16784329,4,"mulsd xmm2, xmm2","mulsd xmm2, xmm2",f20f59d2,sse,mul,False,20,0,,,,,,,
16784264,"xmm1,xmm4,=",False,16784144,16784330,3,"movaps xmm4, xmm1","movaps xmm4, xmm1",0f28e1,sse,mov,False,9,0,,,,,,,
16784267,"xmm4,xmm4,*=",False,16784144,16784329,4,"mulsd xmm4, xmm4","mulsd xmm4, xmm4",f20f59e4,sse,mul,False,20,0,,,,,,,
16784271,"xmm2,xmm4,+=",False,16784144,16784329,4,"addsd xmm4, xmm2","addsd xmm4, xmm2",f20f58e2,sse,add,False,17,0,,,,,124.0,,
16784275,"0x1523,rip,-,[8],xmm3,=",True,16784144,16784325,8,"movsd xmm3, qword [rip - 0x1523]","movsd xmm3, qword [data.01000678]",f20f101dddeaffff,sse,mov,False,9,0,,,,"[{'addr': 16778872, 'type': 'DATA'}]",,16778872.0,
16784283,,False,16784144,16784329,4,"ucomisd xmm3, xmm4","ucomisd xmm3, xmm4",660f2edc,sse,null,False,0,0,,,,,,,
16784287,"cf,!,cl,=",False,16784144,16784330,3,setae cl,setae cl,0f93c1,cpu,cmov,False,2147483657,0,,,,,,,
16784290,"99999,edx,-=,99999,0x80000000,-,!,31,$o,^,of,:=,31,$s,sf,:=,$z,zf,:=,$p,pf,:=,32,$b,cf,:=,3,$b,af,:=",False,16784144,16784327,6,"sub edx, 0x1869f","sub edx, 0x1869f",81ea9f860100,cpu,sub,False,18,0,,,,,99999.0,99999.0,
16784296,"cf,dl,=",False,16784144,16784330,3,setb dl,setb dl,0f92c2,cpu,cmov,False,2147483657,0,,,,,,,
16784299,"dl,cl,&=,$z,zf,:=,$p,pf,:=,7,$s,sf,:=,0,cf,:=,0,of,:=",False,16784144,16784331,2,"and cl, dl","and cl, dl",20d1,cpu,and,False,27,0,,,,,,,
16784301,"0,1,cl,&,==,$z,zf,:=,$p,pf,:=,7,$s,sf,:=,0,cf,:=,0,of,:=",False,16784144,16784330,3,"test cl, 1","test cl, 1",f6c101,cpu,acmp,False,16,0,,,,,1.0,1.0,
16784304,"xmm2,0x20,rbp,-,=[8]",True,16784144,16784328,5,"movsd qword [rbp - 0x20], xmm2","movsd qword [var_28h], xmm2",f20f1155e0,sse,mov,False,268435465,0,,,,,,,
16784309,"eax,0x14,rbp,-,=[4]",True,16784144,16784330,3,"mov dword [rbp - 0x14], eax","mov dword [var_1ch], eax",8945ec,cpu,mov,False,268435465,0,,,,,,,
16784312,"xmm1,0x10,rbp,-,=[8]",True,16784144,16784328,5,"movsd qword [rbp - 0x10], xmm1","movsd qword [var_18h], xmm1",f20f114df0,sse,mov,False,268435465,0,,,,,,,
16784317,"xmm0,0x8,rbp,-,=[8]",True,16784144,16784328,5,"movsd qword [rbp - 8], xmm0","movsd qword [var_10h], xmm0",f20f1145f8,sse,mov,False,268435465,0,,,,,,,
16784322,"zf,!,?{,16784189,rip,=,}",False,16784144,16784327,6,jne 0x1001b3d,jne 0x1001b3d,0f8575ffffff,cpu,cjmp,False,2147483649,0,,,16784189.0,,,,16784328.0
16784328,"0x34,rbp,-,[4],rax,=",True,16784144,16784330,3,"mov eax, dword [rbp - 0x34]","mov eax, dword [var_3ch]",8b45cc,cpu,mov,False,9,0,,,,,,,
16784331,"rsp,[8],8,rsp,+=,rbp,=",False,16784144,16784332,1,pop rbp,pop rbp,5d,cpu,pop,False,14,0,,,,,,,
16784332,"rsp,[8],rip,=,8,rsp,+=",False,16784144,16784332,1,ret,ret,c3,cpu,ret,False,5,0,,,,,,,
