offset,esil,refptr,fcn_addr,fcn_last,size,opcode,disasm,bytes,family,type,reloc,type_num,type2_num,flags,xrefs_to,val,jump,xrefs_from,ptr,fail
16784336,"rbp,8,rsp,-,=[8],8,rsp,-=",False,16784336,16784723,1,push rbp,push rbp,55,cpu,rpush,False,268435468,0,['sym.complex_math_operations'],"[{'addr': 16783684, 'type': 'CALL'}]",,,,,
16784337,"rsp,rbp,=",False,16784336,16784721,3,"mov rbp, rsp","mov rbp, rsp",4889e5,cpu,mov,False,9,0,,,,,,,
16784340,"112,rsp,-=,112,0x8000000000000000,-,!,63,$o,^,of,:=,63,$s,sf,:=,$z,zf,:=,$p,pf,:=,64,$b,cf,:=,3,$b,af,:=",False,16784336,16784720,4,"sub rsp, 0x70","sub rsp, 0x70",4883ec70,cpu,sub,False,18,0,,,112.0,,,,
16784344,"xmm0,xmm0,^=,$z,zf,:=,$p,pf,:=,127,$s,sf,:=,0,cf,:=,0,of,:=",False,16784336,16784721,3,"xorps xmm0, xmm0","xorps xmm0, xmm0",0f57c0,sse,xor,False,28,0,,,,,,,
16784347,"eax,rax,^,0xffffffff,&,rax,=,$z,zf,:=,$p,pf,:=,31,$s,sf,:=,0,cf,:=,0,of,:=",False,16784336,16784722,2,"xor eax, eax","xor eax, eax",31c0,cpu,xor,False,28,0,,,,,,,
16784349,"xmm0,0x10,rbp,-,=[8]",True,16784336,16784719,5,"movsd qword [rbp - 0x10], xmm0","movsd qword [var_18h], xmm0",f20f1145f0,sse,mov,False,268435465,0,,,,,,,
16784354,"eax,0x4,rbp,-,=[4]",True,16784336,16784721,3,"mov dword [rbp - 4], eax","mov dword [var_ch], eax",8945fc,cpu,mov,False,268435465,0,,,,,,,
16784357,"0x1001bff,rip,=",False,16784336,16784722,2,jmp 0x1001bff,jmp 0x1001bff,eb18,cpu,jmp,False,1,0,,,,16784383.0,"[{'addr': 16784383, 'type': 'CODE'}]",,
16784359,"0x18,rbp,-,[8],xmm0,=",True,16784336,16784719,5,"movsd xmm0, qword [rbp - 0x18]","movsd xmm0, qword [var_20h]",f20f1045e8,sse,mov,False,9,0,,,,,,,
16784364,"0x1503,rip,-,rdi,=",True,16784336,16784717,7,"lea rdi, [rip - 0x1503]","lea rdi, str.Complex_math_sum:__.15f",488d3dfdeaffff,cpu,lea,False,33,0,,,,,"[{'addr': 16778992, 'type': 'DATA'}]",16778992.0,
16784371,"1,al,=",False,16784336,16784722,2,"mov al, 1","mov al, 1",b001,cpu,mov,False,9,0,,,1.0,,,,
16784373,"112,rsp,+=,63,$o,of,:=,63,$s,sf,:=,$z,zf,:=,63,$c,cf,:=,$p,pf,:=,3,$c,af,:=",False,16784336,16784720,4,"add rsp, 0x70","add rsp, 0x70",4883c470,cpu,add,False,17,0,,,112.0,,,,
16784377,"rsp,[8],8,rsp,+=,rbp,=",False,16784336,16784723,1,pop rbp,pop rbp,5d,cpu,pop,False,14,0,,,,,,,
16784378,"0x1002320,rip,=",False,16784336,16784719,5,jmp 0x1002320,jmp sym.imp.printf,e921070000,cpu,jmp,False,1,0,,,,16786208.0,"[{'addr': 16786208, 'type': 'CODE'}]",,
16784383,"0x4,rbp,-,[4],rax,=",True,16784336,16784721,3,"mov eax, dword [rbp - 4]","mov eax, dword [var_ch]",8b45fc,cpu,mov,False,9,0,,"[{'addr': 16784357, 'type': 'CODE'}, {'addr': 16784719, 'type': 'CODE'}]",,,,,
16784386,"0x10,rbp,-,[8],xmm0,=",True,16784336,16784719,5,"movsd xmm0, qword [rbp - 0x10]","movsd xmm0, qword [var_18h]",f20f1045f0,sse,mov,False,9,0,,,,,,,
16784391,"eax,0x24,rbp,-,=[4]",True,16784336,16784721,3,"mov dword [rbp - 0x24], eax","mov dword [var_2ch], eax",8945dc,cpu,mov,False,268435465,0,,,,,,,
16784394,"xmm0,0x20,rbp,-,=[8]",True,16784336,16784719,5,"movsd qword [rbp - 0x20], xmm0","movsd qword [var_28h], xmm0",f20f1145e0,sse,mov,False,268435465,0,,,,,,,
16784399,,False,16784336,16784720,4,"cvtsi2sd xmm0, eax","cvtsi2sd xmm0, eax",f20f2ac0,sse,null,False,0,0,,,,,,,
16784403,"0x154b,rip,-,[8],xmm1,=",True,16784336,16784716,8,"movsd xmm1, qword [rip - 0x154b]","movsd xmm1, qword [data.010006d0]",f20f100db5eaffff,sse,mov,False,9,0,,,,,"[{'addr': 16778960, 'type': 'DATA'}]",16778960.0,
16784411,"xmm1,xmm0,*=",False,16784336,16784720,4,"mulsd xmm0, xmm1","mulsd xmm0, xmm1",f20f59c1,sse,mul,False,20,0,,,,,,,
16784415,"0x157f,rip,-,[8],xmm1,=",True,16784336,16784716,8,"movsd xmm1, qword [rip - 0x157f]","movsd xmm1, qword [data.010006a8]",f20f100d81eaffff,sse,mov,False,9,0,,,,,"[{'addr': 16778920, 'type': 'DATA'}]",16778920.0,
16784423,,False,16784336,16784720,4,"divsd xmm0, xmm1","divsd xmm0, xmm1",f20f5ec1,sse,null,False,0,0,,,,,,,
16784427,"xmm0,0x40,rbp,-,=[8]",True,16784336,16784719,5,"movsd qword [rbp - 0x40], xmm0","movsd qword [var_48h], xmm0",f20f1145c0,sse,mov,False,268435465,0,,,,,,,
16784432,"16786224,rip,8,rsp,-=,rsp,=[],rip,=",False,16784336,16784719,5,call 0x1002330,call sym.imp.sin,e8fb060000,cpu,call,False,3,0,,,,16786224.0,"[{'addr': 16786224, 'type': 'CALL'}]",,16784437.0
16784437,"xmm0,xmm1,=",False,16784336,16784721,3,"movaps xmm1, xmm0","movaps xmm1, xmm0",0f28c8,sse,mov,False,9,0,,,,,,,
16784440,"0x40,rbp,-,[8],xmm0,=",True,16784336,16784719,5,"movsd xmm0, qword [rbp - 0x40]","movsd xmm0, qword [var_48h]",f20f1045c0,sse,mov,False,9,0,,,,,,,
16784445,"xmm1,0x68,rbp,-,=[8]",True,16784336,16784719,5,"movsd qword [rbp - 0x68], xmm1","movsd qword [var_70h], xmm1",f20f114d98,sse,mov,False,268435465,0,,,,,,,
16784450,"16786240,rip,8,rsp,-=,rsp,=[],rip,=",False,16784336,16784719,5,call 0x1002340,call sym.imp.cos,e8f9060000,cpu,call,False,3,0,,,,16786240.0,"[{'addr': 16786240, 'type': 'CALL'}]",,16784455.0
16784455,"xmm0,xmm1,=",False,16784336,16784721,3,"movaps xmm1, xmm0","movaps xmm1, xmm0",0f28c8,sse,mov,False,9,0,,,,,,,
16784458,"0x40,rbp,-,[8],xmm0,=",True,16784336,16784719,5,"movsd xmm0, qword [rbp - 0x40]","movsd xmm0, qword [var_48h]",f20f1045c0,sse,mov,False,9,0,,,,,,,
16784463,"xmm1,0x60,rbp,-,=[8]",True,16784336,16784719,5,"movsd qword [rbp - 0x60], xmm1","movsd qword [var_68h], xmm1",f20f114da0,sse,mov,False,268435465,0,,,,,,,
16784468,"0x15ac,rip,-,[8],xmm1,=",True,16784336,16784716,8,"movsd xmm1, qword [rip - 0x15ac]","movsd xmm1, qword [data.010006b0]",f20f100d54eaffff,sse,mov,False,9,0,,,,,"[{'addr': 16778928, 'type': 'DATA'}]",16778928.0,
16784476,"xmm1,xmm0,*=",False,16784336,16784720,4,"mulsd xmm0, xmm1","mulsd xmm0, xmm1",f20f59c1,sse,mul,False,20,0,,,,,,,
16784480,"16786256,rip,8,rsp,-=,rsp,=[],rip,=",False,16784336,16784719,5,call 0x1002350,call sym.imp.tan,e8eb060000,cpu,call,False,3,0,,,,16786256.0,"[{'addr': 16786256, 'type': 'CALL'}]",,16784485.0
16784485,"0x68,rbp,-,[8],xmm1,=",True,16784336,16784719,5,"movsd xmm1, qword [rbp - 0x68]","movsd xmm1, qword [var_70h]",f20f104d98,sse,mov,False,9,0,,,,,,,
16784490,"0x60,rbp,-,[8],xmm3,=",True,16784336,16784719,5,"movsd xmm3, qword [rbp - 0x60]","movsd xmm3, qword [var_68h]",f20f105da0,sse,mov,False,9,0,,,,,,,
16784495,"xmm0,xmm2,=",False,16784336,16784721,3,"movaps xmm2, xmm0","movaps xmm2, xmm0",0f28d0,sse,mov,False,9,0,,,,,,,
16784498,"0x40,rbp,-,[8],xmm0,=",True,16784336,16784719,5,"movsd xmm0, qword [rbp - 0x40]","movsd xmm0, qword [var_48h]",f20f1045c0,sse,mov,False,9,0,,,,,,,
16784503,"xmm3,xmm1,*=",False,16784336,16784720,4,"mulsd xmm1, xmm3","mulsd xmm1, xmm3",f20f59cb,sse,mul,False,20,0,,,,,,,
16784507,"xmm2,xmm1,+=",False,16784336,16784720,4,"addsd xmm1, xmm2","addsd xmm1, xmm2",f20f58ca,sse,add,False,17,0,,,124.0,,,,
16784511,"xmm1,0x58,rbp,-,=[8]",True,16784336,16784719,5,"movsd qword [rbp - 0x58], xmm1","movsd qword [var_60h], xmm1",f20f114da8,sse,mov,False,268435465,0,,,,,,,
16784516,"16786272,rip,8,rsp,-=,rsp,=[],rip,=",False,16784336,16784719,5,call 0x1002360,call sym.imp.atan,e8d7060000,cpu,call,False,3,0,,,,16786272.0,"[{'addr': 16786272, 'type': 'CALL'}]",,16784521.0
16784521,"0x58,rbp,-,[8],xmm1,=",True,16784336,16784719,5,"movsd xmm1, qword [rbp - 0x58]","movsd xmm1, qword [var_60h]",f20f104da8,sse,mov,False,9,0,,,,,,,
16784526,"xmm0,xmm2,=",False,16784336,16784721,3,"movaps xmm2, xmm0","movaps xmm2, xmm0",0f28d0,sse,mov,False,9,0,,,,,,,
16784529,"0x40,rbp,-,[8],xmm0,=",True,16784336,16784719,5,"movsd xmm0, qword [rbp - 0x40]","movsd xmm0, qword [var_48h]",f20f1045c0,sse,mov,False,9,0,,,,,,,
16784534,,False,16784336,16784720,4,"subsd xmm1, xmm2","subsd xmm1, xmm2",f20f5cca,sse,null,False,0,0,,,,,,,
16784538,"xmm1,0x50,rbp,-,=[8]",True,16784336,16784719,5,"movsd qword [rbp - 0x50], xmm1","movsd qword [var_58h], xmm1",f20f114db0,sse,mov,False,268435465,0,,,,,,,
16784543,"16786224,rip,8,rsp,-=,rsp,=[],rip,=",False,16784336,16784719,5,call 0x1002330,call sym.imp.sin,e88c060000,cpu,call,False,3,0,,,,16786224.0,"[{'addr': 16786224, 'type': 'CALL'}]",,16784548.0
16784548,"0x50,rbp,-,[8],xmm1,=",True,16784336,16784719,5,"movsd xmm1, qword [rbp - 0x50]","movsd xmm1, qword [var_58h]",f20f104db0,sse,mov,False,9,0,,,,,,,
16784553,"xmm0,xmm2,=",False,16784336,16784721,3,"movaps xmm2, xmm0","movaps xmm2, xmm0",0f28d0,sse,mov,False,9,0,,,,,,,
16784556,"0x40,rbp,-,[8],xmm0,=",True,16784336,16784719,5,"movsd xmm0, qword [rbp - 0x40]","movsd xmm0, qword [var_48h]",f20f1045c0,sse,mov,False,9,0,,,,,,,
16784561,"xmm2,xmm2,*=",False,16784336,16784720,4,"mulsd xmm2, xmm2","mulsd xmm2, xmm2",f20f59d2,sse,mul,False,20,0,,,,,,,
16784565,"xmm2,xmm1,+=",False,16784336,16784720,4,"addsd xmm1, xmm2","addsd xmm1, xmm2",f20f58ca,sse,add,False,17,0,,,124.0,,,,
16784569,"xmm1,0x48,rbp,-,=[8]",True,16784336,16784719,5,"movsd qword [rbp - 0x48], xmm1","movsd qword [var_50h], xmm1",f20f114db8,sse,mov,False,268435465,0,,,,,,,
16784574,"16786240,rip,8,rsp,-=,rsp,=[],rip,=",False,16784336,16784719,5,call 0x1002340,call sym.imp.cos,e87d060000,cpu,call,False,3,0,,,,16786240.0,"[{'addr': 16786240, 'type': 'CALL'}]",,16784579.0
16784579,"0x160b,rip,-,[8],xmm1,=",True,16784336,16784716,8,"movsd xmm1, qword [rip - 0x160b]","movsd xmm1, qword [data.010006c0]",f20f100df5e9ffff,sse,mov,False,9,0,,,,,"[{'addr': 16778944, 'type': 'DATA'}]",16778944.0,
16784587,"16786288,rip,8,rsp,-=,rsp,=[],rip,=",False,16784336,16784719,5,call 0x1002370,call sym.imp.pow,e8a0060000,cpu,call,False,3,0,,,,16786288.0,"[{'addr': 16786288, 'type': 'CALL'}]",,16784592.0
16784592,"0x48,rbp,-,[8],xmm1,=",True,16784336,16784719,5,"movsd xmm1, qword [rbp - 0x48]","movsd xmm1, qword [var_50h]",f20f104db8,sse,mov,False,9,0,,,,,,,
16784597,"xmm0,xmm2,=",False,16784336,16784721,3,"movaps xmm2, xmm0","movaps xmm2, xmm0",0f28d0,sse,mov,False,9,0,,,,,,,
16784600,"0x40,rbp,-,[8],xmm0,=",True,16784336,16784719,5,"movsd xmm0, qword [rbp - 0x40]","movsd xmm0, qword [var_48h]",f20f1045c0,sse,mov,False,9,0,,,,,,,
16784605,"xmm2,xmm1,+=",False,16784336,16784720,4,"addsd xmm1, xmm2","addsd xmm1, xmm2",f20f58ca,sse,add,False,17,0,,,124.0,,,,
16784609,"xmm1,0x30,rbp,-,=[8]",True,16784336,16784719,5,"movsd qword [rbp - 0x30], xmm1","movsd qword [var_38h], xmm1",f20f114dd0,sse,mov,False,268435465,0,,,,,,,
16784614,"16786224,rip,8,rsp,-=,rsp,=[],rip,=",False,16784336,16784719,5,call 0x1002330,call sym.imp.sin,e845060000,cpu,call,False,3,0,,,,16786224.0,"[{'addr': 16786224, 'type': 'CALL'}]",,16784619.0
16784619,"xmm0,xmm1,=",False,16784336,16784721,3,"movaps xmm1, xmm0","movaps xmm1, xmm0",0f28c8,sse,mov,False,9,0,,,,,,,
16784622,"0x40,rbp,-,[8],xmm0,=",True,16784336,16784719,5,"movsd xmm0, qword [rbp - 0x40]","movsd xmm0, qword [var_48h]",f20f1045c0,sse,mov,False,9,0,,,,,,,
16784627,"xmm1,0x38,rbp,-,=[8]",True,16784336,16784719,5,"movsd qword [rbp - 0x38], xmm1","movsd qword [var_40h], xmm1",f20f114dc8,sse,mov,False,268435465,0,,,,,,,
16784632,"16786240,rip,8,rsp,-=,rsp,=[],rip,=",False,16784336,16784719,5,call 0x1002340,call sym.imp.cos,e843060000,cpu,call,False,3,0,,,,16786240.0,"[{'addr': 16786240, 'type': 'CALL'}]",,16784637.0
16784637,"0x38,rbp,-,[8],xmm2,=",True,16784336,16784719,5,"movsd xmm2, qword [rbp - 0x38]","movsd xmm2, qword [var_40h]",f20f1055c8,sse,mov,False,9,0,,,,,,,
16784642,"0x30,rbp,-,[8],xmm1,=",True,16784336,16784719,5,"movsd xmm1, qword [rbp - 0x30]","movsd xmm1, qword [var_38h]",f20f104dd0,sse,mov,False,9,0,,,,,,,
16784647,"0x24,rbp,-,[4],rcx,=",True,16784336,16784721,3,"mov ecx, dword [rbp - 0x24]","mov ecx, dword [var_2ch]",8b4ddc,cpu,mov,False,9,0,,,,,,,
16784650,"xmm0,xmm3,=",False,16784336,16784721,3,"movaps xmm3, xmm0","movaps xmm3, xmm0",0f28d8,sse,mov,False,9,0,,,,,,,
16784653,"0x20,rbp,-,[8],xmm0,=",True,16784336,16784719,5,"movsd xmm0, qword [rbp - 0x20]","movsd xmm0, qword [var_28h]",f20f1045e0,sse,mov,False,9,0,,,,,,,
16784658,"xmm3,xmm2,*=",False,16784336,16784720,4,"mulsd xmm2, xmm3","mulsd xmm2, xmm3",f20f59d3,sse,mul,False,20,0,,,,,,,
16784662,"0x163d,rip,-,[16],xmm3,=",True,16784336,16784717,7,"movaps xmm3, xmmword [rip - 0x163d]","movaps xmm3, xmmword [data.010006e0]",0f281dc3e9ffff,sse,mov,False,9,0,,,,,"[{'addr': 16778976, 'type': 'DATA'}]",16778976.0,
16784669,,False,16784336,16784720,4,"pand xmm2, xmm3","pand xmm2, xmm3",660fdbd3,sse,null,False,0,0,,,,,,,
16784673,,False,16784336,16784720,4,"sqrtsd xmm2, xmm2","sqrtsd xmm2, xmm2",f20f51d2,sse,null,False,0,0,,,,,,,
16784677,,False,16784336,16784720,4,"subsd xmm1, xmm2","subsd xmm1, xmm2",f20f5cca,sse,null,False,0,0,,,,,,,
16784681,"xmm1,xmm0,+=",False,16784336,16784720,4,"addsd xmm0, xmm1","addsd xmm0, xmm1",f20f58c1,sse,add,False,17,0,,,123.0,,,,
16784685,"xmm0,0x18,rbp,-,=[8]",True,16784336,16784719,5,"movsd qword [rbp - 0x18], xmm0","movsd qword [var_20h], xmm0",f20f1145e8,sse,mov,False,268435465,0,,,,,,,
16784690,"ecx,rax,=",False,16784336,16784722,2,"mov eax, ecx","mov eax, ecx",89c8,cpu,mov,False,9,0,,,,,,,
16784692,"1,eax,|=,31,$s,sf,:=,$z,zf,:=,$p,pf,:=,0,of,:=,0,cf,:=",False,16784336,16784721,3,"or eax, 1","or eax, 1",83c801,cpu,or,False,26,0,,,1.0,,,,
16784695,"1,rax,&,0xffffffff,&,rax,=,$z,zf,:=,$p,pf,:=,31,$s,sf,:=,0,cf,:=,0,of,:=",False,16784336,16784721,3,"and eax, 1","and eax, 1",83e001,cpu,and,False,27,0,,,1.0,,,,
16784698,"ecx,eax,+=,31,$o,of,:=,31,$s,sf,:=,$z,zf,:=,31,$c,cf,:=,$p,pf,:=,3,$c,af,:=",False,16784336,16784722,2,"add eax, ecx","add eax, ecx",01c8,cpu,add,False,17,0,,,,,,,
16784700,"10000,eax,==,$z,zf,:=,32,$b,cf,:=,$p,pf,:=,31,$s,sf,:=,10000,0x80000000,-,!,31,$o,^,of,:=,3,$b,af,:=",False,16784336,16784719,5,"cmp eax, 0x2710","cmp eax, 0x2710",3d10270000,cpu,cmp,False,15,0,,,10000.0,,,10000.0,
16784705,"xmm0,0x10,rbp,-,=[8]",True,16784336,16784719,5,"movsd qword [rbp - 0x10], xmm0","movsd qword [var_18h], xmm0",f20f1145f0,sse,mov,False,268435465,0,,,,,,,
16784710,"eax,0x4,rbp,-,=[4]",True,16784336,16784721,3,"mov dword [rbp - 4], eax","mov dword [var_ch], eax",8945fc,cpu,mov,False,268435465,0,,,,,,,
16784713,"zf,?{,16784359,rip,=,}",False,16784336,16784718,6,je 0x1001be7,je 0x1001be7,0f8498feffff,cpu,cjmp,False,2147483649,0,,,,16784359.0,,,16784719.0
16784719,"0x1001bff,rip,=",False,16784336,16784719,5,jmp 0x1001bff,jmp 0x1001bff,e9abfeffff,cpu,jmp,False,1,0,,,,16784383.0,"[{'addr': 16784383, 'type': 'CODE'}]",,
