offset,esil,refptr,fcn_addr,fcn_last,size,opcode,disasm,bytes,family,type,reloc,type_num,type2_num,flags,xrefs_to,ptr,xrefs_from,jump,fail,val
16786032,"rbp,8,rsp,-,=[8],8,rsp,-=",False,16786032,16786133,1,push rbp,push rbp,55,cpu,rpush,False,268435468,0,"['sym.__libc_csu_init', 'dbg.__libc_csu_init']","[{'addr': 16783606, 'type': 'DATA'}]",,,,,
16786033,"rsp,rbp,=",False,16786032,16786131,3,"mov rbp, rsp","mov rbp, rsp",4889e5,cpu,mov,False,9,0,,,,,,,
16786036,"r15,8,rsp,-,=[8],8,rsp,-=",False,16786032,16786132,2,push r15,push r15,4157,cpu,rpush,False,268435468,0,,,,,,,
16786038,"r14,8,rsp,-,=[8],8,rsp,-=",False,16786032,16786132,2,push r14,push r14,4156,cpu,rpush,False,268435468,0,,,,,,,
16786040,"r13,8,rsp,-,=[8],8,rsp,-=",False,16786032,16786132,2,push r13,push r13,4155,cpu,rpush,False,268435468,0,,,,,,,
16786042,"r12,8,rsp,-,=[8],8,rsp,-=",False,16786032,16786132,2,push r12,push r12,4154,cpu,rpush,False,268435468,0,,,,,,,
16786044,"rbx,8,rsp,-,=[8],8,rsp,-=",False,16786032,16786133,1,push rbx,push rbx,53,cpu,rpush,False,268435468,0,,,,,,,
16786045,"rax,8,rsp,-,=[8],8,rsp,-=",False,16786032,16786133,1,push rax,push rax,50,cpu,rpush,False,268435468,0,,,,,,,
16786046,"0x2285,rip,-,r12,=",True,16786032,16786127,7,"lea r12, [rip - 0x2285]","lea r12, loc.__init_array_start",4c8d257bddffff,cpu,lea,False,33,0,,,16777216.0,"[{'addr': 16777216, 'type': 'DATA'}]",,,
16786053,"0x228c,rip,-,r13,=",True,16786032,16786127,7,"lea r13, [rip - 0x228c]","lea r13, loc.__init_array_start",4c8d2d74ddffff,cpu,lea,False,33,0,,,16777216.0,"[{'addr': 16777216, 'type': 'DATA'}]",,,
16786060,"r12,r13,-=,r12,0x8000000000000000,-,!,63,$o,^,of,:=,63,$s,sf,:=,$z,zf,:=,$p,pf,:=,64,$b,cf,:=,3,$b,af,:=",False,16786032,16786131,3,"sub r13, r12","sub r13, r12",4d29e5,cpu,sub,False,18,0,,,,,,,
16786063,"zf,?{,16786119,rip,=,}",False,16786032,16786132,2,je 0x10022c7,je 0x10022c7,7436,cpu,cjmp,False,2147483649,0,,,,,16786119.0,16786065.0,
16786065,"rdx,rbx,=",False,16786032,16786131,3,"mov rbx, rdx","mov rbx, rdx",4889d3,cpu,mov,False,9,0,,,,,,,
16786068,"rsi,r14,=",False,16786032,16786131,3,"mov r14, rsi","mov r14, rsi",4989f6,cpu,mov,False,9,0,,,,,,,
16786071,"edi,r15,=",False,16786032,16786131,3,"mov r15d, edi","mov r15d, edi",4189ff,cpu,mov,False,9,0,,,,,,,
16786074,"0,cf,:=,1,3,-,1,<<,r13,&,?{,1,cf,:=,},3,r13,>>>>,r13,=,$z,zf,:=,$p,pf,:=,63,$s,sf,:=",False,16786032,16786130,4,"sar r13, 3","sar r13, 3",49c1fd03,cpu,sar,False,25,0,,,,,,,
16786078,"1,r13,==,$z,zf,:=,64,$b,cf,:=,$p,pf,:=,63,$s,sf,:=,1,0x8000000000000000,-,!,63,$o,^,of,:=,3,$b,af,:=",False,16786032,16786130,4,"cmp r13, 1","cmp r13, 1",4983fd01,cpu,cmp,False,15,0,,,1.0,,,,1.0
16786082,"cf,0,+,r13,+=,63,$o,of,:=,63,$s,sf,:=,$z,zf,:=,63,$c,cf,:=,$p,pf,:=,3,$c,af,:=",False,16786032,16786130,4,"adc r13, 0","adc r13, 0",4983d500,cpu,add,False,17,0,,,,,,,
16786086,",",False,16786032,16786124,10,nop word cs:[rax + rax],nop word cs:[rax + rax],662e0f1f840000000000,cpu,nop,False,8,0,,,,,,,
16786096,"r15d,rdi,=",False,16786032,16786131,3,"mov edi, r15d","mov edi, r15d",4489ff,cpu,mov,False,9,0,,,,,,,
16786099,"r14,rsi,=",False,16786032,16786131,3,"mov rsi, r14","mov rsi, r14",4c89f6,cpu,mov,False,9,0,,,,,,,
16786102,"rbx,rdx,=",False,16786032,16786131,3,"mov rdx, rbx","mov rdx, rbx",4889da,cpu,mov,False,9,0,,,,,,,
16786105,"r12,[8],rip,8,rsp,-=,rsp,=[],rip,=",False,16786032,16786130,4,call qword [r12],call qword [r12],41ff1424,cpu,ircall,False,402653188,0,,,0.0,,,,
16786109,"8,r12,+=,63,$o,of,:=,63,$s,sf,:=,$z,zf,:=,63,$c,cf,:=,$p,pf,:=,3,$c,af,:=",False,16786032,16786130,4,"add r12, 8","add r12, 8",4983c408,cpu,add,False,17,0,,,,,,,8.0
16786113,"18446744073709551615,r13,+=,63,$o,of,:=,63,$s,sf,:=,$z,zf,:=,63,$c,cf,:=,$p,pf,:=,3,$c,af,:=",False,16786032,16786130,4,"add r13, 0xffffffffffffffff","add r13, 0xffffffffffffffff",4983c5ff,cpu,add,False,17,0,,,,,,,
16786117,"zf,!,?{,16786096,rip,=,}",False,16786032,16786132,2,jne 0x10022b0,jne 0x10022b0,75e9,cpu,cjmp,False,2147483649,0,,,,,16786096.0,16786119.0,
16786119,"8,rsp,+=,63,$o,of,:=,63,$s,sf,:=,$z,zf,:=,63,$c,cf,:=,$p,pf,:=,3,$c,af,:=",False,16786032,16786130,4,"add rsp, 8","add rsp, 8",4883c408,cpu,add,False,17,0,,,,,,,8.0
16786123,"rsp,[8],8,rsp,+=,rbx,=",False,16786032,16786133,1,pop rbx,pop rbx,5b,cpu,pop,False,14,0,,,,,,,
16786124,"rsp,[8],8,rsp,+=,r12,=",False,16786032,16786132,2,pop r12,pop r12,415c,cpu,pop,False,14,0,,,,,,,
16786126,"rsp,[8],8,rsp,+=,r13,=",False,16786032,16786132,2,pop r13,pop r13,415d,cpu,pop,False,14,0,,,,,,,
16786128,"rsp,[8],8,rsp,+=,r14,=",False,16786032,16786132,2,pop r14,pop r14,415e,cpu,pop,False,14,0,,,,,,,
16786130,"rsp,[8],8,rsp,+=,r15,=",False,16786032,16786132,2,pop r15,pop r15,415f,cpu,pop,False,14,0,,,,,,,
16786132,"rsp,[8],8,rsp,+=,rbp,=",False,16786032,16786133,1,pop rbp,pop rbp,5d,cpu,pop,False,14,0,,,,,,,
16786133,"rsp,[8],rip,=,8,rsp,+=",False,16786032,16786133,1,ret,ret,c3,cpu,ret,False,5,0,,,,,,,
