offset,esil,refptr,fcn_addr,fcn_last,size,opcode,disasm,bytes,family,type,reloc,type_num,type2_num,flags,xrefs_to,val,jump,fail,ptr,xrefs_from,comment
16782976,"rbp,8,rsp,-,=[8],8,rsp,-=",False,16782976,16783228,1,push rbp,push rbp,55,cpu,rpush,False,268435468,0,"['sym.automorphic', 'dbg.automorphic']","[{'addr': 16783277, 'type': 'CALL'}]",,,,,,
16782977,"rsp,rbp,=",False,16782976,16783226,3,"mov rbp, rsp","mov rbp, rsp",4889e5,cpu,mov,False,9,0,,,,,,,,
16782980,"48,rsp,-=,48,0x8000000000000000,-,!,63,$o,^,of,:=,63,$s,sf,:=,$z,zf,:=,$p,pf,:=,64,$b,cf,:=,3,$b,af,:=",False,16782976,16783225,4,"sub rsp, 0x30","sub rsp, 0x30",4883ec30,cpu,sub,False,18,0,,,48.0,,,,,
16782984,"edi,0x1c,rbp,-,=[4]",True,16782976,16783226,3,"mov dword [rbp - 0x1c], edi","mov dword [var_24h], edi",897de4,cpu,mov,False,268435465,0,,,,,,,,
16782987,"0,0x18,rbp,-,=[4]",True,16782976,16783222,7,"mov dword [rbp - 0x18], 0","mov dword [var_20h], 0",c745e800000000,cpu,mov,False,268435465,0,,,0.0,,,,,
16782994,"0x18,rbp,-,[4],rax,=",True,16782976,16783226,3,"mov eax, dword [rbp - 0x18]","mov eax, dword [var_20h]",8b45e8,cpu,mov,False,9,0,,"[{'addr': 16783029, 'type': 'CODE'}]",,,,,,
16782997,"rax,0x28,rbp,-,=[8]",True,16782976,16783225,4,"mov qword [rbp - 0x28], rax","mov qword [var_30h], rax",488945d8,cpu,mov,False,268435465,0,,,,,,,,
16783001,"3,rax,-=,3,0x8000000000000000,-,!,63,$o,^,of,:=,63,$s,sf,:=,$z,zf,:=,$p,pf,:=,64,$b,cf,:=,3,$b,af,:=",False,16782976,16783225,4,"sub rax, 3","sub rax, 3",4883e803,cpu,sub,False,18,0,,,3.0,,,,,
16783005,"cf,zf,|,!,?{,16783027,rip,=,}",False,16782976,16783227,2,ja 0x10016b3,ja 0x10016b3,7714,cpu,cjmp,False,2147483649,0,,,,16783027.0,16783007.0,,,
16783007,"0x28,rbp,-,[8],rax,=",True,16782976,16783225,4,"mov rax, qword [rbp - 0x28]","mov rax, qword [var_30h]",488b45d8,cpu,mov,False,9,0,,,,,,,,
16783011,"0x117a,rip,-,rcx,=",True,16782976,16783222,7,"lea rcx, [rip - 0x117a]","lea rcx, data.01000530",488d0d86eeffff,cpu,lea,False,33,0,,,,,,16778544.0,"[{'addr': 16778544, 'type': 'DATA'}]",
16783018,"32,rax,4,*,rcx,+,[4],~,rax,=",True,16782976,16783225,4,"movsxd rax, dword [rcx + rax*4]","movsxd rax, dword [rcx + rax*4]",48630481,cpu,mov,False,9,0,,,,,,,,
16783022,"rcx,rax,+=,63,$o,of,:=,63,$s,sf,:=,$z,zf,:=,63,$c,cf,:=,$p,pf,:=,3,$c,af,:=",False,16782976,16783226,3,"add rax, rcx","add rax, rcx",4801c8,cpu,add,False,17,0,,,,,,,,
16783025,"rax,rip,=",False,16782976,16783227,2,jmp rax,jmp rax,ffe0,cpu,rjmp,False,268435458,0,['switch.0x010016b1'],,,,,,"[{'addr': 16783031, 'type': 'CODE'}, {'addr': 16783073, 'type': 'CODE'}, {'addr': 16783128, 'type': 'CODE'}, {'addr': 16783147, 'type': 'CODE'}]",c3dpdGNoIHRhYmxlICg0IGNhc2VzKSBhdCAweDEwMDA1MzA=
16783027,"0x10016b5,rip,=",False,16782976,16783227,2,jmp 0x10016b5,jmp 0x10016b5,eb00,cpu,jmp,False,1,0,,,,16783029.0,,,"[{'addr': 16783029, 'type': 'CODE'}]",
16783029,"0x1001692,rip,=",False,16782976,16783227,2,jmp 0x1001692,jmp 0x1001692,ebdb,cpu,jmp,False,1,0,,"[{'addr': 16783027, 'type': 'CODE'}, {'addr': 16783071, 'type': 'CODE'}, {'addr': 16783126, 'type': 'CODE'}, {'addr': 16783145, 'type': 'CODE'}]",,16782994.0,,,"[{'addr': 16782994, 'type': 'CODE'}]",
16783031,"0x1c,rbp,-,[4],rax,=",True,16782976,16783226,3,"mov eax, dword [rbp - 0x1c]","mov eax, dword [var_24h]",8b45e4,cpu,mov,False,9,0,['case.0x10016b1.0'],"[{'addr': 16783025, 'type': 'CODE'}]",,,,,,
16783034,"3,rcx,=",False,16782976,16783224,5,"mov ecx, 3","mov ecx, 3",b903000000,cpu,mov,False,9,0,,,3.0,,,,,
16783039,"1,rdx,=",False,16782976,16783224,5,"mov edx, 1","mov edx, 1",ba01000000,cpu,mov,False,9,0,,,1.0,,,,,
16783044,"0,eax,==,$z,zf,:=,32,$b,cf,:=,$p,pf,:=,31,$s,sf,:=,0,0x80000000,-,!,31,$o,^,of,:=,3,$b,af,:=",False,16782976,16783226,3,"cmp eax, 0","cmp eax, 0",83f800,cpu,cmp,False,15,0,,,0.0,,,0.0,,
16783047,"zf,!,sf,of,^,!,&,?{,edx,ecx,=,}",False,16782976,16783226,3,"cmovg ecx, edx","cmovg ecx, edx",0f4fca,cpu,cmov,False,2147483657,0,,,,,,,,
16783050,"ecx,0x18,rbp,-,=[4]",True,16782976,16783226,3,"mov dword [rbp - 0x18], ecx","mov dword [var_20h], ecx",894de8,cpu,mov,False,268435465,0,,,,,,,,
16783053,"eax,0x10,rbp,-,=[4]",True,16782976,16783226,3,"mov dword [rbp - 0x10], eax","mov dword [var_18h], eax",8945f0,cpu,mov,False,268435465,0,,,,,,,,
16783056,"0,0xc,rbp,-,=[4]",True,16782976,16783222,7,"mov dword [rbp - 0xc], 0","mov dword [var_14h], 0",c745f400000000,cpu,mov,False,268435465,0,,,0.0,,,,,
16783063,"xmm0,xmm0,^=,$z,zf,:=,$p,pf,:=,127,$s,sf,:=,0,cf,:=,0,of,:=",False,16782976,16783226,3,"xorps xmm0, xmm0","xorps xmm0, xmm0",0f57c0,sse,xor,False,28,0,,,,,,,,
16783066,"xmm0,0x8,rbp,-,=[8]",True,16782976,16783224,5,"movsd qword [rbp - 8], xmm0","movsd qword [var_10h], xmm0",f20f1145f8,sse,mov,False,268435465,0,,,,,,,,
16783071,"0x10016b5,rip,=",False,16782976,16783227,2,jmp 0x10016b5,jmp 0x10016b5,ebd4,cpu,jmp,False,1,0,,,,16783029.0,,,"[{'addr': 16783029, 'type': 'CODE'}]",
16783073,"0xc,rbp,-,[4],rax,=",True,16782976,16783226,3,"mov eax, dword [rbp - 0xc]","mov eax, dword [var_14h]",8b45f4,cpu,mov,False,9,0,['case.0x10016b1.1'],"[{'addr': 16783025, 'type': 'CODE'}]",,,,,,
16783076,"0x10,rbp,-,[4],rsi,=",True,16782976,16783226,3,"mov esi, dword [rbp - 0x10]","mov esi, dword [var_18h]",8b75f0,cpu,mov,False,9,0,,,,,,,,
16783079,"1,eax,+=,31,$o,of,:=,31,$s,sf,:=,$z,zf,:=,31,$c,cf,:=,$p,pf,:=,3,$c,af,:=",False,16782976,16783226,3,"add eax, 1","add eax, 1",83c001,cpu,add,False,17,0,,,1.0,,,,,
16783082,"eax,0x14,rbp,-,=[4]",True,16782976,16783226,3,"mov dword [rbp - 0x14], eax","mov dword [var_1ch], eax",8945ec,cpu,mov,False,268435465,0,,,,,,,,
16783085,"10,rcx,=",False,16782976,16783224,5,"mov ecx, 0xa","mov ecx, 0xa",b90a000000,cpu,mov,False,9,0,,,10.0,,,,,
16783090,"esi,rax,=",False,16782976,16783227,2,"mov eax, esi","mov eax, esi",89f0,cpu,mov,False,9,0,,,,,,,,
16783092,"edx,rdx,^,0xffffffff,&,rdx,=,$z,zf,:=,$p,pf,:=,31,$s,sf,:=,0,cf,:=,0,of,:=",False,16782976,16783227,2,"xor edx, edx","xor edx, edx",31d2,cpu,xor,False,28,0,,,,,,,,
16783094,"ecx,32,edx,<<,eax,+,%,ecx,32,edx,<<,eax,+,/,eax,=,edx,=",False,16782976,16783227,2,div ecx,div ecx,f7f1,cpu,div,False,21,0,,,,,,,,
16783096,"eax,rcx,=",False,16782976,16783227,2,"mov ecx, eax","mov ecx, eax",89c1,cpu,mov,False,9,0,,,,,,,,
16783098,"1,rax,=",False,16782976,16783224,5,"mov eax, 1","mov eax, 1",b801000000,cpu,mov,False,9,0,,,1.0,,,,,
16783103,"2,rdx,=",False,16782976,16783224,5,"mov edx, 2","mov edx, 2",ba02000000,cpu,mov,False,9,0,,,2.0,,,,,
16783108,"10,esi,==,$z,zf,:=,32,$b,cf,:=,$p,pf,:=,31,$s,sf,:=,10,0x80000000,-,!,31,$o,^,of,:=,3,$b,af,:=",False,16782976,16783226,3,"cmp esi, 0xa","cmp esi, 0xa",83fe0a,cpu,cmp,False,15,0,,,10.0,,,10.0,,
16783111,"cf,?{,edx,eax,=,}",False,16782976,16783226,3,"cmovb eax, edx","cmovb eax, edx",0f42c2,cpu,cmov,False,2147483657,0,,,,,,,,
16783114,"eax,0x18,rbp,-,=[4]",True,16782976,16783226,3,"mov dword [rbp - 0x18], eax","mov dword [var_20h], eax",8945e8,cpu,mov,False,268435465,0,,,,,,,,
16783117,"0x14,rbp,-,[4],rax,=",True,16782976,16783226,3,"mov eax, dword [rbp - 0x14]","mov eax, dword [var_1ch]",8b45ec,cpu,mov,False,9,0,,,,,,,,
16783120,"ecx,0x10,rbp,-,=[4]",True,16782976,16783226,3,"mov dword [rbp - 0x10], ecx","mov dword [var_18h], ecx",894df0,cpu,mov,False,268435465,0,,,,,,,,
16783123,"eax,0xc,rbp,-,=[4]",True,16782976,16783226,3,"mov dword [rbp - 0xc], eax","mov dword [var_14h], eax",8945f4,cpu,mov,False,268435465,0,,,,,,,,
16783126,"0x10016b5,rip,=",False,16782976,16783227,2,jmp 0x10016b5,jmp 0x10016b5,eb9d,cpu,jmp,False,1,0,,,,16783029.0,,,"[{'addr': 16783029, 'type': 'CODE'}]",
16783128,,False,16782976,16783224,5,"cvtsi2sd xmm0, dword [rbp - 0x14]","cvtsi2sd xmm0, dword [var_1ch]",f20f2a45ec,sse,null,False,0,0,['case.0x10016b1.2'],"[{'addr': 16783025, 'type': 'CODE'}]",,,,,,
16783133,"3,0x18,rbp,-,=[4]",True,16782976,16783222,7,"mov dword [rbp - 0x18], 3","mov dword [var_20h], 3",c745e803000000,cpu,mov,False,268435465,0,,,3.0,,,,,
16783140,"xmm0,0x8,rbp,-,=[8]",True,16782976,16783224,5,"movsd qword [rbp - 8], xmm0","movsd qword [var_10h], xmm0",f20f1145f8,sse,mov,False,268435465,0,,,,,,,,
16783145,"0x10016b5,rip,=",False,16782976,16783227,2,jmp 0x10016b5,jmp 0x10016b5,eb8a,cpu,jmp,False,1,0,,,,16783029.0,,,"[{'addr': 16783029, 'type': 'CODE'}]",
16783147,"0x1c,rbp,-,[4],rax,=",True,16782976,16783226,3,"mov eax, dword [rbp - 0x1c]","mov eax, dword [var_24h]",8b45e4,cpu,mov,False,9,0,['case.0x10016b1.3'],"[{'addr': 16783025, 'type': 'CODE'}]",,,,,,
16783150,"0x8,rbp,-,[8],xmm1,=",True,16782976,16783224,5,"movsd xmm1, qword [rbp - 8]","movsd xmm1, qword [var_10h]",f20f104df8,sse,mov,False,9,0,,,,,,,,
16783155,"32,eax,~,32,eax,~,*,DUP,eax,=,eax,-,?{,1,1,}{,0,0,},cf,:=,of,:=",False,16782976,16783226,3,"imul eax, eax","imul eax, eax",0fafc0,cpu,mul,False,20,0,,,,,,,,
16783158,"eax,0x30,rbp,-,=[4]",True,16782976,16783226,3,"mov dword [rbp - 0x30], eax","mov dword [sqr], eax",8945d0,cpu,mov,False,268435465,0,,,,,,,,
16783161,"0x1219,rip,-,[8],xmm0,=",True,16782976,16783221,8,"movsd xmm0, qword [rip - 0x1219]","movsd xmm0, qword [data.01000528]",f20f1005e7edffff,sse,mov,False,9,0,,,,,,16778536.0,"[{'addr': 16778536, 'type': 'DATA'}]",
16783169,"16783488,rip,8,rsp,-=,rsp,=[],rip,=",False,16782976,16783224,5,call 0x1001880,call sym.imp.pow,e83a010000,cpu,call,False,3,0,,,,16783488.0,16783174.0,,"[{'addr': 16783488, 'type': 'CALL'}]",
16783174,"16783504,rip,8,rsp,-=,rsp,=[],rip,=",False,16782976,16783224,5,call 0x1001890,call sym.imp.floor,e845010000,cpu,call,False,3,0,,,,16783504.0,16783179.0,,"[{'addr': 16783504, 'type': 'CALL'}]",
16783179,"0x30,rbp,-,[4],rax,=",True,16782976,16783226,3,"mov eax, dword [rbp - 0x30]","mov eax, dword [sqr]",8b45d0,cpu,mov,False,9,0,,,,,,,,
16783182,"0x1c,rbp,-,[4],rcx,=",True,16782976,16783226,3,"mov ecx, dword [rbp - 0x1c]","mov ecx, dword [var_24h]",8b4de4,cpu,mov,False,9,0,,,,,,,,
16783185,,False,16782976,16783225,4,"cvttsd2si esi, xmm0","cvttsd2si esi, xmm0",f20f2cf0,sse,null,False,0,0,,,,,,,,
16783189,"0,edx,=,31,eax,>>,?{,0xffffffff,edx,=,}",False,16782976,16783228,1,cdq,cdq,99,cpu,null,False,0,0,,,,,,,,
16783190,"32,esi,~,32,edx,<<,eax,+,~%,32,esi,~,32,edx,<<,eax,+,~/,eax,=,edx,=",False,16782976,16783227,2,idiv esi,idiv esi,f7fe,cpu,div,False,21,0,,,,,,,,
16783192,"edx,0x2c,rbp,-,=[4]",True,16782976,16783226,3,"mov dword [rbp - 0x2c], edx","mov dword [last], edx",8955d4,cpu,mov,False,268435465,0,,,,,,,,
16783195,"0x1202,rip,-,rdi,=",True,16782976,16783222,7,"lea rdi, [rip - 0x1202]","lea rdi, str.Not_Automorphic",488d3dfeedffff,cpu,lea,False,33,0,,,,,,16778592.0,"[{'addr': 16778592, 'type': 'DATA'}]",
16783202,"0x1229,rip,-,rax,=",True,16782976,16783222,7,"lea rax, [rip - 0x1229]","lea rax, str.Automorphic_number",488d05d7edffff,cpu,lea,False,33,0,,,,,,16778560.0,"[{'addr': 16778560, 'type': 'DATA'}]",
16783209,"ecx,edx,==,$z,zf,:=,32,$b,cf,:=,$p,pf,:=,31,$s,sf,:=,ecx,0x80000000,-,!,31,$o,^,of,:=,3,$b,af,:=",False,16782976,16783227,2,"cmp edx, ecx","cmp edx, ecx",39ca,cpu,cmp,False,15,0,,,,,,,,
16783211,"zf,?{,rax,rdi,=,}",False,16782976,16783225,4,"cmove rdi, rax","cmove rdi, rax",480f44f8,cpu,cmov,False,2147483657,0,,,,,,,,
16783215,"16783520,rip,8,rsp,-=,rsp,=[],rip,=",False,16782976,16783224,5,call 0x10018a0,call sym.imp.puts,e82c010000,cpu,call,False,3,0,,,,16783520.0,16783220.0,,"[{'addr': 16783520, 'type': 'CALL'}]",
16783220,"0x2c,rbp,-,[4],rax,=",True,16782976,16783226,3,"mov eax, dword [rbp - 0x2c]","mov eax, dword [last]",8b45d4,cpu,mov,False,9,0,,,,,,,,
16783223,"48,rsp,+=,63,$o,of,:=,63,$s,sf,:=,$z,zf,:=,63,$c,cf,:=,$p,pf,:=,3,$c,af,:=",False,16782976,16783225,4,"add rsp, 0x30","add rsp, 0x30",4883c430,cpu,add,False,17,0,,,48.0,,,,,
16783227,"rsp,[8],8,rsp,+=,rbp,=",False,16782976,16783228,1,pop rbp,pop rbp,5d,cpu,pop,False,14,0,,,,,,,,
16783228,"rsp,[8],rip,=,8,rsp,+=",False,16782976,16783228,1,ret,ret,c3,cpu,ret,False,5,0,,,,,,,,
