offset,esil,refptr,fcn_addr,fcn_last,size,opcode,disasm,bytes,family,type,reloc,type_num,type2_num,flags,xrefs_to,val,ptr,xrefs_from,jump,fail
16782800,"rbp,8,rsp,-,=[8],8,rsp,-=",False,16782800,16782973,1,push rbp,push rbp,55,cpu,rpush,False,268435468,0,"['sym.square_root', 'dbg.square_root']","[{'addr': 16783021, 'type': 'CALL'}]",,,,,
16782801,"rsp,rbp,=",False,16782800,16782971,3,"mov rbp, rsp","mov rbp, rsp",4889e5,cpu,mov,False,9,0,,,,,,,
16782804,,False,16782800,16782970,4,"cvtsi2sd xmm0, edi","cvtsi2sd xmm0, edi",f20f2ac7,sse,null,False,0,0,,,,,,,
16782808,"xmm0,0x18,rbp,-,=[8]",True,16782800,16782969,5,"movsd qword [rbp - 0x18], xmm0","movsd qword [var_20h], xmm0",f20f1145e8,sse,mov,False,268435465,0,,,,,,,
16782813,"xmm0,rax,=",False,16782800,16782969,5,"movq rax, xmm0","movq rax, xmm0",66480f7ec0,sse,mov,False,9,0,,,,,,,
16782818,"9223372036854775808,rcx,=",False,16782800,16782964,10,"movabs rcx, 0x8000000000000000","movabs rcx, 0x8000000000000000",48b90000000000000080,cpu,mov,False,9,0,,,9.223372036854776e+18,,,,
16782828,"rcx,rax,^=,$z,zf,:=,$p,pf,:=,63,$s,sf,:=,0,cf,:=,0,of,:=",False,16782800,16782971,3,"xor rax, rcx","xor rax, rcx",4831c8,cpu,xor,False,28,0,,,,,,,
16782831,"rax,xmm1,=",False,16782800,16782969,5,"movq xmm1, rax","movq xmm1, rax",66480f6ec8,sse,mov,False,9,0,,,,,,,
16782836,"xmm1,0x10,rbp,-,=[8]",True,16782800,16782969,5,"movsd qword [rbp - 0x10], xmm1","movsd qword [var_18h], xmm1",f20f114df0,sse,mov,False,268435465,0,,,,,,,
16782841,"0x1179,rip,-,[8],xmm1,=",True,16782800,16782966,8,"movsd xmm1, qword [rip - 0x1179]","movsd xmm1, qword [data.01000488]",f20f100d87eeffff,sse,mov,False,9,0,,,,16778376.0,"[{'addr': 16778376, 'type': 'DATA'}]",,
16782849,,False,16782800,16782970,4,"subsd xmm1, xmm0","subsd xmm1, xmm0",f20f5cc8,sse,null,False,0,0,,,,,,,
16782853,"0x116c,rip,-,[16],xmm0,=",True,16782800,16782967,7,"movaps xmm0, xmmword [rip - 0x116c]","movaps xmm0, xmmword [data.010004a0]",0f280594eeffff,sse,mov,False,9,0,,,,16778400.0,"[{'addr': 16778400, 'type': 'DATA'}]",,
16782860,,False,16782800,16782970,4,"pand xmm1, xmm0","pand xmm1, xmm0",660fdbc8,sse,null,False,0,0,,,,,,,
16782864,"0x1190,rip,-,[8],xmm0,=",True,16782800,16782966,8,"movsd xmm0, qword [rip - 0x1190]","movsd xmm0, qword [data.01000488]",f20f100570eeffff,sse,mov,False,9,0,,,,16778376.0,"[{'addr': 16778376, 'type': 'DATA'}]",,
16782872,"0x1188,rip,-,[8],xmm2,=",True,16782800,16782966,8,"movsd xmm2, qword [rip - 0x1188]","movsd xmm2, qword [data.01000498]",f20f101578eeffff,sse,mov,False,9,0,,,,16778392.0,"[{'addr': 16778392, 'type': 'DATA'}]",,
16782880,,False,16782800,16782970,4,"ucomisd xmm1, xmm2","ucomisd xmm1, xmm2",660f2eca,sse,null,False,0,0,,,,,,,
16782884,"xmm0,0x8,rbp,-,=[8]",True,16782800,16782969,5,"movsd qword [rbp - 8], xmm0","movsd qword [var_10h], xmm0",f20f1145f8,sse,mov,False,268435465,0,,,,,,,
16782889,"zf,cf,|,?{,16782967,rip,=,}",False,16782800,16782972,2,jbe 0x1001677,jbe 0x1001677,764c,cpu,cjmp,False,2147483649,0,,,,,,16782967.0,16782891.0
16782891,"0x8,rbp,-,[8],xmm0,=",True,16782800,16782969,5,"movsd xmm0, qword [rbp - 8]","movsd xmm0, qword [var_10h]",f20f1045f8,sse,mov,False,9,0,,,,,,,
16782896,"0x10,rbp,-,[8],xmm2,=",True,16782800,16782969,5,"movsd xmm2, qword [rbp - 0x10]","movsd xmm2, qword [var_18h]",f20f1055f0,sse,mov,False,9,0,,,,,,,
16782901,"0x18,rbp,-,[8],xmm1,=",True,16782800,16782969,5,"movsd xmm1, qword [rbp - 0x18]","movsd xmm1, qword [var_20h]",f20f104de8,sse,mov,False,9,0,,,,,,,
16782906,,False,16782800,16782970,4,"divsd xmm1, xmm0","divsd xmm1, xmm0",f20f5ec8,sse,null,False,0,0,,,,,,,
16782910,"xmm1,xmm0,+=",False,16782800,16782970,4,"addsd xmm0, xmm1","addsd xmm0, xmm1",f20f58c1,sse,add,False,17,0,,,123.0,,,,
16782914,"0x11ba,rip,-,[8],xmm1,=",True,16782800,16782966,8,"movsd xmm1, qword [rip - 0x11ba]","movsd xmm1, qword [data.01000490]",f20f100d46eeffff,sse,mov,False,9,0,,,,16778384.0,"[{'addr': 16778384, 'type': 'DATA'}]",,
16782922,"xmm1,xmm0,*=",False,16782800,16782970,4,"mulsd xmm0, xmm1","mulsd xmm0, xmm1",f20f59c1,sse,mul,False,20,0,,,,,,,
16782926,"xmm0,xmm1,=",False,16782800,16782971,3,"movaps xmm1, xmm0","movaps xmm1, xmm0",0f28c8,sse,mov,False,9,0,,,,,,,
16782929,"xmm1,xmm1,*=",False,16782800,16782970,4,"mulsd xmm1, xmm1","mulsd xmm1, xmm1",f20f59c9,sse,mul,False,20,0,,,,,,,
16782933,"xmm2,xmm1,+=",False,16782800,16782970,4,"addsd xmm1, xmm2","addsd xmm1, xmm2",f20f58ca,sse,add,False,17,0,,,124.0,,,,
16782937,"0x11c0,rip,-,[16],xmm2,=",True,16782800,16782967,7,"movaps xmm2, xmmword [rip - 0x11c0]","movaps xmm2, xmmword [data.010004a0]",0f281540eeffff,sse,mov,False,9,0,,,,16778400.0,"[{'addr': 16778400, 'type': 'DATA'}]",,
16782944,,False,16782800,16782970,4,"pand xmm1, xmm2","pand xmm1, xmm2",660fdbca,sse,null,False,0,0,,,,,,,
16782948,"0x11d4,rip,-,[8],xmm2,=",True,16782800,16782966,8,"movsd xmm2, qword [rip - 0x11d4]","movsd xmm2, qword [data.01000498]",f20f10152ceeffff,sse,mov,False,9,0,,,,16778392.0,"[{'addr': 16778392, 'type': 'DATA'}]",,
16782956,,False,16782800,16782970,4,"ucomisd xmm1, xmm2","ucomisd xmm1, xmm2",660f2eca,sse,null,False,0,0,,,,,,,
16782960,"xmm0,0x8,rbp,-,=[8]",True,16782800,16782969,5,"movsd qword [rbp - 8], xmm0","movsd qword [var_10h], xmm0",f20f1145f8,sse,mov,False,268435465,0,,,,,,,
16782965,"cf,zf,|,!,?{,16782891,rip,=,}",False,16782800,16782972,2,ja 0x100162b,ja 0x100162b,77b4,cpu,cjmp,False,2147483649,0,,,,,,16782891.0,16782967.0
16782967,"0x8,rbp,-,[8],xmm0,=",True,16782800,16782969,5,"movsd xmm0, qword [rbp - 8]","movsd xmm0, qword [var_10h]",f20f1045f8,sse,mov,False,9,0,,,,,,,
16782972,"rsp,[8],8,rsp,+=,rbp,=",False,16782800,16782973,1,pop rbp,pop rbp,5d,cpu,pop,False,14,0,,,,,,,
16782973,"rsp,[8],rip,=,8,rsp,+=",False,16782800,16782973,1,ret,ret,c3,cpu,ret,False,5,0,,,,,,,
