offset,esil,refptr,fcn_addr,fcn_last,size,opcode,disasm,bytes,family,type,reloc,type_num,type2_num,flags,xrefs_to,val,jump,fail,xrefs_from,ptr
16782992,"rbp,8,rsp,-,=[8],8,rsp,-=",False,16782992,16783089,1,push rbp,push rbp,55,cpu,rpush,False,268435468,0,"['main', 'sym.main', 'dbg.main']","[{'addr': 16782781, 'type': 'DATA'}]",,,,,
16782993,"rsp,rbp,=",False,16782992,16783087,3,"mov rbp, rsp","mov rbp, rsp",4889e5,cpu,mov,False,9,0,,,,,,,
16782996,"16,rsp,-=,16,0x8000000000000000,-,!,63,$o,^,of,:=,63,$s,sf,:=,$z,zf,:=,$p,pf,:=,64,$b,cf,:=,3,$b,af,:=",False,16782992,16783086,4,"sub rsp, 0x10","sub rsp, 0x10",4883ec10,cpu,sub,False,18,0,,,16.0,,,,
16783000,"0x8,rsi,+,[8],rdi,=",True,16782992,16783086,4,"mov rdi, qword [rsi + 8]","mov rdi, qword [rsi + 8]",488b7e08,cpu,mov,False,9,0,,,,,,,
16783004,"eax,rax,^,0xffffffff,&,rax,=,$z,zf,:=,$p,pf,:=,31,$s,sf,:=,0,cf,:=,0,of,:=",False,16782992,16783088,2,"xor eax, eax","xor eax, eax",31c0,cpu,xor,False,28,0,,,,,,,
16783006,"eax,rsi,=",False,16782992,16783088,2,"mov esi, eax","mov esi, eax",89c6,cpu,mov,False,9,0,,,,,,,
16783008,"16783248,rip,8,rsp,-=,rsp,=[],rip,=",False,16782992,16783085,5,call 0x1001790,call sym.imp.strtod,e8eb000000,cpu,call,False,3,0,,,,16783248.0,16783013.0,"[{'addr': 16783248, 'type': 'CALL'}]",
16783013,,False,16782992,16783086,4,"cvtsd2ss xmm0, xmm0","cvtsd2ss xmm0, xmm0",f20f5ac0,sse,null,False,0,0,,,,,,,
16783017,,False,16782992,16783086,4,"cvttss2si edi, xmm0","cvttss2si edi, xmm0",f30f2cf8,sse,null,False,0,0,,,,,,,
16783021,"16782800,rip,8,rsp,-=,rsp,=[],rip,=",False,16782992,16783085,5,call 0x10015d0,call dbg.square_root,e81effffff,cpu,call,False,3,0,,,,16782800.0,16783026.0,"[{'addr': 16782800, 'type': 'CALL'}]",
16783026,,False,16782992,16783085,5,"cvttsd2si rax, xmm0","cvttsd2si rax, xmm0",f2480f2cc0,sse,null,False,0,0,,,,,,,
16783031,"eax,rcx,=",False,16782992,16783088,2,"mov ecx, eax","mov ecx, eax",89c1,cpu,mov,False,9,0,,,,,,,
16783033,"ecx,0x4,rbp,-,=[4]",True,16782992,16783087,3,"mov dword [rbp - 4], ecx","mov dword [result], ecx",894dfc,cpu,mov,False,268435465,0,,,,,,,
16783036,"0x11f4,rip,-,rdi,=",True,16782992,16783083,7,"lea rdi, [rip - 0x11f4]","lea rdi, str.You_loose",488d3d0ceeffff,cpu,lea,False,33,0,,,,,,"[{'addr': 16778447, 'type': 'DATA'}]",16778447.0
16783043,"0x1204,rip,-,rax,=",True,16782992,16783083,7,"lea rax, [rip - 0x1204]","lea rax, str.You_win",488d05fcedffff,cpu,lea,False,33,0,,,,,,"[{'addr': 16778438, 'type': 'DATA'}]",16778438.0
16783050,"5878,ecx,==,$z,zf,:=,32,$b,cf,:=,$p,pf,:=,31,$s,sf,:=,5878,0x80000000,-,!,31,$o,^,of,:=,3,$b,af,:=",False,16782992,16783084,6,"cmp ecx, 0x16f6","cmp ecx, 0x16f6",81f9f6160000,cpu,cmp,False,15,0,,,5878.0,,,,5878.0
16783056,"zf,?{,rax,rdi,=,}",False,16782992,16783086,4,"cmove rdi, rax","cmove rdi, rax",480f44f8,cpu,cmov,False,2147483657,0,,,,,,,
16783060,"16783264,rip,8,rsp,-=,rsp,=[],rip,=",False,16782992,16783085,5,call 0x10017a0,call sym.imp.puts,e8c7000000,cpu,call,False,3,0,,,,16783264.0,16783065.0,"[{'addr': 16783264, 'type': 'CALL'}]",
16783065,"0x4,rbp,-,[4],rsi,=",True,16782992,16783087,3,"mov esi, dword [rbp - 4]","mov esi, dword [result]",8b75fc,cpu,mov,False,9,0,,,,,,,
16783068,"0x122b,rip,-,rdi,=",True,16782992,16783083,7,"lea rdi, [rip - 0x122b]","lea rdi, [0x010004b8]",488d3dd5edffff,cpu,lea,False,33,0,,,,,,"[{'addr': 16778424, 'type': 'DATA'}]",16778424.0
16783075,"0,al,=",False,16782992,16783088,2,"mov al, 0","mov al, 0",b000,cpu,mov,False,9,0,,,0.0,,,,
16783077,"16783280,rip,8,rsp,-=,rsp,=[],rip,=",False,16782992,16783085,5,call 0x10017b0,call sym.imp.printf,e8c6000000,cpu,call,False,3,0,,,,16783280.0,16783082.0,"[{'addr': 16783280, 'type': 'CALL'}]",
16783082,"eax,rax,^,0xffffffff,&,rax,=,$z,zf,:=,$p,pf,:=,31,$s,sf,:=,0,cf,:=,0,of,:=",False,16782992,16783088,2,"xor eax, eax","xor eax, eax",31c0,cpu,xor,False,28,0,,,,,,,
16783084,"16,rsp,+=,63,$o,of,:=,63,$s,sf,:=,$z,zf,:=,63,$c,cf,:=,$p,pf,:=,3,$c,af,:=",False,16782992,16783086,4,"add rsp, 0x10","add rsp, 0x10",4883c410,cpu,add,False,17,0,,,16.0,,,,
16783088,"rsp,[8],8,rsp,+=,rbp,=",False,16782992,16783089,1,pop rbp,pop rbp,5d,cpu,pop,False,14,0,,,,,,,
16783089,"rsp,[8],rip,=,8,rsp,+=",False,16782992,16783089,1,ret,ret,c3,cpu,ret,False,5,0,,,,,,,
