offset,esil,refptr,fcn_addr,fcn_last,size,opcode,disasm,bytes,family,type,reloc,type_num,type2_num,flags,xrefs_to,val,jump,fail,ptr,xrefs_from,comment
16783232,"rbp,8,rsp,-,=[8],8,rsp,-=",False,16783232,16783502,1,push rbp,push rbp,55,cpu,rpush,False,268435468,0,"['main', 'sym.main']","[{'addr': 16783213, 'type': 'DATA'}]",,,,,,
16783233,"rsp,rbp,=",False,16783232,16783500,3,"mov rbp, rsp","mov rbp, rsp",4889e5,cpu,mov,False,9,0,,,,,,,,
16783236,"32,rsp,-=,32,0x8000000000000000,-,!,63,$o,^,of,:=,63,$s,sf,:=,$z,zf,:=,$p,pf,:=,64,$b,cf,:=,3,$b,af,:=",False,16783232,16783499,4,"sub rsp, 0x20","sub rsp, 0x20",4883ec20,cpu,sub,False,18,0,,,32.0,,,,,
16783240,"edi,0x14,rbp,-,=[4]",True,16783232,16783500,3,"mov dword [rbp - 0x14], edi","mov dword [var_1ch], edi",897dec,cpu,mov,False,268435465,0,,,,,,,,
16783243,"rsi,0x10,rbp,-,=[8]",True,16783232,16783499,4,"mov qword [rbp - 0x10], rsi","mov qword [endptr], rsi",488975f0,cpu,mov,False,268435465,0,,,,,,,,
16783247,"0,0x8,rbp,-,=[4]",True,16783232,16783496,7,"mov dword [rbp - 8], 0","mov dword [var_10h], 0",c745f800000000,cpu,mov,False,268435465,0,,,0.0,,,,,
16783254,"0x8,rbp,-,[4],rax,=",True,16783232,16783500,3,"mov eax, dword [rbp - 8]","mov eax, dword [var_10h]",8b45f8,cpu,mov,False,9,0,,"[{'addr': 16783289, 'type': 'CODE'}]",,,,,,
16783257,"rax,0x20,rbp,-,=[8]",True,16783232,16783499,4,"mov qword [rbp - 0x20], rax","mov qword [var_28h], rax",488945e0,cpu,mov,False,268435465,0,,,,,,,,
16783261,"6,rax,-=,6,0x8000000000000000,-,!,63,$o,^,of,:=,63,$s,sf,:=,$z,zf,:=,$p,pf,:=,64,$b,cf,:=,3,$b,af,:=",False,16783232,16783499,4,"sub rax, 6","sub rax, 6",4883e806,cpu,sub,False,18,0,,,6.0,,,,,
16783265,"cf,zf,|,!,?{,16783287,rip,=,}",False,16783232,16783501,2,ja 0x10017b7,ja 0x10017b7,7714,cpu,cjmp,False,2147483649,0,,,,16783287.0,16783267.0,,,
16783267,"0x20,rbp,-,[8],rax,=",True,16783232,16783499,4,"mov rax, qword [rbp - 0x20]","mov rax, qword [var_28h]",488b45e0,cpu,mov,False,9,0,,,,,,,,
16783271,"0x1372,rip,-,rcx,=",True,16783232,16783496,7,"lea rcx, [rip - 0x1372]","lea rcx, data.0100043c",488d0d8eecffff,cpu,lea,False,33,0,,,,,,16778300.0,"[{'addr': 16778300, 'type': 'DATA'}]",
16783278,"32,rax,4,*,rcx,+,[4],~,rax,=",True,16783232,16783499,4,"movsxd rax, dword [rcx + rax*4]","movsxd rax, dword [rcx + rax*4]",48630481,cpu,mov,False,9,0,,,,,,,,
16783282,"rcx,rax,+=,63,$o,of,:=,63,$s,sf,:=,$z,zf,:=,63,$c,cf,:=,$p,pf,:=,3,$c,af,:=",False,16783232,16783500,3,"add rax, rcx","add rax, rcx",4801c8,cpu,add,False,17,0,,,,,,,,
16783285,"rax,rip,=",False,16783232,16783501,2,jmp rax,jmp rax,ffe0,cpu,rjmp,False,268435458,0,['switch.0x010017b5'],,,,,,"[{'addr': 16783291, 'type': 'CODE'}, {'addr': 16783315, 'type': 'CODE'}, {'addr': 16783352, 'type': 'CODE'}, {'addr': 16783397, 'type': 'CODE'}, {'addr': 16783406, 'type': 'CODE'}, {'addr': 16783454, 'type': 'CODE'}, {'addr': 16783494, 'type': 'CODE'}]",c3dpdGNoIHRhYmxlICg3IGNhc2VzKSBhdCAweDEwMDA0M2M=
16783287,"0x10017b9,rip,=",False,16783232,16783501,2,jmp 0x10017b9,jmp 0x10017b9,eb00,cpu,jmp,False,1,0,,,,16783289.0,,,"[{'addr': 16783289, 'type': 'CODE'}]",
16783289,"0x1001796,rip,=",False,16783232,16783501,2,jmp 0x1001796,jmp 0x1001796,ebdb,cpu,jmp,False,1,0,,"[{'addr': 16783287, 'type': 'CODE'}, {'addr': 16783313, 'type': 'CODE'}, {'addr': 16783350, 'type': 'CODE'}, {'addr': 16783395, 'type': 'CODE'}, {'addr': 16783449, 'type': 'CODE'}, {'addr': 16783489, 'type': 'CODE'}]",,16783254.0,,,"[{'addr': 16783254, 'type': 'CODE'}]",
16783291,"0x14,rbp,-,[4],rdx,=",True,16783232,16783500,3,"mov edx, dword [rbp - 0x14]","mov edx, dword [var_1ch]",8b55ec,cpu,mov,False,9,0,['case.0x10017b5.0'],"[{'addr': 16783285, 'type': 'CODE'}]",,,,,,
16783294,"1,rax,=",False,16783232,16783498,5,"mov eax, 1","mov eax, 1",b801000000,cpu,mov,False,9,0,,,1.0,,,,,
16783299,"2,rcx,=",False,16783232,16783498,5,"mov ecx, 2","mov ecx, 2",b902000000,cpu,mov,False,9,0,,,2.0,,,,,
16783304,"2,edx,==,$z,zf,:=,32,$b,cf,:=,$p,pf,:=,31,$s,sf,:=,2,0x80000000,-,!,31,$o,^,of,:=,3,$b,af,:=",False,16783232,16783500,3,"cmp edx, 2","cmp edx, 2",83fa02,cpu,cmp,False,15,0,,,2.0,,,2.0,,
16783307,"zf,?{,ecx,eax,=,}",False,16783232,16783500,3,"cmove eax, ecx","cmove eax, ecx",0f44c1,cpu,cmov,False,2147483657,0,,,,,,,,
16783310,"eax,0x8,rbp,-,=[4]",True,16783232,16783500,3,"mov dword [rbp - 8], eax","mov dword [var_10h], eax",8945f8,cpu,mov,False,268435465,0,,,,,,,,
16783313,"0x10017b9,rip,=",False,16783232,16783501,2,jmp 0x10017b9,jmp 0x10017b9,ebe6,cpu,jmp,False,1,0,,,,16783289.0,,,"[{'addr': 16783289, 'type': 'CODE'}]",
16783315,"0x10,rbp,-,[8],rax,=",True,16783232,16783499,4,"mov rax, qword [rbp - 0x10]","mov rax, qword [endptr]",488b45f0,cpu,mov,False,9,0,['case.0x10017b5.1'],"[{'addr': 16783285, 'type': 'CODE'}]",,,,,,
16783319,"rax,[8],rsi,=",True,16783232,16783500,3,"mov rsi, qword [rax]","mov rsi, qword [rax]",488b30,cpu,mov,False,9,0,,,,,,,,
16783322,"0x1249,rip,-,rdi,=",True,16783232,16783496,7,"lea rdi, [rip - 0x1249]","lea rdi, str.Usage:__s__integer",488d3db7edffff,cpu,lea,False,33,0,,,,,,16778648.0,"[{'addr': 16778648, 'type': 'DATA'}]",
16783329,"0,al,=",False,16783232,16783501,2,"mov al, 0","mov al, 0",b000,cpu,mov,False,9,0,,,0.0,,,,,
16783331,"16786608,rip,8,rsp,-=,rsp,=[],rip,=",False,16783232,16783498,5,call 0x10024b0,call sym.imp.printf,e8c80c0000,cpu,call,False,3,0,,,,16786608.0,16783336.0,,"[{'addr': 16786608, 'type': 'CALL'}]",
16783336,"6,0x8,rbp,-,=[4]",True,16783232,16783496,7,"mov dword [rbp - 8], 6","mov dword [var_10h], 6",c745f806000000,cpu,mov,False,268435465,0,,,6.0,,,,,
16783343,"1,0x4,rbp,-,=[4]",True,16783232,16783496,7,"mov dword [rbp - 4], 1","mov dword [var_ch], 1",c745fc01000000,cpu,mov,False,268435465,0,,,1.0,,,,,
16783350,"0x10017b9,rip,=",False,16783232,16783501,2,jmp 0x10017b9,jmp 0x10017b9,ebc1,cpu,jmp,False,1,0,,,,16783289.0,,,"[{'addr': 16783289, 'type': 'CODE'}]",
16783352,"0x10,rbp,-,[8],rax,=",True,16783232,16783499,4,"mov rax, qword [rbp - 0x10]","mov rax, qword [endptr]",488b45f0,cpu,mov,False,9,0,['case.0x10017b5.2'],"[{'addr': 16783285, 'type': 'CODE'}]",,,,,,
16783356,"0x8,rax,+,[8],rdi,=",True,16783232,16783499,4,"mov rdi, qword [rax + 8]","mov rdi, qword [rax + 8]",488b7808,cpu,mov,False,9,0,,,,,,,,
16783360,"eax,rax,^,0xffffffff,&,rax,=,$z,zf,:=,$p,pf,:=,31,$s,sf,:=,0,cf,:=,0,of,:=",False,16783232,16783501,2,"xor eax, eax","xor eax, eax",31c0,cpu,xor,False,28,0,,,,,,,,
16783362,"eax,rsi,=",False,16783232,16783501,2,"mov esi, eax","mov esi, eax",89c6,cpu,mov,False,9,0,,,,,,,,
16783364,"10,rdx,=",False,16783232,16783498,5,"mov edx, 0xa","mov edx, 0xa",ba0a000000,cpu,mov,False,9,0,,,10.0,,,,,
16783369,"16786624,rip,8,rsp,-=,rsp,=[],rip,=",False,16783232,16783498,5,call 0x10024c0,call sym.imp.strtol,e8b20c0000,cpu,call,False,3,0,,,,16786624.0,16783374.0,,"[{'addr': 16786624, 'type': 'CALL'}]",
16783374,"eax,rdi,=",False,16783232,16783501,2,"mov edi, eax","mov edi, eax",89c7,cpu,mov,False,9,0,,,,,,,,
16783376,"16783504,rip,8,rsp,-=,rsp,=[],rip,=",False,16783232,16783498,5,call 0x1001890,call sym.chaotic_path,e87b000000,cpu,call,False,3,0,,,,16783504.0,16783381.0,,"[{'addr': 16783504, 'type': 'CALL'}]",
16783381,"6,0x8,rbp,-,=[4]",True,16783232,16783496,7,"mov dword [rbp - 8], 6","mov dword [var_10h], 6",c745f806000000,cpu,mov,False,268435465,0,,,6.0,,,,,
16783388,"0,0x4,rbp,-,=[4]",True,16783232,16783496,7,"mov dword [rbp - 4], 0","mov dword [var_ch], 0",c745fc00000000,cpu,mov,False,268435465,0,,,0.0,,,,,
16783395,"0x10017b9,rip,=",False,16783232,16783501,2,jmp 0x10017b9,jmp 0x10017b9,eb94,cpu,jmp,False,1,0,,,,16783289.0,,,"[{'addr': 16783289, 'type': 'CODE'}]",
16783397,"0x4,rbp,-,[4],rax,=",True,16783232,16783500,3,"mov eax, dword [rbp - 4]","mov eax, dword [var_ch]",8b45fc,cpu,mov,False,9,0,['case.0x10017b5.3'],"[{'addr': 16783285, 'type': 'CODE'}]",,,,,,
16783400,"32,rsp,+=,63,$o,of,:=,63,$s,sf,:=,$z,zf,:=,63,$c,cf,:=,$p,pf,:=,3,$c,af,:=",False,16783232,16783499,4,"add rsp, 0x20","add rsp, 0x20",4883c420,cpu,add,False,17,0,,,32.0,,,,,
16783404,"rsp,[8],8,rsp,+=,rbp,=",False,16783232,16783502,1,pop rbp,pop rbp,5d,cpu,pop,False,14,0,,,,,,,,
16783405,"rsp,[8],rip,=,8,rsp,+=",False,16783232,16783502,1,ret,ret,c3,cpu,ret,False,5,0,,,,,,,,
16783406,"0x10,rbp,-,[8],rax,=",True,16783232,16783499,4,"mov rax, qword [rbp - 0x10]","mov rax, qword [endptr]",488b45f0,cpu,mov,False,9,0,['case.0x10017b5.4'],"[{'addr': 16783285, 'type': 'CODE'}]",,,,,,
16783410,"0x8,rax,+,[8],rdi,=",True,16783232,16783499,4,"mov rdi, qword [rax + 8]","mov rdi, qword [rax + 8]",488b7808,cpu,mov,False,9,0,,,,,,,,
16783414,"eax,rax,^,0xffffffff,&,rax,=,$z,zf,:=,$p,pf,:=,31,$s,sf,:=,0,cf,:=,0,of,:=",False,16783232,16783501,2,"xor eax, eax","xor eax, eax",31c0,cpu,xor,False,28,0,,,,,,,,
16783416,"eax,rsi,=",False,16783232,16783501,2,"mov esi, eax","mov esi, eax",89c6,cpu,mov,False,9,0,,,,,,,,
16783418,"10,rdx,=",False,16783232,16783498,5,"mov edx, 0xa","mov edx, 0xa",ba0a000000,cpu,mov,False,9,0,,,10.0,,,,,
16783423,"16786624,rip,8,rsp,-=,rsp,=[],rip,=",False,16783232,16783498,5,call 0x10024c0,call sym.imp.strtol,e87c0c0000,cpu,call,False,3,0,,,,16786624.0,16783428.0,,"[{'addr': 16786624, 'type': 'CALL'}]",
16783428,"eax,rdi,=",False,16783232,16783501,2,"mov edi, eax","mov edi, eax",89c7,cpu,mov,False,9,0,,,,,,,,
16783430,"16783504,rip,8,rsp,-=,rsp,=[],rip,=",False,16783232,16783498,5,call 0x1001890,call sym.chaotic_path,e845000000,cpu,call,False,3,0,,,,16783504.0,16783435.0,,"[{'addr': 16783504, 'type': 'CALL'}]",
16783435,"3,0x8,rbp,-,=[4]",True,16783232,16783496,7,"mov dword [rbp - 8], 3","mov dword [var_10h], 3",c745f803000000,cpu,mov,False,268435465,0,,,3.0,,,,,
16783442,"0,0x4,rbp,-,=[4]",True,16783232,16783496,7,"mov dword [rbp - 4], 0","mov dword [var_ch], 0",c745fc00000000,cpu,mov,False,268435465,0,,,0.0,,,,,
16783449,"0x10017b9,rip,=",False,16783232,16783498,5,jmp 0x10017b9,jmp 0x10017b9,e95bffffff,cpu,jmp,False,1,0,,,,16783289.0,,,"[{'addr': 16783289, 'type': 'CODE'}]",
16783454,"0x10,rbp,-,[8],rax,=",True,16783232,16783499,4,"mov rax, qword [rbp - 0x10]","mov rax, qword [endptr]",488b45f0,cpu,mov,False,9,0,['case.0x10017b5.5'],"[{'addr': 16783285, 'type': 'CODE'}]",,,,,,
16783458,"rax,[8],rsi,=",True,16783232,16783500,3,"mov rsi, qword [rax]","mov rsi, qword [rax]",488b30,cpu,mov,False,9,0,,,,,,,,
16783461,"0x12d4,rip,-,rdi,=",True,16783232,16783496,7,"lea rdi, [rip - 0x12d4]","lea rdi, str.Usage:__s__integer",488d3d2cedffff,cpu,lea,False,33,0,,,,,,16778648.0,"[{'addr': 16778648, 'type': 'DATA'}]",
16783468,"0,al,=",False,16783232,16783501,2,"mov al, 0","mov al, 0",b000,cpu,mov,False,9,0,,,0.0,,,,,
16783470,"16786608,rip,8,rsp,-=,rsp,=[],rip,=",False,16783232,16783498,5,call 0x10024b0,call sym.imp.printf,e83d0c0000,cpu,call,False,3,0,,,,16786608.0,16783475.0,,"[{'addr': 16786608, 'type': 'CALL'}]",
16783475,"3,0x8,rbp,-,=[4]",True,16783232,16783496,7,"mov dword [rbp - 8], 3","mov dword [var_10h], 3",c745f803000000,cpu,mov,False,268435465,0,,,3.0,,,,,
16783482,"1,0x4,rbp,-,=[4]",True,16783232,16783496,7,"mov dword [rbp - 4], 1","mov dword [var_ch], 1",c745fc01000000,cpu,mov,False,268435465,0,,,1.0,,,,,
16783489,"0x10017b9,rip,=",False,16783232,16783498,5,jmp 0x10017b9,jmp 0x10017b9,e933ffffff,cpu,jmp,False,1,0,,,,16783289.0,,,"[{'addr': 16783289, 'type': 'CODE'}]",
16783494,"0x4,rbp,-,[4],rax,=",True,16783232,16783500,3,"mov eax, dword [rbp - 4]","mov eax, dword [var_ch]",8b45fc,cpu,mov,False,9,0,['case.0x10017b5.6'],"[{'addr': 16783285, 'type': 'CODE'}]",,,,,,
16783497,"32,rsp,+=,63,$o,of,:=,63,$s,sf,:=,$z,zf,:=,63,$c,cf,:=,$p,pf,:=,3,$c,af,:=",False,16783232,16783499,4,"add rsp, 0x20","add rsp, 0x20",4883c420,cpu,add,False,17,0,,,32.0,,,,,
16783501,"rsp,[8],8,rsp,+=,rbp,=",False,16783232,16783502,1,pop rbp,pop rbp,5d,cpu,pop,False,14,0,,,,,,,,
16783502,"rsp,[8],rip,=,8,rsp,+=",False,16783232,16783502,1,ret,ret,c3,cpu,ret,False,5,0,,,,,,,,
