offset,esil,refptr,fcn_addr,fcn_last,size,opcode,disasm,bytes,family,type,reloc,type_num,type2_num,flags,comment,val,ptr,xrefs_from
16782816,"ebp,rbp,^,0xffffffff,&,rbp,=,$z,zf,:=,$p,pf,:=,31,$s,sf,:=,0,cf,:=,0,of,:=",False,16782816,16782856,2,"xor ebp, ebp","xor ebp, ebp",31ed,cpu,xor,False,28,0,"['entry0', 'section..text', 'segment.LOAD1', 'sym._start']",WzEzXSAtci14IHNlY3Rpb24gc2l6ZSAzNDIgbmFtZWQgLnRleHQ=,,,
16782818,"rdx,r9,=",False,16782816,16782855,3,"mov r9, rdx","mov r9, rdx",4989d1,cpu,mov,False,9,0,,,,,
16782821,"rsp,[8],8,rsp,+=,rsi,=",False,16782816,16782857,1,pop rsi,pop rsi,5e,cpu,pop,False,14,0,,,,,
16782822,"rsp,rdx,=",False,16782816,16782855,3,"mov rdx, rsp","mov rdx, rsp",4889e2,cpu,mov,False,9,0,,,,,
16782825,"18446744073709551600,rsp,&=,$z,zf,:=,$p,pf,:=,63,$s,sf,:=,0,cf,:=,0,of,:=",False,16782816,16782854,4,"and rsp, 0xfffffffffffffff0","and rsp, 0xfffffffffffffff0",4883e4f0,cpu,and,False,27,0,,,1.8446744073709552e+19,,
16782829,"rax,8,rsp,-,=[8],8,rsp,-=",False,16782816,16782857,1,push rax,push rax,50,cpu,rpush,False,268435468,0,,,,,
16782830,"rsp,8,rsp,-,=[8],8,rsp,-=",False,16782816,16782857,1,push rsp,push rsp,54,cpu,rpush,False,268435468,0,,,,,
16782831,"0x13a,rip,+,r8,=",True,16782816,16782851,7,"lea r8, [rip + 0x13a]","lea r8, [dbg.__libc_csu_fini]",4c8d053a010000,cpu,lea,False,33,0,,,,16783152.0,"[{'addr': 16783152, 'type': 'DATA'}]"
16782838,"0xc3,rip,+,rcx,=",True,16782816,16782851,7,"lea rcx, [rip + 0xc3]","lea rcx, [dbg.__libc_csu_init]",488d0dc3000000,cpu,lea,False,33,0,,,,16783040.0,"[{'addr': 16783040, 'type': 'DATA'}]"
16782845,"0x5c,rip,+,rdi,=",True,16782816,16782851,7,"lea rdi, [rip + 0x5c]","lea rdi, [main]",488d3d5c000000,cpu,lea,False,33,0,,,,16782944.0,"[{'addr': 16782944, 'type': 'DATA'}]"
16782852,"0x12e6,rip,+,[8],rip,8,rsp,-=,rsp,=[],rip,=",True,16782816,16782852,6,call qword [rip + 0x12e6],call qword [reloc.__libc_start_main],ff15e6120000,cpu,ircall,False,402653188,0,,,,16787696.0,"[{'addr': 16787696, 'type': 'CALL'}]"
