offset,esil,refptr,fcn_addr,fcn_last,size,opcode,disasm,bytes,family,type,reloc,type_num,type2_num,flags,xrefs_to,val,ptr,jump,fail,xrefs_from
16782976,"rbp,8,rsp,-,=[8],8,rsp,-=",False,16782976,16783092,1,push rbp,push rbp,55,cpu,rpush,False,268435468,0,"['main', 'sym.main']","[{'addr': 16782957, 'type': 'DATA'}]",,,,,
16782977,"rsp,rbp,=",False,16782976,16783090,3,"mov rbp, rsp","mov rbp, rsp",4889e5,cpu,mov,False,9,0,,,,,,,
16782980,"128,rsp,-=,128,0x8000000000000000,-,!,63,$o,^,of,:=,63,$s,sf,:=,$z,zf,:=,$p,pf,:=,64,$b,cf,:=,3,$b,af,:=",False,16782976,16783086,7,"sub rsp, 0x80","sub rsp, 0x80",4881ec80000000,cpu,sub,False,18,0,,,128.0,,,,
16782987,"rsi,0x78,rbp,-,=[8]",True,16782976,16783089,4,"mov qword [rbp - 0x78], rsi","mov qword [endptr], rsi",48897588,cpu,mov,False,268435465,0,,,,,,,
16782991,"2,edi,==,$z,zf,:=,32,$b,cf,:=,$p,pf,:=,31,$s,sf,:=,2,0x80000000,-,!,31,$o,^,of,:=,3,$b,af,:=",False,16782976,16783090,3,"cmp edi, 2","cmp edi, 2",83ff02,cpu,cmp,False,15,0,,,2.0,2.0,,,
16782994,"zf,?{,16783027,rip,=,}",False,16782976,16783091,2,je 0x10016b3,je 0x10016b3,741f,cpu,cjmp,False,2147483649,0,,,,,16783027.0,16782996.0,
16782996,"0x78,rbp,-,[8],rax,=",True,16782976,16783089,4,"mov rax, qword [rbp - 0x78]","mov rax, qword [endptr]",488b4588,cpu,mov,False,9,0,,,,,,,
16783000,"rax,[8],rsi,=",True,16782976,16783090,3,"mov rsi, qword [rax]","mov rsi, qword [rax]",488b30,cpu,mov,False,9,0,,,,,,,
16783003,"0x1226,rip,-,rdi,=",True,16782976,16783086,7,"lea rdi, [rip - 0x1226]","lea rdi, str.Usage:__s__integer",488d3ddaedffff,cpu,lea,False,33,0,,,,16778364.0,,,"[{'addr': 16778364, 'type': 'DATA'}]"
16783010,"0,al,=",False,16782976,16783091,2,"mov al, 0","mov al, 0",b000,cpu,mov,False,9,0,,,0.0,,,,
16783012,"16784944,rip,8,rsp,-=,rsp,=[],rip,=",False,16782976,16783088,5,call 0x1001e30,call sym.imp.printf,e887070000,cpu,call,False,3,0,,,,,16784944.0,16783017.0,"[{'addr': 16784944, 'type': 'CALL'}]"
16783017,"1,rax,=",False,16782976,16783088,5,"mov eax, 1","mov eax, 1",b801000000,cpu,mov,False,9,0,,,1.0,,,,
16783022,"eax,0x7c,rbp,-,=[4]",True,16782976,16783090,3,"mov dword [rbp - 0x7c], eax","mov dword [var_84h], eax",894584,cpu,mov,False,268435465,0,,,,,,,
16783025,"0x10016e9,rip,=",False,16782976,16783091,2,jmp 0x10016e9,jmp 0x10016e9,eb36,cpu,jmp,False,1,0,,,,,16783081.0,,"[{'addr': 16783081, 'type': 'CODE'}]"
16783027,"0x78,rbp,-,[8],rax,=",True,16782976,16783089,4,"mov rax, qword [rbp - 0x78]","mov rax, qword [endptr]",488b4588,cpu,mov,False,9,0,,,,,,,
16783031,"0x8,rax,+,[8],rdi,=",True,16782976,16783089,4,"mov rdi, qword [rax + 8]","mov rdi, qword [rax + 8]",488b7808,cpu,mov,False,9,0,,,,,,,
16783035,"eax,rax,^,0xffffffff,&,rax,=,$z,zf,:=,$p,pf,:=,31,$s,sf,:=,0,cf,:=,0,of,:=",False,16782976,16783091,2,"xor eax, eax","xor eax, eax",31c0,cpu,xor,False,28,0,,,,,,,
16783037,"eax,rsi,=",False,16782976,16783091,2,"mov esi, eax","mov esi, eax",89c6,cpu,mov,False,9,0,,,,,,,
16783039,"10,rdx,=",False,16782976,16783088,5,"mov edx, 0xa","mov edx, 0xa",ba0a000000,cpu,mov,False,9,0,,,10.0,,,,
16783044,"16784960,rip,8,rsp,-=,rsp,=[],rip,=",False,16782976,16783088,5,call 0x1001e40,call sym.imp.strtol,e877070000,cpu,call,False,3,0,,,,,16784960.0,16783049.0,"[{'addr': 16784960, 'type': 'CALL'}]"
16783049,"eax,rsi,=",False,16782976,16783091,2,"mov esi, eax","mov esi, eax",89c6,cpu,mov,False,9,0,,,,,,,
16783051,"0x70,rbp,-,rdi,=",True,16782976,16783089,4,"lea rdi, [rbp - 0x70]","lea rdi, [var_78h]",488d7d90,cpu,lea,False,33,0,,,,,,,
16783055,"16783104,rip,8,rsp,-=,rsp,=[],rip,=",False,16782976,16783088,5,call 0x1001700,call sym.generate_matrix,e82c000000,cpu,call,False,3,0,,,,,16783104.0,16783060.0,"[{'addr': 16783104, 'type': 'CALL'}]"
16783060,"0x70,rbp,-,rdi,=",True,16782976,16783089,4,"lea rdi, [rbp - 0x70]","lea rdi, [var_78h]",488d7d90,cpu,lea,False,33,0,,,,,,,
16783064,"2,rdx,=",False,16782976,16783088,5,"mov edx, 2","mov edx, 2",ba02000000,cpu,mov,False,9,0,,,2.0,,,,
16783069,"edx,rsi,=",False,16782976,16783091,2,"mov esi, edx","mov esi, edx",89d6,cpu,mov,False,9,0,,,,,,,
16783071,"16783760,rip,8,rsp,-=,rsp,=[],rip,=",False,16782976,16783088,5,call 0x1001990,call sym.analyze_path,e8ac020000,cpu,call,False,3,0,,,,,16783760.0,16783076.0,"[{'addr': 16783760, 'type': 'CALL'}]"
16783076,"eax,rax,^,0xffffffff,&,rax,=,$z,zf,:=,$p,pf,:=,31,$s,sf,:=,0,cf,:=,0,of,:=",False,16782976,16783091,2,"xor eax, eax","xor eax, eax",31c0,cpu,xor,False,28,0,,,,,,,
16783078,"eax,0x7c,rbp,-,=[4]",True,16782976,16783090,3,"mov dword [rbp - 0x7c], eax","mov dword [var_84h], eax",894584,cpu,mov,False,268435465,0,,,,,,,
16783081,"0x7c,rbp,-,[4],rax,=",True,16782976,16783090,3,"mov eax, dword [rbp - 0x7c]","mov eax, dword [var_84h]",8b4584,cpu,mov,False,9,0,,"[{'addr': 16783025, 'type': 'CODE'}]",,,,,
16783084,"128,rsp,+=,63,$o,of,:=,63,$s,sf,:=,$z,zf,:=,63,$c,cf,:=,$p,pf,:=,3,$c,af,:=",False,16782976,16783086,7,"add rsp, 0x80","add rsp, 0x80",4881c480000000,cpu,add,False,17,0,,,128.0,,,,
16783091,"rsp,[8],8,rsp,+=,rbp,=",False,16782976,16783092,1,pop rbp,pop rbp,5d,cpu,pop,False,14,0,,,,,,,
16783092,"rsp,[8],rip,=,8,rsp,+=",False,16782976,16783092,1,ret,ret,c3,cpu,ret,False,5,0,,,,,,,
