offset,esil,refptr,fcn_addr,fcn_last,size,opcode,disasm,bytes,family,type,reloc,type_num,type2_num,flags,xrefs_to,ptr,xrefs_from,jump,fail,val
16784800,"rbp,8,rsp,-,=[8],8,rsp,-=",False,16784800,16784901,1,push rbp,push rbp,55,cpu,rpush,False,268435468,0,"['sym.__libc_csu_init', 'dbg.__libc_csu_init']","[{'addr': 16782950, 'type': 'DATA'}]",,,,,
16784801,"rsp,rbp,=",False,16784800,16784899,3,"mov rbp, rsp","mov rbp, rsp",4889e5,cpu,mov,False,9,0,,,,,,,
16784804,"r15,8,rsp,-,=[8],8,rsp,-=",False,16784800,16784900,2,push r15,push r15,4157,cpu,rpush,False,268435468,0,,,,,,,
16784806,"r14,8,rsp,-,=[8],8,rsp,-=",False,16784800,16784900,2,push r14,push r14,4156,cpu,rpush,False,268435468,0,,,,,,,
16784808,"r13,8,rsp,-,=[8],8,rsp,-=",False,16784800,16784900,2,push r13,push r13,4155,cpu,rpush,False,268435468,0,,,,,,,
16784810,"r12,8,rsp,-,=[8],8,rsp,-=",False,16784800,16784900,2,push r12,push r12,4154,cpu,rpush,False,268435468,0,,,,,,,
16784812,"rbx,8,rsp,-,=[8],8,rsp,-=",False,16784800,16784901,1,push rbx,push rbx,53,cpu,rpush,False,268435468,0,,,,,,,
16784813,"rax,8,rsp,-,=[8],8,rsp,-=",False,16784800,16784901,1,push rax,push rax,50,cpu,rpush,False,268435468,0,,,,,,,
16784814,"0x1db5,rip,-,r12,=",True,16784800,16784895,7,"lea r12, [rip - 0x1db5]","lea r12, loc.__init_array_start",4c8d254be2ffff,cpu,lea,False,33,0,,,16777216.0,"[{'addr': 16777216, 'type': 'DATA'}]",,,
16784821,"0x1dbc,rip,-,r13,=",True,16784800,16784895,7,"lea r13, [rip - 0x1dbc]","lea r13, loc.__init_array_start",4c8d2d44e2ffff,cpu,lea,False,33,0,,,16777216.0,"[{'addr': 16777216, 'type': 'DATA'}]",,,
16784828,"r12,r13,-=,r12,0x8000000000000000,-,!,63,$o,^,of,:=,63,$s,sf,:=,$z,zf,:=,$p,pf,:=,64,$b,cf,:=,3,$b,af,:=",False,16784800,16784899,3,"sub r13, r12","sub r13, r12",4d29e5,cpu,sub,False,18,0,,,,,,,
16784831,"zf,?{,16784887,rip,=,}",False,16784800,16784900,2,je 0x1001df7,je 0x1001df7,7436,cpu,cjmp,False,2147483649,0,,,,,16784887.0,16784833.0,
16784833,"rdx,rbx,=",False,16784800,16784899,3,"mov rbx, rdx","mov rbx, rdx",4889d3,cpu,mov,False,9,0,,,,,,,
16784836,"rsi,r14,=",False,16784800,16784899,3,"mov r14, rsi","mov r14, rsi",4989f6,cpu,mov,False,9,0,,,,,,,
16784839,"edi,r15,=",False,16784800,16784899,3,"mov r15d, edi","mov r15d, edi",4189ff,cpu,mov,False,9,0,,,,,,,
16784842,"0,cf,:=,1,3,-,1,<<,r13,&,?{,1,cf,:=,},3,r13,>>>>,r13,=,$z,zf,:=,$p,pf,:=,63,$s,sf,:=",False,16784800,16784898,4,"sar r13, 3","sar r13, 3",49c1fd03,cpu,sar,False,25,0,,,,,,,
16784846,"1,r13,==,$z,zf,:=,64,$b,cf,:=,$p,pf,:=,63,$s,sf,:=,1,0x8000000000000000,-,!,63,$o,^,of,:=,3,$b,af,:=",False,16784800,16784898,4,"cmp r13, 1","cmp r13, 1",4983fd01,cpu,cmp,False,15,0,,,1.0,,,,1.0
16784850,"cf,0,+,r13,+=,63,$o,of,:=,63,$s,sf,:=,$z,zf,:=,63,$c,cf,:=,$p,pf,:=,3,$c,af,:=",False,16784800,16784898,4,"adc r13, 0","adc r13, 0",4983d500,cpu,add,False,17,0,,,,,,,
16784854,",",False,16784800,16784892,10,nop word cs:[rax + rax],nop word cs:[rax + rax],662e0f1f840000000000,cpu,nop,False,8,0,,,,,,,
16784864,"r15d,rdi,=",False,16784800,16784899,3,"mov edi, r15d","mov edi, r15d",4489ff,cpu,mov,False,9,0,,,,,,,
16784867,"r14,rsi,=",False,16784800,16784899,3,"mov rsi, r14","mov rsi, r14",4c89f6,cpu,mov,False,9,0,,,,,,,
16784870,"rbx,rdx,=",False,16784800,16784899,3,"mov rdx, rbx","mov rdx, rbx",4889da,cpu,mov,False,9,0,,,,,,,
16784873,"r12,[8],rip,8,rsp,-=,rsp,=[],rip,=",False,16784800,16784898,4,call qword [r12],call qword [r12],41ff1424,cpu,ircall,False,402653188,0,,,0.0,,,,
16784877,"8,r12,+=,63,$o,of,:=,63,$s,sf,:=,$z,zf,:=,63,$c,cf,:=,$p,pf,:=,3,$c,af,:=",False,16784800,16784898,4,"add r12, 8","add r12, 8",4983c408,cpu,add,False,17,0,,,,,,,8.0
16784881,"18446744073709551615,r13,+=,63,$o,of,:=,63,$s,sf,:=,$z,zf,:=,63,$c,cf,:=,$p,pf,:=,3,$c,af,:=",False,16784800,16784898,4,"add r13, 0xffffffffffffffff","add r13, 0xffffffffffffffff",4983c5ff,cpu,add,False,17,0,,,,,,,
16784885,"zf,!,?{,16784864,rip,=,}",False,16784800,16784900,2,jne 0x1001de0,jne 0x1001de0,75e9,cpu,cjmp,False,2147483649,0,,,,,16784864.0,16784887.0,
16784887,"8,rsp,+=,63,$o,of,:=,63,$s,sf,:=,$z,zf,:=,63,$c,cf,:=,$p,pf,:=,3,$c,af,:=",False,16784800,16784898,4,"add rsp, 8","add rsp, 8",4883c408,cpu,add,False,17,0,,,,,,,8.0
16784891,"rsp,[8],8,rsp,+=,rbx,=",False,16784800,16784901,1,pop rbx,pop rbx,5b,cpu,pop,False,14,0,,,,,,,
16784892,"rsp,[8],8,rsp,+=,r12,=",False,16784800,16784900,2,pop r12,pop r12,415c,cpu,pop,False,14,0,,,,,,,
16784894,"rsp,[8],8,rsp,+=,r13,=",False,16784800,16784900,2,pop r13,pop r13,415d,cpu,pop,False,14,0,,,,,,,
16784896,"rsp,[8],8,rsp,+=,r14,=",False,16784800,16784900,2,pop r14,pop r14,415e,cpu,pop,False,14,0,,,,,,,
16784898,"rsp,[8],8,rsp,+=,r15,=",False,16784800,16784900,2,pop r15,pop r15,415f,cpu,pop,False,14,0,,,,,,,
16784900,"rsp,[8],8,rsp,+=,rbp,=",False,16784800,16784901,1,pop rbp,pop rbp,5d,cpu,pop,False,14,0,,,,,,,
16784901,"rsp,[8],rip,=,8,rsp,+=",False,16784800,16784901,1,ret,ret,c3,cpu,ret,False,5,0,,,,,,,
