offset,esil,refptr,fcn_addr,fcn_last,size,opcode,disasm,bytes,family,type,reloc,type_num,type2_num,flags,xrefs_to,val
16783968,"rbp,8,rsp,-,=[8],8,rsp,-=",False,16783968,16784054,1,push rbp,push rbp,55,cpu,rpush,False,268435468,0,['sym.create_fractal'],"[{'addr': 16783116, 'type': 'CALL'}]",
16783969,"rsp,rbp,=",False,16783968,16784052,3,"mov rbp, rsp","mov rbp, rsp",4889e5,cpu,mov,False,9,0,,,
16783972,"esi,rcx,=",False,16783968,16784053,2,"mov ecx, esi","mov ecx, esi",89f1,cpu,mov,False,9,0,,,
16783974,"32,ecx,~,rax,=",False,16783968,16784052,3,"movsxd rax, ecx","movsxd rax, ecx",4863c1,cpu,mov,False,9,0,,,
16783977,"64,1374389535,~,64,rax,~,*,DUP,rax,=,rax,-,?{,1,1,}{,0,0,},cf,:=,of,:=",False,16783968,16784048,7,"imul rax, rax, 0x51eb851f","imul rax, rax, 0x51eb851f",4869c01f85eb51,cpu,mul,False,20,0,,,
16783984,"rax,rdx,=",False,16783968,16784052,3,"mov rdx, rax","mov rdx, rax",4889c2,cpu,mov,False,9,0,,,
16783987,"0,cf,:=,1,63,-,1,<<,rdx,&,?{,1,cf,:=,},63,rdx,>>,rdx,=,$z,zf,:=,$p,pf,:=,63,$s,sf,:=",False,16783968,16784051,4,"shr rdx, 0x3f","shr rdx, 0x3f",48c1ea3f,cpu,shr,False,22,0,,,63.0
16783991,"0,cf,:=,1,37,-,1,<<,rax,&,?{,1,cf,:=,},37,rax,>>>>,rax,=,$z,zf,:=,$p,pf,:=,63,$s,sf,:=",False,16783968,16784051,4,"sar rax, 0x25","sar rax, 0x25",48c1f825,cpu,sar,False,25,0,,,
16783995,"edx,eax,+=,31,$o,of,:=,31,$s,sf,:=,$z,zf,:=,31,$c,cf,:=,$p,pf,:=,3,$c,af,:=",False,16783968,16784053,2,"add eax, edx","add eax, edx",01d0,cpu,add,False,17,0,,,
16783997,"32,100,~,32,eax,~,*,DUP,eax,=,eax,-,?{,1,1,}{,0,0,},cf,:=,of,:=",False,16783968,16784052,3,"imul eax, eax, 0x64","imul eax, eax, 0x64",6bc064,cpu,mul,False,20,0,,,
16784000,"eax,ecx,-=,eax,0x80000000,-,!,31,$o,^,of,:=,31,$s,sf,:=,$z,zf,:=,$p,pf,:=,32,$b,cf,:=,3,$b,af,:=",False,16783968,16784053,2,"sub ecx, eax","sub ecx, eax",29c1,cpu,sub,False,18,0,,,
16784002,"ecx,rax,=",False,16783968,16784053,2,"mov eax, ecx","mov eax, ecx",89c8,cpu,mov,False,9,0,,,
16784004,"1,rax,&,0xffffffff,&,rax,=,$z,zf,:=,$p,pf,:=,31,$s,sf,:=,0,cf,:=,0,of,:=",False,16783968,16784052,3,"and eax, 1","and eax, 1",83e001,cpu,and,False,27,0,,,1.0
16784007,"1,ecx,|=,31,$s,sf,:=,$z,zf,:=,$p,pf,:=,0,of,:=,0,cf,:=",False,16783968,16784052,3,"or ecx, 1","or ecx, 1",83c901,cpu,or,False,26,0,,,1.0
16784010,"ecx,eax,+=,31,$o,of,:=,31,$s,sf,:=,$z,zf,:=,31,$c,cf,:=,$p,pf,:=,3,$c,af,:=",False,16783968,16784053,2,"add eax, ecx","add eax, ecx",01c8,cpu,add,False,17,0,,,
16784012,"eax,xmm0l,=",False,16783968,16784051,4,"movd xmm0, eax","movd xmm0, eax",660f6ec0,sse,mov,False,9,0,,,
16784016,,False,16783968,16784050,5,"pshufd xmm0, xmm0, 0","pshufd xmm0, xmm0, 0",660f70c000,sse,null,False,0,0,,,
16784021,"xmm0,rdi,=[16]",False,16783968,16784051,4,"movdqu xmmword [rdi], xmm0","movdqu xmmword [rdi], xmm0",f30f7f07,sse,null,False,0,0,,,
16784025,"xmm0,0x10,rdi,+,=[16]",False,16783968,16784050,5,"movdqu xmmword [rdi + 0x10], xmm0","movdqu xmmword [rdi + 0x10], xmm0",f30f7f4710,sse,null,False,0,0,,,
16784030,"xmm0,0x20,rdi,+,=[16]",False,16783968,16784050,5,"movdqu xmmword [rdi + 0x20], xmm0","movdqu xmmword [rdi + 0x20], xmm0",f30f7f4720,sse,null,False,0,0,,,
16784035,"xmm0,0x30,rdi,+,=[16]",False,16783968,16784050,5,"movdqu xmmword [rdi + 0x30], xmm0","movdqu xmmword [rdi + 0x30], xmm0",f30f7f4730,sse,null,False,0,0,,,
16784040,"xmm0,0x40,rdi,+,=[16]",False,16783968,16784050,5,"movdqu xmmword [rdi + 0x40], xmm0","movdqu xmmword [rdi + 0x40], xmm0",f30f7f4740,sse,null,False,0,0,,,
16784045,"xmm0,0x50,rdi,+,=[16]",False,16783968,16784050,5,"movdqu xmmword [rdi + 0x50], xmm0","movdqu xmmword [rdi + 0x50], xmm0",f30f7f4750,sse,null,False,0,0,,,
16784050,"eax,0x60,rdi,+,=[4]",True,16783968,16784052,3,"mov dword [rdi + 0x60], eax","mov dword [rdi + 0x60], eax",894760,cpu,mov,False,9,0,,,
16784053,"rsp,[8],8,rsp,+=,rbp,=",False,16783968,16784054,1,pop rbp,pop rbp,5d,cpu,pop,False,14,0,,,
16784054,"rsp,[8],rip,=,8,rsp,+=",False,16783968,16784054,1,ret,ret,c3,cpu,ret,False,5,0,,,
