offset,esil,refptr,fcn_addr,fcn_last,size,opcode,disasm,bytes,family,type,reloc,type_num,type2_num,flags,xrefs_to,val,ptr,jump,fail,xrefs_from
16783760,"rbp,8,rsp,-,=[8],8,rsp,-=",False,16783760,16783958,1,push rbp,push rbp,55,cpu,rpush,False,268435468,0,['sym.analyze_path'],"[{'addr': 16783071, 'type': 'CALL'}]",,,,,
16783761,"rsp,rbp,=",False,16783760,16783956,3,"mov rbp, rsp","mov rbp, rsp",4889e5,cpu,mov,False,9,0,,,,,,,
16783764,"32,rsp,-=,32,0x8000000000000000,-,!,63,$o,^,of,:=,63,$s,sf,:=,$z,zf,:=,$p,pf,:=,64,$b,cf,:=,3,$b,af,:=",False,16783760,16783955,4,"sub rsp, 0x20","sub rsp, 0x20",4883ec20,cpu,sub,False,18,0,,,32.0,,,,
16783768,"rdi,0x10,rbp,-,=[8]",True,16783760,16783955,4,"mov qword [rbp - 0x10], rdi","mov qword [var_18h], rdi",48897df0,cpu,mov,False,268435465,0,,,,,,,
16783772,"esi,0x8,rbp,-,=[4]",True,16783760,16783956,3,"mov dword [rbp - 8], esi","mov dword [var_10h], esi",8975f8,cpu,mov,False,268435465,0,,,,,,,
16783775,"edx,0x4,rbp,-,=[4]",True,16783760,16783956,3,"mov dword [rbp - 4], edx","mov dword [var_ch], edx",8955fc,cpu,mov,False,268435465,0,,,,,,,
16783778,"4,esi,==,$z,zf,:=,32,$b,cf,:=,$p,pf,:=,31,$s,sf,:=,4,0x80000000,-,!,31,$o,^,of,:=,3,$b,af,:=",False,16783760,16783956,3,"cmp esi, 4","cmp esi, 4",83fe04,cpu,cmp,False,15,0,,,4.0,4.0,,,
16783781,"cf,zf,|,!,al,=",False,16783760,16783956,3,seta al,seta al,0f97c0,cpu,cmov,False,2147483657,0,,,,,,,
16783784,"4,edx,==,$z,zf,:=,32,$b,cf,:=,$p,pf,:=,31,$s,sf,:=,4,0x80000000,-,!,31,$o,^,of,:=,3,$b,af,:=",False,16783760,16783956,3,"cmp edx, 4","cmp edx, 4",83fa04,cpu,cmp,False,15,0,,,4.0,4.0,,,
16783787,"cf,zf,|,!,cl,=",False,16783760,16783956,3,seta cl,seta cl,0f97c1,cpu,cmov,False,2147483657,0,,,,,,,
16783790,"cl,al,|=,7,$s,sf,:=,$z,zf,:=,$p,pf,:=,0,of,:=,0,cf,:=",False,16783760,16783957,2,"or al, cl","or al, cl",08c8,cpu,or,False,26,0,,,,,,,
16783792,"0,1,al,&,==,$z,zf,:=,$p,pf,:=,7,$s,sf,:=,0,cf,:=,0,of,:=",False,16783760,16783957,2,"test al, 1","test al, 1",a801,cpu,acmp,False,16,0,,,1.0,1.0,,,
16783794,"zf,!,?{,16783798,rip,=,}",False,16783760,16783957,2,jne 0x10019b6,jne 0x10019b6,7502,cpu,cjmp,False,2147483649,0,,,,,16783798.0,16783796.0,
16783796,"0x10019c7,rip,=",False,16783760,16783957,2,jmp 0x10019c7,jmp 0x10019c7,eb11,cpu,jmp,False,1,0,,,,,16783815.0,,"[{'addr': 16783815, 'type': 'CODE'}]"
16783798,"0x149b,rip,-,rdi,=",True,16783760,16783952,7,"lea rdi, [rip - 0x149b]","lea rdi, str.Out_of_bounds",488d3d65ebffff,cpu,lea,False,33,0,,,,16778530.0,,,"[{'addr': 16778530, 'type': 'DATA'}]"
16783805,"16784976,rip,8,rsp,-=,rsp,=[],rip,=",False,16783760,16783954,5,call 0x1001e50,call sym.imp.puts,e88e040000,cpu,call,False,3,0,,,,,16784976.0,16783810.0,"[{'addr': 16784976, 'type': 'CALL'}]"
16783810,"0x1001a51,rip,=",False,16783760,16783954,5,jmp 0x1001a51,jmp 0x1001a51,e98a000000,cpu,jmp,False,1,0,,,,,16783953.0,,"[{'addr': 16783953, 'type': 'CODE'}]"
16783815,"0x10,rbp,-,[8],rax,=",True,16783760,16783955,4,"mov rax, qword [rbp - 0x10]","mov rax, qword [var_18h]",488b45f0,cpu,mov,False,9,0,,"[{'addr': 16783796, 'type': 'CODE'}]",,,,,
16783819,"0x4,rbp,-,[4],rcx,=",True,16783760,16783956,3,"mov ecx, dword [rbp - 4]","mov ecx, dword [var_ch]",8b4dfc,cpu,mov,False,9,0,,,,,,,
16783822,"0x8,rbp,-,[4],rdx,=",True,16783760,16783956,3,"mov edx, dword [rbp - 8]","mov edx, dword [var_10h]",8b55f8,cpu,mov,False,9,0,,,,,,,
16783825,"edx,rdx,=",False,16783760,16783957,2,"mov edx, edx","mov edx, edx",89d2,cpu,mov,False,9,0,,,,,,,
16783827,"ecx,rcx,=",False,16783760,16783957,2,"mov ecx, ecx","mov ecx, ecx",89c9,cpu,mov,False,9,0,,,,,,,
16783829,"64,20,~,64,rdx,~,*,DUP,rdx,=,rdx,-,?{,1,1,}{,0,0,},cf,:=,of,:=",False,16783760,16783955,4,"imul rdx, rdx, 0x14","imul rdx, rdx, 0x14",486bd214,cpu,mul,False,20,0,,,,,,,
16783833,"rdx,rax,+=,63,$o,of,:=,63,$s,sf,:=,$z,zf,:=,63,$c,cf,:=,$p,pf,:=,3,$c,af,:=",False,16783760,16783956,3,"add rax, rdx","add rax, rdx",4801d0,cpu,add,False,17,0,,,,,,,
16783836,"0,2,!,!,?{,1,2,-,rcx,<<,0x8000000000000000,&,!,!,^,},2,rcx,<<=,$z,zf,:=,$p,pf,:=,63,$s,sf,:=,cf,=",False,16783760,16783955,4,"shl rcx, 2","shl rcx, 2",48c1e102,cpu,shl,False,23,0,,,,,,,
16783840,"rcx,rax,+=,63,$o,of,:=,63,$s,sf,:=,$z,zf,:=,63,$c,cf,:=,$p,pf,:=,3,$c,af,:=",False,16783760,16783956,3,"add rax, rcx","add rax, rcx",4801c8,cpu,add,False,17,0,,,,,,,
16783843,"rax,[4],rcx,=",True,16783760,16783957,2,"mov ecx, dword [rax]","mov ecx, dword [rax]",8b08,cpu,mov,False,9,0,,,,,,,
16783845,"ecx,0x1c,rbp,-,=[4]",True,16783760,16783956,3,"mov dword [rbp - 0x1c], ecx","mov dword [var_24h], ecx",894de4,cpu,mov,False,268435465,0,,,,,,,
16783848,"32,7,~,32,ecx,~,*,DUP,eax,=,eax,-,?{,1,1,}{,0,0,},cf,:=,of,:=",False,16783760,16783956,3,"imul eax, ecx, 7","imul eax, ecx, 7",6bc107,cpu,mul,False,20,0,,,,,,,
16783851,"eax,0x18,rbp,-,=[4]",True,16783760,16783956,3,"mov dword [rbp - 0x18], eax","mov dword [var_20h], eax",8945e8,cpu,mov,False,268435465,0,,,,,,,
16783854,"ecx,rax,=",False,16783760,16783957,2,"mov eax, ecx","mov eax, ecx",89c8,cpu,mov,False,9,0,,,,,,,
16783856,"0,1,!,!,?{,1,1,-,eax,<<,0x80000000,&,!,!,^,},1,eax,<<=,$z,zf,:=,$p,pf,:=,31,$s,sf,:=,cf,=",False,16783760,16783957,2,"shl eax, 1","shl eax, 1",d1e0,cpu,shl,False,23,0,,,,,,,
16783858,"500,ecx,==,$z,zf,:=,32,$b,cf,:=,$p,pf,:=,31,$s,sf,:=,500,0x80000000,-,!,31,$o,^,of,:=,3,$b,af,:=",False,16783760,16783953,6,"cmp ecx, 0x1f4","cmp ecx, 0x1f4",81f9f4010000,cpu,cmp,False,15,0,,,500.0,500.0,,,
16783864,"eax,0x14,rbp,-,=[4]",True,16783760,16783956,3,"mov dword [rbp - 0x14], eax","mov dword [var_1ch], eax",8945ec,cpu,mov,False,268435465,0,,,,,,,
16783867,"sf,of,!,^,zf,!,&,?{,16783905,rip,=,}",False,16783760,16783957,2,jg 0x1001a21,jg 0x1001a21,7f24,cpu,cjmp,False,2147483649,0,,,,,16783905.0,16783869.0,
16783869,"0x1c,rbp,-,[4],rcx,=",True,16783760,16783956,3,"mov ecx, dword [rbp - 0x1c]","mov ecx, dword [var_24h]",8b4de4,cpu,mov,False,9,0,,,,,,,
16783872,"ecx,rax,=",False,16783760,16783957,2,"mov eax, ecx","mov eax, ecx",89c8,cpu,mov,False,9,0,,,,,,,
16783874,"0,2,!,!,?{,1,2,-,eax,<<,0x80000000,&,!,!,^,},2,eax,<<=,$z,zf,:=,$p,pf,:=,31,$s,sf,:=,cf,=",False,16783760,16783956,3,"shl eax, 2","shl eax, 2",c1e002,cpu,shl,False,23,0,,,,,,,
16783877,"250,ecx,==,$z,zf,:=,32,$b,cf,:=,$p,pf,:=,31,$s,sf,:=,250,0x80000000,-,!,31,$o,^,of,:=,3,$b,af,:=",False,16783760,16783953,6,"cmp ecx, 0xfa","cmp ecx, 0xfa",81f9fa000000,cpu,cmp,False,15,0,,,250.0,250.0,,,
16783883,"eax,0x14,rbp,-,=[4]",True,16783760,16783956,3,"mov dword [rbp - 0x14], eax","mov dword [var_1ch], eax",8945ec,cpu,mov,False,268435465,0,,,,,,,
16783886,"sf,of,!,^,zf,!,&,?{,16783905,rip,=,}",False,16783760,16783957,2,jg 0x1001a21,jg 0x1001a21,7f11,cpu,cjmp,False,2147483649,0,,,,,16783905.0,16783888.0,
16783888,"0x1c,rbp,-,[4],rcx,=",True,16783760,16783956,3,"mov ecx, dword [rbp - 0x1c]","mov ecx, dword [var_24h]",8b4de4,cpu,mov,False,9,0,,,,,,,
16783891,"32,7,~,32,ecx,~,*,DUP,eax,=,eax,-,?{,1,1,}{,0,0,},cf,:=,of,:=",False,16783760,16783956,3,"imul eax, ecx, 7","imul eax, ecx, 7",6bc107,cpu,mul,False,20,0,,,,,,,
16783894,"142,ecx,==,$z,zf,:=,32,$b,cf,:=,$p,pf,:=,31,$s,sf,:=,142,0x80000000,-,!,31,$o,^,of,:=,3,$b,af,:=",False,16783760,16783953,6,"cmp ecx, 0x8e","cmp ecx, 0x8e",81f98e000000,cpu,cmp,False,15,0,,,142.0,142.0,,,
16783900,"eax,0x14,rbp,-,=[4]",True,16783760,16783956,3,"mov dword [rbp - 0x14], eax","mov dword [var_1ch], eax",8945ec,cpu,mov,False,268435465,0,,,,,,,
16783903,"of,sf,^,zf,|,?{,16783930,rip,=,}",False,16783760,16783957,2,jle 0x1001a3a,jle 0x1001a3a,7e19,cpu,cjmp,False,2147483649,0,,,,,16783930.0,16783905.0,
16783905,"0x4,rbp,-,[4],rdx,=",True,16783760,16783956,3,"mov edx, dword [rbp - 4]","mov edx, dword [var_ch]",8b55fc,cpu,mov,False,9,0,,,,,,,
16783908,"0x8,rbp,-,[4],rsi,=",True,16783760,16783956,3,"mov esi, dword [rbp - 8]","mov esi, dword [var_10h]",8b75f8,cpu,mov,False,9,0,,,,,,,
16783911,"0x14,rbp,-,[4],rcx,=",True,16783760,16783956,3,"mov ecx, dword [rbp - 0x14]","mov ecx, dword [var_1ch]",8b4dec,cpu,mov,False,9,0,,,,,,,
16783914,"0x153d,rip,-,rdi,=",True,16783760,16783952,7,"lea rdi, [rip - 0x153d]","lea rdi, data.010004f4",488d3dc3eaffff,cpu,lea,False,33,0,,,,16778484.0,,,"[{'addr': 16778484, 'type': 'DATA'}]"
16783921,"0,al,=",False,16783760,16783957,2,"mov al, 0","mov al, 0",b000,cpu,mov,False,9,0,,,0.0,,,,
16783923,"16784944,rip,8,rsp,-=,rsp,=[],rip,=",False,16783760,16783954,5,call 0x1001e30,call sym.imp.printf,e8f8030000,cpu,call,False,3,0,,,,,16784944.0,16783928.0,"[{'addr': 16784944, 'type': 'CALL'}]"
16783928,"0x1001a51,rip,=",False,16783760,16783957,2,jmp 0x1001a51,jmp 0x1001a51,eb17,cpu,jmp,False,1,0,,,,,16783953.0,,"[{'addr': 16783953, 'type': 'CODE'}]"
16783930,"0x18,rbp,-,[4],rcx,=",True,16783760,16783956,3,"mov ecx, dword [rbp - 0x18]","mov ecx, dword [var_20h]",8b4de8,cpu,mov,False,9,0,,,,,,,
16783933,"0x4,rbp,-,[4],rdx,=",True,16783760,16783956,3,"mov edx, dword [rbp - 4]","mov edx, dword [var_ch]",8b55fc,cpu,mov,False,9,0,,,,,,,
16783936,"0x8,rbp,-,[4],rsi,=",True,16783760,16783956,3,"mov esi, dword [rbp - 8]","mov esi, dword [var_10h]",8b75f8,cpu,mov,False,9,0,,,,,,,
16783939,"0x1575,rip,-,rdi,=",True,16783760,16783952,7,"lea rdi, [rip - 0x1575]","lea rdi, str.Path_complete_at___d___d_:__d",488d3d8beaffff,cpu,lea,False,33,0,,,,16778453.0,,,"[{'addr': 16778453, 'type': 'DATA'}]"
16783946,"0,al,=",False,16783760,16783957,2,"mov al, 0","mov al, 0",b000,cpu,mov,False,9,0,,,0.0,,,,
16783948,"16784944,rip,8,rsp,-=,rsp,=[],rip,=",False,16783760,16783954,5,call 0x1001e30,call sym.imp.printf,e8df030000,cpu,call,False,3,0,,,,,16784944.0,16783953.0,"[{'addr': 16784944, 'type': 'CALL'}]"
16783953,"32,rsp,+=,63,$o,of,:=,63,$s,sf,:=,$z,zf,:=,63,$c,cf,:=,$p,pf,:=,3,$c,af,:=",False,16783760,16783955,4,"add rsp, 0x20","add rsp, 0x20",4883c420,cpu,add,False,17,0,,"[{'addr': 16783810, 'type': 'CODE'}, {'addr': 16783928, 'type': 'CODE'}]",32.0,,,,
16783957,"rsp,[8],8,rsp,+=,rbp,=",False,16783760,16783958,1,pop rbp,pop rbp,5d,cpu,pop,False,14,0,,,,,,,
16783958,"rsp,[8],rip,=,8,rsp,+=",False,16783760,16783958,1,ret,ret,c3,cpu,ret,False,5,0,,,,,,,
