offset,esil,refptr,fcn_addr,fcn_last,size,opcode,disasm,bytes,family,type,reloc,type_num,type2_num,flags,xrefs_to,val,jump,fail,ptr,xrefs_from,comment
16789104,"rbp,8,rsp,-,=[8],8,rsp,-=",False,16789104,16789350,1,push rbp,push rbp,55,cpu,rpush,False,268435468,0,['sym.validate_data'],"[{'addr': 16784051, 'type': 'CALL'}, {'addr': 16786670, 'type': 'CALL'}]",,,,,,
16789105,"rsp,rbp,=",False,16789104,16789348,3,"mov rbp, rsp","mov rbp, rsp",4889e5,cpu,mov,False,9,0,,,,,,,,
16789108,"rdi,0x18,rbp,-,=[8]",True,16789104,16789347,4,"mov qword [rbp - 0x18], rdi","mov qword [var_20h], rdi",48897de8,cpu,mov,False,268435465,0,,,,,,,,
16789112,"rdi,[4],rax,=",True,16789104,16789349,2,"mov eax, dword [rdi]","mov eax, dword [rdi]",8b07,cpu,mov,False,9,0,,,,,,,,
16789114,"18446744073709551515,eax,+=,31,$o,of,:=,31,$s,sf,:=,$z,zf,:=,31,$c,cf,:=,$p,pf,:=,3,$c,af,:=",False,16789104,16789348,3,"add eax, 0xffffff9b","add eax, 0xffffff9b",83c09b,cpu,add,False,17,0,,,1.8446744073709552e+19,,,,,
16789117,"eax,0x8,rbp,-,=[4]",True,16789104,16789348,3,"mov dword [rbp - 8], eax","mov dword [var_10h], eax",8945f8,cpu,mov,False,268435465,0,,,,,,,,
16789120,"0,0xc,rbp,-,=[4]",True,16789104,16789344,7,"mov dword [rbp - 0xc], 0","mov dword [var_14h], 0",c745f400000000,cpu,mov,False,268435465,0,,,0.0,,,,,
16789127,"0xc,rbp,-,[4],rax,=",True,16789104,16789348,3,"mov eax, dword [rbp - 0xc]","mov eax, dword [var_14h]",8b45f4,cpu,mov,False,9,0,,"[{'addr': 16789162, 'type': 'CODE'}]",,,,,,
16789130,"rax,0x20,rbp,-,=[8]",True,16789104,16789347,4,"mov qword [rbp - 0x20], rax","mov qword [var_28h], rax",488945e0,cpu,mov,False,268435465,0,,,,,,,,
16789134,"6,rax,-=,6,0x8000000000000000,-,!,63,$o,^,of,:=,63,$s,sf,:=,$z,zf,:=,$p,pf,:=,64,$b,cf,:=,3,$b,af,:=",False,16789104,16789347,4,"sub rax, 6","sub rax, 6",4883e806,cpu,sub,False,18,0,,,6.0,,,,,
16789138,"cf,zf,|,!,?{,16789160,rip,=,}",False,16789104,16789349,2,ja 0x1002ea8,ja 0x1002ea8,7714,cpu,cjmp,False,2147483649,0,,,,16789160.0,16789140.0,,,
16789140,"0x20,rbp,-,[8],rax,=",True,16789104,16789347,4,"mov rax, qword [rbp - 0x20]","mov rax, qword [var_28h]",488b45e0,cpu,mov,False,9,0,,,,,,,,
16789144,"0x27e3,rip,-,rcx,=",True,16789104,16789344,7,"lea rcx, [rip - 0x27e3]","lea rcx, data.010006bc",488d0d1dd8ffff,cpu,lea,False,33,0,,,,,,16778940.0,"[{'addr': 16778940, 'type': 'DATA'}]",
16789151,"32,rax,4,*,rcx,+,[4],~,rax,=",True,16789104,16789347,4,"movsxd rax, dword [rcx + rax*4]","movsxd rax, dword [rcx + rax*4]",48630481,cpu,mov,False,9,0,,,,,,,,
16789155,"rcx,rax,+=,63,$o,of,:=,63,$s,sf,:=,$z,zf,:=,63,$c,cf,:=,$p,pf,:=,3,$c,af,:=",False,16789104,16789348,3,"add rax, rcx","add rax, rcx",4801c8,cpu,add,False,17,0,,,,,,,,
16789158,"rax,rip,=",False,16789104,16789349,2,jmp rax,jmp rax,ffe0,cpu,rjmp,False,268435458,0,['switch.0x01002ea6'],,,,,,"[{'addr': 16789164, 'type': 'CODE'}, {'addr': 16789193, 'type': 'CODE'}, {'addr': 16789231, 'type': 'CODE'}, {'addr': 16789264, 'type': 'CODE'}, {'addr': 16789269, 'type': 'CODE'}, {'addr': 16789274, 'type': 'CODE'}, {'addr': 16789315, 'type': 'CODE'}]",c3dpdGNoIHRhYmxlICg3IGNhc2VzKSBhdCAweDEwMDA2YmM=
16789160,"0x1002eaa,rip,=",False,16789104,16789349,2,jmp 0x1002eaa,jmp 0x1002eaa,eb00,cpu,jmp,False,1,0,,,,16789162.0,,,"[{'addr': 16789162, 'type': 'CODE'}]",
16789162,"0x1002e87,rip,=",False,16789104,16789349,2,jmp 0x1002e87,jmp 0x1002e87,ebdb,cpu,jmp,False,1,0,,"[{'addr': 16789160, 'type': 'CODE'}, {'addr': 16789191, 'type': 'CODE'}, {'addr': 16789229, 'type': 'CODE'}, {'addr': 16789262, 'type': 'CODE'}, {'addr': 16789310, 'type': 'CODE'}, {'addr': 16789346, 'type': 'CODE'}]",,16789127.0,,,"[{'addr': 16789127, 'type': 'CODE'}]",
16789164,"1,rax,=",False,16789104,16789346,5,"mov eax, 1","mov eax, 1",b801000000,cpu,mov,False,9,0,['case.0x1002ea6.0'],"[{'addr': 16789158, 'type': 'CODE'}]",1.0,,,,,
16789169,"3,rcx,=",False,16789104,16789346,5,"mov ecx, 3","mov ecx, 3",b903000000,cpu,mov,False,9,0,,,3.0,,,,,
16789174,"18446744073709551516,0x8,rbp,-,[4],==,$z,zf,:=,32,$b,cf,:=,$p,pf,:=,31,$s,sf,:=,18446744073709551516,0x80000000,-,!,31,$o,^,of,:=,3,$b,af,:=",True,16789104,16789347,4,"cmp dword [rbp - 8], 0xffffff9c","cmp dword [var_10h], 0xffffff9c",837df89c,cpu,cmp,False,268435471,0,,,1.8446744073709552e+19,,,,,
16789178,"cf,?{,ecx,eax,=,}",False,16789104,16789348,3,"cmovb eax, ecx","cmovb eax, ecx",0f42c1,cpu,cmov,False,2147483657,0,,,,,,,,
16789181,"eax,0xc,rbp,-,=[4]",True,16789104,16789348,3,"mov dword [rbp - 0xc], eax","mov dword [var_14h], eax",8945f4,cpu,mov,False,268435465,0,,,,,,,,
16789184,"0,0x4,rbp,-,=[4]",True,16789104,16789344,7,"mov dword [rbp - 4], 0","mov dword [var_ch], 0",c745fc00000000,cpu,mov,False,268435465,0,,,0.0,,,,,
16789191,"0x1002eaa,rip,=",False,16789104,16789349,2,jmp 0x1002eaa,jmp 0x1002eaa,ebe1,cpu,jmp,False,1,0,,,,16789162.0,,,"[{'addr': 16789162, 'type': 'CODE'}]",
16789193,"0x18,rbp,-,[8],rax,=",True,16789104,16789347,4,"mov rax, qword [rbp - 0x18]","mov rax, qword [var_20h]",488b45e8,cpu,mov,False,9,0,['case.0x1002ea6.1'],"[{'addr': 16789158, 'type': 'CODE'}]",,,,,,
16789197,"0x4,rax,+,[4],rdx,=",True,16789104,16789348,3,"mov edx, dword [rax + 4]","mov edx, dword [rax + 4]",8b5004,cpu,mov,False,9,0,,,,,,,,
16789200,"18446744073709551515,edx,+=,31,$o,of,:=,31,$s,sf,:=,$z,zf,:=,31,$c,cf,:=,$p,pf,:=,3,$c,af,:=",False,16789104,16789348,3,"add edx, 0xffffff9b","add edx, 0xffffff9b",83c29b,cpu,add,False,17,0,,,1.8446744073709552e+19,,,,,
16789203,"2,rax,=",False,16789104,16789346,5,"mov eax, 2","mov eax, 2",b802000000,cpu,mov,False,9,0,,,2.0,,,,,
16789208,"3,rcx,=",False,16789104,16789346,5,"mov ecx, 3","mov ecx, 3",b903000000,cpu,mov,False,9,0,,,3.0,,,,,
16789213,"18446744073709551516,edx,==,$z,zf,:=,32,$b,cf,:=,$p,pf,:=,31,$s,sf,:=,18446744073709551516,0x80000000,-,!,31,$o,^,of,:=,3,$b,af,:=",False,16789104,16789348,3,"cmp edx, 0xffffff9c","cmp edx, 0xffffff9c",83fa9c,cpu,cmp,False,15,0,,,1.8446744073709552e+19,,,1.8446744073709552e+19,,
16789216,"cf,?{,ecx,eax,=,}",False,16789104,16789348,3,"cmovb eax, ecx","cmovb eax, ecx",0f42c1,cpu,cmov,False,2147483657,0,,,,,,,,
16789219,"eax,0xc,rbp,-,=[4]",True,16789104,16789348,3,"mov dword [rbp - 0xc], eax","mov dword [var_14h], eax",8945f4,cpu,mov,False,268435465,0,,,,,,,,
16789222,"0,0x4,rbp,-,=[4]",True,16789104,16789344,7,"mov dword [rbp - 4], 0","mov dword [var_ch], 0",c745fc00000000,cpu,mov,False,268435465,0,,,0.0,,,,,
16789229,"0x1002eaa,rip,=",False,16789104,16789349,2,jmp 0x1002eaa,jmp 0x1002eaa,ebbb,cpu,jmp,False,1,0,,,,16789162.0,,,"[{'addr': 16789162, 'type': 'CODE'}]",
16789231,"0x18,rbp,-,[8],rax,=",True,16789104,16789347,4,"mov rax, qword [rbp - 0x18]","mov rax, qword [var_20h]",488b45e8,cpu,mov,False,9,0,['case.0x1002ea6.2'],"[{'addr': 16789158, 'type': 'CODE'}]",,,,,,
16789235,"0x8,rax,+,[4],rax,=",True,16789104,16789348,3,"mov eax, dword [rax + 8]","mov eax, dword [rax + 8]",8b4008,cpu,mov,False,9,0,,,,,,,,
16789238,"18446744073709551615,eax,+=,31,$o,of,:=,31,$s,sf,:=,$z,zf,:=,31,$c,cf,:=,$p,pf,:=,3,$c,af,:=",False,16789104,16789348,3,"add eax, 0xffffffff","add eax, 0xffffffff",83c0ff,cpu,add,False,17,0,,,,,,,,
16789241,"100,eax,==,$z,zf,:=,32,$b,cf,:=,$p,pf,:=,31,$s,sf,:=,100,0x80000000,-,!,31,$o,^,of,:=,3,$b,af,:=",False,16789104,16789348,3,"cmp eax, 0x64","cmp eax, 0x64",83f864,cpu,cmp,False,15,0,,,100.0,,,100.0,,
16789244,"cf,al,=",False,16789104,16789348,3,setb al,setb al,0f92c0,cpu,cmov,False,2147483657,0,,,,,,,,
16789247,"1,al,&=,$z,zf,:=,$p,pf,:=,7,$s,sf,:=,0,cf,:=,0,of,:=",False,16789104,16789349,2,"and al, 1","and al, 1",2401,cpu,and,False,27,0,,,1.0,,,,,
16789249,"al,rax,=",False,16789104,16789348,3,"movzx eax, al","movzx eax, al",0fb6c0,cpu,mov,False,9,0,,,,,,,,
16789252,"3,0xc,rbp,-,=[4]",True,16789104,16789344,7,"mov dword [rbp - 0xc], 3","mov dword [var_14h], 3",c745f403000000,cpu,mov,False,268435465,0,,,3.0,,,,,
16789259,"eax,0x4,rbp,-,=[4]",True,16789104,16789348,3,"mov dword [rbp - 4], eax","mov dword [var_ch], eax",8945fc,cpu,mov,False,268435465,0,,,,,,,,
16789262,"0x1002eaa,rip,=",False,16789104,16789349,2,jmp 0x1002eaa,jmp 0x1002eaa,eb9a,cpu,jmp,False,1,0,,,,16789162.0,,,"[{'addr': 16789162, 'type': 'CODE'}]",
16789264,"0x4,rbp,-,[4],rax,=",True,16789104,16789348,3,"mov eax, dword [rbp - 4]","mov eax, dword [var_ch]",8b45fc,cpu,mov,False,9,0,['case.0x1002ea6.3'],"[{'addr': 16789158, 'type': 'CODE'}]",,,,,,
16789267,"rsp,[8],8,rsp,+=,rbp,=",False,16789104,16789350,1,pop rbp,pop rbp,5d,cpu,pop,False,14,0,,,,,,,,
16789268,"rsp,[8],rip,=,8,rsp,+=",False,16789104,16789350,1,ret,ret,c3,cpu,ret,False,5,0,,,,,,,,
16789269,"0x4,rbp,-,[4],rax,=",True,16789104,16789348,3,"mov eax, dword [rbp - 4]","mov eax, dword [var_ch]",8b45fc,cpu,mov,False,9,0,['case.0x1002ea6.4'],"[{'addr': 16789158, 'type': 'CODE'}]",,,,,,
16789272,"rsp,[8],8,rsp,+=,rbp,=",False,16789104,16789350,1,pop rbp,pop rbp,5d,cpu,pop,False,14,0,,,,,,,,
16789273,"rsp,[8],rip,=,8,rsp,+=",False,16789104,16789350,1,ret,ret,c3,cpu,ret,False,5,0,,,,,,,,
16789274,"0x18,rbp,-,[8],rax,=",True,16789104,16789347,4,"mov rax, qword [rbp - 0x18]","mov rax, qword [var_20h]",488b45e8,cpu,mov,False,9,0,['case.0x1002ea6.5'],"[{'addr': 16789158, 'type': 'CODE'}]",,,,,,
16789278,"0x4,rax,+,[4],rdx,=",True,16789104,16789348,3,"mov edx, dword [rax + 4]","mov edx, dword [rax + 4]",8b5004,cpu,mov,False,9,0,,,,,,,,
16789281,"18446744073709551515,edx,+=,31,$o,of,:=,31,$s,sf,:=,$z,zf,:=,31,$c,cf,:=,$p,pf,:=,3,$c,af,:=",False,16789104,16789348,3,"add edx, 0xffffff9b","add edx, 0xffffff9b",83c29b,cpu,add,False,17,0,,,1.8446744073709552e+19,,,,,
16789284,"2,rax,=",False,16789104,16789346,5,"mov eax, 2","mov eax, 2",b802000000,cpu,mov,False,9,0,,,2.0,,,,,
16789289,"3,rcx,=",False,16789104,16789346,5,"mov ecx, 3","mov ecx, 3",b903000000,cpu,mov,False,9,0,,,3.0,,,,,
16789294,"18446744073709551516,edx,==,$z,zf,:=,32,$b,cf,:=,$p,pf,:=,31,$s,sf,:=,18446744073709551516,0x80000000,-,!,31,$o,^,of,:=,3,$b,af,:=",False,16789104,16789348,3,"cmp edx, 0xffffff9c","cmp edx, 0xffffff9c",83fa9c,cpu,cmp,False,15,0,,,1.8446744073709552e+19,,,1.8446744073709552e+19,,
16789297,"cf,?{,ecx,eax,=,}",False,16789104,16789348,3,"cmovb eax, ecx","cmovb eax, ecx",0f42c1,cpu,cmov,False,2147483657,0,,,,,,,,
16789300,"eax,0xc,rbp,-,=[4]",True,16789104,16789348,3,"mov dword [rbp - 0xc], eax","mov dword [var_14h], eax",8945f4,cpu,mov,False,268435465,0,,,,,,,,
16789303,"0,0x4,rbp,-,=[4]",True,16789104,16789344,7,"mov dword [rbp - 4], 0","mov dword [var_ch], 0",c745fc00000000,cpu,mov,False,268435465,0,,,0.0,,,,,
16789310,"0x1002eaa,rip,=",False,16789104,16789346,5,jmp 0x1002eaa,jmp 0x1002eaa,e967ffffff,cpu,jmp,False,1,0,,,,16789162.0,,,"[{'addr': 16789162, 'type': 'CODE'}]",
16789315,"0x18,rbp,-,[8],rax,=",True,16789104,16789347,4,"mov rax, qword [rbp - 0x18]","mov rax, qword [var_20h]",488b45e8,cpu,mov,False,9,0,['case.0x1002ea6.6'],"[{'addr': 16789158, 'type': 'CODE'}]",,,,,,
16789319,"0x8,rax,+,[4],rax,=",True,16789104,16789348,3,"mov eax, dword [rax + 8]","mov eax, dword [rax + 8]",8b4008,cpu,mov,False,9,0,,,,,,,,
16789322,"18446744073709551615,eax,+=,31,$o,of,:=,31,$s,sf,:=,$z,zf,:=,31,$c,cf,:=,$p,pf,:=,3,$c,af,:=",False,16789104,16789348,3,"add eax, 0xffffffff","add eax, 0xffffffff",83c0ff,cpu,add,False,17,0,,,,,,,,
16789325,"100,eax,==,$z,zf,:=,32,$b,cf,:=,$p,pf,:=,31,$s,sf,:=,100,0x80000000,-,!,31,$o,^,of,:=,3,$b,af,:=",False,16789104,16789348,3,"cmp eax, 0x64","cmp eax, 0x64",83f864,cpu,cmp,False,15,0,,,100.0,,,100.0,,
16789328,"cf,al,=",False,16789104,16789348,3,setb al,setb al,0f92c0,cpu,cmov,False,2147483657,0,,,,,,,,
16789331,"1,al,&=,$z,zf,:=,$p,pf,:=,7,$s,sf,:=,0,cf,:=,0,of,:=",False,16789104,16789349,2,"and al, 1","and al, 1",2401,cpu,and,False,27,0,,,1.0,,,,,
16789333,"al,rax,=",False,16789104,16789348,3,"movzx eax, al","movzx eax, al",0fb6c0,cpu,mov,False,9,0,,,,,,,,
16789336,"3,0xc,rbp,-,=[4]",True,16789104,16789344,7,"mov dword [rbp - 0xc], 3","mov dword [var_14h], 3",c745f403000000,cpu,mov,False,268435465,0,,,3.0,,,,,
16789343,"eax,0x4,rbp,-,=[4]",True,16789104,16789348,3,"mov dword [rbp - 4], eax","mov dword [var_ch], eax",8945fc,cpu,mov,False,268435465,0,,,,,,,,
16789346,"0x1002eaa,rip,=",False,16789104,16789346,5,jmp 0x1002eaa,jmp 0x1002eaa,e943ffffff,cpu,jmp,False,1,0,,,,16789162.0,,,"[{'addr': 16789162, 'type': 'CODE'}]",
