offset,esil,refptr,fcn_addr,fcn_last,size,opcode,disasm,bytes,family,type,reloc,type_num,type2_num,flags,comment,val,ptr,xrefs_from
16783744,"ebp,rbp,^,0xffffffff,&,rbp,=,$z,zf,:=,$p,pf,:=,31,$s,sf,:=,0,cf,:=,0,of,:=",False,16783744,16783784,2,"xor ebp, ebp","xor ebp, ebp",31ed,cpu,xor,False,28,0,"['entry0', 'section..text', 'segment.LOAD1', 'sym._start']",WzEzXSAtci14IHNlY3Rpb24gc2l6ZSA4ODA2IG5hbWVkIC50ZXh0,,,
16783746,"rdx,r9,=",False,16783744,16783783,3,"mov r9, rdx","mov r9, rdx",4989d1,cpu,mov,False,9,0,,,,,
16783749,"rsp,[8],8,rsp,+=,rsi,=",False,16783744,16783785,1,pop rsi,pop rsi,5e,cpu,pop,False,14,0,,,,,
16783750,"rsp,rdx,=",False,16783744,16783783,3,"mov rdx, rsp","mov rdx, rsp",4889e2,cpu,mov,False,9,0,,,,,
16783753,"18446744073709551600,rsp,&=,$z,zf,:=,$p,pf,:=,63,$s,sf,:=,0,cf,:=,0,of,:=",False,16783744,16783782,4,"and rsp, 0xfffffffffffffff0","and rsp, 0xfffffffffffffff0",4883e4f0,cpu,and,False,27,0,,,1.8446744073709552e+19,,
16783757,"rax,8,rsp,-,=[8],8,rsp,-=",False,16783744,16783785,1,push rax,push rax,50,cpu,rpush,False,268435468,0,,,,,
16783758,"rsp,8,rsp,-,=[8],8,rsp,-=",False,16783744,16783785,1,push rsp,push rsp,54,cpu,rpush,False,268435468,0,,,,,
16783759,"0x224a,rip,+,r8,=",True,16783744,16783779,7,"lea r8, [rip + 0x224a]","lea r8, [dbg.__libc_csu_fini]",4c8d054a220000,cpu,lea,False,33,0,,,,16792544.0,"[{'addr': 16792544, 'type': 'DATA'}]"
16783766,"0x21d3,rip,+,rcx,=",True,16783744,16783779,7,"lea rcx, [rip + 0x21d3]","lea rcx, [dbg.__libc_csu_init]",488d0dd3210000,cpu,lea,False,33,0,,,,16792432.0,"[{'addr': 16792432, 'type': 'DATA'}]"
16783773,"0xc,rip,+,rdi,=",True,16783744,16783779,7,"lea rdi, [rip + 0xc]","lea rdi, [main]",488d3d0c000000,cpu,lea,False,33,0,,,,16783792.0,"[{'addr': 16783792, 'type': 'DATA'}]"
16783780,"0x33e6,rip,+,[8],rip,8,rsp,-=,rsp,=[],rip,=",True,16783744,16783780,6,call qword [rip + 0x33e6],call qword [reloc.__libc_start_main],ff15e6330000,cpu,ircall,False,402653188,0,,,,16797072.0,"[{'addr': 16797072, 'type': 'CALL'}]"
