offset,esil,refptr,fcn_addr,fcn_last,size,opcode,disasm,bytes,family,type,reloc,type_num,type2_num,flags,xrefs_to,val,ptr,xrefs_from,jump,fail
16786096,"rbp,8,rsp,-,=[8],8,rsp,-=",False,16786096,16786294,1,push rbp,push rbp,55,cpu,rpush,False,268435468,0,['sym.step12'],"[{'addr': 16783896, 'type': 'CALL'}]",,,,,
16786097,"rsp,rbp,=",False,16786096,16786292,3,"mov rbp, rsp","mov rbp, rsp",4889e5,cpu,mov,False,9,0,,,,,,,
16786100,"32,rsp,-=,32,0x8000000000000000,-,!,63,$o,^,of,:=,63,$s,sf,:=,$z,zf,:=,$p,pf,:=,64,$b,cf,:=,3,$b,af,:=",False,16786096,16786291,4,"sub rsp, 0x20","sub rsp, 0x20",4883ec20,cpu,sub,False,18,0,,,32.0,,,,
16786104,"rdi,0x18,rbp,-,=[8]",True,16786096,16786291,4,"mov qword [rbp - 0x18], rdi","mov qword [format], rdi",48897de8,cpu,mov,False,268435465,0,,,,,,,
16786108,"0x1c9c,rip,-,rdi,=",True,16786096,16786288,7,"lea rdi, [rip - 0x1c9c]","lea rdi, str.Final_output:",488d3d64e3ffff,cpu,lea,False,33,0,,,,16778791.0,"[{'addr': 16778791, 'type': 'DATA'}]",,
16786115,"16786480,rip,8,rsp,-=,rsp,=[],rip,=",False,16786096,16786290,5,call 0x1002430,call sym.imp.puts,e868010000,cpu,call,False,3,0,,,,,"[{'addr': 16786480, 'type': 'CALL'}]",16786480.0,16786120.0
16786120,"0x18,rbp,-,[8],rdi,=",True,16786096,16786291,4,"mov rdi, qword [rbp - 0x18]","mov rdi, qword [format]",488b7de8,cpu,mov,False,9,0,,,,,,,
16786124,"rdi,[4],rsi,=",True,16786096,16786293,2,"mov esi, dword [rdi]","mov esi, dword [rdi]",8b37,cpu,mov,False,9,0,,,,,,,
16786126,"0x1c9f,rip,-,rdi,=",True,16786096,16786288,7,"lea rdi, [rip - 0x1c9f]","lea rdi, data.01000636",488d3d61e3ffff,cpu,lea,False,33,0,,,,16778806.0,"[{'addr': 16778806, 'type': 'DATA'}]",,
16786133,"rdi,0x10,rbp,-,=[8]",True,16786096,16786291,4,"mov qword [rbp - 0x10], rdi","mov qword [var_18h], rdi",48897df0,cpu,mov,False,268435465,0,,,,,,,
16786137,"eax,rax,^,0xffffffff,&,rax,=,$z,zf,:=,$p,pf,:=,31,$s,sf,:=,0,cf,:=,0,of,:=",False,16786096,16786293,2,"xor eax, eax","xor eax, eax",31c0,cpu,xor,False,28,0,,,,,,,
16786139,"al,0x1,rbp,-,=[1]",True,16786096,16786292,3,"mov byte [rbp - 1], al","mov byte [var_9h], al",8845ff,cpu,mov,False,268435465,0,,,,,,,
16786142,"16786448,rip,8,rsp,-=,rsp,=[],rip,=",False,16786096,16786290,5,call 0x1002410,call sym.imp.printf,e82d010000,cpu,call,False,3,0,,,,,"[{'addr': 16786448, 'type': 'CALL'}]",16786448.0,16786147.0
16786147,"0x18,rbp,-,[8],rcx,=",True,16786096,16786291,4,"mov rcx, qword [rbp - 0x18]","mov rcx, qword [format]",488b4de8,cpu,mov,False,9,0,,,,,,,
16786151,"0x10,rbp,-,[8],rdi,=",True,16786096,16786291,4,"mov rdi, qword [rbp - 0x10]","mov rdi, qword [var_18h]",488b7df0,cpu,mov,False,9,0,,,,,,,
16786155,"0x1,rbp,-,[1],al,=",True,16786096,16786292,3,"mov al, byte [rbp - 1]","mov al, byte [var_9h]",8a45ff,cpu,mov,False,9,0,,,,,,,
16786158,"0x4,rcx,+,[4],rsi,=",True,16786096,16786292,3,"mov esi, dword [rcx + 4]","mov esi, dword [rcx + 4]",8b7104,cpu,mov,False,9,0,,,,,,,
16786161,"16786448,rip,8,rsp,-=,rsp,=[],rip,=",False,16786096,16786290,5,call 0x1002410,call sym.imp.printf,e81a010000,cpu,call,False,3,0,,,,,"[{'addr': 16786448, 'type': 'CALL'}]",16786448.0,16786166.0
16786166,"0x18,rbp,-,[8],rcx,=",True,16786096,16786291,4,"mov rcx, qword [rbp - 0x18]","mov rcx, qword [format]",488b4de8,cpu,mov,False,9,0,,,,,,,
16786170,"0x10,rbp,-,[8],rdi,=",True,16786096,16786291,4,"mov rdi, qword [rbp - 0x10]","mov rdi, qword [var_18h]",488b7df0,cpu,mov,False,9,0,,,,,,,
16786174,"0x1,rbp,-,[1],al,=",True,16786096,16786292,3,"mov al, byte [rbp - 1]","mov al, byte [var_9h]",8a45ff,cpu,mov,False,9,0,,,,,,,
16786177,"0x8,rcx,+,[4],rsi,=",True,16786096,16786292,3,"mov esi, dword [rcx + 8]","mov esi, dword [rcx + 8]",8b7108,cpu,mov,False,9,0,,,,,,,
16786180,"16786448,rip,8,rsp,-=,rsp,=[],rip,=",False,16786096,16786290,5,call 0x1002410,call sym.imp.printf,e807010000,cpu,call,False,3,0,,,,,"[{'addr': 16786448, 'type': 'CALL'}]",16786448.0,16786185.0
16786185,"0x18,rbp,-,[8],rcx,=",True,16786096,16786291,4,"mov rcx, qword [rbp - 0x18]","mov rcx, qword [format]",488b4de8,cpu,mov,False,9,0,,,,,,,
16786189,"0x10,rbp,-,[8],rdi,=",True,16786096,16786291,4,"mov rdi, qword [rbp - 0x10]","mov rdi, qword [var_18h]",488b7df0,cpu,mov,False,9,0,,,,,,,
16786193,"0x1,rbp,-,[1],al,=",True,16786096,16786292,3,"mov al, byte [rbp - 1]","mov al, byte [var_9h]",8a45ff,cpu,mov,False,9,0,,,,,,,
16786196,"0xc,rcx,+,[4],rsi,=",True,16786096,16786292,3,"mov esi, dword [rcx + 0xc]","mov esi, dword [rcx + 0xc]",8b710c,cpu,mov,False,9,0,,,,,,,
16786199,"16786448,rip,8,rsp,-=,rsp,=[],rip,=",False,16786096,16786290,5,call 0x1002410,call sym.imp.printf,e8f4000000,cpu,call,False,3,0,,,,,"[{'addr': 16786448, 'type': 'CALL'}]",16786448.0,16786204.0
16786204,"0x18,rbp,-,[8],rcx,=",True,16786096,16786291,4,"mov rcx, qword [rbp - 0x18]","mov rcx, qword [format]",488b4de8,cpu,mov,False,9,0,,,,,,,
16786208,"0x10,rbp,-,[8],rdi,=",True,16786096,16786291,4,"mov rdi, qword [rbp - 0x10]","mov rdi, qword [var_18h]",488b7df0,cpu,mov,False,9,0,,,,,,,
16786212,"0x1,rbp,-,[1],al,=",True,16786096,16786292,3,"mov al, byte [rbp - 1]","mov al, byte [var_9h]",8a45ff,cpu,mov,False,9,0,,,,,,,
16786215,"0x10,rcx,+,[4],rsi,=",True,16786096,16786292,3,"mov esi, dword [rcx + 0x10]","mov esi, dword [rcx + 0x10]",8b7110,cpu,mov,False,9,0,,,,,,,
16786218,"16786448,rip,8,rsp,-=,rsp,=[],rip,=",False,16786096,16786290,5,call 0x1002410,call sym.imp.printf,e8e1000000,cpu,call,False,3,0,,,,,"[{'addr': 16786448, 'type': 'CALL'}]",16786448.0,16786223.0
16786223,"0x18,rbp,-,[8],rcx,=",True,16786096,16786291,4,"mov rcx, qword [rbp - 0x18]","mov rcx, qword [format]",488b4de8,cpu,mov,False,9,0,,,,,,,
16786227,"0x10,rbp,-,[8],rdi,=",True,16786096,16786291,4,"mov rdi, qword [rbp - 0x10]","mov rdi, qword [var_18h]",488b7df0,cpu,mov,False,9,0,,,,,,,
16786231,"0x1,rbp,-,[1],al,=",True,16786096,16786292,3,"mov al, byte [rbp - 1]","mov al, byte [var_9h]",8a45ff,cpu,mov,False,9,0,,,,,,,
16786234,"0x14,rcx,+,[4],rsi,=",True,16786096,16786292,3,"mov esi, dword [rcx + 0x14]","mov esi, dword [rcx + 0x14]",8b7114,cpu,mov,False,9,0,,,,,,,
16786237,"16786448,rip,8,rsp,-=,rsp,=[],rip,=",False,16786096,16786290,5,call 0x1002410,call sym.imp.printf,e8ce000000,cpu,call,False,3,0,,,,,"[{'addr': 16786448, 'type': 'CALL'}]",16786448.0,16786242.0
16786242,"0x18,rbp,-,[8],rcx,=",True,16786096,16786291,4,"mov rcx, qword [rbp - 0x18]","mov rcx, qword [format]",488b4de8,cpu,mov,False,9,0,,,,,,,
16786246,"0x10,rbp,-,[8],rdi,=",True,16786096,16786291,4,"mov rdi, qword [rbp - 0x10]","mov rdi, qword [var_18h]",488b7df0,cpu,mov,False,9,0,,,,,,,
16786250,"0x1,rbp,-,[1],al,=",True,16786096,16786292,3,"mov al, byte [rbp - 1]","mov al, byte [var_9h]",8a45ff,cpu,mov,False,9,0,,,,,,,
16786253,"0x18,rcx,+,[4],rsi,=",True,16786096,16786292,3,"mov esi, dword [rcx + 0x18]","mov esi, dword [rcx + 0x18]",8b7118,cpu,mov,False,9,0,,,,,,,
16786256,"16786448,rip,8,rsp,-=,rsp,=[],rip,=",False,16786096,16786290,5,call 0x1002410,call sym.imp.printf,e8bb000000,cpu,call,False,3,0,,,,,"[{'addr': 16786448, 'type': 'CALL'}]",16786448.0,16786261.0
16786261,"0x18,rbp,-,[8],rcx,=",True,16786096,16786291,4,"mov rcx, qword [rbp - 0x18]","mov rcx, qword [format]",488b4de8,cpu,mov,False,9,0,,,,,,,
16786265,"0x10,rbp,-,[8],rdi,=",True,16786096,16786291,4,"mov rdi, qword [rbp - 0x10]","mov rdi, qword [var_18h]",488b7df0,cpu,mov,False,9,0,,,,,,,
16786269,"0x1,rbp,-,[1],al,=",True,16786096,16786292,3,"mov al, byte [rbp - 1]","mov al, byte [var_9h]",8a45ff,cpu,mov,False,9,0,,,,,,,
16786272,"0x1c,rcx,+,[4],rsi,=",True,16786096,16786292,3,"mov esi, dword [rcx + 0x1c]","mov esi, dword [rcx + 0x1c]",8b711c,cpu,mov,False,9,0,,,,,,,
16786275,"16786448,rip,8,rsp,-=,rsp,=[],rip,=",False,16786096,16786290,5,call 0x1002410,call sym.imp.printf,e8a8000000,cpu,call,False,3,0,,,,,"[{'addr': 16786448, 'type': 'CALL'}]",16786448.0,16786280.0
16786280,"10,rdi,=",False,16786096,16786290,5,"mov edi, 0xa","mov edi, 0xa",bf0a000000,cpu,mov,False,9,0,,,10.0,,,,
16786285,"32,rsp,+=,63,$o,of,:=,63,$s,sf,:=,$z,zf,:=,63,$c,cf,:=,$p,pf,:=,3,$c,af,:=",False,16786096,16786291,4,"add rsp, 0x20","add rsp, 0x20",4883c420,cpu,add,False,17,0,,,32.0,,,,
16786289,"rsp,[8],8,rsp,+=,rbp,=",False,16786096,16786294,1,pop rbp,pop rbp,5d,cpu,pop,False,14,0,,,,,,,
16786290,"0x1002440,rip,=",False,16786096,16786290,5,jmp 0x1002440,jmp sym.imp.putchar,e9c9000000,cpu,jmp,False,1,0,,,,,"[{'addr': 16786496, 'type': 'CODE'}]",16786496.0,
