offset,esil,refptr,fcn_addr,fcn_last,size,opcode,disasm,bytes,family,type,reloc,type_num,type2_num,flags,xrefs_to,val,jump,fail,ptr,xrefs_from,comment
16783552,"rbp,8,rsp,-,=[8],8,rsp,-=",False,16783552,16783928,1,push rbp,push rbp,55,cpu,rpush,False,268435468,0,"['main', 'sym.main']","[{'addr': 16783533, 'type': 'DATA'}]",,,,,,
16783553,"rsp,rbp,=",False,16783552,16783926,3,"mov rbp, rsp","mov rbp, rsp",4889e5,cpu,mov,False,9,0,,,,,,,,
16783556,"96,rsp,-=,96,0x8000000000000000,-,!,63,$o,^,of,:=,63,$s,sf,:=,$z,zf,:=,$p,pf,:=,64,$b,cf,:=,3,$b,af,:=",False,16783552,16783925,4,"sub rsp, 0x60","sub rsp, 0x60",4883ec60,cpu,sub,False,18,0,,,96.0,,,,,
16783560,"edi,0x3c,rbp,-,=[4]",True,16783552,16783926,3,"mov dword [rbp - 0x3c], edi","mov dword [var_44h], edi",897dc4,cpu,mov,False,268435465,0,,,,,,,,
16783563,"rsi,0x38,rbp,-,=[8]",True,16783552,16783925,4,"mov qword [rbp - 0x38], rsi","mov qword [endptr], rsi",488975c8,cpu,mov,False,268435465,0,,,,,,,,
16783567,"0,0x8,rbp,-,=[4]",True,16783552,16783922,7,"mov dword [rbp - 8], 0","mov dword [var_10h], 0",c745f800000000,cpu,mov,False,268435465,0,,,0.0,,,,,
16783574,"0x8,rbp,-,[4],rax,=",True,16783552,16783926,3,"mov eax, dword [rbp - 8]","mov eax, dword [var_10h]",8b45f8,cpu,mov,False,9,0,,"[{'addr': 16783609, 'type': 'CODE'}]",,,,,,
16783577,"rax,0x48,rbp,-,=[8]",True,16783552,16783925,4,"mov qword [rbp - 0x48], rax","mov qword [var_50h], rax",488945b8,cpu,mov,False,268435465,0,,,,,,,,
16783581,"3,rax,-=,3,0x8000000000000000,-,!,63,$o,^,of,:=,63,$s,sf,:=,$z,zf,:=,$p,pf,:=,64,$b,cf,:=,3,$b,af,:=",False,16783552,16783925,4,"sub rax, 3","sub rax, 3",4883e803,cpu,sub,False,18,0,,,3.0,,,,,
16783585,"cf,zf,|,!,?{,16783607,rip,=,}",False,16783552,16783927,2,ja 0x10018f7,ja 0x10018f7,7714,cpu,cjmp,False,2147483649,0,,,,16783607.0,16783587.0,,,
16783587,"0x48,rbp,-,[8],rax,=",True,16783552,16783925,4,"mov rax, qword [rbp - 0x48]","mov rax, qword [var_50h]",488b45b8,cpu,mov,False,9,0,,,,,,,,
16783591,"0x142a,rip,-,rcx,=",True,16783552,16783922,7,"lea rcx, [rip - 0x142a]","lea rcx, data.010004c4",488d0dd6ebffff,cpu,lea,False,33,0,,,,,,16778436.0,"[{'addr': 16778436, 'type': 'DATA'}]",
16783598,"32,rax,4,*,rcx,+,[4],~,rax,=",True,16783552,16783925,4,"movsxd rax, dword [rcx + rax*4]","movsxd rax, dword [rcx + rax*4]",48630481,cpu,mov,False,9,0,,,,,,,,
16783602,"rcx,rax,+=,63,$o,of,:=,63,$s,sf,:=,$z,zf,:=,63,$c,cf,:=,$p,pf,:=,3,$c,af,:=",False,16783552,16783926,3,"add rax, rcx","add rax, rcx",4801c8,cpu,add,False,17,0,,,,,,,,
16783605,"rax,rip,=",False,16783552,16783927,2,jmp rax,jmp rax,ffe0,cpu,rjmp,False,268435458,0,['switch.0x010018f5'],,,,,,"[{'addr': 16783611, 'type': 'CODE'}, {'addr': 16783635, 'type': 'CODE'}, {'addr': 16783672, 'type': 'CODE'}, {'addr': 16783920, 'type': 'CODE'}]",c3dpdGNoIHRhYmxlICg0IGNhc2VzKSBhdCAweDEwMDA0YzQ=
16783607,"0x10018f9,rip,=",False,16783552,16783927,2,jmp 0x10018f9,jmp 0x10018f9,eb00,cpu,jmp,False,1,0,,,,16783609.0,,,"[{'addr': 16783609, 'type': 'CODE'}]",
16783609,"0x10018d6,rip,=",False,16783552,16783927,2,jmp 0x10018d6,jmp 0x10018d6,ebdb,cpu,jmp,False,1,0,,"[{'addr': 16783607, 'type': 'CODE'}, {'addr': 16783633, 'type': 'CODE'}, {'addr': 16783670, 'type': 'CODE'}, {'addr': 16783915, 'type': 'CODE'}]",,16783574.0,,,"[{'addr': 16783574, 'type': 'CODE'}]",
16783611,"0x3c,rbp,-,[4],rdx,=",True,16783552,16783926,3,"mov edx, dword [rbp - 0x3c]","mov edx, dword [var_44h]",8b55c4,cpu,mov,False,9,0,['case.0x10018f5.0'],"[{'addr': 16783605, 'type': 'CODE'}]",,,,,,
16783614,"1,rax,=",False,16783552,16783924,5,"mov eax, 1","mov eax, 1",b801000000,cpu,mov,False,9,0,,,1.0,,,,,
16783619,"2,rcx,=",False,16783552,16783924,5,"mov ecx, 2","mov ecx, 2",b902000000,cpu,mov,False,9,0,,,2.0,,,,,
16783624,"5,edx,==,$z,zf,:=,32,$b,cf,:=,$p,pf,:=,31,$s,sf,:=,5,0x80000000,-,!,31,$o,^,of,:=,3,$b,af,:=",False,16783552,16783926,3,"cmp edx, 5","cmp edx, 5",83fa05,cpu,cmp,False,15,0,,,5.0,,,5.0,,
16783627,"zf,?{,ecx,eax,=,}",False,16783552,16783926,3,"cmove eax, ecx","cmove eax, ecx",0f44c1,cpu,cmov,False,2147483657,0,,,,,,,,
16783630,"eax,0x8,rbp,-,=[4]",True,16783552,16783926,3,"mov dword [rbp - 8], eax","mov dword [var_10h], eax",8945f8,cpu,mov,False,268435465,0,,,,,,,,
16783633,"0x10018f9,rip,=",False,16783552,16783927,2,jmp 0x10018f9,jmp 0x10018f9,ebe6,cpu,jmp,False,1,0,,,,16783609.0,,,"[{'addr': 16783609, 'type': 'CODE'}]",
16783635,"0x38,rbp,-,[8],rax,=",True,16783552,16783925,4,"mov rax, qword [rbp - 0x38]","mov rax, qword [endptr]",488b45c8,cpu,mov,False,9,0,['case.0x10018f5.1'],"[{'addr': 16783605, 'type': 'CODE'}]",,,,,,
16783639,"rax,[8],rsi,=",True,16783552,16783926,3,"mov rsi, qword [rax]","mov rsi, qword [rax]",488b30,cpu,mov,False,9,0,,,,,,,,
16783642,"0x1321,rip,-,rdi,=",True,16783552,16783922,7,"lea rdi, [rip - 0x1321]","lea rdi, str.Usage:__s__int1___int2___int3___int4",488d3ddfecffff,cpu,lea,False,33,0,,,,,,16778752.0,"[{'addr': 16778752, 'type': 'DATA'}]",
16783649,"0,al,=",False,16783552,16783927,2,"mov al, 0","mov al, 0",b000,cpu,mov,False,9,0,,,0.0,,,,,
16783651,"16786448,rip,8,rsp,-=,rsp,=[],rip,=",False,16783552,16783924,5,call 0x1002410,call sym.imp.printf,e8e80a0000,cpu,call,False,3,0,,,,16786448.0,16783656.0,,"[{'addr': 16786448, 'type': 'CALL'}]",
16783656,"3,0x8,rbp,-,=[4]",True,16783552,16783922,7,"mov dword [rbp - 8], 3","mov dword [var_10h], 3",c745f803000000,cpu,mov,False,268435465,0,,,3.0,,,,,
16783663,"1,0x4,rbp,-,=[4]",True,16783552,16783922,7,"mov dword [rbp - 4], 1","mov dword [var_ch], 1",c745fc01000000,cpu,mov,False,268435465,0,,,1.0,,,,,
16783670,"0x10018f9,rip,=",False,16783552,16783927,2,jmp 0x10018f9,jmp 0x10018f9,ebc1,cpu,jmp,False,1,0,,,,16783609.0,,,"[{'addr': 16783609, 'type': 'CODE'}]",
16783672,"0x38,rbp,-,[8],rax,=",True,16783552,16783925,4,"mov rax, qword [rbp - 0x38]","mov rax, qword [endptr]",488b45c8,cpu,mov,False,9,0,['case.0x10018f5.2'],"[{'addr': 16783605, 'type': 'CODE'}]",,,,,,
16783676,"0x8,rax,+,[8],rdi,=",True,16783552,16783925,4,"mov rdi, qword [rax + 8]","mov rdi, qword [rax + 8]",488b7808,cpu,mov,False,9,0,,,,,,,,
16783680,"eax,rax,^,0xffffffff,&,rax,=,$z,zf,:=,$p,pf,:=,31,$s,sf,:=,0,cf,:=,0,of,:=",False,16783552,16783927,2,"xor eax, eax","xor eax, eax",31c0,cpu,xor,False,28,0,,,,,,,,
16783682,"eax,rsi,=",False,16783552,16783927,2,"mov esi, eax","mov esi, eax",89c6,cpu,mov,False,9,0,,,,,,,,
16783684,"10,rdx,=",False,16783552,16783924,5,"mov edx, 0xa","mov edx, 0xa",ba0a000000,cpu,mov,False,9,0,,,10.0,,,,,
16783689,"16786464,rip,8,rsp,-=,rsp,=[],rip,=",False,16783552,16783924,5,call 0x1002420,call sym.imp.strtol,e8d20a0000,cpu,call,False,3,0,,,,16786464.0,16783694.0,,"[{'addr': 16786464, 'type': 'CALL'}]",
16783694,"rax,rcx,=",False,16783552,16783926,3,"mov rcx, rax","mov rcx, rax",4889c1,cpu,mov,False,9,0,,,,,,,,
16783697,"0x38,rbp,-,[8],rax,=",True,16783552,16783925,4,"mov rax, qword [rbp - 0x38]","mov rax, qword [endptr]",488b45c8,cpu,mov,False,9,0,,,,,,,,
16783701,"ecx,0x58,rbp,-,=[4]",True,16783552,16783926,3,"mov dword [rbp - 0x58], ecx","mov dword [var_60h], ecx",894da8,cpu,mov,False,268435465,0,,,,,,,,
16783704,"0x10,rax,+,[8],rdi,=",True,16783552,16783925,4,"mov rdi, qword [rax + 0x10]","mov rdi, qword [rax + 0x10]",488b7810,cpu,mov,False,9,0,,,,,,,,
16783708,"eax,rax,^,0xffffffff,&,rax,=,$z,zf,:=,$p,pf,:=,31,$s,sf,:=,0,cf,:=,0,of,:=",False,16783552,16783927,2,"xor eax, eax","xor eax, eax",31c0,cpu,xor,False,28,0,,,,,,,,
16783710,"eax,rsi,=",False,16783552,16783927,2,"mov esi, eax","mov esi, eax",89c6,cpu,mov,False,9,0,,,,,,,,
16783712,"10,rdx,=",False,16783552,16783924,5,"mov edx, 0xa","mov edx, 0xa",ba0a000000,cpu,mov,False,9,0,,,10.0,,,,,
16783717,"16786464,rip,8,rsp,-=,rsp,=[],rip,=",False,16783552,16783924,5,call 0x1002420,call sym.imp.strtol,e8b60a0000,cpu,call,False,3,0,,,,16786464.0,16783722.0,,"[{'addr': 16786464, 'type': 'CALL'}]",
16783722,"rax,rcx,=",False,16783552,16783926,3,"mov rcx, rax","mov rcx, rax",4889c1,cpu,mov,False,9,0,,,,,,,,
16783725,"0x38,rbp,-,[8],rax,=",True,16783552,16783925,4,"mov rax, qword [rbp - 0x38]","mov rax, qword [endptr]",488b45c8,cpu,mov,False,9,0,,,,,,,,
16783729,"ecx,0x54,rbp,-,=[4]",True,16783552,16783926,3,"mov dword [rbp - 0x54], ecx","mov dword [var_5ch], ecx",894dac,cpu,mov,False,268435465,0,,,,,,,,
16783732,"0x18,rax,+,[8],rdi,=",True,16783552,16783925,4,"mov rdi, qword [rax + 0x18]","mov rdi, qword [rax + 0x18]",488b7818,cpu,mov,False,9,0,,,,,,,,
16783736,"eax,rax,^,0xffffffff,&,rax,=,$z,zf,:=,$p,pf,:=,31,$s,sf,:=,0,cf,:=,0,of,:=",False,16783552,16783927,2,"xor eax, eax","xor eax, eax",31c0,cpu,xor,False,28,0,,,,,,,,
16783738,"eax,rsi,=",False,16783552,16783927,2,"mov esi, eax","mov esi, eax",89c6,cpu,mov,False,9,0,,,,,,,,
16783740,"10,rdx,=",False,16783552,16783924,5,"mov edx, 0xa","mov edx, 0xa",ba0a000000,cpu,mov,False,9,0,,,10.0,,,,,
16783745,"16786464,rip,8,rsp,-=,rsp,=[],rip,=",False,16783552,16783924,5,call 0x1002420,call sym.imp.strtol,e89a0a0000,cpu,call,False,3,0,,,,16786464.0,16783750.0,,"[{'addr': 16786464, 'type': 'CALL'}]",
16783750,"rax,rcx,=",False,16783552,16783926,3,"mov rcx, rax","mov rcx, rax",4889c1,cpu,mov,False,9,0,,,,,,,,
16783753,"0x38,rbp,-,[8],rax,=",True,16783552,16783925,4,"mov rax, qword [rbp - 0x38]","mov rax, qword [endptr]",488b45c8,cpu,mov,False,9,0,,,,,,,,
16783757,"ecx,0x50,rbp,-,=[4]",True,16783552,16783926,3,"mov dword [rbp - 0x50], ecx","mov dword [var_58h], ecx",894db0,cpu,mov,False,268435465,0,,,,,,,,
16783760,"0x20,rax,+,[8],rdi,=",True,16783552,16783925,4,"mov rdi, qword [rax + 0x20]","mov rdi, qword [rax + 0x20]",488b7820,cpu,mov,False,9,0,,,,,,,,
16783764,"eax,rax,^,0xffffffff,&,rax,=,$z,zf,:=,$p,pf,:=,31,$s,sf,:=,0,cf,:=,0,of,:=",False,16783552,16783927,2,"xor eax, eax","xor eax, eax",31c0,cpu,xor,False,28,0,,,,,,,,
16783766,"eax,rsi,=",False,16783552,16783927,2,"mov esi, eax","mov esi, eax",89c6,cpu,mov,False,9,0,,,,,,,,
16783768,"10,rdx,=",False,16783552,16783924,5,"mov edx, 0xa","mov edx, 0xa",ba0a000000,cpu,mov,False,9,0,,,10.0,,,,,
16783773,"16786464,rip,8,rsp,-=,rsp,=[],rip,=",False,16783552,16783924,5,call 0x1002420,call sym.imp.strtol,e87e0a0000,cpu,call,False,3,0,,,,16786464.0,16783778.0,,"[{'addr': 16786464, 'type': 'CALL'}]",
16783778,"0x58,rbp,-,[4],rsi,=",True,16783552,16783926,3,"mov esi, dword [rbp - 0x58]","mov esi, dword [var_60h]",8b75a8,cpu,mov,False,9,0,,,,,,,,
16783781,"eax,0x4c,rbp,-,=[4]",True,16783552,16783926,3,"mov dword [rbp - 0x4c], eax","mov dword [var_54h], eax",8945b4,cpu,mov,False,268435465,0,,,,,,,,
16783784,"0x30,rbp,-,rdi,=",True,16783552,16783925,4,"lea rdi, [rbp - 0x30]","lea rdi, [var_38h]",488d7dd0,cpu,lea,False,33,0,,,,,,,,
16783788,"16783936,rip,8,rsp,-=,rsp,=[],rip,=",False,16783552,16783924,5,call 0x1001a40,call sym.step1,e88f000000,cpu,call,False,3,0,,,,16783936.0,16783793.0,,"[{'addr': 16783936, 'type': 'CALL'}]",
16783793,"0x30,rbp,-,rdi,=",True,16783552,16783925,4,"lea rdi, [rbp - 0x30]","lea rdi, [var_38h]",488d7dd0,cpu,lea,False,33,0,,,,,,,,
16783797,"16784064,rip,8,rsp,-=,rsp,=[],rip,=",False,16783552,16783924,5,call 0x1001ac0,call sym.step2,e806010000,cpu,call,False,3,0,,,,16784064.0,16783802.0,,"[{'addr': 16784064, 'type': 'CALL'}]",
16783802,"0x30,rbp,-,rdi,=",True,16783552,16783925,4,"lea rdi, [rbp - 0x30]","lea rdi, [var_38h]",488d7dd0,cpu,lea,False,33,0,,,,,,,,
16783806,"16784176,rip,8,rsp,-=,rsp,=[],rip,=",False,16783552,16783924,5,call 0x1001b30,call sym.step3,e86d010000,cpu,call,False,3,0,,,,16784176.0,16783811.0,,"[{'addr': 16784176, 'type': 'CALL'}]",
16783811,"0x30,rbp,-,rdi,=",True,16783552,16783925,4,"lea rdi, [rbp - 0x30]","lea rdi, [var_38h]",488d7dd0,cpu,lea,False,33,0,,,,,,,,
16783815,"16784352,rip,8,rsp,-=,rsp,=[],rip,=",False,16783552,16783924,5,call 0x1001be0,call sym.step4,e814020000,cpu,call,False,3,0,,,,16784352.0,16783820.0,,"[{'addr': 16784352, 'type': 'CALL'}]",
16783820,"0x54,rbp,-,[4],rsi,=",True,16783552,16783926,3,"mov esi, dword [rbp - 0x54]","mov esi, dword [var_5ch]",8b75ac,cpu,mov,False,9,0,,,,,,,,
16783823,"0x30,rbp,-,rdi,=",True,16783552,16783925,4,"lea rdi, [rbp - 0x30]","lea rdi, [var_38h]",488d7dd0,cpu,lea,False,33,0,,,,,,,,
16783827,"16784416,rip,8,rsp,-=,rsp,=[],rip,=",False,16783552,16783924,5,call 0x1001c20,call sym.step5,e848020000,cpu,call,False,3,0,,,,16784416.0,16783832.0,,"[{'addr': 16784416, 'type': 'CALL'}]",
16783832,"0x30,rbp,-,rdi,=",True,16783552,16783925,4,"lea rdi, [rbp - 0x30]","lea rdi, [var_38h]",488d7dd0,cpu,lea,False,33,0,,,,,,,,
16783836,"16784688,rip,8,rsp,-=,rsp,=[],rip,=",False,16783552,16783924,5,call 0x1001d30,call sym.step6,e84f030000,cpu,call,False,3,0,,,,16784688.0,16783841.0,,"[{'addr': 16784688, 'type': 'CALL'}]",
16783841,"0x30,rbp,-,rdi,=",True,16783552,16783925,4,"lea rdi, [rbp - 0x30]","lea rdi, [var_38h]",488d7dd0,cpu,lea,False,33,0,,,,,,,,
16783845,"16785088,rip,8,rsp,-=,rsp,=[],rip,=",False,16783552,16783924,5,call 0x1001ec0,call sym.step7,e8d6040000,cpu,call,False,3,0,,,,16785088.0,16783850.0,,"[{'addr': 16785088, 'type': 'CALL'}]",
16783850,"0x50,rbp,-,[4],rsi,=",True,16783552,16783926,3,"mov esi, dword [rbp - 0x50]","mov esi, dword [var_58h]",8b75b0,cpu,mov,False,9,0,,,,,,,,
16783853,"0x30,rbp,-,rdi,=",True,16783552,16783925,4,"lea rdi, [rbp - 0x30]","lea rdi, [var_38h]",488d7dd0,cpu,lea,False,33,0,,,,,,,,
16783857,"16785120,rip,8,rsp,-=,rsp,=[],rip,=",False,16783552,16783924,5,call 0x1001ee0,call sym.step8,e8ea040000,cpu,call,False,3,0,,,,16785120.0,16783862.0,,"[{'addr': 16785120, 'type': 'CALL'}]",
16783862,"0x30,rbp,-,rdi,=",True,16783552,16783925,4,"lea rdi, [rbp - 0x30]","lea rdi, [var_38h]",488d7dd0,cpu,lea,False,33,0,,,,,,,,
16783866,"16785424,rip,8,rsp,-=,rsp,=[],rip,=",False,16783552,16783924,5,call 0x1002010,call sym.step9,e811060000,cpu,call,False,3,0,,,,16785424.0,16783871.0,,"[{'addr': 16785424, 'type': 'CALL'}]",
16783871,"0x4c,rbp,-,[4],rsi,=",True,16783552,16783926,3,"mov esi, dword [rbp - 0x4c]","mov esi, dword [var_54h]",8b75b4,cpu,mov,False,9,0,,,,,,,,
16783874,"0x30,rbp,-,rdi,=",True,16783552,16783925,4,"lea rdi, [rbp - 0x30]","lea rdi, [var_38h]",488d7dd0,cpu,lea,False,33,0,,,,,,,,
16783878,"16785680,rip,8,rsp,-=,rsp,=[],rip,=",False,16783552,16783924,5,call 0x1002110,call sym.step10,e805070000,cpu,call,False,3,0,,,,16785680.0,16783883.0,,"[{'addr': 16785680, 'type': 'CALL'}]",
16783883,"0x30,rbp,-,rdi,=",True,16783552,16783925,4,"lea rdi, [rbp - 0x30]","lea rdi, [var_38h]",488d7dd0,cpu,lea,False,33,0,,,,,,,,
16783887,"16785984,rip,8,rsp,-=,rsp,=[],rip,=",False,16783552,16783924,5,call 0x1002240,call sym.step11,e82c080000,cpu,call,False,3,0,,,,16785984.0,16783892.0,,"[{'addr': 16785984, 'type': 'CALL'}]",
16783892,"0x30,rbp,-,rdi,=",True,16783552,16783925,4,"lea rdi, [rbp - 0x30]","lea rdi, [var_38h]",488d7dd0,cpu,lea,False,33,0,,,,,,,,
16783896,"16786096,rip,8,rsp,-=,rsp,=[],rip,=",False,16783552,16783924,5,call 0x10022b0,call sym.step12,e893080000,cpu,call,False,3,0,,,,16786096.0,16783901.0,,"[{'addr': 16786096, 'type': 'CALL'}]",
16783901,"3,0x8,rbp,-,=[4]",True,16783552,16783922,7,"mov dword [rbp - 8], 3","mov dword [var_10h], 3",c745f803000000,cpu,mov,False,268435465,0,,,3.0,,,,,
16783908,"0,0x4,rbp,-,=[4]",True,16783552,16783922,7,"mov dword [rbp - 4], 0","mov dword [var_ch], 0",c745fc00000000,cpu,mov,False,268435465,0,,,0.0,,,,,
16783915,"0x10018f9,rip,=",False,16783552,16783924,5,jmp 0x10018f9,jmp 0x10018f9,e9c9feffff,cpu,jmp,False,1,0,,,,16783609.0,,,"[{'addr': 16783609, 'type': 'CODE'}]",
16783920,"0x4,rbp,-,[4],rax,=",True,16783552,16783926,3,"mov eax, dword [rbp - 4]","mov eax, dword [var_ch]",8b45fc,cpu,mov,False,9,0,['case.0x10018f5.3'],"[{'addr': 16783605, 'type': 'CODE'}]",,,,,,
16783923,"96,rsp,+=,63,$o,of,:=,63,$s,sf,:=,$z,zf,:=,63,$c,cf,:=,$p,pf,:=,3,$c,af,:=",False,16783552,16783925,4,"add rsp, 0x60","add rsp, 0x60",4883c460,cpu,add,False,17,0,,,96.0,,,,,
16783927,"rsp,[8],8,rsp,+=,rbp,=",False,16783552,16783928,1,pop rbp,pop rbp,5d,cpu,pop,False,14,0,,,,,,,,
16783928,"rsp,[8],rip,=,8,rsp,+=",False,16783552,16783928,1,ret,ret,c3,cpu,ret,False,5,0,,,,,,,,
