offset,esil,refptr,fcn_addr,fcn_last,size,opcode,disasm,bytes,family,type,reloc,type_num,type2_num,flags,xrefs_to,ptr,xrefs_from
16784064,"rbp,8,rsp,-,=[8],8,rsp,-=",False,16784064,16784162,1,push rbp,push rbp,55,cpu,rpush,False,268435468,0,['sym.step2'],"[{'addr': 16783797, 'type': 'CALL'}]",,
16784065,"rsp,rbp,=",False,16784064,16784160,3,"mov rbp, rsp","mov rbp, rsp",4889e5,cpu,mov,False,9,0,,,,
16784068,"rdi,[16],xmm1,=",True,16784064,16784160,3,"movups xmm1, xmmword [rdi]","movups xmm1, xmmword [rdi]",0f100f,sse,mov,False,9,0,,,,
16784071,"xmm1,xmm0,=",False,16784064,16784160,3,"movaps xmm0, xmm1","movaps xmm0, xmm1",0f28c1,sse,mov,False,9,0,,,,
16784074,,False,16784064,16784158,5,"pslld xmm0, 0x1f","pslld xmm0, 0x1f",660f72f01f,sse,null,False,0,0,,,,
16784079,,False,16784064,16784158,5,"psrad xmm0, 0x1f","psrad xmm0, 0x1f",660f72e01f,sse,null,False,0,0,,,,
16784084,"0x151b,rip,-,[16],xmm4,=",True,16784064,16784156,7,"movaps xmm4, xmmword [rip - 0x151b]","movaps xmm4, xmmword [data.010005c0]",0f2825e5eaffff,sse,mov,False,9,0,,,16778688.0,"[{'addr': 16778688, 'type': 'DATA'}]"
16784091,"xmm0,xmm2,=",False,16784064,16784160,3,"movaps xmm2, xmm0","movaps xmm2, xmm0",0f28d0,sse,mov,False,9,0,,,,
16784094,,False,16784064,16784159,4,"pandn xmm2, xmm4","pandn xmm2, xmm4",660fdfd4,sse,null,False,0,0,,,,
16784098,"0x1519,rip,-,[16],xmm3,=",True,16784064,16784156,7,"movaps xmm3, xmmword [rip - 0x1519]","movaps xmm3, xmmword [data.010005d0]",0f281de7eaffff,sse,mov,False,9,0,,,16778704.0,"[{'addr': 16778704, 'type': 'DATA'}]"
16784105,,False,16784064,16784159,4,"pand xmm0, xmm3","pand xmm0, xmm3",660fdbc3,sse,null,False,0,0,,,,
16784109,,False,16784064,16784159,4,"por xmm0, xmm2","por xmm0, xmm2",660febc2,sse,null,False,0,0,,,,
16784113,,False,16784064,16784159,4,"paddd xmm0, xmm1","paddd xmm0, xmm1",660ffec1,sse,add,False,17,0,,,,
16784117,"xmm0,rdi,=[16]",True,16784064,16784160,3,"movups xmmword [rdi], xmm0","movups xmmword [rdi], xmm0",0f1107,sse,mov,False,9,0,,,,
16784120,"0x10,rdi,+,[16],xmm1,=",True,16784064,16784159,4,"movups xmm1, xmmword [rdi + 0x10]","movups xmm1, xmmword [rdi + 0x10]",0f104f10,sse,mov,False,9,0,,,,
16784124,"xmm1,xmm0,=",False,16784064,16784160,3,"movaps xmm0, xmm1","movaps xmm0, xmm1",0f28c1,sse,mov,False,9,0,,,,
16784127,,False,16784064,16784158,5,"pslld xmm0, 0x1f","pslld xmm0, 0x1f",660f72f01f,sse,null,False,0,0,,,,
16784132,,False,16784064,16784158,5,"psrad xmm0, 0x1f","psrad xmm0, 0x1f",660f72e01f,sse,null,False,0,0,,,,
16784137,"xmm0,xmm2,=",False,16784064,16784160,3,"movaps xmm2, xmm0","movaps xmm2, xmm0",0f28d0,sse,mov,False,9,0,,,,
16784140,,False,16784064,16784159,4,"pandn xmm2, xmm4","pandn xmm2, xmm4",660fdfd4,sse,null,False,0,0,,,,
16784144,,False,16784064,16784159,4,"pand xmm0, xmm3","pand xmm0, xmm3",660fdbc3,sse,null,False,0,0,,,,
16784148,,False,16784064,16784159,4,"por xmm0, xmm2","por xmm0, xmm2",660febc2,sse,null,False,0,0,,,,
16784152,,False,16784064,16784159,4,"paddd xmm0, xmm1","paddd xmm0, xmm1",660ffec1,sse,add,False,17,0,,,,
16784156,"xmm0,0x10,rdi,+,=[16]",False,16784064,16784158,5,"movdqu xmmword [rdi + 0x10], xmm0","movdqu xmmword [rdi + 0x10], xmm0",f30f7f4710,sse,null,False,0,0,,,,
16784161,"rsp,[8],8,rsp,+=,rbp,=",False,16784064,16784162,1,pop rbp,pop rbp,5d,cpu,pop,False,14,0,,,,
16784162,"rsp,[8],rip,=,8,rsp,+=",False,16784064,16784162,1,ret,ret,c3,cpu,ret,False,5,0,,,,
