offset,esil,refptr,fcn_addr,fcn_last,size,opcode,disasm,bytes,family,type,reloc,type_num,type2_num,flags,val,ptr,jump,fail,xrefs_from,xrefs_to
16783408,"rbp,8,rsp,-,=[8],8,rsp,-=",False,16783408,16783539,1,push rbp,push rbp,55,cpu,rpush,False,268435468,0,['sym.parseArrayArg'],,,,,,
16783409,"rsp,rbp,=",False,16783408,16783537,3,"mov rbp, rsp","mov rbp, rsp",4889e5,cpu,mov,False,9,0,,,,,,,
16783412,"64,rsp,-=,64,0x8000000000000000,-,!,63,$o,^,of,:=,63,$s,sf,:=,$z,zf,:=,$p,pf,:=,64,$b,cf,:=,3,$b,af,:=",False,16783408,16783536,4,"sub rsp, 0x40","sub rsp, 0x40",4883ec40,cpu,sub,False,18,0,,64.0,,,,,
16783416,"rdi,0x18,rbp,-,=[8]",True,16783408,16783536,4,"mov qword [rbp - 0x18], rdi","mov qword [var_20h], rdi",48897de8,cpu,mov,False,268435465,0,,,,,,,
16783420,"rsi,0x10,rbp,-,=[8]",True,16783408,16783536,4,"mov qword [rbp - 0x10], rsi","mov qword [var_18h], rsi",488975f0,cpu,mov,False,268435465,0,,,,,,,
16783424,"edx,0x8,rbp,-,=[4]",True,16783408,16783537,3,"mov dword [rbp - 8], edx","mov dword [var_10h], edx",8955f8,cpu,mov,False,268435465,0,,,,,,,
16783427,"ecx,0x4,rbp,-,=[4]",True,16783408,16783537,3,"mov dword [rbp - 4], ecx","mov dword [var_ch], ecx",894dfc,cpu,mov,False,268435465,0,,,,,,,
16783430,"0,ecx,==,$z,zf,:=,32,$b,cf,:=,$p,pf,:=,31,$s,sf,:=,0,0x80000000,-,!,31,$o,^,of,:=,3,$b,af,:=",False,16783408,16783537,3,"cmp ecx, 0","cmp ecx, 0",83f900,cpu,cmp,False,15,0,,0.0,0.0,,,,
16783433,"of,sf,^,zf,|,?{,16783473,rip,=,}",False,16783408,16783538,2,jle 0x1001871,jle 0x1001871,7e26,cpu,cjmp,False,2147483649,0,,,,16783473.0,16783435.0,,
16783435,"0x10,rbp,-,[8],rax,=",True,16783408,16783536,4,"mov rax, qword [rbp - 0x10]","mov rax, qword [var_18h]",488b45f0,cpu,mov,False,9,0,,,,,,,
16783439,"0x4,rbp,-,[4],rdx,=",True,16783408,16783537,3,"mov edx, dword [rbp - 4]","mov edx, dword [var_ch]",8b55fc,cpu,mov,False,9,0,,,,,,,
16783442,"0x8,rbp,-,[4],rcx,=",True,16783408,16783537,3,"mov ecx, dword [rbp - 8]","mov ecx, dword [var_10h]",8b4df8,cpu,mov,False,9,0,,,,,,,
16783445,"32,ecx,~,rcx,=",False,16783408,16783537,3,"movsxd rcx, ecx","movsxd rcx, ecx",4863c9,cpu,mov,False,9,0,,,,,,,
16783448,"edx,rdx,=",False,16783408,16783538,2,"mov edx, edx","mov edx, edx",89d2,cpu,mov,False,9,0,,,,,,,
16783450,"rdx,0x30,rbp,-,=[8]",True,16783408,16783536,4,"mov qword [rbp - 0x30], rdx","mov qword [var_38h], rdx",488955d0,cpu,mov,False,268435465,0,,,,,,,
16783454,"0,3,!,!,?{,1,3,-,rcx,<<,0x8000000000000000,&,!,!,^,},3,rcx,<<=,$z,zf,:=,$p,pf,:=,63,$s,sf,:=,cf,=",False,16783408,16783536,4,"shl rcx, 3","shl rcx, 3",48c1e103,cpu,shl,False,23,0,,,,,,,
16783458,"rcx,rax,+=,63,$o,of,:=,63,$s,sf,:=,$z,zf,:=,63,$c,cf,:=,$p,pf,:=,3,$c,af,:=",False,16783408,16783537,3,"add rax, rcx","add rax, rcx",4801c8,cpu,add,False,17,0,,,,,,,
16783461,"rax,0x28,rbp,-,=[8]",True,16783408,16783536,4,"mov qword [rbp - 0x28], rax","mov qword [endptr], rax",488945d8,cpu,mov,False,268435465,0,,,,,,,
16783465,"eax,rax,^,0xffffffff,&,rax,=,$z,zf,:=,$p,pf,:=,31,$s,sf,:=,0,cf,:=,0,of,:=",False,16783408,16783538,2,"xor eax, eax","xor eax, eax",31c0,cpu,xor,False,28,0,,,,,,,
16783467,"rax,0x20,rbp,-,=[8]",True,16783408,16783536,4,"mov qword [rbp - 0x20], rax","mov qword [str], rax",488945e0,cpu,mov,False,268435465,0,,,,,,,
16783471,"0x1001877,rip,=",False,16783408,16783538,2,jmp 0x1001877,jmp 0x1001877,eb06,cpu,jmp,False,1,0,,,,16783479.0,,"[{'addr': 16783479, 'type': 'CODE'}]",
16783473,"64,rsp,+=,63,$o,of,:=,63,$s,sf,:=,$z,zf,:=,63,$c,cf,:=,$p,pf,:=,3,$c,af,:=",False,16783408,16783536,4,"add rsp, 0x40","add rsp, 0x40",4883c440,cpu,add,False,17,0,,64.0,,,,,
16783477,"rsp,[8],8,rsp,+=,rbp,=",False,16783408,16783539,1,pop rbp,pop rbp,5d,cpu,pop,False,14,0,,,,,,,
16783478,"rsp,[8],rip,=,8,rsp,+=",False,16783408,16783539,1,ret,ret,c3,cpu,ret,False,5,0,,,,,,,
16783479,"0x20,rbp,-,[8],rcx,=",True,16783408,16783536,4,"mov rcx, qword [rbp - 0x20]","mov rcx, qword [str]",488b4de0,cpu,mov,False,9,0,,,,,,,"[{'addr': 16783471, 'type': 'CODE'}, {'addr': 16783538, 'type': 'CODE'}]"
16783483,"0x28,rbp,-,[8],rax,=",True,16783408,16783536,4,"mov rax, qword [rbp - 0x28]","mov rax, qword [endptr]",488b45d8,cpu,mov,False,9,0,,,,,,,
16783487,"rcx,0x38,rbp,-,=[8]",True,16783408,16783536,4,"mov qword [rbp - 0x38], rcx","mov qword [var_40h], rcx",48894dc8,cpu,mov,False,268435465,0,,,,,,,
16783491,"rcx,8,*,rax,+,[8],rdi,=",True,16783408,16783536,4,"mov rdi, qword [rax + rcx*8]","mov rdi, qword [rax + rcx*8]",488b3cc8,cpu,mov,False,9,0,,,,,,,
16783495,"eax,rax,^,0xffffffff,&,rax,=,$z,zf,:=,$p,pf,:=,31,$s,sf,:=,0,cf,:=,0,of,:=",False,16783408,16783538,2,"xor eax, eax","xor eax, eax",31c0,cpu,xor,False,28,0,,,,,,,
16783497,"eax,rsi,=",False,16783408,16783538,2,"mov esi, eax","mov esi, eax",89c6,cpu,mov,False,9,0,,,,,,,
16783499,"16788240,rip,8,rsp,-=,rsp,=[],rip,=",False,16783408,16783535,5,call 0x1002b10,call sym.imp.strtod,e880120000,cpu,call,False,3,0,,,,16788240.0,16783504.0,"[{'addr': 16788240, 'type': 'CALL'}]",
16783504,"0x18,rbp,-,[8],rdx,=",True,16783408,16783536,4,"mov rdx, qword [rbp - 0x18]","mov rdx, qword [var_20h]",488b55e8,cpu,mov,False,9,0,,,,,,,
16783508,"0x38,rbp,-,[8],rax,=",True,16783408,16783536,4,"mov rax, qword [rbp - 0x38]","mov rax, qword [var_40h]",488b45c8,cpu,mov,False,9,0,,,,,,,
16783512,"0x30,rbp,-,[8],rcx,=",True,16783408,16783536,4,"mov rcx, qword [rbp - 0x30]","mov rcx, qword [var_38h]",488b4dd0,cpu,mov,False,9,0,,,,,,,
16783516,,False,16783408,16783536,4,"cvtsd2ss xmm0, xmm0","cvtsd2ss xmm0, xmm0",f20f5ac0,sse,null,False,0,0,,,,,,,
16783520,"xmm0,rax,4,*,rdx,+,=[4]",True,16783408,16783535,5,"movss dword [rdx + rax*4], xmm0","movss dword [rdx + rax*4], xmm0",f30f110482,sse,mov,False,9,0,,,,,,,
16783525,"1,rax,+=,63,$o,of,:=,63,$s,sf,:=,$z,zf,:=,63,$c,cf,:=,$p,pf,:=,3,$c,af,:=",False,16783408,16783536,4,"add rax, 1","add rax, 1",4883c001,cpu,add,False,17,0,,1.0,,,,,
16783529,"rcx,rax,==,$z,zf,:=,64,$b,cf,:=,$p,pf,:=,63,$s,sf,:=,rcx,0x8000000000000000,-,!,63,$o,^,of,:=,3,$b,af,:=",False,16783408,16783537,3,"cmp rax, rcx","cmp rax, rcx",4839c8,cpu,cmp,False,15,0,,,,,,,
16783532,"rax,0x20,rbp,-,=[8]",True,16783408,16783536,4,"mov qword [rbp - 0x20], rax","mov qword [str], rax",488945e0,cpu,mov,False,268435465,0,,,,,,,
16783536,"zf,?{,16783473,rip,=,}",False,16783408,16783538,2,je 0x1001871,je 0x1001871,74bf,cpu,cjmp,False,2147483649,0,,,,16783473.0,16783538.0,,
16783538,"0x1001877,rip,=",False,16783408,16783538,2,jmp 0x1001877,jmp 0x1001877,ebc3,cpu,jmp,False,1,0,,,,16783479.0,,"[{'addr': 16783479, 'type': 'CODE'}]",
