offset,esil,refptr,fcn_addr,fcn_last,size,opcode,disasm,bytes,family,type,reloc,type_num,type2_num,flags,val,ptr,jump,fail,xrefs_from,xrefs_to
16783552,"rbp,8,rsp,-,=[8],8,rsp,-=",False,16783552,16783661,1,push rbp,push rbp,55,cpu,rpush,False,268435468,0,['sym.printArray'],,,,,,
16783553,"rsp,rbp,=",False,16783552,16783659,3,"mov rbp, rsp","mov rbp, rsp",4889e5,cpu,mov,False,9,0,,,,,,,
16783556,"48,rsp,-=,48,0x8000000000000000,-,!,63,$o,^,of,:=,63,$s,sf,:=,$z,zf,:=,$p,pf,:=,64,$b,cf,:=,3,$b,af,:=",False,16783552,16783658,4,"sub rsp, 0x30","sub rsp, 0x30",4883ec30,cpu,sub,False,18,0,,48.0,,,,,
16783560,"rdi,0x10,rbp,-,=[8]",True,16783552,16783658,4,"mov qword [rbp - 0x10], rdi","mov qword [var_18h], rdi",48897df0,cpu,mov,False,268435465,0,,,,,,,
16783564,"esi,0x4,rbp,-,=[4]",True,16783552,16783659,3,"mov dword [rbp - 4], esi","mov dword [var_ch], esi",8975fc,cpu,mov,False,268435465,0,,,,,,,
16783567,"0,esi,==,$z,zf,:=,32,$b,cf,:=,$p,pf,:=,31,$s,sf,:=,0,0x80000000,-,!,31,$o,^,of,:=,3,$b,af,:=",False,16783552,16783659,3,"cmp esi, 0","cmp esi, 0",83fe00,cpu,cmp,False,15,0,,0.0,0.0,,,,
16783570,"of,sf,^,zf,|,?{,16783589,rip,=,}",False,16783552,16783660,2,jle 0x10018e5,jle 0x10018e5,7e11,cpu,cjmp,False,2147483649,0,,,,16783589.0,16783572.0,,
16783572,"0x4,rbp,-,[4],rax,=",True,16783552,16783659,3,"mov eax, dword [rbp - 4]","mov eax, dword [var_ch]",8b45fc,cpu,mov,False,9,0,,,,,,,
16783575,"eax,rax,=",False,16783552,16783660,2,"mov eax, eax","mov eax, eax",89c0,cpu,mov,False,9,0,,,,,,,
16783577,"rax,0x20,rbp,-,=[8]",True,16783552,16783658,4,"mov qword [rbp - 0x20], rax","mov qword [var_28h], rax",488945e0,cpu,mov,False,268435465,0,,,,,,,
16783581,"eax,rax,^,0xffffffff,&,rax,=,$z,zf,:=,$p,pf,:=,31,$s,sf,:=,0,cf,:=,0,of,:=",False,16783552,16783660,2,"xor eax, eax","xor eax, eax",31c0,cpu,xor,False,28,0,,,,,,,
16783583,"rax,0x18,rbp,-,=[8]",True,16783552,16783658,4,"mov qword [rbp - 0x18], rax","mov qword [var_20h], rax",488945e8,cpu,mov,False,268435465,0,,,,,,,
16783587,"0x10018f4,rip,=",False,16783552,16783660,2,jmp 0x10018f4,jmp 0x10018f4,eb0f,cpu,jmp,False,1,0,,,,16783604.0,,"[{'addr': 16783604, 'type': 'CODE'}]",
16783589,"10,rdi,=",False,16783552,16783657,5,"mov edi, 0xa","mov edi, 0xa",bf0a000000,cpu,mov,False,9,0,,10.0,,,,,
16783594,"48,rsp,+=,63,$o,of,:=,63,$s,sf,:=,$z,zf,:=,63,$c,cf,:=,$p,pf,:=,3,$c,af,:=",False,16783552,16783658,4,"add rsp, 0x30","add rsp, 0x30",4883c430,cpu,add,False,17,0,,48.0,,,,,
16783598,"rsp,[8],8,rsp,+=,rbp,=",False,16783552,16783661,1,pop rbp,pop rbp,5d,cpu,pop,False,14,0,,,,,,,
16783599,"0x1002b20,rip,=",False,16783552,16783657,5,jmp 0x1002b20,jmp sym.imp.putchar,e92c120000,cpu,jmp,False,1,0,,,,16788256.0,,"[{'addr': 16788256, 'type': 'CODE'}]",
16783604,"0x18,rbp,-,[8],rcx,=",True,16783552,16783658,4,"mov rcx, qword [rbp - 0x18]","mov rcx, qword [var_20h]",488b4de8,cpu,mov,False,9,0,,,,,,,"[{'addr': 16783587, 'type': 'CODE'}, {'addr': 16783660, 'type': 'CODE'}]"
16783608,"0x10,rbp,-,[8],rax,=",True,16783552,16783658,4,"mov rax, qword [rbp - 0x10]","mov rax, qword [var_18h]",488b45f0,cpu,mov,False,9,0,,,,,,,
16783612,"rcx,0x28,rbp,-,=[8]",True,16783552,16783658,4,"mov qword [rbp - 0x28], rcx","mov qword [var_30h], rcx",48894dd8,cpu,mov,False,268435465,0,,,,,,,
16783616,"rcx,4,*,rax,+,[4],xmm0,=",True,16783552,16783657,5,"movss xmm0, dword [rax + rcx*4]","movss xmm0, dword [rax + rcx*4]",f30f100488,sse,mov,False,9,0,,,,,,,
16783621,,False,16783552,16783658,4,"cvtss2sd xmm0, xmm0","cvtss2sd xmm0, xmm0",f30f5ac0,sse,null,False,0,0,,,,,,,
16783625,"0x12fc,rip,-,rdi,=",True,16783552,16783655,7,"lea rdi, [rip - 0x12fc]","lea rdi, str..2f",488d3d04edffff,cpu,lea,False,33,0,,,16778772.0,,,"[{'addr': 16778772, 'type': 'DATA'}]",
16783632,"1,al,=",False,16783552,16783660,2,"mov al, 1","mov al, 1",b001,cpu,mov,False,9,0,,1.0,,,,,
16783634,"16788272,rip,8,rsp,-=,rsp,=[],rip,=",False,16783552,16783657,5,call 0x1002b30,call sym.imp.printf,e819120000,cpu,call,False,3,0,,,,16788272.0,16783639.0,"[{'addr': 16788272, 'type': 'CALL'}]",
16783639,"0x20,rbp,-,[8],rcx,=",True,16783552,16783658,4,"mov rcx, qword [rbp - 0x20]","mov rcx, qword [var_28h]",488b4de0,cpu,mov,False,9,0,,,,,,,
16783643,"0x28,rbp,-,[8],rax,=",True,16783552,16783658,4,"mov rax, qword [rbp - 0x28]","mov rax, qword [var_30h]",488b45d8,cpu,mov,False,9,0,,,,,,,
16783647,"1,rax,+=,63,$o,of,:=,63,$s,sf,:=,$z,zf,:=,63,$c,cf,:=,$p,pf,:=,3,$c,af,:=",False,16783552,16783658,4,"add rax, 1","add rax, 1",4883c001,cpu,add,False,17,0,,1.0,,,,,
16783651,"rcx,rax,==,$z,zf,:=,64,$b,cf,:=,$p,pf,:=,63,$s,sf,:=,rcx,0x8000000000000000,-,!,63,$o,^,of,:=,3,$b,af,:=",False,16783552,16783659,3,"cmp rax, rcx","cmp rax, rcx",4839c8,cpu,cmp,False,15,0,,,,,,,
16783654,"rax,0x18,rbp,-,=[8]",True,16783552,16783658,4,"mov qword [rbp - 0x18], rax","mov qword [var_20h], rax",488945e8,cpu,mov,False,268435465,0,,,,,,,
16783658,"zf,?{,16783589,rip,=,}",False,16783552,16783660,2,je 0x10018e5,je 0x10018e5,74b9,cpu,cjmp,False,2147483649,0,,,,16783589.0,16783660.0,,
16783660,"0x10018f4,rip,=",False,16783552,16783660,2,jmp 0x10018f4,jmp 0x10018f4,ebc6,cpu,jmp,False,1,0,,,,16783604.0,,"[{'addr': 16783604, 'type': 'CODE'}]",
