offset,esil,refptr,fcn_addr,fcn_last,size,opcode,disasm,bytes,family,type,reloc,type_num,type2_num,flags,xrefs_to,ptr,xrefs_from,jump,fail,val
16788096,"rbp,8,rsp,-,=[8],8,rsp,-=",False,16788096,16788197,1,push rbp,push rbp,55,cpu,rpush,False,268435468,0,"['sym.__libc_csu_init', 'dbg.__libc_csu_init']","[{'addr': 16783382, 'type': 'DATA'}]",,,,,
16788097,"rsp,rbp,=",False,16788096,16788195,3,"mov rbp, rsp","mov rbp, rsp",4889e5,cpu,mov,False,9,0,,,,,,,
16788100,"r15,8,rsp,-,=[8],8,rsp,-=",False,16788096,16788196,2,push r15,push r15,4157,cpu,rpush,False,268435468,0,,,,,,,
16788102,"r14,8,rsp,-,=[8],8,rsp,-=",False,16788096,16788196,2,push r14,push r14,4156,cpu,rpush,False,268435468,0,,,,,,,
16788104,"r13,8,rsp,-,=[8],8,rsp,-=",False,16788096,16788196,2,push r13,push r13,4155,cpu,rpush,False,268435468,0,,,,,,,
16788106,"r12,8,rsp,-,=[8],8,rsp,-=",False,16788096,16788196,2,push r12,push r12,4154,cpu,rpush,False,268435468,0,,,,,,,
16788108,"rbx,8,rsp,-,=[8],8,rsp,-=",False,16788096,16788197,1,push rbx,push rbx,53,cpu,rpush,False,268435468,0,,,,,,,
16788109,"rax,8,rsp,-,=[8],8,rsp,-=",False,16788096,16788197,1,push rax,push rax,50,cpu,rpush,False,268435468,0,,,,,,,
16788110,"0x2a95,rip,-,r12,=",True,16788096,16788191,7,"lea r12, [rip - 0x2a95]","lea r12, loc.__init_array_start",4c8d256bd5ffff,cpu,lea,False,33,0,,,16777216.0,"[{'addr': 16777216, 'type': 'DATA'}]",,,
16788117,"0x2a9c,rip,-,r13,=",True,16788096,16788191,7,"lea r13, [rip - 0x2a9c]","lea r13, loc.__init_array_start",4c8d2d64d5ffff,cpu,lea,False,33,0,,,16777216.0,"[{'addr': 16777216, 'type': 'DATA'}]",,,
16788124,"r12,r13,-=,r12,0x8000000000000000,-,!,63,$o,^,of,:=,63,$s,sf,:=,$z,zf,:=,$p,pf,:=,64,$b,cf,:=,3,$b,af,:=",False,16788096,16788195,3,"sub r13, r12","sub r13, r12",4d29e5,cpu,sub,False,18,0,,,,,,,
16788127,"zf,?{,16788183,rip,=,}",False,16788096,16788196,2,je 0x1002ad7,je 0x1002ad7,7436,cpu,cjmp,False,2147483649,0,,,,,16788183.0,16788129.0,
16788129,"rdx,rbx,=",False,16788096,16788195,3,"mov rbx, rdx","mov rbx, rdx",4889d3,cpu,mov,False,9,0,,,,,,,
16788132,"rsi,r14,=",False,16788096,16788195,3,"mov r14, rsi","mov r14, rsi",4989f6,cpu,mov,False,9,0,,,,,,,
16788135,"edi,r15,=",False,16788096,16788195,3,"mov r15d, edi","mov r15d, edi",4189ff,cpu,mov,False,9,0,,,,,,,
16788138,"0,cf,:=,1,3,-,1,<<,r13,&,?{,1,cf,:=,},3,r13,>>>>,r13,=,$z,zf,:=,$p,pf,:=,63,$s,sf,:=",False,16788096,16788194,4,"sar r13, 3","sar r13, 3",49c1fd03,cpu,sar,False,25,0,,,,,,,
16788142,"1,r13,==,$z,zf,:=,64,$b,cf,:=,$p,pf,:=,63,$s,sf,:=,1,0x8000000000000000,-,!,63,$o,^,of,:=,3,$b,af,:=",False,16788096,16788194,4,"cmp r13, 1","cmp r13, 1",4983fd01,cpu,cmp,False,15,0,,,1.0,,,,1.0
16788146,"cf,0,+,r13,+=,63,$o,of,:=,63,$s,sf,:=,$z,zf,:=,63,$c,cf,:=,$p,pf,:=,3,$c,af,:=",False,16788096,16788194,4,"adc r13, 0","adc r13, 0",4983d500,cpu,add,False,17,0,,,,,,,
16788150,",",False,16788096,16788188,10,nop word cs:[rax + rax],nop word cs:[rax + rax],662e0f1f840000000000,cpu,nop,False,8,0,,,,,,,
16788160,"r15d,rdi,=",False,16788096,16788195,3,"mov edi, r15d","mov edi, r15d",4489ff,cpu,mov,False,9,0,,,,,,,
16788163,"r14,rsi,=",False,16788096,16788195,3,"mov rsi, r14","mov rsi, r14",4c89f6,cpu,mov,False,9,0,,,,,,,
16788166,"rbx,rdx,=",False,16788096,16788195,3,"mov rdx, rbx","mov rdx, rbx",4889da,cpu,mov,False,9,0,,,,,,,
16788169,"r12,[8],rip,8,rsp,-=,rsp,=[],rip,=",False,16788096,16788194,4,call qword [r12],call qword [r12],41ff1424,cpu,ircall,False,402653188,0,,,0.0,,,,
16788173,"8,r12,+=,63,$o,of,:=,63,$s,sf,:=,$z,zf,:=,63,$c,cf,:=,$p,pf,:=,3,$c,af,:=",False,16788096,16788194,4,"add r12, 8","add r12, 8",4983c408,cpu,add,False,17,0,,,,,,,8.0
16788177,"18446744073709551615,r13,+=,63,$o,of,:=,63,$s,sf,:=,$z,zf,:=,63,$c,cf,:=,$p,pf,:=,3,$c,af,:=",False,16788096,16788194,4,"add r13, 0xffffffffffffffff","add r13, 0xffffffffffffffff",4983c5ff,cpu,add,False,17,0,,,,,,,
16788181,"zf,!,?{,16788160,rip,=,}",False,16788096,16788196,2,jne 0x1002ac0,jne 0x1002ac0,75e9,cpu,cjmp,False,2147483649,0,,,,,16788160.0,16788183.0,
16788183,"8,rsp,+=,63,$o,of,:=,63,$s,sf,:=,$z,zf,:=,63,$c,cf,:=,$p,pf,:=,3,$c,af,:=",False,16788096,16788194,4,"add rsp, 8","add rsp, 8",4883c408,cpu,add,False,17,0,,,,,,,8.0
16788187,"rsp,[8],8,rsp,+=,rbx,=",False,16788096,16788197,1,pop rbx,pop rbx,5b,cpu,pop,False,14,0,,,,,,,
16788188,"rsp,[8],8,rsp,+=,r12,=",False,16788096,16788196,2,pop r12,pop r12,415c,cpu,pop,False,14,0,,,,,,,
16788190,"rsp,[8],8,rsp,+=,r13,=",False,16788096,16788196,2,pop r13,pop r13,415d,cpu,pop,False,14,0,,,,,,,
16788192,"rsp,[8],8,rsp,+=,r14,=",False,16788096,16788196,2,pop r14,pop r14,415e,cpu,pop,False,14,0,,,,,,,
16788194,"rsp,[8],8,rsp,+=,r15,=",False,16788096,16788196,2,pop r15,pop r15,415f,cpu,pop,False,14,0,,,,,,,
16788196,"rsp,[8],8,rsp,+=,rbp,=",False,16788096,16788197,1,pop rbp,pop rbp,5d,cpu,pop,False,14,0,,,,,,,
16788197,"rsp,[8],rip,=,8,rsp,+=",False,16788096,16788197,1,ret,ret,c3,cpu,ret,False,5,0,,,,,,,
