offset,esil,refptr,fcn_addr,fcn_last,size,opcode,disasm,bytes,family,type,reloc,type_num,type2_num,flags,xrefs_to,val,jump,fail,ptr,xrefs_from,comment
16782768,"rbp,8,rsp,-,=[8],8,rsp,-=",False,16782768,16783073,1,push rbp,push rbp,55,cpu,rpush,False,268435468,0,"['sym.modder', 'dbg.modder']","[{'addr': 16782919, 'type': 'CALL'}, {'addr': 16783186, 'type': 'CALL'}]",,,,,,
16782769,"rsp,rbp,=",False,16782768,16783071,3,"mov rbp, rsp","mov rbp, rsp",4889e5,cpu,mov,False,9,0,,,,,,,,
16782772,"80,rsp,-=,80,0x8000000000000000,-,!,63,$o,^,of,:=,63,$s,sf,:=,$z,zf,:=,$p,pf,:=,64,$b,cf,:=,3,$b,af,:=",False,16782768,16783070,4,"sub rsp, 0x50","sub rsp, 0x50",4883ec50,cpu,sub,False,18,0,,,80.0,,,,,
16782776,"rdi,0x30,rbp,-,=[8]",True,16782768,16783070,4,"mov qword [rbp - 0x30], rdi","mov qword [var_38h], rdi",48897dd0,cpu,mov,False,268435465,0,,,,,,,,
16782780,"rsi,0x28,rbp,-,=[8]",True,16782768,16783070,4,"mov qword [rbp - 0x28], rsi","mov qword [var_30h], rsi",488975d8,cpu,mov,False,268435465,0,,,,,,,,
16782784,"0,0x1c,rbp,-,=[4]",True,16782768,16783067,7,"mov dword [rbp - 0x1c], 0","mov dword [var_24h], 0",c745e400000000,cpu,mov,False,268435465,0,,,0.0,,,,,
16782791,"0x1c,rbp,-,[4],rax,=",True,16782768,16783071,3,"mov eax, dword [rbp - 0x1c]","mov eax, dword [var_24h]",8b45e4,cpu,mov,False,9,0,,"[{'addr': 16782826, 'type': 'CODE'}]",,,,,,
16782794,"rax,0x38,rbp,-,=[8]",True,16782768,16783070,4,"mov qword [rbp - 0x38], rax","mov qword [var_40h], rax",488945c8,cpu,mov,False,268435465,0,,,,,,,,
16782798,"4,rax,-=,4,0x8000000000000000,-,!,63,$o,^,of,:=,63,$s,sf,:=,$z,zf,:=,$p,pf,:=,64,$b,cf,:=,3,$b,af,:=",False,16782768,16783070,4,"sub rax, 4","sub rax, 4",4883e804,cpu,sub,False,18,0,,,4.0,,,,,
16782802,"cf,zf,|,!,?{,16782824,rip,=,}",False,16782768,16783072,2,ja 0x10015e8,ja 0x10015e8,7714,cpu,cjmp,False,2147483649,0,,,,16782824.0,16782804.0,,,
16782804,"0x38,rbp,-,[8],rax,=",True,16782768,16783070,4,"mov rax, qword [rbp - 0x38]","mov rax, qword [var_40h]",488b45c8,cpu,mov,False,9,0,,,,,,,,
16782808,"0x1163,rip,-,rcx,=",True,16782768,16783067,7,"lea rcx, [rip - 0x1163]","lea rcx, data.0100047c",488d0d9deeffff,cpu,lea,False,33,0,,,,,,16778364.0,"[{'addr': 16778364, 'type': 'DATA'}]",
16782815,"32,rax,4,*,rcx,+,[4],~,rax,=",True,16782768,16783070,4,"movsxd rax, dword [rcx + rax*4]","movsxd rax, dword [rcx + rax*4]",48630481,cpu,mov,False,9,0,,,,,,,,
16782819,"rcx,rax,+=,63,$o,of,:=,63,$s,sf,:=,$z,zf,:=,63,$c,cf,:=,$p,pf,:=,3,$c,af,:=",False,16782768,16783071,3,"add rax, rcx","add rax, rcx",4801c8,cpu,add,False,17,0,,,,,,,,
16782822,"rax,rip,=",False,16782768,16783072,2,jmp rax,jmp rax,ffe0,cpu,rjmp,False,268435458,0,['switch.0x010015e6'],,,,,,"[{'addr': 16782828, 'type': 'CODE'}, {'addr': 16782881, 'type': 'CODE'}, {'addr': 16782898, 'type': 'CODE'}, {'addr': 16783004, 'type': 'CODE'}, {'addr': 16783064, 'type': 'CODE'}]",c3dpdGNoIHRhYmxlICg1IGNhc2VzKSBhdCAweDEwMDA0N2M=
16782824,"0x10015ea,rip,=",False,16782768,16783072,2,jmp 0x10015ea,jmp 0x10015ea,eb00,cpu,jmp,False,1,0,,,,16782826.0,,,"[{'addr': 16782826, 'type': 'CODE'}]",
16782826,"0x10015c7,rip,=",False,16782768,16783072,2,jmp 0x10015c7,jmp 0x10015c7,ebdb,cpu,jmp,False,1,0,,"[{'addr': 16782824, 'type': 'CODE'}, {'addr': 16782879, 'type': 'CODE'}, {'addr': 16782896, 'type': 'CODE'}, {'addr': 16782999, 'type': 'CODE'}, {'addr': 16783059, 'type': 'CODE'}]",,16782791.0,,,"[{'addr': 16782791, 'type': 'CODE'}]",
16782828,"0x28,rbp,-,[8],rcx,=",True,16782768,16783070,4,"mov rcx, qword [rbp - 0x28]","mov rcx, qword [var_30h]",488b4dd8,cpu,mov,False,9,0,['case.0x10015e6.0'],"[{'addr': 16782822, 'type': 'CODE'}]",,,,,,
16782832,"2,0x1c,rbp,-,=[4]",True,16782768,16783067,7,"mov dword [rbp - 0x1c], 2","mov dword [var_24h], 2",c745e402000000,cpu,mov,False,268435465,0,,,2.0,,,,,
16782839,"4,rax,=",False,16782768,16783069,5,"mov eax, 4","mov eax, 4",b804000000,cpu,mov,False,9,0,,,4.0,,,,,
16782844,"0,rcx,==,$z,zf,:=,64,$b,cf,:=,$p,pf,:=,63,$s,sf,:=,0,0x8000000000000000,-,!,63,$o,^,of,:=,3,$b,af,:=",False,16782768,16783070,4,"cmp rcx, 0","cmp rcx, 0",4883f900,cpu,cmp,False,15,0,,,0.0,,,0.0,,
16782848,"zf,!,?{,0x1c,rbp,-,[4],eax,=,}",False,16782768,16783070,4,"cmovne eax, dword [rbp - 0x1c]","cmovne eax, dword [var_24h]",0f4545e4,cpu,cmov,False,2147483657,0,,,,,,,,
16782852,"eax,0x1c,rbp,-,=[4]",True,16782768,16783071,3,"mov dword [rbp - 0x1c], eax","mov dword [var_24h], eax",8945e4,cpu,mov,False,268435465,0,,,,,,,,
16782855,"1,rax,=",False,16782768,16783069,5,"mov eax, 1","mov eax, 1",b801000000,cpu,mov,False,9,0,,,1.0,,,,,
16782860,"1,rcx,==,$z,zf,:=,64,$b,cf,:=,$p,pf,:=,63,$s,sf,:=,1,0x8000000000000000,-,!,63,$o,^,of,:=,3,$b,af,:=",False,16782768,16783070,4,"cmp rcx, 1","cmp rcx, 1",4883f901,cpu,cmp,False,15,0,,,1.0,,,1.0,,
16782864,"zf,!,?{,0x1c,rbp,-,[4],eax,=,}",False,16782768,16783070,4,"cmovne eax, dword [rbp - 0x1c]","cmovne eax, dword [var_24h]",0f4545e4,cpu,cmov,False,2147483657,0,,,,,,,,
16782868,"eax,0x1c,rbp,-,=[4]",True,16782768,16783071,3,"mov dword [rbp - 0x1c], eax","mov dword [var_24h], eax",8945e4,cpu,mov,False,268435465,0,,,,,,,,
16782871,"1,0x8,rbp,-,=[8]",True,16782768,16783066,8,"mov qword [rbp - 8], 1","mov qword [var_10h], 1",48c745f801000000,cpu,mov,False,268435465,0,,,1.0,,,,,
16782879,"0x10015ea,rip,=",False,16782768,16783072,2,jmp 0x10015ea,jmp 0x10015ea,ebc9,cpu,jmp,False,1,0,,,,16782826.0,,,"[{'addr': 16782826, 'type': 'CODE'}]",
16782881,"0x30,rbp,-,[8],rax,=",True,16782768,16783070,4,"mov rax, qword [rbp - 0x30]","mov rax, qword [var_38h]",488b45d0,cpu,mov,False,9,0,['case.0x10015e6.1'],"[{'addr': 16782822, 'type': 'CODE'}]",,,,,,
16782885,"4,0x1c,rbp,-,=[4]",True,16782768,16783067,7,"mov dword [rbp - 0x1c], 4","mov dword [var_24h], 4",c745e404000000,cpu,mov,False,268435465,0,,,4.0,,,,,
16782892,"rax,0x8,rbp,-,=[8]",True,16782768,16783070,4,"mov qword [rbp - 8], rax","mov qword [var_10h], rax",488945f8,cpu,mov,False,268435465,0,,,,,,,,
16782896,"0x10015ea,rip,=",False,16782768,16783072,2,jmp 0x10015ea,jmp 0x10015ea,ebb8,cpu,jmp,False,1,0,,,,16782826.0,,,"[{'addr': 16782826, 'type': 'CODE'}]",
16782898,"0x28,rbp,-,[8],rax,=",True,16782768,16783070,4,"mov rax, qword [rbp - 0x28]","mov rax, qword [var_30h]",488b45d8,cpu,mov,False,9,0,['case.0x10015e6.2'],"[{'addr': 16782822, 'type': 'CODE'}]",,,,,,
16782902,"0x30,rbp,-,[8],rdi,=",True,16782768,16783070,4,"mov rdi, qword [rbp - 0x30]","mov rdi, qword [var_38h]",488b7dd0,cpu,mov,False,9,0,,,,,,,,
16782906,"2,rcx,=",False,16782768,16783069,5,"mov ecx, 2","mov ecx, 2",b902000000,cpu,mov,False,9,0,,,2.0,,,,,
16782911,,False,16782768,16783072,2,cqo,cqo,4899,cpu,null,False,0,0,,,,,,,,
16782913,"64,rcx,~,64,rdx,<<,rax,+,~%,64,rcx,~,64,rdx,<<,rax,+,~/,rax,=,rdx,=",False,16782768,16783071,3,idiv rcx,idiv rcx,48f7f9,cpu,div,False,21,0,,,,,,,,
16782916,"rax,rsi,=",False,16782768,16783071,3,"mov rsi, rax","mov rsi, rax",4889c6,cpu,mov,False,9,0,,,,,,,,
16782919,"16782768,rip,8,rsp,-=,rsp,=[],rip,=",False,16782768,16783069,5,call 0x10015b0,call dbg.modder,e864ffffff,cpu,call,False,3,0,,,,16782768.0,16782924.0,,"[{'addr': 16782768, 'type': 'CALL'}]",
16782924,"0x28,rbp,-,[8],rcx,=",True,16782768,16783070,4,"mov rcx, qword [rbp - 0x28]","mov rcx, qword [var_30h]",488b4dd8,cpu,mov,False,9,0,,,,,,,,
16782928,"1,rcx,&=,$z,zf,:=,$p,pf,:=,63,$s,sf,:=,0,cf,:=,0,of,:=",False,16782768,16783070,4,"and rcx, 1","and rcx, 1",4883e101,cpu,and,False,27,0,,,1.0,,,,,
16782932,"rcx,0x40,rbp,-,=[8]",True,16782768,16783070,4,"mov qword [rbp - 0x40], rcx","mov qword [var_48h], rcx",48894dc0,cpu,mov,False,268435465,0,,,,,,,,
16782936,"0x2391,rip,+,rcx,=",True,16782768,16783067,7,"lea rcx, [rip + 0x2391]","lea rcx, [obj.m]",488d0d91230000,cpu,lea,False,33,0,,,,,,16792048.0,"[{'addr': 16792048, 'type': 'DATA'}]",
16782943,"rcx,[8],rcx,=",True,16782768,16783071,3,"mov rcx, qword [rcx]","mov rcx, qword [rcx]",488b09,cpu,mov,False,9,0,,,,,,,,
16782946,"rcx,0x18,rbp,-,=[8]",True,16782768,16783070,4,"mov qword [rbp - 0x18], rcx","mov qword [var_20h], rcx",48894de8,cpu,mov,False,268435465,0,,,,,,,,
16782950,,False,16782768,16783072,2,cqo,cqo,4899,cpu,null,False,0,0,,,,,,,,
16782952,"64,0x18,rbp,-,[8],~,64,rdx,<<,rax,+,~%,64,0x18,rbp,-,[8],~,64,rdx,<<,rax,+,~/,rax,=,rdx,=",False,16782768,16783070,4,idiv qword [rbp - 0x18],idiv qword [var_20h],48f77de8,cpu,div,False,21,0,,,,,,,,
16782956,"rdx,rax,=",False,16782768,16783071,3,"mov rax, rdx","mov rax, rdx",4889d0,cpu,mov,False,9,0,,,,,,,,
16782959,"0x40,rbp,-,[8],rdx,=",True,16782768,16783070,4,"mov rdx, qword [rbp - 0x40]","mov rdx, qword [var_48h]",488b55c0,cpu,mov,False,9,0,,,,,,,,
16782963,"64,rax,~,64,rax,~,*,DUP,rax,=,rax,-,?{,1,1,}{,0,0,},cf,:=,of,:=",False,16782768,16783070,4,"imul rax, rax","imul rax, rax",480fafc0,cpu,mul,False,20,0,,,,,,,,
16782967,"rax,0x10,rbp,-,=[8]",True,16782768,16783070,4,"mov qword [rbp - 0x10], rax","mov qword [var_18h], rax",488945f0,cpu,mov,False,268435465,0,,,,,,,,
16782971,"3,rax,=",False,16782768,16783069,5,"mov eax, 3","mov eax, 3",b803000000,cpu,mov,False,9,0,,,3.0,,,,,
16782976,"4,rcx,=",False,16782768,16783069,5,"mov ecx, 4","mov ecx, 4",b904000000,cpu,mov,False,9,0,,,4.0,,,,,
16782981,"0,rdx,==,$z,zf,:=,64,$b,cf,:=,$p,pf,:=,63,$s,sf,:=,0,0x8000000000000000,-,!,63,$o,^,of,:=,3,$b,af,:=",False,16782768,16783070,4,"cmp rdx, 0","cmp rdx, 0",4883fa00,cpu,cmp,False,15,0,,,0.0,,,0.0,,
16782985,"zf,?{,ecx,eax,=,}",False,16782768,16783071,3,"cmove eax, ecx","cmove eax, ecx",0f44c1,cpu,cmov,False,2147483657,0,,,,,,,,
16782988,"eax,0x1c,rbp,-,=[4]",True,16782768,16783071,3,"mov dword [rbp - 0x1c], eax","mov dword [var_24h], eax",8945e4,cpu,mov,False,268435465,0,,,,,,,,
16782991,"0x10,rbp,-,[8],rax,=",True,16782768,16783070,4,"mov rax, qword [rbp - 0x10]","mov rax, qword [var_18h]",488b45f0,cpu,mov,False,9,0,,,,,,,,
16782995,"rax,0x8,rbp,-,=[8]",True,16782768,16783070,4,"mov qword [rbp - 8], rax","mov qword [var_10h], rax",488945f8,cpu,mov,False,268435465,0,,,,,,,,
16782999,"0x10015ea,rip,=",False,16782768,16783069,5,jmp 0x10015ea,jmp 0x10015ea,e94effffff,cpu,jmp,False,1,0,,,,16782826.0,,,"[{'addr': 16782826, 'type': 'CODE'}]",
16783004,"0x18,rbp,-,[8],rcx,=",True,16782768,16783070,4,"mov rcx, qword [rbp - 0x18]","mov rcx, qword [var_20h]",488b4de8,cpu,mov,False,9,0,['case.0x10015e6.3'],"[{'addr': 16782822, 'type': 'CODE'}]",,,,,,
16783008,"0x10,rbp,-,[8],rax,=",True,16782768,16783070,4,"mov rax, qword [rbp - 0x10]","mov rax, qword [var_18h]",488b45f0,cpu,mov,False,9,0,,,,,,,,
16783012,,False,16782768,16783072,2,cqo,cqo,4899,cpu,null,False,0,0,,,,,,,,
16783014,"64,rcx,~,64,rdx,<<,rax,+,~%,64,rcx,~,64,rdx,<<,rax,+,~/,rax,=,rdx,=",False,16782768,16783071,3,idiv rcx,idiv rcx,48f7f9,cpu,div,False,21,0,,,,,,,,
16783017,"0x30,rbp,-,[8],rax,=",True,16782768,16783070,4,"mov rax, qword [rbp - 0x30]","mov rax, qword [var_38h]",488b45d0,cpu,mov,False,9,0,,,,,,,,
16783021,"rdx,0x48,rbp,-,=[8]",True,16782768,16783070,4,"mov qword [rbp - 0x48], rdx","mov qword [var_50h], rdx",488955b8,cpu,mov,False,268435465,0,,,,,,,,
16783025,,False,16782768,16783072,2,cqo,cqo,4899,cpu,null,False,0,0,,,,,,,,
16783027,"64,0x18,rbp,-,[8],~,64,rdx,<<,rax,+,~%,64,0x18,rbp,-,[8],~,64,rdx,<<,rax,+,~/,rax,=,rdx,=",False,16782768,16783070,4,idiv qword [rbp - 0x18],idiv qword [var_20h],48f77de8,cpu,div,False,21,0,,,,,,,,
16783031,"rdx,rax,=",False,16782768,16783071,3,"mov rax, rdx","mov rax, rdx",4889d0,cpu,mov,False,9,0,,,,,,,,
16783034,"0x48,rbp,-,[8],rdx,=",True,16782768,16783070,4,"mov rdx, qword [rbp - 0x48]","mov rdx, qword [var_50h]",488b55b8,cpu,mov,False,9,0,,,,,,,,
16783038,"64,rax,~,64,rdx,~,*,DUP,rax,=,rax,-,?{,1,1,}{,0,0,},cf,:=,of,:=",False,16782768,16783070,4,"imul rax, rdx","imul rax, rdx",480fafc2,cpu,mul,False,20,0,,,,,,,,
16783042,,False,16782768,16783072,2,cqo,cqo,4899,cpu,null,False,0,0,,,,,,,,
16783044,"64,0x18,rbp,-,[8],~,64,rdx,<<,rax,+,~%,64,0x18,rbp,-,[8],~,64,rdx,<<,rax,+,~/,rax,=,rdx,=",False,16782768,16783070,4,idiv qword [rbp - 0x18],idiv qword [var_20h],48f77de8,cpu,div,False,21,0,,,,,,,,
16783048,"4,0x1c,rbp,-,=[4]",True,16782768,16783067,7,"mov dword [rbp - 0x1c], 4","mov dword [var_24h], 4",c745e404000000,cpu,mov,False,268435465,0,,,4.0,,,,,
16783055,"rdx,0x8,rbp,-,=[8]",True,16782768,16783070,4,"mov qword [rbp - 8], rdx","mov qword [var_10h], rdx",488955f8,cpu,mov,False,268435465,0,,,,,,,,
16783059,"0x10015ea,rip,=",False,16782768,16783069,5,jmp 0x10015ea,jmp 0x10015ea,e912ffffff,cpu,jmp,False,1,0,,,,16782826.0,,,"[{'addr': 16782826, 'type': 'CODE'}]",
16783064,"0x8,rbp,-,[8],rax,=",True,16782768,16783070,4,"mov rax, qword [rbp - 8]","mov rax, qword [var_10h]",488b45f8,cpu,mov,False,9,0,['case.0x10015e6.4'],"[{'addr': 16782822, 'type': 'CODE'}]",,,,,,
16783068,"80,rsp,+=,63,$o,of,:=,63,$s,sf,:=,$z,zf,:=,63,$c,cf,:=,$p,pf,:=,3,$c,af,:=",False,16782768,16783070,4,"add rsp, 0x50","add rsp, 0x50",4883c450,cpu,add,False,17,0,,,80.0,,,,,
16783072,"rsp,[8],8,rsp,+=,rbp,=",False,16782768,16783073,1,pop rbp,pop rbp,5d,cpu,pop,False,14,0,,,,,,,,
16783073,"rsp,[8],rip,=,8,rsp,+=",False,16782768,16783073,1,ret,ret,c3,cpu,ret,False,5,0,,,,,,,,
