offset,esil,refptr,fcn_addr,fcn_last,size,opcode,disasm,bytes,family,type,reloc,type_num,type2_num,flags,xrefs_to,val,jump,fail,xrefs_from,ptr
16783104,"rbp,8,rsp,-,=[8],8,rsp,-=",False,16783104,16783249,1,push rbp,push rbp,55,cpu,rpush,False,268435468,0,"['main', 'sym.main', 'dbg.main']","[{'addr': 16782749, 'type': 'DATA'}]",,,,,
16783105,"rsp,rbp,=",False,16783104,16783247,3,"mov rbp, rsp","mov rbp, rsp",4889e5,cpu,mov,False,9,0,,,,,,,
16783108,"16,rsp,-=,16,0x8000000000000000,-,!,63,$o,^,of,:=,63,$s,sf,:=,$z,zf,:=,$p,pf,:=,64,$b,cf,:=,3,$b,af,:=",False,16783104,16783246,4,"sub rsp, 0x10","sub rsp, 0x10",4883ec10,cpu,sub,False,18,0,,,16.0,,,,
16783112,"0x8,rsi,+,[8],rdi,=",True,16783104,16783246,4,"mov rdi, qword [rsi + 8]","mov rdi, qword [rsi + 8]",488b7e08,cpu,mov,False,9,0,,,,,,,
16783116,"eax,rax,^,0xffffffff,&,rax,=,$z,zf,:=,$p,pf,:=,31,$s,sf,:=,0,cf,:=,0,of,:=",False,16783104,16783248,2,"xor eax, eax","xor eax, eax",31c0,cpu,xor,False,28,0,,,,,,,
16783118,"eax,rsi,=",False,16783104,16783248,2,"mov esi, eax","mov esi, eax",89c6,cpu,mov,False,9,0,,,,,,,
16783120,"16783408,rip,8,rsp,-=,rsp,=[],rip,=",False,16783104,16783245,5,call 0x1001830,call sym.imp.strtod,e81b010000,cpu,call,False,3,0,,,,16783408.0,16783125.0,"[{'addr': 16783408, 'type': 'CALL'}]",
16783125,,False,16783104,16783246,4,"cvtsd2ss xmm0, xmm0","cvtsd2ss xmm0, xmm0",f20f5ac0,sse,null,False,0,0,,,,,,,
16783129,"0x128d,rip,-,[4],xmm2,=",True,16783104,16783242,8,"movss xmm2, dword [rip - 0x128d]","movss xmm2, dword [data.01000494]",f30f101573edffff,sse,mov,False,9,0,,,,,,"[{'addr': 16778388, 'type': 'DATA'}]",16778388.0
16783137,"xmm0,xmm1,=",False,16783104,16783247,3,"movaps xmm1, xmm0","movaps xmm1, xmm0",0f28c8,sse,mov,False,9,0,,,,,,,
16783140,"xmm2,xmm1,*=",False,16783104,16783246,4,"mulss xmm1, xmm2","mulss xmm1, xmm2",f30f59ca,sse,mul,False,20,0,,,,,,,
16783144,,False,16783104,16783245,5,"cvttss2si rcx, xmm1","cvttss2si rcx, xmm1",f3480f2cc9,sse,null,False,0,0,,,,,,,
16783149,"0x22bc,rip,+,rax,=",True,16783104,16783243,7,"lea rax, [rip + 0x22bc]","lea rax, [obj.m]",488d05bc220000,cpu,lea,False,33,0,,,,,,"[{'addr': 16792048, 'type': 'DATA'}]",16792048.0
16783156,"rcx,rax,=[8]",True,16783104,16783247,3,"mov qword [rax], rcx","mov qword [rax], rcx",488908,cpu,mov,False,9,0,,,,,,,
16783159,"0x12af,rip,-,[4],xmm2,=",True,16783104,16783242,8,"movss xmm2, dword [rip - 0x12af]","movss xmm2, dword [data.01000490]",f30f101551edffff,sse,mov,False,9,0,,,,,,"[{'addr': 16778384, 'type': 'DATA'}]",16778384.0
16783167,"xmm0,xmm1,=",False,16783104,16783247,3,"movaps xmm1, xmm0","movaps xmm1, xmm0",0f28c8,sse,mov,False,9,0,,,,,,,
16783170,"xmm2,xmm1,*=",False,16783104,16783246,4,"mulss xmm1, xmm2","mulss xmm1, xmm2",f30f59ca,sse,mul,False,20,0,,,,,,,
16783174,,False,16783104,16783246,4,"cvttss2si eax, xmm1","cvttss2si eax, xmm1",f30f2cc1,sse,null,False,0,0,,,,,,,
16783178,,False,16783104,16783245,5,"cvttss2si rdi, xmm0","cvttss2si rdi, xmm0",f3480f2cf8,sse,null,False,0,0,,,,,,,
16783183,"32,eax,~,rsi,=",False,16783104,16783247,3,"movsxd rsi, eax","movsxd rsi, eax",4863f0,cpu,mov,False,9,0,,,,,,,
16783186,"16782768,rip,8,rsp,-=,rsp,=[],rip,=",False,16783104,16783245,5,call 0x10015b0,call dbg.modder,e859feffff,cpu,call,False,3,0,,,,16782768.0,16783191.0,"[{'addr': 16782768, 'type': 'CALL'}]",
16783191,"eax,rcx,=",False,16783104,16783248,2,"mov ecx, eax","mov ecx, eax",89c1,cpu,mov,False,9,0,,,,,,,
16783193,"ecx,0x4,rbp,-,=[4]",True,16783104,16783247,3,"mov dword [rbp - 4], ecx","mov dword [number], ecx",894dfc,cpu,mov,False,268435465,0,,,,,,,
16783196,"0x12b6,rip,-,rdi,=",True,16783104,16783243,7,"lea rdi, [rip - 0x12b6]","lea rdi, str.You_loose",488d3d4aedffff,cpu,lea,False,33,0,,,,,,"[{'addr': 16778413, 'type': 'DATA'}]",16778413.0
16783203,"0x12c6,rip,-,rax,=",True,16783104,16783243,7,"lea rax, [rip - 0x12c6]","lea rax, str.You_win",488d053aedffff,cpu,lea,False,33,0,,,,,,"[{'addr': 16778404, 'type': 'DATA'}]",16778404.0
16783210,"3666437120,ecx,==,$z,zf,:=,32,$b,cf,:=,$p,pf,:=,31,$s,sf,:=,3666437120,0x80000000,-,!,31,$o,^,of,:=,3,$b,af,:=",False,16783104,16783244,6,"cmp ecx, 0xda896400","cmp ecx, 0xda896400",81f9006489da,cpu,cmp,False,15,0,,,3666437120.0,,,,3666437120.0
16783216,"zf,?{,rax,rdi,=,}",False,16783104,16783246,4,"cmove rdi, rax","cmove rdi, rax",480f44f8,cpu,cmov,False,2147483657,0,,,,,,,
16783220,"16783424,rip,8,rsp,-=,rsp,=[],rip,=",False,16783104,16783245,5,call 0x1001840,call sym.imp.puts,e8c7000000,cpu,call,False,3,0,,,,16783424.0,16783225.0,"[{'addr': 16783424, 'type': 'CALL'}]",
16783225,"0x4,rbp,-,[4],rsi,=",True,16783104,16783247,3,"mov esi, dword [rbp - 4]","mov esi, dword [number]",8b75fc,cpu,mov,False,9,0,,,,,,,
16783228,"0x12eb,rip,-,rdi,=",True,16783104,16783243,7,"lea rdi, [rip - 0x12eb]","lea rdi, [0x01000498]",488d3d15edffff,cpu,lea,False,33,0,,,,,,"[{'addr': 16778392, 'type': 'DATA'}]",16778392.0
16783235,"0,al,=",False,16783104,16783248,2,"mov al, 0","mov al, 0",b000,cpu,mov,False,9,0,,,0.0,,,,
16783237,"16783440,rip,8,rsp,-=,rsp,=[],rip,=",False,16783104,16783245,5,call 0x1001850,call sym.imp.printf,e8c6000000,cpu,call,False,3,0,,,,16783440.0,16783242.0,"[{'addr': 16783440, 'type': 'CALL'}]",
16783242,"eax,rax,^,0xffffffff,&,rax,=,$z,zf,:=,$p,pf,:=,31,$s,sf,:=,0,cf,:=,0,of,:=",False,16783104,16783248,2,"xor eax, eax","xor eax, eax",31c0,cpu,xor,False,28,0,,,,,,,
16783244,"16,rsp,+=,63,$o,of,:=,63,$s,sf,:=,$z,zf,:=,63,$c,cf,:=,$p,pf,:=,3,$c,af,:=",False,16783104,16783246,4,"add rsp, 0x10","add rsp, 0x10",4883c410,cpu,add,False,17,0,,,16.0,,,,
16783248,"rsp,[8],8,rsp,+=,rbp,=",False,16783104,16783249,1,pop rbp,pop rbp,5d,cpu,pop,False,14,0,,,,,,,
16783249,"rsp,[8],rip,=,8,rsp,+=",False,16783104,16783249,1,ret,ret,c3,cpu,ret,False,5,0,,,,,,,
