offset,esil,refptr,fcn_addr,fcn_last,size,opcode,disasm,bytes,family,type,reloc,type_num,type2_num,flags,xrefs_to,val,ptr
16782736,"rbp,8,rsp,-,=[8],8,rsp,-=",False,16782736,16782870,1,push rbp,push rbp,55,cpu,rpush,False,268435468,0,['sym.average_sum'],"[{'addr': 16782925, 'type': 'CALL'}]",,
16782737,"rsp,rbp,=",False,16782736,16782868,3,"mov rbp, rsp","mov rbp, rsp",4889e5,cpu,mov,False,9,0,,,,
16782740,"2,rcx,=",False,16782736,16782866,5,"mov ecx, 2","mov ecx, 2",b902000000,cpu,mov,False,9,0,,,2.0,
16782745,"edi,rax,=",False,16782736,16782869,2,"mov eax, edi","mov eax, edi",89f8,cpu,mov,False,9,0,,,,
16782747,"0,edx,=,31,eax,>>,?{,0xffffffff,edx,=,}",False,16782736,16782870,1,cdq,cdq,99,cpu,null,False,0,0,,,,
16782748,"32,ecx,~,32,edx,<<,eax,+,~%,32,ecx,~,32,edx,<<,eax,+,~/,eax,=,edx,=",False,16782736,16782869,2,idiv ecx,idiv ecx,f7f9,cpu,div,False,21,0,,,,
16782750,"edx,0x8,rbp,-,=[4]",True,16782736,16782868,3,"mov dword [rbp - 8], edx","mov dword [var_10h], edx",8955f8,cpu,mov,False,268435465,0,,,,
16782753,"5,rcx,=",False,16782736,16782866,5,"mov ecx, 5","mov ecx, 5",b905000000,cpu,mov,False,9,0,,,5.0,
16782758,"edi,rax,=",False,16782736,16782869,2,"mov eax, edi","mov eax, edi",89f8,cpu,mov,False,9,0,,,,
16782760,"0,edx,=,31,eax,>>,?{,0xffffffff,edx,=,}",False,16782736,16782870,1,cdq,cdq,99,cpu,null,False,0,0,,,,
16782761,"32,ecx,~,32,edx,<<,eax,+,~%,32,ecx,~,32,edx,<<,eax,+,~/,eax,=,edx,=",False,16782736,16782869,2,idiv ecx,idiv ecx,f7f9,cpu,div,False,21,0,,,,
16782763,"0x8,rbp,-,[4],rax,=",True,16782736,16782868,3,"mov eax, dword [rbp - 8]","mov eax, dword [var_10h]",8b45f8,cpu,mov,False,9,0,,,,
16782766,"edx,rsi,=",False,16782736,16782869,2,"mov esi, edx","mov esi, edx",89d6,cpu,mov,False,9,0,,,,
16782768,"edi,rdx,=",False,16782736,16782869,2,"mov edx, edi","mov edx, edi",89fa,cpu,mov,False,9,0,,,,
16782770,"eax,edx,|=,31,$s,sf,:=,$z,zf,:=,$p,pf,:=,0,of,:=,0,cf,:=",False,16782736,16782869,2,"or edx, eax","or edx, eax",09c2,cpu,or,False,26,0,,,,
16782772,"edi,edi,|=,31,$s,sf,:=,$z,zf,:=,$p,pf,:=,0,of,:=,0,cf,:=",False,16782736,16782869,2,"or edi, edi","or edi, edi",09ff,cpu,or,False,26,0,,,,
16782774,"edi,rdx,&,0xffffffff,&,rdx,=,$z,zf,:=,$p,pf,:=,31,$s,sf,:=,0,cf,:=,0,of,:=",False,16782736,16782869,2,"and edx, edi","and edx, edi",21fa,cpu,and,False,27,0,,,,
16782776,"eax,edx,+=,31,$o,of,:=,31,$s,sf,:=,$z,zf,:=,31,$c,cf,:=,$p,pf,:=,3,$c,af,:=",False,16782736,16782869,2,"add edx, eax","add edx, eax",01c2,cpu,add,False,17,0,,,,
16782778,"esi,rax,=",False,16782736,16782869,2,"mov eax, esi","mov eax, esi",89f0,cpu,mov,False,9,0,,,,
16782780,"4294967295,rax,^,0xffffffff,&,rax,=,$z,zf,:=,$p,pf,:=,31,$s,sf,:=,0,cf,:=,0,of,:=",False,16782736,16782868,3,"xor eax, 0xffffffff","xor eax, 0xffffffff",83f0ff,cpu,xor,False,28,0,,,4294967295.0,4294967295.0
16782783,"edx,rcx,=",False,16782736,16782869,2,"mov ecx, edx","mov ecx, edx",89d1,cpu,mov,False,9,0,,,,
16782785,"4294967295,rcx,^,0xffffffff,&,rcx,=,$z,zf,:=,$p,pf,:=,31,$s,sf,:=,0,cf,:=,0,of,:=",False,16782736,16782868,3,"xor ecx, 0xffffffff","xor ecx, 0xffffffff",83f1ff,cpu,xor,False,28,0,,,4294967295.0,4294967295.0
16782788,"esi,rdi,=",False,16782736,16782869,2,"mov edi, esi","mov edi, esi",89f7,cpu,mov,False,9,0,,,,
16782790,"edi,rdi,&,0xffffffff,&,rdi,=,$z,zf,:=,$p,pf,:=,31,$s,sf,:=,0,cf,:=,0,of,:=",False,16782736,16782869,2,"and edi, edi","and edi, edi",21ff,cpu,and,False,27,0,,,,
16782792,"edx,rax,^,0xffffffff,&,rax,=,$z,zf,:=,$p,pf,:=,31,$s,sf,:=,0,cf,:=,0,of,:=",False,16782736,16782869,2,"xor eax, edx","xor eax, edx",31d0,cpu,xor,False,28,0,,,,
16782794,"edi,rax,^,0xffffffff,&,rax,=,$z,zf,:=,$p,pf,:=,31,$s,sf,:=,0,cf,:=,0,of,:=",False,16782736,16782869,2,"xor eax, edi","xor eax, edi",31f8,cpu,xor,False,28,0,,,,
16782796,"edx,rdi,=",False,16782736,16782869,2,"mov edi, edx","mov edi, edx",89d7,cpu,mov,False,9,0,,,,
16782798,"edi,edi,|=,31,$s,sf,:=,$z,zf,:=,$p,pf,:=,0,of,:=,0,cf,:=",False,16782736,16782869,2,"or edi, edi","or edi, edi",09ff,cpu,or,False,26,0,,,,
16782800,"esi,r8,=",False,16782736,16782868,3,"mov r8d, esi","mov r8d, esi",4189f0,cpu,mov,False,9,0,,,,
16782803,"edx,r8,&,0xffffffff,&,r8,=,$z,zf,:=,$p,pf,:=,31,$s,sf,:=,0,cf,:=,0,of,:=",False,16782736,16782868,3,"and r8d, edx","and r8d, edx",4121d0,cpu,and,False,27,0,,,,
16782806,"edx,r9,=",False,16782736,16782868,3,"mov r9d, edx","mov r9d, edx",4189d1,cpu,mov,False,9,0,,,,
16782809,"r9d,r9,^,0xffffffff,&,r9,=,$z,zf,:=,$p,pf,:=,31,$s,sf,:=,0,cf,:=,0,of,:=",False,16782736,16782868,3,"xor r9d, r9d","xor r9d, r9d",4531c9,cpu,xor,False,28,0,,,,
16782812,"r9d,r8d,|=,31,$s,sf,:=,$z,zf,:=,$p,pf,:=,0,of,:=,0,cf,:=",False,16782736,16782868,3,"or r8d, r9d","or r8d, r9d",4509c8,cpu,or,False,26,0,,,,
16782815,"4294967295,r8,^,0xffffffff,&,r8,=,$z,zf,:=,$p,pf,:=,31,$s,sf,:=,0,cf,:=,0,of,:=",False,16782736,16782867,4,"xor r8d, 0xffffffff","xor r8d, 0xffffffff",4183f0ff,cpu,xor,False,28,0,,,4294967295.0,4294967295.0
16782819,"r8d,rdi,^,0xffffffff,&,rdi,=,$z,zf,:=,$p,pf,:=,31,$s,sf,:=,0,cf,:=,0,of,:=",False,16782736,16782868,3,"xor edi, r8d","xor edi, r8d",4431c7,cpu,xor,False,28,0,,,,
16782822,"edi,rax,^,0xffffffff,&,rax,=,$z,zf,:=,$p,pf,:=,31,$s,sf,:=,0,cf,:=,0,of,:=",False,16782736,16782869,2,"xor eax, edi","xor eax, edi",31f8,cpu,xor,False,28,0,,,,
16782824,"ecx,rcx,^,0xffffffff,&,rcx,=,$z,zf,:=,$p,pf,:=,31,$s,sf,:=,0,cf,:=,0,of,:=",False,16782736,16782869,2,"xor ecx, ecx","xor ecx, ecx",31c9,cpu,xor,False,28,0,,,,
16782826,"esi,ecx,|=,31,$s,sf,:=,$z,zf,:=,$p,pf,:=,0,of,:=,0,cf,:=",False,16782736,16782869,2,"or ecx, esi","or ecx, esi",09f1,cpu,or,False,26,0,,,,
16782828,"edx,ecx,|=,31,$s,sf,:=,$z,zf,:=,$p,pf,:=,0,of,:=,0,cf,:=",False,16782736,16782869,2,"or ecx, edx","or ecx, edx",09d1,cpu,or,False,26,0,,,,
16782830,"edx,ecx,|=,31,$s,sf,:=,$z,zf,:=,$p,pf,:=,0,of,:=,0,cf,:=",False,16782736,16782869,2,"or ecx, edx","or ecx, edx",09d1,cpu,or,False,26,0,,,,
16782832,"edx,ecx,|=,31,$s,sf,:=,$z,zf,:=,$p,pf,:=,0,of,:=,0,cf,:=",False,16782736,16782869,2,"or ecx, edx","or ecx, edx",09d1,cpu,or,False,26,0,,,,
16782834,"ecx,eax,+=,31,$o,of,:=,31,$s,sf,:=,$z,zf,:=,31,$c,cf,:=,$p,pf,:=,3,$c,af,:=",False,16782736,16782869,2,"add eax, ecx","add eax, ecx",01c8,cpu,add,False,17,0,,,,
16782836,"eax,0x4,rbp,-,=[4]",True,16782736,16782868,3,"mov dword [rbp - 4], eax","mov dword [var_ch], eax",8945fc,cpu,mov,False,268435465,0,,,,
16782839,"3,rcx,=",False,16782736,16782866,5,"mov ecx, 3","mov ecx, 3",b903000000,cpu,mov,False,9,0,,,3.0,
16782844,"0,edx,=,31,eax,>>,?{,0xffffffff,edx,=,}",False,16782736,16782870,1,cdq,cdq,99,cpu,null,False,0,0,,,,
16782845,"32,ecx,~,32,edx,<<,eax,+,~%,32,ecx,~,32,edx,<<,eax,+,~/,eax,=,edx,=",False,16782736,16782869,2,idiv ecx,idiv ecx,f7f9,cpu,div,False,21,0,,,,
16782847,"0x4,rbp,-,[4],rax,=",True,16782736,16782868,3,"mov eax, dword [rbp - 4]","mov eax, dword [var_ch]",8b45fc,cpu,mov,False,9,0,,,,
16782850,"eax,rsi,=",False,16782736,16782869,2,"mov esi, eax","mov esi, eax",89c6,cpu,mov,False,9,0,,,,
16782852,"4294967295,rsi,^,0xffffffff,&,rsi,=,$z,zf,:=,$p,pf,:=,31,$s,sf,:=,0,cf,:=,0,of,:=",False,16782736,16782868,3,"xor esi, 0xffffffff","xor esi, 0xffffffff",83f6ff,cpu,xor,False,28,0,,,4294967295.0,4294967295.0
16782855,"eax,rcx,=",False,16782736,16782869,2,"mov ecx, eax","mov ecx, eax",89c1,cpu,mov,False,9,0,,,,
16782857,"edx,rcx,&,0xffffffff,&,rcx,=,$z,zf,:=,$p,pf,:=,31,$s,sf,:=,0,cf,:=,0,of,:=",False,16782736,16782869,2,"and ecx, edx","and ecx, edx",21d1,cpu,and,False,27,0,,,,
16782859,"esi,rcx,^,0xffffffff,&,rcx,=,$z,zf,:=,$p,pf,:=,31,$s,sf,:=,0,cf,:=,0,of,:=",False,16782736,16782869,2,"xor ecx, esi","xor ecx, esi",31f1,cpu,xor,False,28,0,,,,
16782861,"eax,rdx,^,0xffffffff,&,rdx,=,$z,zf,:=,$p,pf,:=,31,$s,sf,:=,0,cf,:=,0,of,:=",False,16782736,16782869,2,"xor edx, eax","xor edx, eax",31c2,cpu,xor,False,28,0,,,,
16782863,"eax,rdx,^,0xffffffff,&,rdx,=,$z,zf,:=,$p,pf,:=,31,$s,sf,:=,0,cf,:=,0,of,:=",False,16782736,16782869,2,"xor edx, eax","xor edx, eax",31c2,cpu,xor,False,28,0,,,,
16782865,"edx,rcx,&,0xffffffff,&,rcx,=,$z,zf,:=,$p,pf,:=,31,$s,sf,:=,0,cf,:=,0,of,:=",False,16782736,16782869,2,"and ecx, edx","and ecx, edx",21d1,cpu,and,False,27,0,,,,
16782867,"ecx,eax,+=,31,$o,of,:=,31,$s,sf,:=,$z,zf,:=,31,$c,cf,:=,$p,pf,:=,3,$c,af,:=",False,16782736,16782869,2,"add eax, ecx","add eax, ecx",01c8,cpu,add,False,17,0,,,,
16782869,"rsp,[8],8,rsp,+=,rbp,=",False,16782736,16782870,1,pop rbp,pop rbp,5d,cpu,pop,False,14,0,,,,
16782870,"rsp,[8],rip,=,8,rsp,+=",False,16782736,16782870,1,ret,ret,c3,cpu,ret,False,5,0,,,,
