offset,esil,refptr,fcn_addr,fcn_last,size,opcode,disasm,bytes,family,type,reloc,type_num,type2_num,flags,xrefs_to,val,jump,fail,xrefs_from,ptr
16782896,"rbp,8,rsp,-,=[8],8,rsp,-=",False,16782896,16782988,1,push rbp,push rbp,55,cpu,rpush,False,268435468,0,"['main', 'sym.main']","[{'addr': 16782717, 'type': 'DATA'}]",,,,,
16782897,"rsp,rbp,=",False,16782896,16782986,3,"mov rbp, rsp","mov rbp, rsp",4889e5,cpu,mov,False,9,0,,,,,,,
16782900,"16,rsp,-=,16,0x8000000000000000,-,!,63,$o,^,of,:=,63,$s,sf,:=,$z,zf,:=,$p,pf,:=,64,$b,cf,:=,3,$b,af,:=",False,16782896,16782985,4,"sub rsp, 0x10","sub rsp, 0x10",4883ec10,cpu,sub,False,18,0,,,16.0,,,,
16782904,"0x8,rsi,+,[8],rdi,=",True,16782896,16782985,4,"mov rdi, qword [rsi + 8]","mov rdi, qword [rsi + 8]",488b7e08,cpu,mov,False,9,0,,,,,,,
16782908,"eax,rax,^,0xffffffff,&,rax,=,$z,zf,:=,$p,pf,:=,31,$s,sf,:=,0,cf,:=,0,of,:=",False,16782896,16782987,2,"xor eax, eax","xor eax, eax",31c0,cpu,xor,False,28,0,,,,,,,
16782910,"eax,rsi,=",False,16782896,16782987,2,"mov esi, eax","mov esi, eax",89c6,cpu,mov,False,9,0,,,,,,,
16782912,"16783136,rip,8,rsp,-=,rsp,=[],rip,=",False,16782896,16782984,5,call 0x1001720,call sym.imp.strtod,e8db000000,cpu,call,False,3,0,,,,16783136.0,16782917.0,"[{'addr': 16783136, 'type': 'CALL'}]",
16782917,,False,16782896,16782985,4,"cvtsd2ss xmm0, xmm0","cvtsd2ss xmm0, xmm0",f20f5ac0,sse,null,False,0,0,,,,,,,
16782921,,False,16782896,16782985,4,"cvttss2si edi, xmm0","cvttss2si edi, xmm0",f30f2cf8,sse,null,False,0,0,,,,,,,
16782925,"16782736,rip,8,rsp,-=,rsp,=[],rip,=",False,16782896,16782984,5,call 0x1001590,call sym.average_sum,e83effffff,cpu,call,False,3,0,,,,16782736.0,16782930.0,"[{'addr': 16782736, 'type': 'CALL'}]",
16782930,"eax,rcx,=",False,16782896,16782987,2,"mov ecx, eax","mov ecx, eax",89c1,cpu,mov,False,9,0,,,,,,,
16782932,"ecx,0x4,rbp,-,=[4]",True,16782896,16782986,3,"mov dword [rbp - 4], ecx","mov dword [var_ch], ecx",894dfc,cpu,mov,False,268435465,0,,,,,,,
16782935,"0x11cd,rip,-,rdi,=",True,16782896,16782982,7,"lea rdi, [rip - 0x11cd]","lea rdi, str.You_loose",488d3d33eeffff,cpu,lea,False,33,0,,,,,,"[{'addr': 16778385, 'type': 'DATA'}]",16778385.0
16782942,"0x11dd,rip,-,rax,=",True,16782896,16782982,7,"lea rax, [rip - 0x11dd]","lea rax, str.You_win",488d0523eeffff,cpu,lea,False,33,0,,,,,,"[{'addr': 16778376, 'type': 'DATA'}]",16778376.0
16782949,"2651228157,ecx,==,$z,zf,:=,32,$b,cf,:=,$p,pf,:=,31,$s,sf,:=,2651228157,0x80000000,-,!,31,$o,^,of,:=,3,$b,af,:=",False,16782896,16782983,6,"cmp ecx, 0x9e0687fd","cmp ecx, 0x9e0687fd",81f9fd87069e,cpu,cmp,False,15,0,,,2651228157.0,,,,2651228157.0
16782955,"zf,?{,rax,rdi,=,}",False,16782896,16782985,4,"cmove rdi, rax","cmove rdi, rax",480f44f8,cpu,cmov,False,2147483657,0,,,,,,,
16782959,"16783152,rip,8,rsp,-=,rsp,=[],rip,=",False,16782896,16782984,5,call 0x1001730,call sym.imp.puts,e8bc000000,cpu,call,False,3,0,,,,16783152.0,16782964.0,"[{'addr': 16783152, 'type': 'CALL'}]",
16782964,"0x4,rbp,-,[4],rsi,=",True,16782896,16782986,3,"mov esi, dword [rbp - 4]","mov esi, dword [var_ch]",8b75fc,cpu,mov,False,9,0,,,,,,,
16782967,"0x1202,rip,-,rdi,=",True,16782896,16782982,7,"lea rdi, [rip - 0x1202]","lea rdi, str.Hash:_0x_x",488d3dfeedffff,cpu,lea,False,33,0,,,,,,"[{'addr': 16778364, 'type': 'DATA'}]",16778364.0
16782974,"0,al,=",False,16782896,16782987,2,"mov al, 0","mov al, 0",b000,cpu,mov,False,9,0,,,0.0,,,,
16782976,"16783168,rip,8,rsp,-=,rsp,=[],rip,=",False,16782896,16782984,5,call 0x1001740,call sym.imp.printf,e8bb000000,cpu,call,False,3,0,,,,16783168.0,16782981.0,"[{'addr': 16783168, 'type': 'CALL'}]",
16782981,"eax,rax,^,0xffffffff,&,rax,=,$z,zf,:=,$p,pf,:=,31,$s,sf,:=,0,cf,:=,0,of,:=",False,16782896,16782987,2,"xor eax, eax","xor eax, eax",31c0,cpu,xor,False,28,0,,,,,,,
16782983,"16,rsp,+=,63,$o,of,:=,63,$s,sf,:=,$z,zf,:=,63,$c,cf,:=,$p,pf,:=,3,$c,af,:=",False,16782896,16782985,4,"add rsp, 0x10","add rsp, 0x10",4883c410,cpu,add,False,17,0,,,16.0,,,,
16782987,"rsp,[8],8,rsp,+=,rbp,=",False,16782896,16782988,1,pop rbp,pop rbp,5d,cpu,pop,False,14,0,,,,,,,
16782988,"rsp,[8],rip,=,8,rsp,+=",False,16782896,16782988,1,ret,ret,c3,cpu,ret,False,5,0,,,,,,,
