offset,esil,refptr,fcn_addr,fcn_last,size,opcode,disasm,bytes,family,type,reloc,type_num,type2_num,flags,xrefs_to,val,jump,fail,ptr,xrefs_from
16786432,"rbp,8,rsp,-,=[8],8,rsp,-=",False,16786432,16786591,1,push rbp,push rbp,55,cpu,rpush,False,268435468,0,['sym.recursive_filter'],"[{'addr': 16783833, 'type': 'CALL'}, {'addr': 16786530, 'type': 'CALL'}]",,,,,
16786433,"rsp,rbp,=",False,16786432,16786589,3,"mov rbp, rsp","mov rbp, rsp",4889e5,cpu,mov,False,9,0,,,,,,,
16786436,"32,rsp,-=,32,0x8000000000000000,-,!,63,$o,^,of,:=,63,$s,sf,:=,$z,zf,:=,$p,pf,:=,64,$b,cf,:=,3,$b,af,:=",False,16786432,16786588,4,"sub rsp, 0x20","sub rsp, 0x20",4883ec20,cpu,sub,False,18,0,,,32.0,,,,
16786440,"rdi,0x10,rbp,-,=[8]",True,16786432,16786588,4,"mov qword [rbp - 0x10], rdi","mov qword [var_18h], rdi",48897df0,cpu,mov,False,268435465,0,,,,,,,
16786444,"esi,0x8,rbp,-,=[4]",True,16786432,16786589,3,"mov dword [rbp - 8], esi","mov dword [var_10h], esi",8975f8,cpu,mov,False,268435465,0,,,,,,,
16786447,"edx,0x4,rbp,-,=[4]",True,16786432,16786589,3,"mov dword [rbp - 4], edx","mov dword [var_ch], edx",8955fc,cpu,mov,False,268435465,0,,,,,,,
16786450,"edx,esi,==,$z,zf,:=,32,$b,cf,:=,$p,pf,:=,31,$s,sf,:=,edx,0x80000000,-,!,31,$o,^,of,:=,3,$b,af,:=",False,16786432,16786590,2,"cmp esi, edx","cmp esi, edx",39d6,cpu,cmp,False,15,0,,,,,,,
16786452,"of,!,sf,^,?{,16786586,rip,=,}",False,16786432,16786586,6,jge 0x100249a,jge 0x100249a,0f8d80000000,cpu,cjmp,False,2147483649,0,,,,16786586.0,16786458.0,,
16786458,"0x10,rbp,-,[8],rax,=",True,16786432,16786588,4,"mov rax, qword [rbp - 0x10]","mov rax, qword [var_18h]",488b45f0,cpu,mov,False,9,0,,,,,,,
16786462,"0x8,rbp,-,[4],rcx,=",True,16786432,16786589,3,"mov ecx, dword [rbp - 8]","mov ecx, dword [var_10h]",8b4df8,cpu,mov,False,9,0,,,,,,,
16786465,"32,ecx,~,rcx,=",False,16786432,16786589,3,"movsxd rcx, ecx","movsxd rcx, ecx",4863c9,cpu,mov,False,9,0,,,,,,,
16786468,"rcx,rsi,=",False,16786432,16786589,3,"mov rsi, rcx","mov rsi, rcx",4889ce,cpu,mov,False,9,0,,,,,,,
16786471,"0,2,!,!,?{,1,2,-,rsi,<<,0x8000000000000000,&,!,!,^,},2,rsi,<<=,$z,zf,:=,$p,pf,:=,63,$s,sf,:=,cf,=",False,16786432,16786588,4,"shl rsi, 2","shl rsi, 2",48c1e602,cpu,shl,False,23,0,,,,,,,
16786475,"rax,rdx,=",False,16786432,16786589,3,"mov rdx, rax","mov rdx, rax",4889c2,cpu,mov,False,9,0,,,,,,,
16786478,"rsi,rdx,+=,63,$o,of,:=,63,$s,sf,:=,$z,zf,:=,63,$c,cf,:=,$p,pf,:=,3,$c,af,:=",False,16786432,16786589,3,"add rdx, rsi","add rdx, rsi",4801f2,cpu,add,False,17,0,,,,,,,
16786481,"rdx,0x20,rbp,-,=[8]",True,16786432,16786588,4,"mov qword [rbp - 0x20], rdx","mov qword [var_28h], rdx",488955e0,cpu,mov,False,268435465,0,,,,,,,
16786485,"rcx,4,*,rax,+,[4],rax,=",True,16786432,16786589,3,"mov eax, dword [rax + rcx*4]","mov eax, dword [rax + rcx*4]",8b0488,cpu,mov,False,9,0,,,,,,,
16786488,"eax,0x14,rbp,-,=[4]",True,16786432,16786589,3,"mov dword [rbp - 0x14], eax","mov dword [var_1ch], eax",8945ec,cpu,mov,False,268435465,0,,,,,,,
16786491,"5,rcx,=",False,16786432,16786587,5,"mov ecx, 5","mov ecx, 5",b905000000,cpu,mov,False,9,0,,,5.0,,,,
16786496,"0,edx,=,31,eax,>>,?{,0xffffffff,edx,=,}",False,16786432,16786591,1,cdq,cdq,99,cpu,null,False,0,0,,,,,,,
16786497,"32,ecx,~,32,edx,<<,eax,+,~%,32,ecx,~,32,edx,<<,eax,+,~/,eax,=,edx,=",False,16786432,16786590,2,idiv ecx,idiv ecx,f7f9,cpu,div,False,21,0,,,,,,,
16786499,"0,edx,==,$z,zf,:=,32,$b,cf,:=,$p,pf,:=,31,$s,sf,:=,0,0x80000000,-,!,31,$o,^,of,:=,3,$b,af,:=",False,16786432,16786589,3,"cmp edx, 0","cmp edx, 0",83fa00,cpu,cmp,False,15,0,,,0.0,,,0.0,
16786502,"zf,!,?{,16786517,rip,=,}",False,16786432,16786590,2,jne 0x1002455,jne 0x1002455,750d,cpu,cjmp,False,2147483649,0,,,,16786517.0,16786504.0,,
16786504,"0x20,rbp,-,[8],rax,=",True,16786432,16786588,4,"mov rax, qword [rbp - 0x20]","mov rax, qword [var_28h]",488b45e0,cpu,mov,False,9,0,,,,,,,
16786508,"0x14,rbp,-,[4],rdx,=",True,16786432,16786589,3,"mov edx, dword [rbp - 0x14]","mov edx, dword [var_1ch]",8b55ec,cpu,mov,False,9,0,,,,,,,
16786511,"ecx,rcx,^,0xffffffff,&,rcx,=,$z,zf,:=,$p,pf,:=,31,$s,sf,:=,0,cf,:=,0,of,:=",False,16786432,16786590,2,"xor ecx, ecx","xor ecx, ecx",31c9,cpu,xor,False,28,0,,,,,,,
16786513,"edx,ecx,-=,edx,0x80000000,-,!,31,$o,^,of,:=,31,$s,sf,:=,$z,zf,:=,$p,pf,:=,32,$b,cf,:=,3,$b,af,:=",False,16786432,16786590,2,"sub ecx, edx","sub ecx, edx",29d1,cpu,sub,False,18,0,,,,,,,
16786515,"ecx,rax,=[4]",True,16786432,16786590,2,"mov dword [rax], ecx","mov dword [rax], ecx",8908,cpu,mov,False,9,0,,,,,,,
16786517,"0x8,rbp,-,[4],rsi,=",True,16786432,16786589,3,"mov esi, dword [rbp - 8]","mov esi, dword [var_10h]",8b75f8,cpu,mov,False,9,0,,,,,,,
16786520,"0x4,rbp,-,[4],rdx,=",True,16786432,16786589,3,"mov edx, dword [rbp - 4]","mov edx, dword [var_ch]",8b55fc,cpu,mov,False,9,0,,,,,,,
16786523,"0x10,rbp,-,[8],rdi,=",True,16786432,16786588,4,"mov rdi, qword [rbp - 0x10]","mov rdi, qword [var_18h]",488b7df0,cpu,mov,False,9,0,,,,,,,
16786527,"2,esi,+=,31,$o,of,:=,31,$s,sf,:=,$z,zf,:=,31,$c,cf,:=,$p,pf,:=,3,$c,af,:=",False,16786432,16786589,3,"add esi, 2","add esi, 2",83c602,cpu,add,False,17,0,,,2.0,,,,
16786530,"16786432,rip,8,rsp,-=,rsp,=[],rip,=",False,16786432,16786587,5,call 0x1002400,call sym.recursive_filter,e899ffffff,cpu,call,False,3,0,,,,16786432.0,16786535.0,,"[{'addr': 16786432, 'type': 'CALL'}]"
16786535,"0x8,rbp,-,[4],rax,=",True,16786432,16786589,3,"mov eax, dword [rbp - 8]","mov eax, dword [var_10h]",8b45f8,cpu,mov,False,9,0,,,,,,,
16786538,"3,rcx,=",False,16786432,16786587,5,"mov ecx, 3","mov ecx, 3",b903000000,cpu,mov,False,9,0,,,3.0,,,,
16786543,"0,edx,=,31,eax,>>,?{,0xffffffff,edx,=,}",False,16786432,16786591,1,cdq,cdq,99,cpu,null,False,0,0,,,,,,,
16786544,"32,ecx,~,32,edx,<<,eax,+,~%,32,ecx,~,32,edx,<<,eax,+,~/,eax,=,edx,=",False,16786432,16786590,2,idiv ecx,idiv ecx,f7f9,cpu,div,False,21,0,,,,,,,
16786546,"0,edx,==,$z,zf,:=,32,$b,cf,:=,$p,pf,:=,31,$s,sf,:=,0,0x80000000,-,!,31,$o,^,of,:=,3,$b,af,:=",False,16786432,16786589,3,"cmp edx, 0","cmp edx, 0",83fa00,cpu,cmp,False,15,0,,,0.0,,,0.0,
16786549,"zf,!,?{,16786562,rip,=,}",False,16786432,16786590,2,jne 0x1002482,jne 0x1002482,750b,cpu,cjmp,False,2147483649,0,,,,16786562.0,16786551.0,,
16786551,"0x20,rbp,-,[8],rax,=",True,16786432,16786588,4,"mov rax, qword [rbp - 0x20]","mov rax, qword [var_28h]",488b45e0,cpu,mov,False,9,0,,,,,,,
16786555,"rax,[4],rcx,=",True,16786432,16786590,2,"mov ecx, dword [rax]","mov ecx, dword [rax]",8b08,cpu,mov,False,9,0,,,,,,,
16786557,"3,ecx,+=,31,$o,of,:=,31,$s,sf,:=,$z,zf,:=,31,$c,cf,:=,$p,pf,:=,3,$c,af,:=",False,16786432,16786589,3,"add ecx, 3","add ecx, 3",83c103,cpu,add,False,17,0,,,3.0,,,,
16786560,"ecx,rax,=[4]",True,16786432,16786590,2,"mov dword [rax], ecx","mov dword [rax], ecx",8908,cpu,mov,False,9,0,,,,,,,
16786562,"0x8,rbp,-,[4],rax,=",True,16786432,16786589,3,"mov eax, dword [rbp - 8]","mov eax, dword [var_10h]",8b45f8,cpu,mov,False,9,0,,,,,,,
16786565,"2147483649,rax,&,0xffffffff,&,rax,=,$z,zf,:=,$p,pf,:=,31,$s,sf,:=,0,cf,:=,0,of,:=",False,16786432,16786587,5,"and eax, 0x80000001","and eax, 0x80000001",2501000080,cpu,and,False,27,0,,,2147483649.0,,,2147483649.0,
16786570,"1,eax,==,$z,zf,:=,32,$b,cf,:=,$p,pf,:=,31,$s,sf,:=,1,0x80000000,-,!,31,$o,^,of,:=,3,$b,af,:=",False,16786432,16786589,3,"cmp eax, 1","cmp eax, 1",83f801,cpu,cmp,False,15,0,,,1.0,,,1.0,
16786573,"zf,!,?{,16786586,rip,=,}",False,16786432,16786590,2,jne 0x100249a,jne 0x100249a,750b,cpu,cjmp,False,2147483649,0,,,,16786586.0,16786575.0,,
16786575,"0x20,rbp,-,[8],rax,=",True,16786432,16786588,4,"mov rax, qword [rbp - 0x20]","mov rax, qword [var_28h]",488b45e0,cpu,mov,False,9,0,,,,,,,
16786579,"rax,[4],rcx,=",True,16786432,16786590,2,"mov ecx, dword [rax]","mov ecx, dword [rax]",8b08,cpu,mov,False,9,0,,,,,,,
16786581,"18446744073709551614,ecx,+=,31,$o,of,:=,31,$s,sf,:=,$z,zf,:=,31,$c,cf,:=,$p,pf,:=,3,$c,af,:=",False,16786432,16786589,3,"add ecx, 0xfffffffe","add ecx, 0xfffffffe",83c1fe,cpu,add,False,17,0,,,1.8446744073709552e+19,,,,
16786584,"ecx,rax,=[4]",True,16786432,16786590,2,"mov dword [rax], ecx","mov dword [rax], ecx",8908,cpu,mov,False,9,0,,,,,,,
16786586,"32,rsp,+=,63,$o,of,:=,63,$s,sf,:=,$z,zf,:=,63,$c,cf,:=,$p,pf,:=,3,$c,af,:=",False,16786432,16786588,4,"add rsp, 0x20","add rsp, 0x20",4883c420,cpu,add,False,17,0,,,32.0,,,,
16786590,"rsp,[8],8,rsp,+=,rbp,=",False,16786432,16786591,1,pop rbp,pop rbp,5d,cpu,pop,False,14,0,,,,,,,
16786591,"rsp,[8],rip,=,8,rsp,+=",False,16786432,16786591,1,ret,ret,c3,cpu,ret,False,5,0,,,,,,,
