offset,esil,refptr,fcn_addr,fcn_last,size,opcode,disasm,bytes,family,type,reloc,type_num,type2_num,flags,xrefs_to,val,ptr,jump,fail,xrefs_from
16786784,"rbp,8,rsp,-,=[8],8,rsp,-=",False,16786784,16786944,1,push rbp,push rbp,55,cpu,rpush,False,268435468,0,['sym.calculate_flags'],"[{'addr': 16783862, 'type': 'CALL'}]",,,,,
16786785,"rsp,rbp,=",False,16786784,16786942,3,"mov rbp, rsp","mov rbp, rsp",4889e5,cpu,mov,False,9,0,,,,,,,
16786788,"80,rsp,-=,80,0x8000000000000000,-,!,63,$o,^,of,:=,63,$s,sf,:=,$z,zf,:=,$p,pf,:=,64,$b,cf,:=,3,$b,af,:=",False,16786784,16786941,4,"sub rsp, 0x50","sub rsp, 0x50",4883ec50,cpu,sub,False,18,0,,,80.0,,,,
16786792,"rdi,0x10,rbp,-,=[8]",True,16786784,16786941,4,"mov qword [rbp - 0x10], rdi","mov qword [var_18h], rdi",48897df0,cpu,mov,False,268435465,0,,,,,,,
16786796,"esi,0x8,rbp,-,=[4]",True,16786784,16786942,3,"mov dword [rbp - 8], esi","mov dword [var_10h], esi",8975f8,cpu,mov,False,268435465,0,,,,,,,
16786799,"eax,rax,^,0xffffffff,&,rax,=,$z,zf,:=,$p,pf,:=,31,$s,sf,:=,0,cf,:=,0,of,:=",False,16786784,16786943,2,"xor eax, eax","xor eax, eax",31c0,cpu,xor,False,28,0,,,,,,,
16786801,"1,esi,==,$z,zf,:=,32,$b,cf,:=,$p,pf,:=,31,$s,sf,:=,1,0x80000000,-,!,31,$o,^,of,:=,3,$b,af,:=",False,16786784,16786942,3,"cmp esi, 1","cmp esi, 1",83fe01,cpu,cmp,False,15,0,,,1.0,1.0,,,
16786804,"eax,0x4,rbp,-,=[4]",True,16786784,16786942,3,"mov dword [rbp - 4], eax","mov dword [var_ch], eax",8945fc,cpu,mov,False,268435465,0,,,,,,,
16786807,"of,sf,^,zf,|,?{,16786845,rip,=,}",False,16786784,16786943,2,jle 0x100259d,jle 0x100259d,7e24,cpu,cjmp,False,2147483649,0,,,,,16786845.0,16786809.0,
16786809,"0x10,rbp,-,[8],rax,=",True,16786784,16786941,4,"mov rax, qword [rbp - 0x10]","mov rax, qword [var_18h]",488b45f0,cpu,mov,False,9,0,,,,,,,
16786813,"0x8,rbp,-,[4],rcx,=",True,16786784,16786942,3,"mov ecx, dword [rbp - 8]","mov ecx, dword [var_10h]",8b4df8,cpu,mov,False,9,0,,,,,,,
16786816,"18446744073709551615,ecx,+=,31,$o,of,:=,31,$s,sf,:=,$z,zf,:=,31,$c,cf,:=,$p,pf,:=,3,$c,af,:=",False,16786784,16786942,3,"add ecx, 0xffffffff","add ecx, 0xffffffff",83c1ff,cpu,add,False,17,0,,,,,,,
16786819,"ecx,rcx,=",False,16786784,16786943,2,"mov ecx, ecx","mov ecx, ecx",89c9,cpu,mov,False,9,0,,,,,,,
16786821,"rcx,0x30,rbp,-,=[8]",True,16786784,16786941,4,"mov qword [rbp - 0x30], rcx","mov qword [var_38h], rcx",48894dd0,cpu,mov,False,268435465,0,,,,,,,
16786825,"rax,[4],rdx,=",True,16786784,16786943,2,"mov edx, dword [rax]","mov edx, dword [rax]",8b10,cpu,mov,False,9,0,,,,,,,
16786827,"eax,rax,^,0xffffffff,&,rax,=,$z,zf,:=,$p,pf,:=,31,$s,sf,:=,0,cf,:=,0,of,:=",False,16786784,16786943,2,"xor eax, eax","xor eax, eax",31c0,cpu,xor,False,28,0,,,,,,,
16786829,"eax,rcx,=",False,16786784,16786943,2,"mov ecx, eax","mov ecx, eax",89c1,cpu,mov,False,9,0,,,,,,,
16786831,"eax,rax,^,0xffffffff,&,rax,=,$z,zf,:=,$p,pf,:=,31,$s,sf,:=,0,cf,:=,0,of,:=",False,16786784,16786943,2,"xor eax, eax","xor eax, eax",31c0,cpu,xor,False,28,0,,,,,,,
16786833,"edx,0x24,rbp,-,=[4]",True,16786784,16786942,3,"mov dword [rbp - 0x24], edx","mov dword [var_2ch], edx",8955dc,cpu,mov,False,268435465,0,,,,,,,
16786836,"rcx,0x20,rbp,-,=[8]",True,16786784,16786941,4,"mov qword [rbp - 0x20], rcx","mov qword [var_28h], rcx",48894de0,cpu,mov,False,268435465,0,,,,,,,
16786840,"eax,0x14,rbp,-,=[4]",True,16786784,16786942,3,"mov dword [rbp - 0x14], eax","mov dword [var_1ch], eax",8945ec,cpu,mov,False,268435465,0,,,,,,,
16786843,"0x10025a6,rip,=",False,16786784,16786943,2,jmp 0x10025a6,jmp 0x10025a6,eb09,cpu,jmp,False,1,0,,,,,16786854.0,,"[{'addr': 16786854, 'type': 'CODE'}]"
16786845,"0x4,rbp,-,[4],rax,=",True,16786784,16786942,3,"mov eax, dword [rbp - 4]","mov eax, dword [var_ch]",8b45fc,cpu,mov,False,9,0,,,,,,,
16786848,"80,rsp,+=,63,$o,of,:=,63,$s,sf,:=,$z,zf,:=,63,$c,cf,:=,$p,pf,:=,3,$c,af,:=",False,16786784,16786941,4,"add rsp, 0x50","add rsp, 0x50",4883c450,cpu,add,False,17,0,,,80.0,,,,
16786852,"rsp,[8],8,rsp,+=,rbp,=",False,16786784,16786944,1,pop rbp,pop rbp,5d,cpu,pop,False,14,0,,,,,,,
16786853,"rsp,[8],rip,=,8,rsp,+=",False,16786784,16786944,1,ret,ret,c3,cpu,ret,False,5,0,,,,,,,
16786854,"0x14,rbp,-,[4],rdx,=",True,16786784,16786942,3,"mov edx, dword [rbp - 0x14]","mov edx, dword [var_1ch]",8b55ec,cpu,mov,False,9,0,,"[{'addr': 16786843, 'type': 'CODE'}, {'addr': 16786943, 'type': 'CODE'}]",,,,,
16786857,"0x20,rbp,-,[8],rcx,=",True,16786784,16786941,4,"mov rcx, qword [rbp - 0x20]","mov rcx, qword [var_28h]",488b4de0,cpu,mov,False,9,0,,,,,,,
16786861,"0x24,rbp,-,[4],rdi,=",True,16786784,16786942,3,"mov edi, dword [rbp - 0x24]","mov edi, dword [var_2ch]",8b7ddc,cpu,mov,False,9,0,,,,,,,
16786864,"0x10,rbp,-,[8],rax,=",True,16786784,16786941,4,"mov rax, qword [rbp - 0x10]","mov rax, qword [var_18h]",488b45f0,cpu,mov,False,9,0,,,,,,,
16786868,"edx,0x40,rbp,-,=[4]",True,16786784,16786942,3,"mov dword [rbp - 0x40], edx","mov dword [var_48h], edx",8955c0,cpu,mov,False,268435465,0,,,,,,,
16786871,"rcx,0x48,rbp,-,=[8]",True,16786784,16786941,4,"mov qword [rbp - 0x48], rcx","mov qword [var_50h], rcx",48894db8,cpu,mov,False,268435465,0,,,,,,,
16786875,"rcx,rdx,=",False,16786784,16786942,3,"mov rdx, rcx","mov rdx, rcx",4889ca,cpu,mov,False,9,0,,,,,,,
16786878,"1,rdx,+=,63,$o,of,:=,63,$s,sf,:=,$z,zf,:=,63,$c,cf,:=,$p,pf,:=,3,$c,af,:=",False,16786784,16786941,4,"add rdx, 1","add rdx, 1",4883c201,cpu,add,False,17,0,,,1.0,,,,
16786882,"rdx,0x38,rbp,-,=[8]",True,16786784,16786941,4,"mov qword [rbp - 0x38], rdx","mov qword [var_40h], rdx",488955c8,cpu,mov,False,268435465,0,,,,,,,
16786886,"0x4,rcx,4,*,rax,+,+,[4],rsi,=",True,16786784,16786941,4,"mov esi, dword [rax + rcx*4 + 4]","mov esi, dword [rax + rcx*4 + 4]",8b748804,cpu,mov,False,9,0,,,,,,,
16786890,"esi,0x3c,rbp,-,=[4]",True,16786784,16786942,3,"mov dword [rbp - 0x3c], esi","mov dword [var_44h], esi",8975c4,cpu,mov,False,268435465,0,,,,,,,
16786893,"16787392,rip,8,rsp,-=,rsp,=[],rip,=",False,16786784,16786940,5,call 0x10027c0,call sym.evaluate_conditions,e8ee010000,cpu,call,False,3,0,,,,,16787392.0,16786898.0,"[{'addr': 16787392, 'type': 'CALL'}]"
16786898,"0x48,rbp,-,[8],rcx,=",True,16786784,16786941,4,"mov rcx, qword [rbp - 0x48]","mov rcx, qword [var_50h]",488b4db8,cpu,mov,False,9,0,,,,,,,
16786902,"0x40,rbp,-,[4],rdi,=",True,16786784,16786942,3,"mov edi, dword [rbp - 0x40]","mov edi, dword [var_48h]",8b7dc0,cpu,mov,False,9,0,,,,,,,
16786905,"0x30,rbp,-,[8],rsi,=",True,16786784,16786941,4,"mov rsi, qword [rbp - 0x30]","mov rsi, qword [var_38h]",488b75d0,cpu,mov,False,9,0,,,,,,,
16786909,"0x3c,rbp,-,[4],rdx,=",True,16786784,16786942,3,"mov edx, dword [rbp - 0x3c]","mov edx, dword [var_44h]",8b55c4,cpu,mov,False,9,0,,,,,,,
16786912,"7,rcx,&,0xffffffff,&,rcx,=,$z,zf,:=,$p,pf,:=,31,$s,sf,:=,0,cf,:=,0,of,:=",False,16786784,16786942,3,"and ecx, 7","and ecx, 7",83e107,cpu,and,False,27,0,,,7.0,,,,
16786915,"0,cl,!,!,?{,1,cl,-,eax,<<,0x80000000,&,!,!,^,},cl,eax,<<=,$z,zf,:=,$p,pf,:=,31,$s,sf,:=,cf,=",False,16786784,16786943,2,"shl eax, cl","shl eax, cl",d3e0,cpu,shl,False,23,0,,,,,,,
16786917,"0x38,rbp,-,[8],rcx,=",True,16786784,16786941,4,"mov rcx, qword [rbp - 0x38]","mov rcx, qword [var_40h]",488b4dc8,cpu,mov,False,9,0,,,,,,,
16786921,"edi,eax,|=,31,$s,sf,:=,$z,zf,:=,$p,pf,:=,0,of,:=,0,cf,:=",False,16786784,16786943,2,"or eax, edi","or eax, edi",09f8,cpu,or,False,26,0,,,,,,,
16786923,"rsi,rcx,==,$z,zf,:=,64,$b,cf,:=,$p,pf,:=,63,$s,sf,:=,rsi,0x8000000000000000,-,!,63,$o,^,of,:=,3,$b,af,:=",False,16786784,16786942,3,"cmp rcx, rsi","cmp rcx, rsi",4839f1,cpu,cmp,False,15,0,,,,,,,
16786926,"eax,rsi,=",False,16786784,16786943,2,"mov esi, eax","mov esi, eax",89c6,cpu,mov,False,9,0,,,,,,,
16786928,"esi,0x4,rbp,-,=[4]",True,16786784,16786942,3,"mov dword [rbp - 4], esi","mov dword [var_ch], esi",8975fc,cpu,mov,False,268435465,0,,,,,,,
16786931,"edx,0x24,rbp,-,=[4]",True,16786784,16786942,3,"mov dword [rbp - 0x24], edx","mov dword [var_2ch], edx",8955dc,cpu,mov,False,268435465,0,,,,,,,
16786934,"rcx,0x20,rbp,-,=[8]",True,16786784,16786941,4,"mov qword [rbp - 0x20], rcx","mov qword [var_28h], rcx",48894de0,cpu,mov,False,268435465,0,,,,,,,
16786938,"eax,0x14,rbp,-,=[4]",True,16786784,16786942,3,"mov dword [rbp - 0x14], eax","mov dword [var_1ch], eax",8945ec,cpu,mov,False,268435465,0,,,,,,,
16786941,"zf,?{,16786845,rip,=,}",False,16786784,16786943,2,je 0x100259d,je 0x100259d,749e,cpu,cjmp,False,2147483649,0,,,,,16786845.0,16786943.0,
16786943,"0x10025a6,rip,=",False,16786784,16786943,2,jmp 0x10025a6,jmp 0x10025a6,eba5,cpu,jmp,False,1,0,,,,,16786854.0,,"[{'addr': 16786854, 'type': 'CODE'}]"
