offset,esil,refptr,fcn_addr,fcn_last,size,opcode,disasm,bytes,family,type,reloc,type_num,type2_num,flags,xrefs_to,val,jump,xrefs_from,fail,ptr
16786592,"rbp,8,rsp,-,=[8],8,rsp,-=",False,16786592,16786769,1,push rbp,push rbp,55,cpu,rpush,False,268435468,0,['sym.logical_chain'],"[{'addr': 16783845, 'type': 'CALL'}]",,,,,
16786593,"rsp,rbp,=",False,16786592,16786767,3,"mov rbp, rsp","mov rbp, rsp",4889e5,cpu,mov,False,9,0,,,,,,,
16786596,"rdi,0x18,rbp,-,=[8]",True,16786592,16786766,4,"mov qword [rbp - 0x18], rdi","mov qword [var_20h], rdi",48897de8,cpu,mov,False,268435465,0,,,,,,,
16786600,"rdi,[4],rcx,=",True,16786592,16786768,2,"mov ecx, dword [rdi]","mov ecx, dword [rdi]",8b0f,cpu,mov,False,9,0,,,,,,,
16786602,"1,rax,=",False,16786592,16786765,5,"mov eax, 1","mov eax, 1",b801000000,cpu,mov,False,9,0,,,1.0,,,,
16786607,"ecx,0xc,rbp,-,=[4]",True,16786592,16786767,3,"mov dword [rbp - 0xc], ecx","mov dword [var_14h], ecx",894df4,cpu,mov,False,268435465,0,,,,,,,
16786610,"rax,0x8,rbp,-,=[8]",True,16786592,16786766,4,"mov qword [rbp - 8], rax","mov qword [var_10h], rax",488945f8,cpu,mov,False,268435465,0,,,,,,,
16786614,"0x10024ba,rip,=",False,16786592,16786768,2,jmp 0x10024ba,jmp 0x10024ba,eb02,cpu,jmp,False,1,0,,,,16786618.0,"[{'addr': 16786618, 'type': 'CODE'}]",,
16786616,"rsp,[8],8,rsp,+=,rbp,=",False,16786592,16786769,1,pop rbp,pop rbp,5d,cpu,pop,False,14,0,,,,,,,
16786617,"rsp,[8],rip,=,8,rsp,+=",False,16786592,16786769,1,ret,ret,c3,cpu,ret,False,5,0,,,,,,,
16786618,"0x18,rbp,-,[8],rcx,=",True,16786592,16786766,4,"mov rcx, qword [rbp - 0x18]","mov rcx, qword [var_20h]",488b4de8,cpu,mov,False,9,0,,"[{'addr': 16786614, 'type': 'CODE'}, {'addr': 16786765, 'type': 'CODE'}]",,,,,
16786622,"0xc,rbp,-,[4],rax,=",True,16786592,16786767,3,"mov eax, dword [rbp - 0xc]","mov eax, dword [var_14h]",8b45f4,cpu,mov,False,9,0,,,,,,,
16786625,"0x8,rbp,-,[8],rdx,=",True,16786592,16786766,4,"mov rdx, qword [rbp - 8]","mov rdx, qword [var_10h]",488b55f8,cpu,mov,False,9,0,,,,,,,
16786629,"rdx,0x38,rbp,-,=[8]",True,16786592,16786766,4,"mov qword [rbp - 0x38], rdx","mov qword [var_40h], rdx",488955c8,cpu,mov,False,268435465,0,,,,,,,
16786633,"eax,0x2c,rbp,-,=[4]",True,16786592,16786767,3,"mov dword [rbp - 0x2c], eax","mov dword [var_34h], eax",8945d4,cpu,mov,False,268435465,0,,,,,,,
16786636,"rdx,rdi,=",False,16786592,16786767,3,"mov rdi, rdx","mov rdi, rdx",4889d7,cpu,mov,False,9,0,,,,,,,
16786639,"0,2,!,!,?{,1,2,-,rdi,<<,0x8000000000000000,&,!,!,^,},2,rdi,<<=,$z,zf,:=,$p,pf,:=,63,$s,sf,:=,cf,=",False,16786592,16786766,4,"shl rdi, 2","shl rdi, 2",48c1e702,cpu,shl,False,23,0,,,,,,,
16786643,"rcx,rsi,=",False,16786592,16786767,3,"mov rsi, rcx","mov rsi, rcx",4889ce,cpu,mov,False,9,0,,,,,,,
16786646,"rdi,rsi,+=,63,$o,of,:=,63,$s,sf,:=,$z,zf,:=,63,$c,cf,:=,$p,pf,:=,3,$c,af,:=",False,16786592,16786767,3,"add rsi, rdi","add rsi, rdi",4801fe,cpu,add,False,17,0,,,,,,,
16786649,"rsi,0x28,rbp,-,=[8]",True,16786592,16786766,4,"mov qword [rbp - 0x28], rsi","mov qword [var_30h], rsi",488975d8,cpu,mov,False,268435465,0,,,,,,,
16786653,"rdx,4,*,rcx,+,[4],rcx,=",True,16786592,16786767,3,"mov ecx, dword [rcx + rdx*4]","mov ecx, dword [rcx + rdx*4]",8b0c91,cpu,mov,False,9,0,,,,,,,
16786656,"ecx,0x1c,rbp,-,=[4]",True,16786592,16786767,3,"mov dword [rbp - 0x1c], ecx","mov dword [var_24h], ecx",894de4,cpu,mov,False,268435465,0,,,,,,,
16786659,"ecx,eax,==,$z,zf,:=,32,$b,cf,:=,$p,pf,:=,31,$s,sf,:=,ecx,0x80000000,-,!,31,$o,^,of,:=,3,$b,af,:=",False,16786592,16786768,2,"cmp eax, ecx","cmp eax, ecx",39c8,cpu,cmp,False,15,0,,,,,,,
16786661,"of,!,sf,^,?{,16786698,rip,=,}",False,16786592,16786768,2,jge 0x100250a,jge 0x100250a,7d23,cpu,cjmp,False,2147483649,0,,,,16786698.0,,16786663.0,
16786663,"0x1c,rbp,-,[4],rax,=",True,16786592,16786767,3,"mov eax, dword [rbp - 0x1c]","mov eax, dword [var_24h]",8b45e4,cpu,mov,False,9,0,,,,,,,
16786666,"0x28,rbp,-,[8],rcx,=",True,16786592,16786766,4,"mov rcx, qword [rbp - 0x28]","mov rcx, qword [var_30h]",488b4dd8,cpu,mov,False,9,0,,,,,,,
16786670,"0x4,rcx,+,[4],rcx,=",True,16786592,16786767,3,"mov ecx, dword [rcx + 4]","mov ecx, dword [rcx + 4]",8b4904,cpu,mov,False,9,0,,,,,,,
16786673,"ecx,0x3c,rbp,-,=[4]",True,16786592,16786767,3,"mov dword [rbp - 0x3c], ecx","mov dword [var_44h], ecx",894dc4,cpu,mov,False,268435465,0,,,,,,,
16786676,"ecx,eax,==,$z,zf,:=,32,$b,cf,:=,$p,pf,:=,31,$s,sf,:=,ecx,0x80000000,-,!,31,$o,^,of,:=,3,$b,af,:=",False,16786592,16786768,2,"cmp eax, ecx","cmp eax, ecx",39c8,cpu,cmp,False,15,0,,,,,,,
16786678,"of,sf,^,zf,|,?{,16786698,rip,=,}",False,16786592,16786768,2,jle 0x100250a,jle 0x100250a,7e12,cpu,cjmp,False,2147483649,0,,,,16786698.0,,16786680.0,
16786680,"0x1c,rbp,-,[4],rcx,=",True,16786592,16786767,3,"mov ecx, dword [rbp - 0x1c]","mov ecx, dword [var_24h]",8b4de4,cpu,mov,False,9,0,,,,,,,
16786683,"0x2c,rbp,-,[4],rdx,=",True,16786592,16786767,3,"mov edx, dword [rbp - 0x2c]","mov edx, dword [var_34h]",8b55d4,cpu,mov,False,9,0,,,,,,,
16786686,"0x3c,rbp,-,[4],rax,=",True,16786592,16786767,3,"mov eax, dword [rbp - 0x3c]","mov eax, dword [var_44h]",8b45c4,cpu,mov,False,9,0,,,,,,,
16786689,"edx,eax,+=,31,$o,of,:=,31,$s,sf,:=,$z,zf,:=,31,$c,cf,:=,$p,pf,:=,3,$c,af,:=",False,16786592,16786768,2,"add eax, edx","add eax, edx",01d0,cpu,add,False,17,0,,,,,,,
16786691,"ecx,rax,^,0xffffffff,&,rax,=,$z,zf,:=,$p,pf,:=,31,$s,sf,:=,0,cf,:=,0,of,:=",False,16786592,16786768,2,"xor eax, ecx","xor eax, ecx",31c8,cpu,xor,False,28,0,,,,,,,
16786693,"eax,0x40,rbp,-,=[4]",True,16786592,16786767,3,"mov dword [rbp - 0x40], eax","mov dword [var_48h], eax",8945c0,cpu,mov,False,268435465,0,,,,,,,
16786696,"0x100252b,rip,=",False,16786592,16786768,2,jmp 0x100252b,jmp 0x100252b,eb21,cpu,jmp,False,1,0,,,,16786731.0,"[{'addr': 16786731, 'type': 'CODE'}]",,
16786698,"0x1c,rbp,-,[4],rax,=",True,16786592,16786767,3,"mov eax, dword [rbp - 0x1c]","mov eax, dword [var_24h]",8b45e4,cpu,mov,False,9,0,,,,,,,
16786701,"1,rax,&,0xffffffff,&,rax,=,$z,zf,:=,$p,pf,:=,31,$s,sf,:=,0,cf,:=,0,of,:=",False,16786592,16786767,3,"and eax, 1","and eax, 1",83e001,cpu,and,False,27,0,,,1.0,,,,
16786704,"0,eax,==,$z,zf,:=,32,$b,cf,:=,$p,pf,:=,31,$s,sf,:=,0,0x80000000,-,!,31,$o,^,of,:=,3,$b,af,:=",False,16786592,16786767,3,"cmp eax, 0","cmp eax, 0",83f800,cpu,cmp,False,15,0,,,0.0,,,,0.0
16786707,"zf,!,?{,16786719,rip,=,}",False,16786592,16786768,2,jne 0x100251f,jne 0x100251f,750a,cpu,cjmp,False,2147483649,0,,,,16786719.0,,16786709.0,
16786709,"0x1c,rbp,-,[4],rax,=",True,16786592,16786767,3,"mov eax, dword [rbp - 0x1c]","mov eax, dword [var_24h]",8b45e4,cpu,mov,False,9,0,,,,,,,
16786712,"0,cf,:=,1,1,-,1,<<,eax,&,?{,1,cf,:=,},1,eax,>>>>,eax,=,$z,zf,:=,$p,pf,:=,31,$s,sf,:=",False,16786592,16786768,2,"sar eax, 1","sar eax, 1",d1f8,cpu,sar,False,25,0,,,,,,,
16786714,"eax,0x40,rbp,-,=[4]",True,16786592,16786767,3,"mov dword [rbp - 0x40], eax","mov dword [var_48h], eax",8945c0,cpu,mov,False,268435465,0,,,,,,,
16786717,"0x100252b,rip,=",False,16786592,16786768,2,jmp 0x100252b,jmp 0x100252b,eb0c,cpu,jmp,False,1,0,,,,16786731.0,"[{'addr': 16786731, 'type': 'CODE'}]",,
16786719,"0x1c,rbp,-,[4],rcx,=",True,16786592,16786767,3,"mov ecx, dword [rbp - 0x1c]","mov ecx, dword [var_24h]",8b4de4,cpu,mov,False,9,0,,,,,,,
16786722,"ecx,rax,=",False,16786592,16786768,2,"mov eax, ecx","mov eax, ecx",89c8,cpu,mov,False,9,0,,,,,,,
16786724,"0,1,!,!,?{,1,1,-,eax,<<,0x80000000,&,!,!,^,},1,eax,<<=,$z,zf,:=,$p,pf,:=,31,$s,sf,:=,cf,=",False,16786592,16786768,2,"shl eax, 1","shl eax, 1",d1e0,cpu,shl,False,23,0,,,,,,,
16786726,"ecx,rax,^,0xffffffff,&,rax,=,$z,zf,:=,$p,pf,:=,31,$s,sf,:=,0,cf,:=,0,of,:=",False,16786592,16786768,2,"xor eax, ecx","xor eax, ecx",31c8,cpu,xor,False,28,0,,,,,,,
16786728,"eax,0x40,rbp,-,=[4]",True,16786592,16786767,3,"mov dword [rbp - 0x40], eax","mov dword [var_48h], eax",8945c0,cpu,mov,False,268435465,0,,,,,,,
16786731,"0x38,rbp,-,[8],rax,=",True,16786592,16786766,4,"mov rax, qword [rbp - 0x38]","mov rax, qword [var_40h]",488b45c8,cpu,mov,False,9,0,,"[{'addr': 16786696, 'type': 'CODE'}, {'addr': 16786717, 'type': 'CODE'}]",,,,,
16786735,"0x28,rbp,-,[8],rdx,=",True,16786592,16786766,4,"mov rdx, qword [rbp - 0x28]","mov rdx, qword [var_30h]",488b55d8,cpu,mov,False,9,0,,,,,,,
16786739,"0x40,rbp,-,[4],rcx,=",True,16786592,16786767,3,"mov ecx, dword [rbp - 0x40]","mov ecx, dword [var_48h]",8b4dc0,cpu,mov,False,9,0,,,,,,,
16786742,"ecx,rdx,=[4]",True,16786592,16786768,2,"mov dword [rdx], ecx","mov dword [rdx], ecx",890a,cpu,mov,False,9,0,,,,,,,
16786744,"1,rax,+=,63,$o,of,:=,63,$s,sf,:=,$z,zf,:=,63,$c,cf,:=,$p,pf,:=,3,$c,af,:=",False,16786592,16786766,4,"add rax, 1","add rax, 1",4883c001,cpu,add,False,17,0,,,1.0,,,,
16786748,"15,rax,==,$z,zf,:=,64,$b,cf,:=,$p,pf,:=,63,$s,sf,:=,15,0x8000000000000000,-,!,63,$o,^,of,:=,3,$b,af,:=",False,16786592,16786766,4,"cmp rax, 0xf","cmp rax, 0xf",4883f80f,cpu,cmp,False,15,0,,,15.0,,,,15.0
16786752,"ecx,0xc,rbp,-,=[4]",True,16786592,16786767,3,"mov dword [rbp - 0xc], ecx","mov dword [var_14h], ecx",894df4,cpu,mov,False,268435465,0,,,,,,,
16786755,"rax,0x8,rbp,-,=[8]",True,16786592,16786766,4,"mov qword [rbp - 8], rax","mov qword [var_10h], rax",488945f8,cpu,mov,False,268435465,0,,,,,,,
16786759,"zf,?{,16786616,rip,=,}",False,16786592,16786764,6,je 0x10024b8,je 0x10024b8,0f846bffffff,cpu,cjmp,False,2147483649,0,,,,16786616.0,,16786765.0,
16786765,"0x10024ba,rip,=",False,16786592,16786765,5,jmp 0x10024ba,jmp 0x10024ba,e968ffffff,cpu,jmp,False,1,0,,,,16786618.0,"[{'addr': 16786618, 'type': 'CODE'}]",,
