offset,esil,refptr,fcn_addr,fcn_last,size,opcode,disasm,bytes,family,type,reloc,type_num,type2_num,flags,xrefs_to,val,jump,fail,ptr,xrefs_from,comment
16782800,"rbp,8,rsp,-,=[8],8,rsp,-=",False,16782800,16783145,1,push rbp,push rbp,55,cpu,rpush,False,268435468,0,"['sym.findRoots', 'dbg.findRoots']","[{'addr': 16783197, 'type': 'CALL'}]",,,,,,
16782801,"rsp,rbp,=",False,16782800,16783143,3,"mov rbp, rsp","mov rbp, rsp",4889e5,cpu,mov,False,9,0,,,,,,,,
16782804,"48,rsp,-=,48,0x8000000000000000,-,!,63,$o,^,of,:=,63,$s,sf,:=,$z,zf,:=,$p,pf,:=,64,$b,cf,:=,3,$b,af,:=",False,16782800,16783142,4,"sub rsp, 0x30","sub rsp, 0x30",4883ec30,cpu,sub,False,18,0,,,48.0,,,,,
16782808,"edi,0x1c,rbp,-,=[4]",True,16782800,16783143,3,"mov dword [rbp - 0x1c], edi","mov dword [var_24h], edi",897de4,cpu,mov,False,268435465,0,,,,,,,,
16782811,"0,0x18,rbp,-,=[4]",True,16782800,16783139,7,"mov dword [rbp - 0x18], 0","mov dword [var_20h], 0",c745e800000000,cpu,mov,False,268435465,0,,,0.0,,,,,
16782818,"0x18,rbp,-,[4],rax,=",True,16782800,16783143,3,"mov eax, dword [rbp - 0x18]","mov eax, dword [var_20h]",8b45e8,cpu,mov,False,9,0,,"[{'addr': 16782853, 'type': 'CODE'}]",,,,,,
16782821,"rax,0x28,rbp,-,=[8]",True,16782800,16783142,4,"mov qword [rbp - 0x28], rax","mov qword [var_30h], rax",488945d8,cpu,mov,False,268435465,0,,,,,,,,
16782825,"7,rax,-=,7,0x8000000000000000,-,!,63,$o,^,of,:=,63,$s,sf,:=,$z,zf,:=,$p,pf,:=,64,$b,cf,:=,3,$b,af,:=",False,16782800,16783142,4,"sub rax, 7","sub rax, 7",4883e807,cpu,sub,False,18,0,,,7.0,,,,,
16782829,"cf,zf,|,!,?{,16782851,rip,=,}",False,16782800,16783144,2,ja 0x1001603,ja 0x1001603,7714,cpu,cjmp,False,2147483649,0,,,,16782851.0,16782831.0,,,
16782831,"0x28,rbp,-,[8],rax,=",True,16782800,16783142,4,"mov rax, qword [rbp - 0x28]","mov rax, qword [var_30h]",488b45d8,cpu,mov,False,9,0,,,,,,,,
16782835,"0x1172,rip,-,rcx,=",True,16782800,16783139,7,"lea rcx, [rip - 0x1172]","lea rcx, data.01000488",488d0d8eeeffff,cpu,lea,False,33,0,,,,,,16778376.0,"[{'addr': 16778376, 'type': 'DATA'}]",
16782842,"32,rax,4,*,rcx,+,[4],~,rax,=",True,16782800,16783142,4,"movsxd rax, dword [rcx + rax*4]","movsxd rax, dword [rcx + rax*4]",48630481,cpu,mov,False,9,0,,,,,,,,
16782846,"rcx,rax,+=,63,$o,of,:=,63,$s,sf,:=,$z,zf,:=,63,$c,cf,:=,$p,pf,:=,3,$c,af,:=",False,16782800,16783143,3,"add rax, rcx","add rax, rcx",4801c8,cpu,add,False,17,0,,,,,,,,
16782849,"rax,rip,=",False,16782800,16783144,2,jmp rax,jmp rax,ffe0,cpu,rjmp,False,268435458,0,['switch.0x01001601'],,,,,,"[{'addr': 16782855, 'type': 'CODE'}, {'addr': 16782879, 'type': 'CODE'}, {'addr': 16782909, 'type': 'CODE'}, {'addr': 16782971, 'type': 'CODE'}, {'addr': 16783011, 'type': 'CODE'}, {'addr': 16783046, 'type': 'CODE'}, {'addr': 16783076, 'type': 'CODE'}, {'addr': 16783137, 'type': 'CODE'}]",c3dpdGNoIHRhYmxlICg4IGNhc2VzKSBhdCAweDEwMDA0ODg=
16782851,"0x1001605,rip,=",False,16782800,16783144,2,jmp 0x1001605,jmp 0x1001605,eb00,cpu,jmp,False,1,0,,,,16782853.0,,,"[{'addr': 16782853, 'type': 'CODE'}]",
16782853,"0x10015e2,rip,=",False,16782800,16783144,2,jmp 0x10015e2,jmp 0x10015e2,ebdb,cpu,jmp,False,1,0,,"[{'addr': 16782851, 'type': 'CODE'}, {'addr': 16782877, 'type': 'CODE'}, {'addr': 16782907, 'type': 'CODE'}, {'addr': 16782969, 'type': 'CODE'}, {'addr': 16783006, 'type': 'CODE'}, {'addr': 16783041, 'type': 'CODE'}, {'addr': 16783071, 'type': 'CODE'}, {'addr': 16783132, 'type': 'CODE'}]",,16782818.0,,,"[{'addr': 16782818, 'type': 'CODE'}]",
16782855,"0x1c,rbp,-,[4],rdx,=",True,16782800,16783143,3,"mov edx, dword [rbp - 0x1c]","mov edx, dword [var_24h]",8b55e4,cpu,mov,False,9,0,['case.0x1001601.0'],"[{'addr': 16782849, 'type': 'CODE'}]",,,,,,
16782858,"2,rax,=",False,16782800,16783141,5,"mov eax, 2","mov eax, 2",b802000000,cpu,mov,False,9,0,,,2.0,,,,,
16782863,"1,rcx,=",False,16782800,16783141,5,"mov ecx, 1","mov ecx, 1",b901000000,cpu,mov,False,9,0,,,1.0,,,,,
16782868,"0,edx,==,$z,zf,:=,32,$b,cf,:=,$p,pf,:=,31,$s,sf,:=,0,0x80000000,-,!,31,$o,^,of,:=,3,$b,af,:=",False,16782800,16783143,3,"cmp edx, 0","cmp edx, 0",83fa00,cpu,cmp,False,15,0,,,0.0,,,0.0,,
16782871,"zf,?{,ecx,eax,=,}",False,16782800,16783143,3,"cmove eax, ecx","cmove eax, ecx",0f44c1,cpu,cmov,False,2147483657,0,,,,,,,,
16782874,"eax,0x18,rbp,-,=[4]",True,16782800,16783143,3,"mov dword [rbp - 0x18], eax","mov dword [var_20h], eax",8945e8,cpu,mov,False,268435465,0,,,,,,,,
16782877,"0x1001605,rip,=",False,16782800,16783144,2,jmp 0x1001605,jmp 0x1001605,ebe6,cpu,jmp,False,1,0,,,,16782853.0,,,"[{'addr': 16782853, 'type': 'CODE'}]",
16782879,"0x117e,rip,-,rdi,=",True,16782800,16783139,7,"lea rdi, [rip - 0x117e]","lea rdi, str.Invalid",488d3d82eeffff,cpu,lea,False,33,0,['case.0x1001601.1'],"[{'addr': 16782849, 'type': 'CODE'}]",,,,16778408.0,"[{'addr': 16778408, 'type': 'DATA'}]",
16782886,"0,al,=",False,16782800,16783144,2,"mov al, 0","mov al, 0",b000,cpu,mov,False,9,0,,,0.0,,,,,
16782888,"16783408,rip,8,rsp,-=,rsp,=[],rip,=",False,16782800,16783141,5,call 0x1001830,call sym.imp.printf,e803020000,cpu,call,False,3,0,,,,16783408.0,16782893.0,,"[{'addr': 16783408, 'type': 'CALL'}]",
16782893,"7,0x18,rbp,-,=[4]",True,16782800,16783139,7,"mov dword [rbp - 0x18], 7","mov dword [var_20h], 7",c745e807000000,cpu,mov,False,268435465,0,,,7.0,,,,,
16782900,"0,0x4,rbp,-,=[4]",True,16782800,16783139,7,"mov dword [rbp - 4], 0","mov dword [var_ch], 0",c745fc00000000,cpu,mov,False,268435465,0,,,0.0,,,,,
16782907,"0x1001605,rip,=",False,16782800,16783144,2,jmp 0x1001605,jmp 0x1001605,ebc8,cpu,jmp,False,1,0,,,,16782853.0,,,"[{'addr': 16782853, 'type': 'CODE'}]",
16782909,"0x1c,rbp,-,[4],rax,=",True,16782800,16783143,3,"mov eax, dword [rbp - 0x1c]","mov eax, dword [var_24h]",8b45e4,cpu,mov,False,9,0,['case.0x1001601.2'],"[{'addr': 16782849, 'type': 'CODE'}]",,,,,,
16782912,"32,4294962140,~,32,eax,~,*,DUP,eax,=,eax,-,?{,1,1,}{,0,0,},cf,:=,of,:=",False,16782800,16783140,6,"imul eax, eax, 0xffffebdc","imul eax, eax, 0xffffebdc",69c0dcebffff,cpu,mul,False,20,0,,,,,,,,
16782918,"12489156,eax,+=,31,$o,of,:=,31,$s,sf,:=,$z,zf,:=,31,$c,cf,:=,$p,pf,:=,3,$c,af,:=",False,16782800,16783141,5,"add eax, 0xbe91c4","add eax, 0xbe91c4",05c491be00,cpu,add,False,17,0,,,12489156.0,,,12489156.0,,
16782923,"eax,0x14,rbp,-,=[4]",True,16782800,16783143,3,"mov dword [rbp - 0x14], eax","mov dword [var_1ch], eax",8945ec,cpu,mov,False,268435465,0,,,,,,,,
16782926,"0x14,rbp,-,[4],rax,=",True,16782800,16783143,3,"mov eax, dword [rbp - 0x14]","mov eax, dword [var_1ch]",8b45ec,cpu,mov,False,9,0,,,,,,,,
16782929,"eax,rcx,=",False,16782800,16783144,2,"mov ecx, eax","mov ecx, eax",89c1,cpu,mov,False,9,0,,,,,,,,
16782931,"ecx,!,!,cf,:=,ecx,0xffffffff,^,1,+,ecx,=,$z,zf,:=,0,of,:=,31,$s,sf,:=,31,$o,pf,:=",False,16782800,16783144,2,neg ecx,neg ecx,f7d9,cpu,sub,False,18,0,,,,,,,,
16782933,"sf,!,?{,ecx,eax,=,}",False,16782800,16783143,3,"cmovns eax, ecx","cmovns eax, ecx",0f49c1,cpu,cmov,False,2147483657,0,,,,,,,,
16782936,,False,16782800,16783142,4,"cvtsi2sd xmm0, eax","cvtsi2sd xmm0, eax",f20f2ac0,sse,null,False,0,0,,,,,,,,
16782940,,False,16782800,16783142,4,"sqrtsd xmm0, xmm0","sqrtsd xmm0, xmm0",f20f51c0,sse,null,False,0,0,,,,,,,,
16782944,"xmm0,0x10,rbp,-,=[8]",True,16782800,16783141,5,"movsd qword [rbp - 0x10], xmm0","movsd qword [var_18h], xmm0",f20f1145f0,sse,mov,False,268435465,0,,,,,,,,
16782949,"4,rax,=",False,16782800,16783141,5,"mov eax, 4","mov eax, 4",b804000000,cpu,mov,False,9,0,,,4.0,,,,,
16782954,"3,rcx,=",False,16782800,16783141,5,"mov ecx, 3","mov ecx, 3",b903000000,cpu,mov,False,9,0,,,3.0,,,,,
16782959,"0,0x14,rbp,-,[4],==,$z,zf,:=,32,$b,cf,:=,$p,pf,:=,31,$s,sf,:=,0,0x80000000,-,!,31,$o,^,of,:=,3,$b,af,:=",True,16782800,16783142,4,"cmp dword [rbp - 0x14], 0","cmp dword [var_1ch], 0",837dec00,cpu,cmp,False,268435471,0,,,0.0,,,,,
16782963,"zf,!,sf,of,^,!,&,?{,ecx,eax,=,}",False,16782800,16783143,3,"cmovg eax, ecx","cmovg eax, ecx",0f4fc1,cpu,cmov,False,2147483657,0,,,,,,,,
16782966,"eax,0x18,rbp,-,=[4]",True,16782800,16783143,3,"mov dword [rbp - 0x18], eax","mov dword [var_20h], eax",8945e8,cpu,mov,False,268435465,0,,,,,,,,
16782969,"0x1001605,rip,=",False,16782800,16783144,2,jmp 0x1001605,jmp 0x1001605,eb8a,cpu,jmp,False,1,0,,,,16782853.0,,,"[{'addr': 16782853, 'type': 'CODE'}]",
16782971,"0x1c,rbp,-,[4],rcx,=",True,16782800,16783143,3,"mov ecx, dword [rbp - 0x1c]","mov ecx, dword [var_24h]",8b4de4,cpu,mov,False,9,0,['case.0x1001601.3'],"[{'addr': 16782849, 'type': 'CODE'}]",,,,,,
16782974,"0x1206,rip,-,[8],xmm0,=",True,16782800,16783138,8,"movsd xmm0, qword [rip - 0x1206]","movsd xmm0, qword [data.01000480]",f20f1005faedffff,sse,mov,False,9,0,,,,,,16778368.0,"[{'addr': 16778368, 'type': 'DATA'}]",
16782982,,False,16782800,16783141,5,"subsd xmm0, qword [rbp - 0x10]","subsd xmm0, qword [var_18h]",f20f5c45f0,sse,null,False,0,0,,,,,,,,
16782987,,False,16782800,16783142,4,"cvttsd2si eax, xmm0","cvttsd2si eax, xmm0",f20f2cc0,sse,null,False,0,0,,,,,,,,
16782991,"0,1,!,!,?{,1,1,-,ecx,<<,0x80000000,&,!,!,^,},1,ecx,<<=,$z,zf,:=,$p,pf,:=,31,$s,sf,:=,cf,=",False,16782800,16783144,2,"shl ecx, 1","shl ecx, 1",d1e1,cpu,shl,False,23,0,,,,,,,,
16782993,"0,edx,=,31,eax,>>,?{,0xffffffff,edx,=,}",False,16782800,16783145,1,cdq,cdq,99,cpu,null,False,0,0,,,,,,,,
16782994,"32,ecx,~,32,edx,<<,eax,+,~%,32,ecx,~,32,edx,<<,eax,+,~/,eax,=,edx,=",False,16782800,16783144,2,idiv ecx,idiv ecx,f7f9,cpu,div,False,21,0,,,,,,,,
16782996,"7,0x18,rbp,-,=[4]",True,16782800,16783139,7,"mov dword [rbp - 0x18], 7","mov dword [var_20h], 7",c745e807000000,cpu,mov,False,268435465,0,,,7.0,,,,,
16783003,"eax,0x4,rbp,-,=[4]",True,16782800,16783143,3,"mov dword [rbp - 4], eax","mov dword [var_ch], eax",8945fc,cpu,mov,False,268435465,0,,,,,,,,
16783006,"0x1001605,rip,=",False,16782800,16783141,5,jmp 0x1001605,jmp 0x1001605,e962ffffff,cpu,jmp,False,1,0,,,,16782853.0,,,"[{'addr': 16782853, 'type': 'CODE'}]",
16783011,"0x1c,rbp,-,[4],rax,=",True,16782800,16783143,3,"mov eax, dword [rbp - 0x1c]","mov eax, dword [var_24h]",8b45e4,cpu,mov,False,9,0,['case.0x1001601.4'],"[{'addr': 16782849, 'type': 'CODE'}]",,,,,,
16783014,"0x14,rbp,-,[4],rdx,=",True,16782800,16783143,3,"mov edx, dword [rbp - 0x14]","mov edx, dword [var_1ch]",8b55ec,cpu,mov,False,9,0,,,,,,,,
16783017,"0,1,!,!,?{,1,1,-,eax,<<,0x80000000,&,!,!,^,},1,eax,<<=,$z,zf,:=,$p,pf,:=,31,$s,sf,:=,cf,=",False,16782800,16783144,2,"shl eax, 1","shl eax, 1",d1e0,cpu,shl,False,23,0,,,,,,,,
16783019,"eax,0x8,rbp,-,=[4]",True,16782800,16783143,3,"mov dword [rbp - 8], eax","mov dword [var_10h], eax",8945f8,cpu,mov,False,268435465,0,,,,,,,,
16783022,"6,rax,=",False,16782800,16783141,5,"mov eax, 6","mov eax, 6",b806000000,cpu,mov,False,9,0,,,6.0,,,,,
16783027,"5,rcx,=",False,16782800,16783141,5,"mov ecx, 5","mov ecx, 5",b905000000,cpu,mov,False,9,0,,,5.0,,,,,
16783032,"0,edx,==,$z,zf,:=,32,$b,cf,:=,$p,pf,:=,31,$s,sf,:=,0,0x80000000,-,!,31,$o,^,of,:=,3,$b,af,:=",False,16782800,16783143,3,"cmp edx, 0","cmp edx, 0",83fa00,cpu,cmp,False,15,0,,,0.0,,,0.0,,
16783035,"zf,?{,ecx,eax,=,}",False,16782800,16783143,3,"cmove eax, ecx","cmove eax, ecx",0f44c1,cpu,cmov,False,2147483657,0,,,,,,,,
16783038,"eax,0x18,rbp,-,=[4]",True,16782800,16783143,3,"mov dword [rbp - 0x18], eax","mov dword [var_20h], eax",8945e8,cpu,mov,False,268435465,0,,,,,,,,
16783041,"0x1001605,rip,=",False,16782800,16783141,5,jmp 0x1001605,jmp 0x1001605,e93fffffff,cpu,jmp,False,1,0,,,,16782853.0,,,"[{'addr': 16782853, 'type': 'CODE'}]",
16783046,"3534,rax,=",False,16782800,16783141,5,"mov eax, 0xdce","mov eax, 0xdce",b8ce0d0000,cpu,mov,False,9,0,['case.0x1001601.5'],"[{'addr': 16782849, 'type': 'CODE'}]",3534.0,,,3534.0,,
16783051,"0,edx,=,31,eax,>>,?{,0xffffffff,edx,=,}",False,16782800,16783145,1,cdq,cdq,99,cpu,null,False,0,0,,,,,,,,
16783052,"32,0x8,rbp,-,[4],~,32,edx,<<,eax,+,~%,32,0x8,rbp,-,[4],~,32,edx,<<,eax,+,~/,eax,=,edx,=",False,16782800,16783143,3,idiv dword [rbp - 8],idiv dword [var_10h],f77df8,cpu,div,False,21,0,,,,,,,,
16783055,"eax,rcx,=",False,16782800,16783144,2,"mov ecx, eax","mov ecx, eax",89c1,cpu,mov,False,9,0,,,,,,,,
16783057,"eax,rax,^,0xffffffff,&,rax,=,$z,zf,:=,$p,pf,:=,31,$s,sf,:=,0,cf,:=,0,of,:=",False,16782800,16783144,2,"xor eax, eax","xor eax, eax",31c0,cpu,xor,False,28,0,,,,,,,,
16783059,"ecx,eax,-=,ecx,0x80000000,-,!,31,$o,^,of,:=,31,$s,sf,:=,$z,zf,:=,$p,pf,:=,32,$b,cf,:=,3,$b,af,:=",False,16782800,16783144,2,"sub eax, ecx","sub eax, ecx",29c8,cpu,sub,False,18,0,,,,,,,,
16783061,"7,0x18,rbp,-,=[4]",True,16782800,16783139,7,"mov dword [rbp - 0x18], 7","mov dword [var_20h], 7",c745e807000000,cpu,mov,False,268435465,0,,,7.0,,,,,
16783068,"eax,0x4,rbp,-,=[4]",True,16782800,16783143,3,"mov dword [rbp - 4], eax","mov dword [var_ch], eax",8945fc,cpu,mov,False,268435465,0,,,,,,,,
16783071,"0x1001605,rip,=",False,16782800,16783141,5,jmp 0x1001605,jmp 0x1001605,e921ffffff,cpu,jmp,False,1,0,,,,16782853.0,,,"[{'addr': 16782853, 'type': 'CODE'}]",
16783076,"4294963762,rax,=",False,16782800,16783141,5,"mov eax, 0xfffff232","mov eax, 0xfffff232",b832f2ffff,cpu,mov,False,9,0,['case.0x1001601.6'],"[{'addr': 16782849, 'type': 'CODE'}]",4294963762.0,,,4294963762.0,,
16783081,"0,edx,=,31,eax,>>,?{,0xffffffff,edx,=,}",False,16782800,16783145,1,cdq,cdq,99,cpu,null,False,0,0,,,,,,,,
16783082,"32,0x8,rbp,-,[4],~,32,edx,<<,eax,+,~%,32,0x8,rbp,-,[4],~,32,edx,<<,eax,+,~/,eax,=,edx,=",False,16782800,16783143,3,idiv dword [rbp - 8],idiv dword [var_10h],f77df8,cpu,div,False,21,0,,,,,,,,
16783085,,False,16782800,16783142,4,"cvtsi2sd xmm2, eax","cvtsi2sd xmm2, eax",f20f2ad0,sse,null,False,0,0,,,,,,,,
16783089,,False,16782800,16783141,5,"cvtsi2sd xmm1, dword [rbp - 8]","cvtsi2sd xmm1, dword [var_10h]",f20f2a4df8,sse,null,False,0,0,,,,,,,,
16783094,"0x10,rbp,-,[8],xmm0,=",True,16782800,16783141,5,"movsd xmm0, qword [rbp - 0x10]","movsd xmm0, qword [var_18h]",f20f1045f0,sse,mov,False,9,0,,,,,,,,
16783099,,False,16782800,16783142,4,"divsd xmm0, xmm1","divsd xmm0, xmm1",f20f5ec1,sse,null,False,0,0,,,,,,,,
16783103,"xmm0,xmm1,=",False,16782800,16783143,3,"movaps xmm1, xmm0","movaps xmm1, xmm0",0f28c8,sse,mov,False,9,0,,,,,,,,
16783106,"xmm2,xmm1,+=",False,16782800,16783142,4,"addsd xmm1, xmm2","addsd xmm1, xmm2",f20f58ca,sse,add,False,17,0,,,124.0,,,,,
16783110,"xmm2,xmm1,+=",False,16782800,16783142,4,"addsd xmm1, xmm2","addsd xmm1, xmm2",f20f58ca,sse,add,False,17,0,,,124.0,,,,,
16783114,"xmm1,xmm0,+=",False,16782800,16783142,4,"addsd xmm0, xmm1","addsd xmm0, xmm1",f20f58c1,sse,add,False,17,0,,,123.0,,,,,
16783118,,False,16782800,16783142,4,"cvttsd2si eax, xmm0","cvttsd2si eax, xmm0",f20f2cc0,sse,null,False,0,0,,,,,,,,
16783122,"7,0x18,rbp,-,=[4]",True,16782800,16783139,7,"mov dword [rbp - 0x18], 7","mov dword [var_20h], 7",c745e807000000,cpu,mov,False,268435465,0,,,7.0,,,,,
16783129,"eax,0x4,rbp,-,=[4]",True,16782800,16783143,3,"mov dword [rbp - 4], eax","mov dword [var_ch], eax",8945fc,cpu,mov,False,268435465,0,,,,,,,,
16783132,"0x1001605,rip,=",False,16782800,16783141,5,jmp 0x1001605,jmp 0x1001605,e9e4feffff,cpu,jmp,False,1,0,,,,16782853.0,,,"[{'addr': 16782853, 'type': 'CODE'}]",
16783137,"0x4,rbp,-,[4],rax,=",True,16782800,16783143,3,"mov eax, dword [rbp - 4]","mov eax, dword [var_ch]",8b45fc,cpu,mov,False,9,0,['case.0x1001601.7'],"[{'addr': 16782849, 'type': 'CODE'}]",,,,,,
16783140,"48,rsp,+=,63,$o,of,:=,63,$s,sf,:=,$z,zf,:=,63,$c,cf,:=,$p,pf,:=,3,$c,af,:=",False,16782800,16783142,4,"add rsp, 0x30","add rsp, 0x30",4883c430,cpu,add,False,17,0,,,48.0,,,,,
16783144,"rsp,[8],8,rsp,+=,rbp,=",False,16782800,16783145,1,pop rbp,pop rbp,5d,cpu,pop,False,14,0,,,,,,,,
16783145,"rsp,[8],rip,=,8,rsp,+=",False,16782800,16783145,1,ret,ret,c3,cpu,ret,False,5,0,,,,,,,,
