offset,esil,refptr,fcn_addr,fcn_last,size,opcode,disasm,bytes,family,type,reloc,type_num,type2_num,flags,xrefs_to,val,jump,fail,ptr,xrefs_from,comment
16786368,"rbp,8,rsp,-,=[8],8,rsp,-=",False,16786368,16786532,1,push rbp,push rbp,55,cpu,rpush,False,268435468,0,['sym.validate_data'],"[{'addr': 16783875, 'type': 'CALL'}]",,,,,,
16786369,"rsp,rbp,=",False,16786368,16786530,3,"mov rbp, rsp","mov rbp, rsp",4889e5,cpu,mov,False,9,0,,,,,,,,
16786372,"rdi,0x18,rbp,-,=[8]",True,16786368,16786529,4,"mov qword [rbp - 0x18], rdi","mov qword [var_20h], rdi",48897de8,cpu,mov,False,268435465,0,,,,,,,,
16786376,"rdi,[4],rax,=",True,16786368,16786531,2,"mov eax, dword [rdi]","mov eax, dword [rdi]",8b07,cpu,mov,False,9,0,,,,,,,,
16786378,"18446744073709551515,eax,+=,31,$o,of,:=,31,$s,sf,:=,$z,zf,:=,31,$c,cf,:=,$p,pf,:=,3,$c,af,:=",False,16786368,16786530,3,"add eax, 0xffffff9b","add eax, 0xffffff9b",83c09b,cpu,add,False,17,0,,,1.8446744073709552e+19,,,,,
16786381,"eax,0x8,rbp,-,=[4]",True,16786368,16786530,3,"mov dword [rbp - 8], eax","mov dword [var_10h], eax",8945f8,cpu,mov,False,268435465,0,,,,,,,,
16786384,"0,0xc,rbp,-,=[4]",True,16786368,16786526,7,"mov dword [rbp - 0xc], 0","mov dword [var_14h], 0",c745f400000000,cpu,mov,False,268435465,0,,,0.0,,,,,
16786391,"0xc,rbp,-,[4],rax,=",True,16786368,16786530,3,"mov eax, dword [rbp - 0xc]","mov eax, dword [var_14h]",8b45f4,cpu,mov,False,9,0,,"[{'addr': 16786426, 'type': 'CODE'}]",,,,,,
16786394,"rax,0x20,rbp,-,=[8]",True,16786368,16786529,4,"mov qword [rbp - 0x20], rax","mov qword [var_28h], rax",488945e0,cpu,mov,False,268435465,0,,,,,,,,
16786398,"3,rax,-=,3,0x8000000000000000,-,!,63,$o,^,of,:=,63,$s,sf,:=,$z,zf,:=,$p,pf,:=,64,$b,cf,:=,3,$b,af,:=",False,16786368,16786529,4,"sub rax, 3","sub rax, 3",4883e803,cpu,sub,False,18,0,,,3.0,,,,,
16786402,"cf,zf,|,!,?{,16786424,rip,=,}",False,16786368,16786531,2,ja 0x10023f8,ja 0x10023f8,7714,cpu,cjmp,False,2147483649,0,,,,16786424.0,16786404.0,,,
16786404,"0x20,rbp,-,[8],rax,=",True,16786368,16786529,4,"mov rax, qword [rbp - 0x20]","mov rax, qword [var_28h]",488b45e0,cpu,mov,False,9,0,,,,,,,,
16786408,"0x1d53,rip,-,rcx,=",True,16786368,16786526,7,"lea rcx, [rip - 0x1d53]","lea rcx, data.0100069c",488d0dade2ffff,cpu,lea,False,33,0,,,,,,16778908.0,"[{'addr': 16778908, 'type': 'DATA'}]",
16786415,"32,rax,4,*,rcx,+,[4],~,rax,=",True,16786368,16786529,4,"movsxd rax, dword [rcx + rax*4]","movsxd rax, dword [rcx + rax*4]",48630481,cpu,mov,False,9,0,,,,,,,,
16786419,"rcx,rax,+=,63,$o,of,:=,63,$s,sf,:=,$z,zf,:=,63,$c,cf,:=,$p,pf,:=,3,$c,af,:=",False,16786368,16786530,3,"add rax, rcx","add rax, rcx",4801c8,cpu,add,False,17,0,,,,,,,,
16786422,"rax,rip,=",False,16786368,16786531,2,jmp rax,jmp rax,ffe0,cpu,rjmp,False,268435458,0,['switch.0x010023f6'],,,,,,"[{'addr': 16786428, 'type': 'CODE'}, {'addr': 16786457, 'type': 'CODE'}, {'addr': 16786495, 'type': 'CODE'}, {'addr': 16786528, 'type': 'CODE'}]",c3dpdGNoIHRhYmxlICg0IGNhc2VzKSBhdCAweDEwMDA2OWM=
16786424,"0x10023fa,rip,=",False,16786368,16786531,2,jmp 0x10023fa,jmp 0x10023fa,eb00,cpu,jmp,False,1,0,,,,16786426.0,,,"[{'addr': 16786426, 'type': 'CODE'}]",
16786426,"0x10023d7,rip,=",False,16786368,16786531,2,jmp 0x10023d7,jmp 0x10023d7,ebdb,cpu,jmp,False,1,0,,"[{'addr': 16786424, 'type': 'CODE'}, {'addr': 16786455, 'type': 'CODE'}, {'addr': 16786493, 'type': 'CODE'}, {'addr': 16786526, 'type': 'CODE'}]",,16786391.0,,,"[{'addr': 16786391, 'type': 'CODE'}]",
16786428,"1,rax,=",False,16786368,16786528,5,"mov eax, 1","mov eax, 1",b801000000,cpu,mov,False,9,0,['case.0x10023f6.0'],"[{'addr': 16786422, 'type': 'CODE'}]",1.0,,,,,
16786433,"3,rcx,=",False,16786368,16786528,5,"mov ecx, 3","mov ecx, 3",b903000000,cpu,mov,False,9,0,,,3.0,,,,,
16786438,"18446744073709551516,0x8,rbp,-,[4],==,$z,zf,:=,32,$b,cf,:=,$p,pf,:=,31,$s,sf,:=,18446744073709551516,0x80000000,-,!,31,$o,^,of,:=,3,$b,af,:=",True,16786368,16786529,4,"cmp dword [rbp - 8], 0xffffff9c","cmp dword [var_10h], 0xffffff9c",837df89c,cpu,cmp,False,268435471,0,,,1.8446744073709552e+19,,,,,
16786442,"cf,?{,ecx,eax,=,}",False,16786368,16786530,3,"cmovb eax, ecx","cmovb eax, ecx",0f42c1,cpu,cmov,False,2147483657,0,,,,,,,,
16786445,"eax,0xc,rbp,-,=[4]",True,16786368,16786530,3,"mov dword [rbp - 0xc], eax","mov dword [var_14h], eax",8945f4,cpu,mov,False,268435465,0,,,,,,,,
16786448,"0,0x4,rbp,-,=[4]",True,16786368,16786526,7,"mov dword [rbp - 4], 0","mov dword [var_ch], 0",c745fc00000000,cpu,mov,False,268435465,0,,,0.0,,,,,
16786455,"0x10023fa,rip,=",False,16786368,16786531,2,jmp 0x10023fa,jmp 0x10023fa,ebe1,cpu,jmp,False,1,0,,,,16786426.0,,,"[{'addr': 16786426, 'type': 'CODE'}]",
16786457,"0x18,rbp,-,[8],rax,=",True,16786368,16786529,4,"mov rax, qword [rbp - 0x18]","mov rax, qword [var_20h]",488b45e8,cpu,mov,False,9,0,['case.0x10023f6.1'],"[{'addr': 16786422, 'type': 'CODE'}]",,,,,,
16786461,"0x4,rax,+,[4],rdx,=",True,16786368,16786530,3,"mov edx, dword [rax + 4]","mov edx, dword [rax + 4]",8b5004,cpu,mov,False,9,0,,,,,,,,
16786464,"18446744073709551515,edx,+=,31,$o,of,:=,31,$s,sf,:=,$z,zf,:=,31,$c,cf,:=,$p,pf,:=,3,$c,af,:=",False,16786368,16786530,3,"add edx, 0xffffff9b","add edx, 0xffffff9b",83c29b,cpu,add,False,17,0,,,1.8446744073709552e+19,,,,,
16786467,"2,rax,=",False,16786368,16786528,5,"mov eax, 2","mov eax, 2",b802000000,cpu,mov,False,9,0,,,2.0,,,,,
16786472,"3,rcx,=",False,16786368,16786528,5,"mov ecx, 3","mov ecx, 3",b903000000,cpu,mov,False,9,0,,,3.0,,,,,
16786477,"18446744073709551516,edx,==,$z,zf,:=,32,$b,cf,:=,$p,pf,:=,31,$s,sf,:=,18446744073709551516,0x80000000,-,!,31,$o,^,of,:=,3,$b,af,:=",False,16786368,16786530,3,"cmp edx, 0xffffff9c","cmp edx, 0xffffff9c",83fa9c,cpu,cmp,False,15,0,,,1.8446744073709552e+19,,,1.8446744073709552e+19,,
16786480,"cf,?{,ecx,eax,=,}",False,16786368,16786530,3,"cmovb eax, ecx","cmovb eax, ecx",0f42c1,cpu,cmov,False,2147483657,0,,,,,,,,
16786483,"eax,0xc,rbp,-,=[4]",True,16786368,16786530,3,"mov dword [rbp - 0xc], eax","mov dword [var_14h], eax",8945f4,cpu,mov,False,268435465,0,,,,,,,,
16786486,"0,0x4,rbp,-,=[4]",True,16786368,16786526,7,"mov dword [rbp - 4], 0","mov dword [var_ch], 0",c745fc00000000,cpu,mov,False,268435465,0,,,0.0,,,,,
16786493,"0x10023fa,rip,=",False,16786368,16786531,2,jmp 0x10023fa,jmp 0x10023fa,ebbb,cpu,jmp,False,1,0,,,,16786426.0,,,"[{'addr': 16786426, 'type': 'CODE'}]",
16786495,"0x18,rbp,-,[8],rax,=",True,16786368,16786529,4,"mov rax, qword [rbp - 0x18]","mov rax, qword [var_20h]",488b45e8,cpu,mov,False,9,0,['case.0x10023f6.2'],"[{'addr': 16786422, 'type': 'CODE'}]",,,,,,
16786499,"0x8,rax,+,[4],rax,=",True,16786368,16786530,3,"mov eax, dword [rax + 8]","mov eax, dword [rax + 8]",8b4008,cpu,mov,False,9,0,,,,,,,,
16786502,"18446744073709551615,eax,+=,31,$o,of,:=,31,$s,sf,:=,$z,zf,:=,31,$c,cf,:=,$p,pf,:=,3,$c,af,:=",False,16786368,16786530,3,"add eax, 0xffffffff","add eax, 0xffffffff",83c0ff,cpu,add,False,17,0,,,,,,,,
16786505,"100,eax,==,$z,zf,:=,32,$b,cf,:=,$p,pf,:=,31,$s,sf,:=,100,0x80000000,-,!,31,$o,^,of,:=,3,$b,af,:=",False,16786368,16786530,3,"cmp eax, 0x64","cmp eax, 0x64",83f864,cpu,cmp,False,15,0,,,100.0,,,100.0,,
16786508,"cf,al,=",False,16786368,16786530,3,setb al,setb al,0f92c0,cpu,cmov,False,2147483657,0,,,,,,,,
16786511,"1,al,&=,$z,zf,:=,$p,pf,:=,7,$s,sf,:=,0,cf,:=,0,of,:=",False,16786368,16786531,2,"and al, 1","and al, 1",2401,cpu,and,False,27,0,,,1.0,,,,,
16786513,"al,rax,=",False,16786368,16786530,3,"movzx eax, al","movzx eax, al",0fb6c0,cpu,mov,False,9,0,,,,,,,,
16786516,"3,0xc,rbp,-,=[4]",True,16786368,16786526,7,"mov dword [rbp - 0xc], 3","mov dword [var_14h], 3",c745f403000000,cpu,mov,False,268435465,0,,,3.0,,,,,
16786523,"eax,0x4,rbp,-,=[4]",True,16786368,16786530,3,"mov dword [rbp - 4], eax","mov dword [var_ch], eax",8945fc,cpu,mov,False,268435465,0,,,,,,,,
16786526,"0x10023fa,rip,=",False,16786368,16786531,2,jmp 0x10023fa,jmp 0x10023fa,eb9a,cpu,jmp,False,1,0,,,,16786426.0,,,"[{'addr': 16786426, 'type': 'CODE'}]",
16786528,"0x4,rbp,-,[4],rax,=",True,16786368,16786530,3,"mov eax, dword [rbp - 4]","mov eax, dword [var_ch]",8b45fc,cpu,mov,False,9,0,['case.0x10023f6.3'],"[{'addr': 16786422, 'type': 'CODE'}]",,,,,,
16786531,"rsp,[8],8,rsp,+=,rbp,=",False,16786368,16786532,1,pop rbp,pop rbp,5d,cpu,pop,False,14,0,,,,,,,,
16786532,"rsp,[8],rip,=,8,rsp,+=",False,16786368,16786532,1,ret,ret,c3,cpu,ret,False,5,0,,,,,,,,
