offset,esil,refptr,fcn_addr,fcn_last,size,opcode,disasm,bytes,family,type,reloc,type_num,type2_num,flags,xrefs_to,val,jump,fail,ptr,xrefs_from,comment
16786544,"rbp,8,rsp,-,=[8],8,rsp,-=",False,16786544,16786888,1,push rbp,push rbp,55,cpu,rpush,False,268435468,0,['sym.transform_array'],"[{'addr': 16785968, 'type': 'CALL'}]",,,,,,
16786545,"rsp,rbp,=",False,16786544,16786886,3,"mov rbp, rsp","mov rbp, rsp",4889e5,cpu,mov,False,9,0,,,,,,,,
16786548,"rdi,0x40,rbp,-,=[8]",True,16786544,16786885,4,"mov qword [rbp - 0x40], rdi","mov qword [var_48h], rdi",48897dc0,cpu,mov,False,268435465,0,,,,,,,,
16786552,"esi,0x38,rbp,-,=[4]",True,16786544,16786886,3,"mov dword [rbp - 0x38], esi","mov dword [var_40h], esi",8975c8,cpu,mov,False,268435465,0,,,,,,,,
16786555,"0,0x34,rbp,-,=[4]",True,16786544,16786882,7,"mov dword [rbp - 0x34], 0","mov dword [var_3ch], 0",c745cc00000000,cpu,mov,False,268435465,0,,,0.0,,,,,
16786562,"0x34,rbp,-,[4],rax,=",True,16786544,16786886,3,"mov eax, dword [rbp - 0x34]","mov eax, dword [var_3ch]",8b45cc,cpu,mov,False,9,0,,"[{'addr': 16786597, 'type': 'CODE'}]",,,,,,
16786565,"rax,0x48,rbp,-,=[8]",True,16786544,16786885,4,"mov qword [rbp - 0x48], rax","mov qword [var_50h], rax",488945b8,cpu,mov,False,268435465,0,,,,,,,,
16786569,"8,rax,-=,8,0x8000000000000000,-,!,63,$o,^,of,:=,63,$s,sf,:=,$z,zf,:=,$p,pf,:=,64,$b,cf,:=,3,$b,af,:=",False,16786544,16786885,4,"sub rax, 8","sub rax, 8",4883e808,cpu,sub,False,18,0,,,8.0,,,,,
16786573,"cf,zf,|,!,?{,16786595,rip,=,}",False,16786544,16786887,2,ja 0x10024a3,ja 0x10024a3,7714,cpu,cjmp,False,2147483649,0,,,,16786595.0,16786575.0,,,
16786575,"0x48,rbp,-,[8],rax,=",True,16786544,16786885,4,"mov rax, qword [rbp - 0x48]","mov rax, qword [var_50h]",488b45b8,cpu,mov,False,9,0,,,,,,,,
16786579,"0x1dee,rip,-,rcx,=",True,16786544,16786882,7,"lea rcx, [rip - 0x1dee]","lea rcx, data.010006ac",488d0d12e2ffff,cpu,lea,False,33,0,,,,,,16778924.0,"[{'addr': 16778924, 'type': 'DATA'}]",
16786586,"32,rax,4,*,rcx,+,[4],~,rax,=",True,16786544,16786885,4,"movsxd rax, dword [rcx + rax*4]","movsxd rax, dword [rcx + rax*4]",48630481,cpu,mov,False,9,0,,,,,,,,
16786590,"rcx,rax,+=,63,$o,of,:=,63,$s,sf,:=,$z,zf,:=,63,$c,cf,:=,$p,pf,:=,3,$c,af,:=",False,16786544,16786886,3,"add rax, rcx","add rax, rcx",4801c8,cpu,add,False,17,0,,,,,,,,
16786593,"rax,rip,=",False,16786544,16786887,2,jmp rax,jmp rax,ffe0,cpu,rjmp,False,268435458,0,['switch.0x010024a1'],,,,,,"[{'addr': 16786599, 'type': 'CODE'}, {'addr': 16786623, 'type': 'CODE'}, {'addr': 16786649, 'type': 'CODE'}, {'addr': 16786651, 'type': 'CODE'}, {'addr': 16786699, 'type': 'CODE'}, {'addr': 16786730, 'type': 'CODE'}, {'addr': 16786794, 'type': 'CODE'}, {'addr': 16786828, 'type': 'CODE'}, {'addr': 16786852, 'type': 'CODE'}]",c3dpdGNoIHRhYmxlICg5IGNhc2VzKSBhdCAweDEwMDA2YWM=
16786595,"0x10024a5,rip,=",False,16786544,16786887,2,jmp 0x10024a5,jmp 0x10024a5,eb00,cpu,jmp,False,1,0,,,,16786597.0,,,"[{'addr': 16786597, 'type': 'CODE'}]",
16786597,"0x1002482,rip,=",False,16786544,16786887,2,jmp 0x1002482,jmp 0x1002482,ebdb,cpu,jmp,False,1,0,,"[{'addr': 16786595, 'type': 'CODE'}, {'addr': 16786621, 'type': 'CODE'}, {'addr': 16786647, 'type': 'CODE'}, {'addr': 16786697, 'type': 'CODE'}, {'addr': 16786725, 'type': 'CODE'}, {'addr': 16786789, 'type': 'CODE'}, {'addr': 16786823, 'type': 'CODE'}, {'addr': 16786847, 'type': 'CODE'}, {'addr': 16786884, 'type': 'CODE'}]",,16786562.0,,,"[{'addr': 16786562, 'type': 'CODE'}]",
16786599,"0x38,rbp,-,[4],rdx,=",True,16786544,16786886,3,"mov edx, dword [rbp - 0x38]","mov edx, dword [var_40h]",8b55c8,cpu,mov,False,9,0,['case.0x10024a1.0'],"[{'addr': 16786593, 'type': 'CODE'}]",,,,,,
16786602,"2,rax,=",False,16786544,16786884,5,"mov eax, 2","mov eax, 2",b802000000,cpu,mov,False,9,0,,,2.0,,,,,
16786607,"1,rcx,=",False,16786544,16786884,5,"mov ecx, 1","mov ecx, 1",b901000000,cpu,mov,False,9,0,,,1.0,,,,,
16786612,"0,edx,==,$z,zf,:=,32,$b,cf,:=,$p,pf,:=,31,$s,sf,:=,0,0x80000000,-,!,31,$o,^,of,:=,3,$b,af,:=",False,16786544,16786886,3,"cmp edx, 0","cmp edx, 0",83fa00,cpu,cmp,False,15,0,,,0.0,,,0.0,,
16786615,"zf,!,sf,of,^,!,&,?{,ecx,eax,=,}",False,16786544,16786886,3,"cmovg eax, ecx","cmovg eax, ecx",0f4fc1,cpu,cmov,False,2147483657,0,,,,,,,,
16786618,"eax,0x34,rbp,-,=[4]",True,16786544,16786886,3,"mov dword [rbp - 0x34], eax","mov dword [var_3ch], eax",8945cc,cpu,mov,False,268435465,0,,,,,,,,
16786621,"0x10024a5,rip,=",False,16786544,16786887,2,jmp 0x10024a5,jmp 0x10024a5,ebe6,cpu,jmp,False,1,0,,,,16786597.0,,,"[{'addr': 16786597, 'type': 'CODE'}]",
16786623,"0x38,rbp,-,[4],rax,=",True,16786544,16786886,3,"mov eax, dword [rbp - 0x38]","mov eax, dword [var_40h]",8b45c8,cpu,mov,False,9,0,['case.0x10024a1.1'],"[{'addr': 16786593, 'type': 'CODE'}]",,,,,,
16786626,"eax,rax,=",False,16786544,16786887,2,"mov eax, eax","mov eax, eax",89c0,cpu,mov,False,9,0,,,,,,,,
16786628,"rax,0x30,rbp,-,=[8]",True,16786544,16786885,4,"mov qword [rbp - 0x30], rax","mov qword [var_38h], rax",488945d0,cpu,mov,False,268435465,0,,,,,,,,
16786632,"3,0x34,rbp,-,=[4]",True,16786544,16786882,7,"mov dword [rbp - 0x34], 3","mov dword [var_3ch], 3",c745cc03000000,cpu,mov,False,268435465,0,,,3.0,,,,,
16786639,"0,0x8,rbp,-,=[8]",True,16786544,16786881,8,"mov qword [rbp - 8], 0","mov qword [var_10h], 0",48c745f800000000,cpu,mov,False,268435465,0,,,0.0,,,,,
16786647,"0x10024a5,rip,=",False,16786544,16786887,2,jmp 0x10024a5,jmp 0x10024a5,ebcc,cpu,jmp,False,1,0,,,,16786597.0,,,"[{'addr': 16786597, 'type': 'CODE'}]",
16786649,"rsp,[8],8,rsp,+=,rbp,=",False,16786544,16786888,1,pop rbp,pop rbp,5d,cpu,pop,False,14,0,['case.0x10024a1.2'],"[{'addr': 16786593, 'type': 'CODE'}]",,,,,,
16786650,"rsp,[8],rip,=,8,rsp,+=",False,16786544,16786888,1,ret,ret,c3,cpu,ret,False,5,0,,,,,,,,
16786651,"0x8,rbp,-,[8],rax,=",True,16786544,16786885,4,"mov rax, qword [rbp - 8]","mov rax, qword [var_10h]",488b45f8,cpu,mov,False,9,0,['case.0x10024a1.3'],"[{'addr': 16786593, 'type': 'CODE'}]",,,,,,
16786655,"rax,0x28,rbp,-,=[8]",True,16786544,16786885,4,"mov qword [rbp - 0x28], rax","mov qword [var_30h], rax",488945d8,cpu,mov,False,268435465,0,,,,,,,,
16786659,"0x28,rbp,-,[8],rax,=",True,16786544,16786885,4,"mov rax, qword [rbp - 0x28]","mov rax, qword [var_30h]",488b45d8,cpu,mov,False,9,0,,,,,,,,
16786663,"eax,0x1c,rbp,-,=[4]",True,16786544,16786886,3,"mov dword [rbp - 0x1c], eax","mov dword [var_24h], eax",8945e4,cpu,mov,False,268435465,0,,,,,,,,
16786666,"0x1c,rbp,-,[4],rax,=",True,16786544,16786886,3,"mov eax, dword [rbp - 0x1c]","mov eax, dword [var_24h]",8b45e4,cpu,mov,False,9,0,,,,,,,,
16786669,"3,rcx,=",False,16786544,16786884,5,"mov ecx, 3","mov ecx, 3",b903000000,cpu,mov,False,9,0,,,3.0,,,,,
16786674,"edx,rdx,^,0xffffffff,&,rdx,=,$z,zf,:=,$p,pf,:=,31,$s,sf,:=,0,cf,:=,0,of,:=",False,16786544,16786887,2,"xor edx, edx","xor edx, edx",31d2,cpu,xor,False,28,0,,,,,,,,
16786676,"ecx,32,edx,<<,eax,+,%,ecx,32,edx,<<,eax,+,/,eax,=,edx,=",False,16786544,16786887,2,div ecx,div ecx,f7f1,cpu,div,False,21,0,,,,,,,,
16786678,"5,rax,=",False,16786544,16786884,5,"mov eax, 5","mov eax, 5",b805000000,cpu,mov,False,9,0,,,5.0,,,,,
16786683,"4,rcx,=",False,16786544,16786884,5,"mov ecx, 4","mov ecx, 4",b904000000,cpu,mov,False,9,0,,,4.0,,,,,
16786688,"0,edx,==,$z,zf,:=,32,$b,cf,:=,$p,pf,:=,31,$s,sf,:=,0,0x80000000,-,!,31,$o,^,of,:=,3,$b,af,:=",False,16786544,16786886,3,"cmp edx, 0","cmp edx, 0",83fa00,cpu,cmp,False,15,0,,,0.0,,,0.0,,
16786691,"zf,?{,ecx,eax,=,}",False,16786544,16786886,3,"cmove eax, ecx","cmove eax, ecx",0f44c1,cpu,cmov,False,2147483657,0,,,,,,,,
16786694,"eax,0x34,rbp,-,=[4]",True,16786544,16786886,3,"mov dword [rbp - 0x34], eax","mov dword [var_3ch], eax",8945cc,cpu,mov,False,268435465,0,,,,,,,,
16786697,"0x10024a5,rip,=",False,16786544,16786887,2,jmp 0x10024a5,jmp 0x10024a5,eb9a,cpu,jmp,False,1,0,,,,16786597.0,,,"[{'addr': 16786597, 'type': 'CODE'}]",
16786699,"0x40,rbp,-,[8],rax,=",True,16786544,16786885,4,"mov rax, qword [rbp - 0x40]","mov rax, qword [var_48h]",488b45c0,cpu,mov,False,9,0,['case.0x10024a1.4'],"[{'addr': 16786593, 'type': 'CODE'}]",,,,,,
16786703,"0x28,rbp,-,[8],rcx,=",True,16786544,16786885,4,"mov rcx, qword [rbp - 0x28]","mov rcx, qword [var_30h]",488b4dd8,cpu,mov,False,9,0,,,,,,,,
16786707,"rcx,4,*,rax,+,[4],rdx,=",True,16786544,16786886,3,"mov edx, dword [rax + rcx*4]","mov edx, dword [rax + rcx*4]",8b1488,cpu,mov,False,9,0,,,,,,,,
16786710,"0,1,!,!,?{,1,1,-,edx,<<,0x80000000,&,!,!,^,},1,edx,<<=,$z,zf,:=,$p,pf,:=,31,$s,sf,:=,cf,=",False,16786544,16786887,2,"shl edx, 1","shl edx, 1",d1e2,cpu,shl,False,23,0,,,,,,,,
16786712,"5,edx,+=,31,$o,of,:=,31,$s,sf,:=,$z,zf,:=,31,$c,cf,:=,$p,pf,:=,3,$c,af,:=",False,16786544,16786886,3,"add edx, 5","add edx, 5",83c205,cpu,add,False,17,0,,,5.0,,,,,
16786715,"edx,rcx,4,*,rax,+,=[4]",True,16786544,16786886,3,"mov dword [rax + rcx*4], edx","mov dword [rax + rcx*4], edx",891488,cpu,mov,False,9,0,,,,,,,,
16786718,"8,0x34,rbp,-,=[4]",True,16786544,16786882,7,"mov dword [rbp - 0x34], 8","mov dword [var_3ch], 8",c745cc08000000,cpu,mov,False,268435465,0,,,8.0,,,,,
16786725,"0x10024a5,rip,=",False,16786544,16786884,5,jmp 0x10024a5,jmp 0x10024a5,e97bffffff,cpu,jmp,False,1,0,,,,16786597.0,,,"[{'addr': 16786597, 'type': 'CODE'}]",
16786730,"0x1c,rbp,-,[4],rax,=",True,16786544,16786886,3,"mov eax, dword [rbp - 0x1c]","mov eax, dword [var_24h]",8b45e4,cpu,mov,False,9,0,['case.0x10024a1.5'],"[{'addr': 16786593, 'type': 'CODE'}]",,,,,,
16786733,"5,rcx,=",False,16786544,16786884,5,"mov ecx, 5","mov ecx, 5",b905000000,cpu,mov,False,9,0,,,5.0,,,,,
16786738,"edx,rdx,^,0xffffffff,&,rdx,=,$z,zf,:=,$p,pf,:=,31,$s,sf,:=,0,cf,:=,0,of,:=",False,16786544,16786887,2,"xor edx, edx","xor edx, edx",31d2,cpu,xor,False,28,0,,,,,,,,
16786740,"ecx,32,edx,<<,eax,+,%,ecx,32,edx,<<,eax,+,/,eax,=,edx,=",False,16786544,16786887,2,div ecx,div ecx,f7f1,cpu,div,False,21,0,,,,,,,,
16786742,"0x40,rbp,-,[8],rax,=",True,16786544,16786885,4,"mov rax, qword [rbp - 0x40]","mov rax, qword [var_48h]",488b45c0,cpu,mov,False,9,0,,,,,,,,
16786746,"0x28,rbp,-,[8],rcx,=",True,16786544,16786885,4,"mov rcx, qword [rbp - 0x28]","mov rcx, qword [var_30h]",488b4dd8,cpu,mov,False,9,0,,,,,,,,
16786750,"0,2,!,!,?{,1,2,-,rcx,<<,0x8000000000000000,&,!,!,^,},2,rcx,<<=,$z,zf,:=,$p,pf,:=,63,$s,sf,:=,cf,=",False,16786544,16786885,4,"shl rcx, 2","shl rcx, 2",48c1e102,cpu,shl,False,23,0,,,,,,,,
16786754,"rcx,rax,+=,63,$o,of,:=,63,$s,sf,:=,$z,zf,:=,63,$c,cf,:=,$p,pf,:=,3,$c,af,:=",False,16786544,16786886,3,"add rax, rcx","add rax, rcx",4801c8,cpu,add,False,17,0,,,,,,,,
16786757,"rax,0x18,rbp,-,=[8]",True,16786544,16786885,4,"mov qword [rbp - 0x18], rax","mov qword [var_20h], rax",488945e8,cpu,mov,False,268435465,0,,,,,,,,
16786761,"0x18,rbp,-,[8],rax,=",True,16786544,16786885,4,"mov rax, qword [rbp - 0x18]","mov rax, qword [var_20h]",488b45e8,cpu,mov,False,9,0,,,,,,,,
16786765,"rax,[4],rax,=",True,16786544,16786887,2,"mov eax, dword [rax]","mov eax, dword [rax]",8b00,cpu,mov,False,9,0,,,,,,,,
16786767,"eax,0xc,rbp,-,=[4]",True,16786544,16786886,3,"mov dword [rbp - 0xc], eax","mov dword [var_14h], eax",8945f4,cpu,mov,False,268435465,0,,,,,,,,
16786770,"7,rax,=",False,16786544,16786884,5,"mov eax, 7","mov eax, 7",b807000000,cpu,mov,False,9,0,,,7.0,,,,,
16786775,"6,rcx,=",False,16786544,16786884,5,"mov ecx, 6","mov ecx, 6",b906000000,cpu,mov,False,9,0,,,6.0,,,,,
16786780,"0,edx,==,$z,zf,:=,32,$b,cf,:=,$p,pf,:=,31,$s,sf,:=,0,0x80000000,-,!,31,$o,^,of,:=,3,$b,af,:=",False,16786544,16786886,3,"cmp edx, 0","cmp edx, 0",83fa00,cpu,cmp,False,15,0,,,0.0,,,0.0,,
16786783,"zf,?{,ecx,eax,=,}",False,16786544,16786886,3,"cmove eax, ecx","cmove eax, ecx",0f44c1,cpu,cmov,False,2147483657,0,,,,,,,,
16786786,"eax,0x34,rbp,-,=[4]",True,16786544,16786886,3,"mov dword [rbp - 0x34], eax","mov dword [var_3ch], eax",8945cc,cpu,mov,False,268435465,0,,,,,,,,
16786789,"0x10024a5,rip,=",False,16786544,16786884,5,jmp 0x10024a5,jmp 0x10024a5,e93bffffff,cpu,jmp,False,1,0,,,,16786597.0,,,"[{'addr': 16786597, 'type': 'CODE'}]",
16786794,"0xc,rbp,-,[4],rax,=",True,16786544,16786886,3,"mov eax, dword [rbp - 0xc]","mov eax, dword [var_14h]",8b45f4,cpu,mov,False,9,0,['case.0x10024a1.6'],"[{'addr': 16786593, 'type': 'CODE'}]",,,,,,
16786797,"3,rcx,=",False,16786544,16786884,5,"mov ecx, 3","mov ecx, 3",b903000000,cpu,mov,False,9,0,,,3.0,,,,,
16786802,"0,edx,=,31,eax,>>,?{,0xffffffff,edx,=,}",False,16786544,16786888,1,cdq,cdq,99,cpu,null,False,0,0,,,,,,,,
16786803,"32,ecx,~,32,edx,<<,eax,+,~%,32,ecx,~,32,edx,<<,eax,+,~/,eax,=,edx,=",False,16786544,16786887,2,idiv ecx,idiv ecx,f7f9,cpu,div,False,21,0,,,,,,,,
16786805,"eax,rcx,=",False,16786544,16786887,2,"mov ecx, eax","mov ecx, eax",89c1,cpu,mov,False,9,0,,,,,,,,
16786807,"18446744073709551614,ecx,+=,31,$o,of,:=,31,$s,sf,:=,$z,zf,:=,31,$c,cf,:=,$p,pf,:=,3,$c,af,:=",False,16786544,16786886,3,"add ecx, 0xfffffffe","add ecx, 0xfffffffe",83c1fe,cpu,add,False,17,0,,,1.8446744073709552e+19,,,,,
16786810,"0x18,rbp,-,[8],rax,=",True,16786544,16786885,4,"mov rax, qword [rbp - 0x18]","mov rax, qword [var_20h]",488b45e8,cpu,mov,False,9,0,,,,,,,,
16786814,"ecx,rax,=[4]",True,16786544,16786887,2,"mov dword [rax], ecx","mov dword [rax], ecx",8908,cpu,mov,False,9,0,,,,,,,,
16786816,"8,0x34,rbp,-,=[4]",True,16786544,16786882,7,"mov dword [rbp - 0x34], 8","mov dword [var_3ch], 8",c745cc08000000,cpu,mov,False,268435465,0,,,8.0,,,,,
16786823,"0x10024a5,rip,=",False,16786544,16786884,5,jmp 0x10024a5,jmp 0x10024a5,e919ffffff,cpu,jmp,False,1,0,,,,16786597.0,,,"[{'addr': 16786597, 'type': 'CODE'}]",
16786828,"0xc,rbp,-,[4],rcx,=",True,16786544,16786886,3,"mov ecx, dword [rbp - 0xc]","mov ecx, dword [var_14h]",8b4df4,cpu,mov,False,9,0,['case.0x10024a1.7'],"[{'addr': 16786593, 'type': 'CODE'}]",,,,,,
16786831,"7,ecx,+=,31,$o,of,:=,31,$s,sf,:=,$z,zf,:=,31,$c,cf,:=,$p,pf,:=,3,$c,af,:=",False,16786544,16786886,3,"add ecx, 7","add ecx, 7",83c107,cpu,add,False,17,0,,,7.0,,,,,
16786834,"0x18,rbp,-,[8],rax,=",True,16786544,16786885,4,"mov rax, qword [rbp - 0x18]","mov rax, qword [var_20h]",488b45e8,cpu,mov,False,9,0,,,,,,,,
16786838,"ecx,rax,=[4]",True,16786544,16786887,2,"mov dword [rax], ecx","mov dword [rax], ecx",8908,cpu,mov,False,9,0,,,,,,,,
16786840,"8,0x34,rbp,-,=[4]",True,16786544,16786882,7,"mov dword [rbp - 0x34], 8","mov dword [var_3ch], 8",c745cc08000000,cpu,mov,False,268435465,0,,,8.0,,,,,
16786847,"0x10024a5,rip,=",False,16786544,16786884,5,jmp 0x10024a5,jmp 0x10024a5,e901ffffff,cpu,jmp,False,1,0,,,,16786597.0,,,"[{'addr': 16786597, 'type': 'CODE'}]",
16786852,"0x28,rbp,-,[8],rax,=",True,16786544,16786885,4,"mov rax, qword [rbp - 0x28]","mov rax, qword [var_30h]",488b45d8,cpu,mov,False,9,0,['case.0x10024a1.8'],"[{'addr': 16786593, 'type': 'CODE'}]",,,,,,
16786856,"1,rax,+=,63,$o,of,:=,63,$s,sf,:=,$z,zf,:=,63,$c,cf,:=,$p,pf,:=,3,$c,af,:=",False,16786544,16786885,4,"add rax, 1","add rax, 1",4883c001,cpu,add,False,17,0,,,1.0,,,,,
16786860,"3,rcx,=",False,16786544,16786884,5,"mov ecx, 3","mov ecx, 3",b903000000,cpu,mov,False,9,0,,,3.0,,,,,
16786865,"2,rdx,=",False,16786544,16786884,5,"mov edx, 2","mov edx, 2",ba02000000,cpu,mov,False,9,0,,,2.0,,,,,
16786870,"0x30,rbp,-,[8],rax,==,$z,zf,:=,64,$b,cf,:=,$p,pf,:=,63,$s,sf,:=,0x30,rbp,-,[8],0x8000000000000000,-,!,63,$o,^,of,:=,3,$b,af,:=",True,16786544,16786885,4,"cmp rax, qword [rbp - 0x30]","cmp rax, qword [var_38h]",483b45d0,cpu,cmp,False,268435471,0,,,,,,,,
16786874,"zf,?{,edx,ecx,=,}",False,16786544,16786886,3,"cmove ecx, edx","cmove ecx, edx",0f44ca,cpu,cmov,False,2147483657,0,,,,,,,,
16786877,"ecx,0x34,rbp,-,=[4]",True,16786544,16786886,3,"mov dword [rbp - 0x34], ecx","mov dword [var_3ch], ecx",894dcc,cpu,mov,False,268435465,0,,,,,,,,
16786880,"rax,0x8,rbp,-,=[8]",True,16786544,16786885,4,"mov qword [rbp - 8], rax","mov qword [var_10h], rax",488945f8,cpu,mov,False,268435465,0,,,,,,,,
16786884,"0x10024a5,rip,=",False,16786544,16786884,5,jmp 0x10024a5,jmp 0x10024a5,e9dcfeffff,cpu,jmp,False,1,0,,,,16786597.0,,,"[{'addr': 16786597, 'type': 'CODE'}]",
