offset,esil,refptr,fcn_addr,fcn_last,size,opcode,disasm,bytes,family,type,reloc,type_num,type2_num,flags,xrefs_to,val,jump,fail,xrefs_from,ptr
16784336,"rbp,8,rsp,-,=[8],8,rsp,-=",False,16784336,16784494,1,push rbp,push rbp,55,cpu,rpush,False,268435468,0,['sym.postdigits'],"[{'addr': 16783282, 'type': 'CALL'}, {'addr': 16783386, 'type': 'CALL'}, {'addr': 16783541, 'type': 'CALL'}, {'addr': 16783677, 'type': 'CALL'}, {'addr': 16783824, 'type': 'CALL'}, {'addr': 16783958, 'type': 'CALL'}, {'addr': 16784085, 'type': 'CALL'}]",,,,,
16784337,"rsp,rbp,=",False,16784336,16784492,3,"mov rbp, rsp","mov rbp, rsp",4889e5,cpu,mov,False,9,0,,,,,,,
16784340,"32,rsp,-=,32,0x8000000000000000,-,!,63,$o,^,of,:=,63,$s,sf,:=,$z,zf,:=,$p,pf,:=,64,$b,cf,:=,3,$b,af,:=",False,16784336,16784491,4,"sub rsp, 0x20","sub rsp, 0x20",4883ec20,cpu,sub,False,18,0,,,32.0,,,,
16784344,"esi,0xc,rbp,-,=[4]",True,16784336,16784492,3,"mov dword [rbp - 0xc], esi","mov dword [var_14h], esi",8975f4,cpu,mov,False,268435465,0,,,,,,,
16784347,"dil,al,=",False,16784336,16784492,3,"mov al, dil","mov al, dil",4088f8,cpu,mov,False,9,0,,,,,,,
16784350,"al,0x5,rbp,-,=[1]",True,16784336,16784492,3,"mov byte [rbp - 5], al","mov byte [c], al",8845fb,cpu,mov,False,268435465,0,,,,,,,
16784353,"0,0x4,rbp,-,=[4]",True,16784336,16784488,7,"mov dword [rbp - 4], 0","mov dword [c + 0x1], 0",c745fc00000000,cpu,mov,False,268435465,0,,,0.0,,,,
16784360,"0x4,rbp,-,[4],rax,=",True,16784336,16784492,3,"mov eax, dword [rbp - 4]","mov eax, dword [c + 0x1]",8b45fc,cpu,mov,False,9,0,,"[{'addr': 16784394, 'type': 'CODE'}]",,,,,
16784363,"eax,0x10,rbp,-,=[4]",True,16784336,16784492,3,"mov dword [rbp - 0x10], eax","mov dword [var_18h], eax",8945f0,cpu,mov,False,268435465,0,,,,,,,
16784366,"0,eax,eax,&,==,$z,zf,:=,$p,pf,:=,31,$s,sf,:=,0,cf,:=,0,of,:=",False,16784336,16784493,2,"test eax, eax","test eax, eax",85c0,cpu,acmp,False,16,0,,,,,,,
16784368,"zf,?{,16784396,rip,=,}",False,16784336,16784493,2,je 0x1001c0c,je 0x1001c0c,741a,cpu,cjmp,False,2147483649,0,,,,16784396.0,16784370.0,,
16784370,"0x1001bf4,rip,=",False,16784336,16784493,2,jmp 0x1001bf4,jmp 0x1001bf4,eb00,cpu,jmp,False,1,0,,,,16784372.0,,"[{'addr': 16784372, 'type': 'CODE'}]",
16784372,"0x10,rbp,-,[4],rax,=",True,16784336,16784492,3,"mov eax, dword [rbp - 0x10]","mov eax, dword [var_18h]",8b45f0,cpu,mov,False,9,0,,"[{'addr': 16784370, 'type': 'CODE'}]",,,,,
16784375,"1,eax,-=,1,0x80000000,-,!,31,$o,^,of,:=,31,$s,sf,:=,$z,zf,:=,$p,pf,:=,32,$b,cf,:=,3,$b,af,:=",False,16784336,16784492,3,"sub eax, 1","sub eax, 1",83e801,cpu,sub,False,18,0,,,1.0,,,,
16784378,"zf,?{,16784420,rip,=,}",False,16784336,16784493,2,je 0x1001c24,je 0x1001c24,7428,cpu,cjmp,False,2147483649,0,,,,16784420.0,16784380.0,,
16784380,"0x1001bfe,rip,=",False,16784336,16784493,2,jmp 0x1001bfe,jmp 0x1001bfe,eb00,cpu,jmp,False,1,0,,,,16784382.0,,"[{'addr': 16784382, 'type': 'CODE'}]",
16784382,"0x10,rbp,-,[4],rax,=",True,16784336,16784492,3,"mov eax, dword [rbp - 0x10]","mov eax, dword [var_18h]",8b45f0,cpu,mov,False,9,0,,"[{'addr': 16784380, 'type': 'CODE'}]",,,,,
16784385,"2,eax,-=,2,0x80000000,-,!,31,$o,^,of,:=,31,$s,sf,:=,$z,zf,:=,$p,pf,:=,32,$b,cf,:=,3,$b,af,:=",False,16784336,16784492,3,"sub eax, 2","sub eax, 2",83e802,cpu,sub,False,18,0,,,2.0,,,,
16784388,"zf,?{,16784489,rip,=,}",False,16784336,16784493,2,je 0x1001c69,je 0x1001c69,7463,cpu,cjmp,False,2147483649,0,,,,16784489.0,16784390.0,,
16784390,"0x1001c08,rip,=",False,16784336,16784493,2,jmp 0x1001c08,jmp 0x1001c08,eb00,cpu,jmp,False,1,0,,,,16784392.0,,"[{'addr': 16784392, 'type': 'CODE'}]",
16784392,"0x1001c0a,rip,=",False,16784336,16784493,2,jmp 0x1001c0a,jmp 0x1001c0a,eb00,cpu,jmp,False,1,0,,"[{'addr': 16784390, 'type': 'CODE'}]",,16784394.0,,"[{'addr': 16784394, 'type': 'CODE'}]",
16784394,"0x1001be8,rip,=",False,16784336,16784493,2,jmp 0x1001be8,jmp 0x1001be8,ebdc,cpu,jmp,False,1,0,,"[{'addr': 16784392, 'type': 'CODE'}, {'addr': 16784418, 'type': 'CODE'}, {'addr': 16784487, 'type': 'CODE'}]",,16784360.0,,"[{'addr': 16784360, 'type': 'CODE'}]",
16784396,"0xc,rbp,-,[4],rdx,=",True,16784336,16784492,3,"mov edx, dword [rbp - 0xc]","mov edx, dword [var_14h]",8b55f4,cpu,mov,False,9,0,,,,,,,
16784399,"2,rax,=",False,16784336,16784490,5,"mov eax, 2","mov eax, 2",b802000000,cpu,mov,False,9,0,,,2.0,,,,
16784404,"1,rcx,=",False,16784336,16784490,5,"mov ecx, 1","mov ecx, 1",b901000000,cpu,mov,False,9,0,,,1.0,,,,
16784409,"0,edx,==,$z,zf,:=,32,$b,cf,:=,$p,pf,:=,31,$s,sf,:=,0,0x80000000,-,!,31,$o,^,of,:=,3,$b,af,:=",False,16784336,16784492,3,"cmp edx, 0","cmp edx, 0",83fa00,cpu,cmp,False,15,0,,,0.0,,,,0.0
16784412,"zf,!,sf,of,^,!,&,?{,ecx,eax,=,}",False,16784336,16784492,3,"cmovg eax, ecx","cmovg eax, ecx",0f4fc1,cpu,cmov,False,2147483657,0,,,,,,,
16784415,"eax,0x4,rbp,-,=[4]",True,16784336,16784492,3,"mov dword [rbp - 4], eax","mov dword [c + 0x1], eax",8945fc,cpu,mov,False,268435465,0,,,,,,,
16784418,"0x1001c0a,rip,=",False,16784336,16784493,2,jmp 0x1001c0a,jmp 0x1001c0a,ebe6,cpu,jmp,False,1,0,,,,16784394.0,,"[{'addr': 16784394, 'type': 'CODE'}]",
16784420,"0xc,rbp,-,[4],rcx,=",True,16784336,16784492,3,"mov ecx, dword [rbp - 0xc]","mov ecx, dword [var_14h]",8b4df4,cpu,mov,False,9,0,,,,,,,
16784423,"0x5,rbp,-,[1],al,=",True,16784336,16784492,3,"mov al, byte [rbp - 5]","mov al, byte [c]",8a45fb,cpu,mov,False,9,0,,,,,,,
16784426,"0x22ff,rip,+,rdx,=",True,16784336,16784488,7,"lea rdx, [rip + 0x22ff]","lea rdx, obj.i",488d15ff220000,cpu,lea,False,33,0,,,,,,"[{'addr': 16793392, 'type': 'DATA'}]",16793392.0
16784433,"rdx,[4],rdx,=",True,16784336,16784493,2,"mov edx, dword [rdx]","mov edx, dword [rdx]",8b12,cpu,mov,False,9,0,,,,,,,
16784435,"edx,0x14,rbp,-,=[4]",True,16784336,16784492,3,"mov dword [rbp - 0x14], edx","mov dword [var_1ch], edx",8955ec,cpu,mov,False,268435465,0,,,,,,,
16784438,"32,edx,~,rdx,=",False,16784336,16784492,3,"movsxd rdx, edx","movsxd rdx, edx",4863d2,cpu,mov,False,9,0,,,,,,,
16784441,"0x2300,rip,+,rdi,=",True,16784336,16784488,7,"lea rdi, [rip + 0x2300]","lea rdi, [obj.roman_Number]",488d3d00230000,cpu,lea,False,33,0,,,,,,"[{'addr': 16793408, 'type': 'DATA'}]",16793408.0
16784448,"rdx,rdi,+=,63,$o,of,:=,63,$s,sf,:=,$z,zf,:=,63,$c,cf,:=,$p,pf,:=,3,$c,af,:=",False,16784336,16784492,3,"add rdi, rdx","add rdi, rdx",4801d7,cpu,add,False,17,0,,,,,,,
16784451,"ecx,rcx,=",False,16784336,16784493,2,"mov ecx, ecx","mov ecx, ecx",89c9,cpu,mov,False,9,0,,,,,,,
16784453,"ecx,rdx,=",False,16784336,16784493,2,"mov edx, ecx","mov edx, ecx",89ca,cpu,mov,False,9,0,,,,,,,
16784455,"al,rsi,=",False,16784336,16784492,3,"movzx esi, al","movzx esi, al",0fb6f0,cpu,mov,False,9,0,,,,,,,
16784458,"16784768,rip,8,rsp,-=,rsp,=[],rip,=",False,16784336,16784490,5,call 0x1001d80,call sym.imp.memset,e831010000,cpu,call,False,3,0,,,,16784768.0,16784463.0,"[{'addr': 16784768, 'type': 'CALL'}]",
16784463,"0x14,rbp,-,[4],rcx,=",True,16784336,16784492,3,"mov ecx, dword [rbp - 0x14]","mov ecx, dword [var_1ch]",8b4dec,cpu,mov,False,9,0,,,,,,,
16784466,"0xc,rbp,-,[4],rax,=",True,16784336,16784492,3,"mov eax, dword [rbp - 0xc]","mov eax, dword [var_14h]",8b45f4,cpu,mov,False,9,0,,,,,,,
16784469,"eax,ecx,+=,31,$o,of,:=,31,$s,sf,:=,$z,zf,:=,31,$c,cf,:=,$p,pf,:=,3,$c,af,:=",False,16784336,16784493,2,"add ecx, eax","add ecx, eax",01c1,cpu,add,False,17,0,,,,,,,
16784471,"0x22d2,rip,+,rax,=",True,16784336,16784488,7,"lea rax, [rip + 0x22d2]","lea rax, obj.i",488d05d2220000,cpu,lea,False,33,0,,,,,,"[{'addr': 16793392, 'type': 'DATA'}]",16793392.0
16784478,"ecx,rax,=[4]",True,16784336,16784493,2,"mov dword [rax], ecx","mov dword [rax], ecx",8908,cpu,mov,False,9,0,,,,,,,
16784480,"2,0x4,rbp,-,=[4]",True,16784336,16784488,7,"mov dword [rbp - 4], 2","mov dword [c + 0x1], 2",c745fc02000000,cpu,mov,False,268435465,0,,,2.0,,,,
16784487,"0x1001c0a,rip,=",False,16784336,16784493,2,jmp 0x1001c0a,jmp 0x1001c0a,eba1,cpu,jmp,False,1,0,,,,16784394.0,,"[{'addr': 16784394, 'type': 'CODE'}]",
16784489,"32,rsp,+=,63,$o,of,:=,63,$s,sf,:=,$z,zf,:=,63,$c,cf,:=,$p,pf,:=,3,$c,af,:=",False,16784336,16784491,4,"add rsp, 0x20","add rsp, 0x20",4883c420,cpu,add,False,17,0,,,32.0,,,,
16784493,"rsp,[8],8,rsp,+=,rbp,=",False,16784336,16784494,1,pop rbp,pop rbp,5d,cpu,pop,False,14,0,,,,,,,
16784494,"rsp,[8],rip,=,8,rsp,+=",False,16784336,16784494,1,ret,ret,c3,cpu,ret,False,5,0,,,,,,,
